72 153
130 90
209 154
201 157
185 188
181 160
159 151
171 174
179 162
155 113
191 124
114 193
178 184
85 162
169 169
170 145
161 88
105 175
45 168
180 158
146 82
208 152
124 103
188 178
115 170
17 157
88 194
137 166
110 174
109 195
124 99
119 190
35 167
133 121
47 168
126 101
176 184
126 141
189 135
170 131
163 104
134 132
177 146
183 151
93 163
159 160
200 153
172 135
189 145
112 182
185 131
118 139
124 86
179 173
116 190
77 156
207 160
94 166
182 114
121 54
81 183
205 149
130 185
73 196
128 89
125 92
81 182
157 158
179 140
192 180
32 157
191 123
148 93
104 194
154 155
129 57
131 188
72 182
190 115
209 167
139 188
183 127
181 146
114 188
159 152
157 159
206 173
183 77
193 182
128 79
107 183
83 188
172 180
68 153
185 123
122 164
196 148
114 191
172 159
131 141
153 149
103 168
75 181
170 159
126 81
191 129
118 84
132 168
189 159
153 91
204 117
126 96
130 174
212 147
158 124
149 82
111 153
125 88
173 186
167 143
173 126
195 137
148 109
187 149
112 137
40 169
169 170
138 120
184 181
139 173
196 146
187 158
138 112
158 160
47 158
169 88
138 116
192 182
169 94
86 189
77 190
188 110
115 152
166 115
129 106
172 87
126 100
110 143
172 138
45 157
40 166
80 184
180 170
69 186
116 202
167 130
206 167
154 113
122 82
101 166
160 95
177 79
114 164
177 76
205 150
159 95
126 54
180 149
154 94
155 89
207 119
139 103
113 169
133 123
184 119
181 159
192 151
67 191
205 111
162 157
19 159
175 160
179 86
31 167
131 127
195 147
202 151
127 183
166 114
74 201
205 152
136 167
160 159
148 95
190 185
153 146
193 146
38 152
71 186
199 150
127 88
191 181
69 157
76 190
199 142
108 180
172 140
137 187
54 161
67 190
180 168
181 116
139 96
177 86
179 124
209 153
107 153
223 123
199 156
187 174
191 128
175 188
103 166
170 134
185 155
186 107
65 190
211 148
132 135
137 191
44 150
138 65
182 159
29 166
65 149
175 130
213 155
199 155
181 126
182 184
184 159
171 164
164 128
124 141
110 195
185 134
187 114
72 198
65 197
31 155
128 87
177 184
209 119
147 89
215 122
118 138
96 165
159 109
174 137
169 163
185 181
146 89
139 107
117 152
183 156
181 152
172 161
144 188
66 190
62 201
115 151
34 167
189 185
109 147
157 122
142 92
205 170
111 169
168 84
33 166
144 90
182 153
154 92
160 121
182 117
65 143
130 65
115 165
131 57
137 193
64 148
204 113
116 138
70 186
135 122
162 119
191 121
89 185
176 185
130 72
68 154
131 77
195 136
98 165
36 151
178 150
184 178
122 169
186 122
131 123
44 158
42 169
183 116
188 183
208 151
155 148
189 184
71 189
65 152
167 105
40 154
121 190
162 98
174 149
116 159
72 155
152 81
121 100
128 166
123 104
211 119
158 123
133 58
103 164
162 102
25 157
116 134
151 94
38 158
182 147
129 53
128 192
126 104
79 158
158 91
142 94
189 138
158 115
42 157
115 164
113 183
196 139
106 155
123 164
41 154
186 158
188 114
188 113
179 166
205 169
152 149
75 158
82 184
108 166
184 133
160 94
40 171
32 160
191 79
144 92
178 151
121 163
124 55
202 113
53 158
100 171
77 191
163 118
93 169
150 94
183 132
133 104
137 121
73 176
185 137
69 161
92 170
126 190
130 91
70 162
211 155
119 195
166 162
74 155
179 184
219 125
209 158
106 156
113 187
134 67
92 168
167 107
173 167
75 176
190 80
200 121
142 107
121 161
115 169
41 167
113 153
119 168
133 188
123 52
187 77
185 154
126 92
110 138
196 145
191 117
133 140
200 155
139 104
39 156
163 95
153 145
84 186
108 148
111 148
171 88
205 172
141 109
139 102
187 181
60 197
102 165
208 119
169 107
137 172
128 80
154 114
43 159
202 160
162 112
119 194
149 94
95 167
141 188
134 169
209 162
142 95
77 177
123 88
112 195
52 157
173 130
206 119
134 129
149 86
171 126
208 112
185 77
65 199
22 158
137 92
171 180
179 91
79 174
146 90
73 180
66 185
159 163
169 86
154 151
216 153
129 60
42 159
189 146
164 130
137 122
117 160
199 158
108 193
161 159
109 170
164 115
72 201
150 110
94 165
199 112
157 116
157 112
183 126
80 156
106 157
111 154
81 156
140 109
100 195
41 158
215 149
139 98
181 149
125 140
187 119
121 170
151 88
85 186
129 190
167 132
182 78
172 174
221 122
183 128
154 148
131 76
45 167
186 182
188 184
100 160
144 96
214 149
128 62
72 205
108 153
189 136
152 146
130 75
33 160
182 162
124 96
215 151
72 174
129 171
33 164
122 140
163 103
123 89
99 167
83 183
134 71
142 113
125 99
193 128
163 106
159 90
79 161
161 93
210 154
148 81
110 144
34 157
167 96
163 158
40 165
33 161
65 196
60 195
172 144
118 78
129 78
93 193
102 162
73 160
29 158
190 155
182 126
115 163
172 139
168 131
46 155
113 185
148 94
172 179
42 167
112 162
132 64
162 111
160 124
121 138
128 141
103 163
117 200
137 64
188 152
139 66
149 109
117 79
162 105
39 168
23 157
154 152
69 158
110 170
208 162
191 77
100 170
90 191
181 113
161 127
127 103
204 153
203 117
139 109
172 129
178 148
129 95
86 192
127 81
167 86
194 153
192 118
184 162
138 193
172 171
144 91
145 90
212 146
196 154
165 164
126 183
164 159
107 195
168 177
119 172
38 168
207 113
153 93
109 149
157 109
131 181
150 79
208 145
71 185
145 92
190 182
81 155
95 165
137 66
145 109
59 196
110 196
134 69
113 171
136 132
185 79
126 103
180 87
134 53
63 149
190 181
163 157
107 148
123 58
198 149
128 106
115 158
108 154
165 95
180 151
170 136
120 192
106 175
179 142
200 154
185 140
91 190
98 193
68 191
217 149
116 150
158 95
123 77
171 158
140 121
121 189
136 91
80 159
118 154
114 169
172 143
96 166
189 115
152 112
176 121
66 145
35 158
102 157
173 171
175 122
74 153
191 176
108 143
67 156
187 182
126 165
173 83
55 155
71 160
111 173
74 156
138 92
165 161
212 119
21 158
163 100
160 162
160 131
134 126
84 158
213 144
157 106
215 118
121 141
175 151
184 183
30 167
68 151
33 165
42 154
174 138
54 152
206 147
86 161
74 176
52 163
159 158
155 120
54 156
166 95
171 125
136 133
100 163
163 131
159 121
138 164
148 83
60 151
166 170
151 83
128 58
100 164
182 182
189 182
37 151
129 52
53 162
167 101
219 148
116 196
134 70
157 162
43 154
160 157
148 88
83 191
157 161
130 140
178 165
156 110
152 119
117 154
21 161
79 162
20 161
205 151
168 94
134 68
127 53
115 156
145 96
123 189
106 149
124 85
178 123
135 138
170 180
162 108
69 194
116 201
117 171
182 119
171 109
150 78
131 54
46 157
187 147
86 193
92 194
76 157
158 108
132 134
137 61
131 75
132 180
70 184
89 188
180 78
188 104
79 160
113 162
112 179
69 162
211 154
121 55
188 175
210 119
177 144
109 192
153 119
204 146
185 127
141 114
183 172
181 118
78 161
158 109
119 78
87 162
109 148
37 157
143 92
143 96
159 150
210 148
88 184
188 112
183 109
134 137
61 197
105 146
47 161
137 189
72 203
107 180
131 187
91 193
64 202
59 194
79 157
59 203
139 118
42 168
209 155
106 148
127 78
140 187
112 161
167 103
187 113
179 167
109 142
177 142
84 185
163 112
201 110
158 149
178 76
71 184
118 135
191 149
142 188
174 79
143 107
162 106
192 144
191 151
186 181
149 108
191 135
38 149
37 149
168 143
148 87
18 157
164 168
211 147
18 158
155 110
106 153
127 172
185 136
139 105
130 186
161 111
170 178
167 162
159 149
121 156
191 161
115 171
206 171
136 68
66 156
131 90
110 166
156 127
206 155
158 92
116 172
164 95
137 65
97 165
40 151
176 173
148 110
157 111
72 195
126 189
74 204
30 165
167 91
183 174
182 167
184 109
135 188
155 158
160 106
148 89
105 195
178 161
118 79
32 165
129 189
130 173
115 154
214 154
120 156
160 118
152 93
56 148
122 100
36 168
185 122
192 149
207 173
212 148
159 118
139 100
186 173
91 188
197 154
184 177
168 176
150 113
127 189
125 90
165 162
129 96
184 175
215 121
131 59
180 142
182 118
151 75
212 118
184 185
46 171
169 130
163 90
131 95
73 181
181 124
167 102
174 124
170 87
40 158
144 111
179 169
186 138
142 109
72 175
132 189
194 136
119 189
132 65
152 108
191 130
172 133
181 173
72 191
90 187
188 158
81 184
119 154
61 150
65 204
151 145
171 131
128 189
181 153
175 187
78 156
194 155
169 175
190 117
123 90
72 202
182 76
207 153
178 90
48 157
189 152
70 195
151 149
151 81
116 198
174 185
181 167
114 185
172 158
177 78
129 79
190 150
119 156
100 193
147 109
192 155
223 122
142 116
157 105
129 81
138 71
180 153
85 159
88 193
115 138
157 107
118 193
133 138
115 153
80 161
212 149
177 159
140 116
136 113
111 164
117 195
204 120
77 176
124 189
92 193
110 168
65 203
55 161
137 91
175 81
159 107
128 167
44 160
210 160
195 120
167 163
125 189
132 182
83 182
102 158
123 57
214 155
160 160
43 168
207 147
160 119
174 150
158 107
168 132
163 105
90 161
175 170
115 190
165 127
122 156
189 114
155 118
158 93
92 161
139 189
26 158
184 80
177 174
114 192
184 137
170 143
123 92
84 154
133 90
184 182
55 156
133 122
20 158
157 96
193 123
173 176
123 87
170 174
184 160
187 103
134 66
206 175
38 157
204 119
44 167
111 168
173 180
208 166
190 131
173 138
136 112
75 206
106 146
153 108
102 191
165 128
163 159
118 171
188 157
118 140
94 193
218 121
119 82
184 158
38 150
167 104
117 199
176 160
150 77
90 192
128 184
128 191
159 164
183 137
63 142
200 152
215 154
179 185
181 142
53 159
45 166
111 146
24 157
110 169
203 148
61 202
116 53
124 100
125 52
182 172
179 149
174 171
183 76
200 156
106 154
110 140
106 197
167 83
142 120
62 151
116 186
161 124
132 124
156 93
164 118
135 168
155 160
103 175
109 180
151 82
191 162
77 178
141 113
93 185
70 196
172 88
124 91
188 148
115 188
145 81
161 131
161 129
79 156
93 168
122 141
176 86
163 156
200 111
31 156
78 159
45 161
195 145
72 159
129 170
173 88
111 180
71 157
92 190
116 200
171 132
157 93
74 206
130 182
138 165
188 135
208 160
191 118
29 165
65 154
124 82
195 118
138 113
40 155
118 195
137 103
172 166
208 156
184 155
93 186
128 88
170 179
120 169
173 160
170 168
202 155
130 60
103 155
134 109
105 197
124 87
91 189
127 105
57 150
119 191
102 190
150 106
171 87
180 172
169 160
168 86
206 172
114 165
70 193
168 83
206 120
122 157
190 149
32 161
25 158
172 128
178 177
59 202
181 148
101 160
22 162
190 77
177 187
139 94
134 125
33 159
172 86
68 152
131 55
187 104
92 185
33 157
122 104
119 85
169 161
37 159
94 167
136 111
176 187
125 102
105 144
171 129
110 162
107 193
152 145
151 110
130 167
179 183
135 126
177 186
138 93
166 106
30 158
46 156
157 160
205 120
219 123
109 152
186 134
111 166
69 203
190 119
115 195
172 130
115 186
86 190
179 163
38 162
130 124
145 93
179 171
105 148
154 118
32 166
112 165
165 117
108 167
175 176
127 52
75 190
151 76
178 137
134 52
112 190
45 153
177 160
193 124
188 143
72 200
126 80
113 193
79 180
19 160
190 148
189 175
206 118
109 166
184 135
134 56
151 80
113 138
169 178
165 170
123 85
72 154
117 86
134 131
131 126
65 206
189 137
210 159
122 167
184 161
72 183
135 172
178 174
122 83
129 82
124 170
159 123
155 121
70 194
197 150
209 157
185 152
160 90
75 157
83 184
155 117
126 105
198 120
38 156
92 163
115 162
116 197
200 112
205 148
171 108
125 81
179 76
181 115
144 108
47 167
183 188
126 102
183 78
24 156
177 177
128 52
70 203
193 119
133 51
133 55
159 126
134 168
178 77
38 154
207 168
140 102
134 55
100 194
122 80
180 126
134 61
71 158
130 189
102 189
197 120
133 125
112 138
164 117
117 150
154 87
185 178
115 161
133 180
69 196
109 151
122 162
141 97
189 80
69 197
122 81
187 175
211 153
186 109
139 67
180 150
112 194
215 152
164 89
185 151
184 136
177 123
178 138
106 193
98 195
190 152
193 126
208 113
105 174
133 66
157 95
175 171
203 158
153 150
44 151
110 163
152 113
175 175
103 162
159 161
169 87
26 159
134 110
125 86
134 135
184 121
66 197
80 180
47 171
39 170
187 183
38 153
167 170
134 138
164 116
77 157
186 120
71 191
220 148
111 195
184 151
203 120
108 195
53 156
193 183
206 152
174 173
157 110
42 158
174 174
208 118
71 154
187 122
207 115
35 168
135 187
119 102
171 159
170 132
165 160
101 168
90 188
175 152
89 184
140 119
126 97
134 133
171 171
164 105
102 156
123 103
94 168
118 81
130 56
125 93
124 168
135 61
198 155
58 203
170 172
174 83
161 113
126 184
174 183
87 159
188 119
60 194
132 169
129 191
179 164
126 173
112 181
205 153
115 53
69 191
47 157
119 192
132 58
110 152
66 200
187 146
121 104
100 169
184 79
188 144
68 162
108 176
216 121
127 58
112 136
176 85
45 154
141 120
139 65
103 192
179 141
106 192
135 137
61 201
104 155
91 186
33 168
127 54
189 148
192 145
115 191
68 160
132 179
136 103
160 107
111 196
224 123
87 160
38 164
65 148
131 56
112 153
83 155
124 54
99 194
189 149
179 122
68 155
199 118
207 159
143 188
120 168
204 145
124 102
139 119
44 154
64 143
83 190
123 161
128 63
88 189
182 181
186 144
83 187
132 55
164 131
140 175
212 150
121 101
178 160
114 171
135 91
52 162
83 186
117 196
120 102
203 155
88 161
120 170
73 200
40 167
183 187
165 94
106 152
136 125
125 143
202 111
110 179
131 140
190 118
179 165
82 154
205 123
202 159
105 147
202 157
110 175
153 148
152 115
190 79
183 119
178 149
60 202
103 193
74 154
179 139
126 167
174 84
174 78
218 149
200 120
189 183
189 158
123 80
101 162
133 172
156 148
141 116
18 161
117 153
71 183
144 93
96 193
76 178
122 158
168 89
173 134
43 150
191 155
133 69
141 187
181 147
185 174
71 194
131 124
219 124
189 109
175 123
174 186
175 186
184 126
65 153
170 162
118 151
136 67
110 146
123 96
138 95
182 116
192 137
73 192
133 139
153 116
90 185
192 136
150 83
198 156
87 189
111 179
136 92
112 180
120 193
68 189
185 139
32 162
107 181
120 54
134 51
122 86
166 160
84 192
181 76
85 193
184 188
73 195
31 158
187 110
105 143
207 145
128 98
151 79
161 120
129 62
206 154
203 113
172 163
102 194
137 168
150 76
211 157
112 183
129 89
129 97
125 87
40 156
134 130
59 201
126 166
37 168
208 164
181 161
157 149
215 148
134 167
129 172
141 107
29 155
142 119
155 157
174 81
144 120
157 94
172 131
124 77
180 124
128 97
176 79
63 198
132 133
135 173
178 88
172 127
183 184
72 204
165 130
117 191
171 135
190 176
122 87
172 167
151 108
138 111
72 196
172 165
187 105
177 176
221 123
74 191
117 190
177 87
97 167
133 126
103 161
173 141
148 82
50 158
139 68
137 171
133 168
162 99
123 165
220 122
111 152
73 153
104 143
110 173
117 53
136 61
130 77
73 204
137 190
152 114
169 144
27 158
156 121
74 193
168 101
110 150
117 134
171 144
149 91
196 149
155 116
121 82
128 173
87 188
214 150
79 179
203 122
124 56
172 85
118 192
190 78
198 139
109 168
146 83
165 169
132 66
207 155
155 114
205 146
173 177
206 169
187 121
30 157
194 146
118 83
192 135
163 114
35 157
181 157
63 197
122 54
209 166
15 157
169 83
68 186
168 87
216 149
186 151
126 99
55 154
167 100
168 93
77 174
123 93
40 168
116 54
154 93
194 125
173 178
168 88
38 165
137 188
139 106
139 71
125 161
178 146
176 175
45 151
65 145
194 137
207 164
99 171
168 170
210 168
206 166
30 156
212 144
149 83
118 136
179 120
139 69
184 187
108 155
62 141
180 169
156 158
158 116
105 196
109 153
118 54
103 169
115 157
146 91
193 118
167 94
180 167
159 148
74 196
129 77
171 138
176 142
135 169
171 163
183 190
119 54
136 63
190 110
102 160
176 171
95 193
199 121
71 188
150 147
198 154
189 77
174 82
28 158
128 51
146 92
130 183
64 154
116 139
127 104
169 162
146 80
71 162
45 152
178 142
90 186
122 168
169 159
185 138
53 161
213 118
128 125
167 160
126 77
116 158
179 88
111 138
186 105
180 171
127 90
159 162
117 87
163 160
66 143
203 111
180 173
100 168
181 184
136 110
181 75
146 109
31 166
121 140
186 145
65 191
133 187
116 161
210 161
208 117
162 97
182 166
102 193
131 72
123 141
124 161
199 141
198 150
127 92
83 158
135 121
140 174
111 163
161 126
23 158
182 173
176 80
117 172
59 197
122 159
161 89
64 197
130 73
155 127
128 61
203 154
168 91
183 181
147 88
147 82
199 149
116 199
137 71
168 135
162 100
178 176
171 161
177 75
196 138
55 148
180 161
199 157
190 124
183 155
206 174
207 122
120 190
153 89
61 196
213 149
212 145
181 114
109 165
45 158
134 59
175 173
174 130
117 151
114 190
124 105
86 162
142 96
67 151
91 187
164 96
154 154
125 141
178 75
178 87
118 82
143 109
189 119
98 194
162 96
59 150
132 187
58 150
85 192
157 121
183 118
45 155
193 127
180 76
166 143
192 178
193 180
139 175
162 95
173 174
38 155
190 161
166 163
173 124
219 122
64 201
132 140
130 58
162 131
210 120
73 197
116 133
131 168
142 93
55 147
119 139
66 151
216 122
185 158
127 98
167 175
195 148
121 103
199 140
19 158
91 162
206 116
199 113
191 147
87 191
86 191
130 141
205 113
115 189
118 160
191 132
153 86
138 166
114 186
120 139
170 138
183 136
100 156
122 84
166 130
179 161
203 151
149 87
204 148
77 175
164 114
134 103
125 97
45 171
131 71
192 143
179 150
190 147
183 80
123 91
65 200
151 87
137 167
122 189
109 179
125 94
114 138
151 112
175 85
154 116
159 157
122 191
211 156
175 183
207 152
130 190
208 155
131 182
190 123
103 189
156 92
150 90
133 171
171 168
30 166
67 186
63 148
216 154
125 51
127 167
125 91
72 156
132 141
123 54
216 120
131 134
151 111
165 105
119 171
154 122
216 148
201 155
163 101
125 96
164 129
193 151
167 95
86 159
171 134
116 169
192 128
147 95
112 169
208 161
65 151
190 174
70 185
111 174
50 157
171 107
138 121
152 110
140 120
142 118
155 93
40 159
166 86
31 163
208 163
170 137
207 169
129 173
207 171
114 153
199 151
36 157
132 170
172 84
208 173
153 114
30 164
139 99
37 158
152 75
210 149
70 192
82 158
73 198
103 174
204 122
125 95
122 161
192 147
131 132
179 119
109 146
135 125
70 158
185 129
166 128
136 190
184 120
137 94
66 186
205 121
138 114
139 117
150 108
71 203
184 134
134 91
107 143
178 89
154 150
176 176
139 187
131 52
144 109
67 162
53 160
131 65
64 155
184 184
70 204
39 164
136 70
98 164
43 169
186 148
192 77
85 191
113 165
176 130
82 155
102 161
195 138
155 151
131 58
121 191
126 98
201 111
130 82
206 170
73 156
65 150
145 97
156 155
39 165
102 163
161 99
190 135
116 160
142 97
80 157
154 156
121 192
81 161
154 85
167 106
177 145
117 155
118 80
16 157
179 87
110 142
161 107
41 171
102 166
207 166
196 150
137 102
72 193
207 114
102 168
54 164
117 135
207 111
121 83
118 137
188 137
172 178
135 127
119 155
199 120
133 181
165 159
118 53
136 62
185 78
138 191
172 134
169 174
101 156
188 78
65 198
189 178
161 90
72 199
170 173
205 173
55 151
138 110
135 134
183 189
139 174
214 153
113 164
168 85
199 152
123 82
162 107
83 154
107 182
190 179
174 184
195 146
170 107
55 153
44 159
114 139
134 121
127 89
180 184
203 116
71 156
170 109
133 132
154 110
149 79
190 116
66 149
180 119
174 85
160 151
173 125
169 138
31 162
174 160
136 69
179 121
78 158
107 175
133 71
124 53
125 167
139 191
83 192
124 76
187 156
131 189
139 116
180 118
113 190
125 77
135 129
64 203
139 120
167 88
91 161
215 117
131 82
170 144
30 155
54 160
192 181
206 148
140 99
68 190
217 122
187 151
105 155
86 188
205 117
128 81
184 132
100 167
175 124
93 170
45 169
184 110
97 166
131 180
205 112
187 135
150 107
153 156
91 191
115 155
64 142
54 147
191 120
81 157
191 122
132 90
111 165
157 123
122 142
115 194
191 131
168 92
171 169
201 120
153 121
150 87
170 171
142 111
128 182
153 110
121 139
144 110
116 152
135 167
109 178
167 92
146 81
166 103
111 147
92 162
189 161
68 156
152 86
91 164
53 157
68 197
170 169
207 167
140 106
210 157
134 60
101 193
179 118
186 77
136 192
192 123
97 193
83 189
175 80
79 182
72 176
189 160
121 162
127 62
125 54
174 80
182 174
137 111
200 158
194 127
23 162
214 152
192 176
102 159
201 121
178 118
124 104
139 172
177 152
195 119
139 70
184 127
153 115
121 172
129 58
178 78
152 147
34 156
106 195
130 125
163 113
153 90
123 188
152 94
107 184
122 85
55 152
61 149
165 143
177 143
152 148
185 132
75 200
38 167
181 141
111 137
106 194
80 182
207 116
206 121
174 131
170 126
157 125
160 122
124 158
38 151
181 158
34 160
124 52
56 149
193 136
205 122
128 57
22 161
186 147
181 87
69 192
84 159
171 160
166 105
212 155
208 171
125 142
168 90
193 125
208 116
175 143
64 200
51 157
175 142
124 169
184 122
31 164
204 154
208 165
186 156
71 175
16 158
150 86
37 161
136 64
183 114
91 163
160 126
93 164
191 180
46 160
205 147
120 142
149 84
65 205
156 160
115 196
101 155
130 89
130 74
173 151
159 122
188 103
132 71
76 179
186 110
185 110
59 195
109 150
111 151
86 160
129 182
190 175
105 156
120 171
61 151
149 93
129 169
184 174
213 145
141 115
204 150
183 79
137 70
172 126
65 202
75 156
44 169
103 190
158 125
207 121
78 178
171 133
151 147
130 95
144 107
138 172
161 157
88 188
47 160
107 146
82 157
113 184
161 95
118 77
130 188
138 69
131 53
138 174
165 114
132 54
65 157
105 145
79 181
127 141
104 162
72 158
172 185
73 193
152 95
59 151
40 170
203 114
74 200
55 163
191 156
75 191
114 151
129 167
156 117
215 120
71 190
65 144
143 93
165 168
214 118
131 135
88 162
172 142
150 112
182 161
128 183
99 164
161 118
175 141
172 160
169 145
156 125
189 110
63 201
205 167
218 122
71 187
205 110
56 161
109 177
155 155
207 154
88 159
185 128
166 164
146 98
74 177
183 162
72 160
187 145
183 166
143 120
163 102
163 98
204 111
49 157
161 128
137 67
185 130
160 89
200 149
78 174
92 186
181 151
149 89
172 141
163 119
154 88
66 203
111 140
135 103
175 144
125 162
219 149
32 156
183 180
209 168
168 162
176 174
127 173
182 128
84 184
184 186
201 154
67 197
57 149
113 137
89 161
56 162
37 160
178 147
138 96
119 193
177 130
190 178
71 153
66 157
103 194
183 122
163 130
214 122
194 119
158 90
138 115
108 144
188 111
134 54
69 155
126 162
177 151
160 123
117 138
134 90
190 120
56 150
130 187
76 176
133 103
160 120
36 169
108 192
79 178
50 159
72 181
162 120
204 147
108 175
184 156
205 116
187 157
207 172
156 124
174 128
156 149
115 172
126 88
128 53
136 128
172 164
130 184
176 151
74 205
98 167
172 186
125 173
175 184
62 197
131 136
122 163
128 105
180 77
122 102
125 101
82 187
79 177
130 168
167 128
180 183
178 91
187 148
135 128
138 100
100 162
106 145
90 193
115 202
112 193
109 175
210 156
191 179
101 167
183 152
179 138
54 162
209 160
150 93
161 130
68 161
140 94
124 57
174 126
195 154
154 157
106 143
186 106
188 145
102 167
122 160
181 185
167 115
170 139
129 59
131 173
159 159
110 141
184 108
70 155
191 152
174 127
197 139
138 106
135 53
169 143
145 120
119 137
159 110
117 85
123 167
175 121
104 174
138 94
207 112
132 69
129 168
187 120
192 150
170 163
135 133
138 102
173 84
172 168
199 143
188 151
138 188
187 102
109 191
154 108
159 125
110 171
141 106
191 178
19 161
37 162
124 167
149 112
111 139
153 109
129 141
148 92
34 168
88 187
168 107
39 151
198 111
93 187
186 108
164 113
130 52
132 132
46 167
186 174
173 161
73 161
62 149
153 118
120 81
136 187
141 94
75 180
160 93
38 163
145 98
184 176
154 86
183 150
79 159
63 141
125 80
176 123
46 151
121 171
158 117
135 171
193 155
203 118
135 135
113 163
158 118
102 155
202 120
89 193
108 177
73 191
156 126
207 146
114 187
208 158
169 135
68 157
210 158
209 113
190 177
215 119
188 77
199 139
136 172
133 124
110 172
203 150
135 71
129 87
162 90
137 169
135 68
222 123
76 180
118 168
121 142
187 150
121 102
93 165
169 177
36 170
54 163
133 170
34 166
152 87
126 79
134 172
173 86
168 130
134 186
139 72
162 128
179 174
142 110
45 160
194 154
187 134
110 145
179 123
163 89
185 153
154 153
161 112
185 156
198 112
130 126
138 101
65 146
137 192
202 158
182 152
192 146
107 197
128 190
180 125
54 155
122 170
149 85
206 146
111 167
154 107
103 191
45 170
129 61
129 125
132 172
169 132
134 58
56 151
111 155
154 89
168 175
134 136
192 119
154 91
214 151
120 82
118 85
65 147
71 161
138 109
138 61
134 187
216 119
207 117
123 158
149 90
175 161
156 113
72 194
185 109
135 110
156 116
206 112
105 194
170 135
87 190
200 157
174 141
114 194
74 181
31 154
196 120
47 169
213 153
196 147
154 112
136 122
134 89
174 151
126 78
107 196
154 121
178 169
199 119
125 82
67 196
