173 200
41 190
181 142
198 103
139 58
156 79
130 60
171 87
175 153
185 108
200 143
135 134
175 146
175 121
84 137
172 149
89 64
175 191
218 183
166 106
90 163
174 122
128 116
59 64
187 86
136 126
166 191
58 157
108 92
95 153
203 99
200 101
151 94
182 74
178 131
92 65
185 160
105 79
158 176
136 48
154 83
185 219
146 129
100 144
178 125
112 71
144 120
156 93
93 63
103 145
76 151
112 95
76 139
127 63
117 135
144 80
140 115
177 145
175 84
133 104
43 169
88 137
73 62
142 129
83 135
212 183
117 140
118 126
44 170
59 62
162 112
185 188
108 94
154 113
34 166
95 63
206 179
143 166
142 170
175 192
149 92
37 173
66 157
134 114
74 154
92 79
62 60
178 193
202 180
155 172
163 72
84 143
98 59
143 68
88 136
141 68
166 162
41 193
158 84
100 145
40 181
79 63
191 106
200 182
44 165
197 87
110 87
179 142
138 62
149 69
167 191
58 64
167 162
178 138
154 75
161 64
92 64
183 182
28 167
185 214
181 136
217 181
189 209
189 109
174 73
121 120
158 83
161 175
51 169
49 171
137 66
149 80
107 67
76 146
158 105
170 118
189 170
128 110
191 223
144 168
168 118
175 156
195 172
189 149
156 76
44 166
158 107
139 170
198 182
110 95
182 144
173 158
159 162
123 56
116 70
116 135
174 71
129 116
79 149
189 143
97 143
195 119
81 143
57 65
212 185
154 105
152 117
169 149
123 105
147 93
188 122
125 57
100 56
134 134
193 155
202 143
109 143
96 152
178 117
136 133
168 164
161 177
167 71
128 109
172 114
102 157
54 71
200 92
154 85
185 218
145 120
183 213
34 167
193 219
173 196
183 144
203 98
30 169
174 190
141 43
116 132
74 138
44 168
190 194
161 179
68 137
99 62
135 48
89 137
32 170
109 89
177 132
62 160
185 196
105 147
112 74
165 107
128 51
102 145
116 127
42 168
167 63
182 123
65 140
181 162
53 168
198 100
178 135
108 100
200 93
87 64
38 178
161 63
189 223
191 150
198 92
163 62
197 182
100 158
150 165
182 199
182 164
64 140
121 99
141 90
96 70
158 80
42 166
98 60
183 117
186 80
115 127
176 84
126 103
158 112
59 63
199 97
181 121
128 103
173 124
180 75
41 183
164 70
68 161
186 115
120 97
79 136
154 81
186 86
174 202
186 116
106 95
186 81
176 195
69 58
155 49
149 68
176 79
184 119
59 72
75 62
153 73
150 89
146 120
185 182
145 82
154 91
138 102
149 47
158 106
186 106
173 116
77 139
91 76
159 83
30 167
141 129
192 154
52 167
105 86
96 153
183 85
184 117
193 102
44 193
97 68
167 163
104 157
63 61
108 143
104 67
41 184
58 163
138 128
121 126
151 79
171 123
43 185
189 141
144 119
44 187
132 62
182 135
160 165
180 138
145 125
185 173
131 49
63 62
184 162
104 159
67 150
52 169
131 118
199 90
130 107
129 104
137 129
169 103
169 105
180 203
65 160
156 92
69 69
111 131
140 41
187 211
57 73
163 99
186 221
161 60
133 99
101 68
95 65
91 161
144 170
144 129
82 143
109 99
215 184
183 108
91 140
63 141
179 178
105 156
119 126
87 63
98 56
172 121
165 100
59 172
73 63
188 190
192 102
180 179
137 130
177 186
79 147
131 103
108 71
73 162
95 73
55 167
160 98
107 144
161 68
98 143
174 123
63 147
178 192
39 169
188 123
99 159
133 62
131 98
107 89
174 116
59 61
100 142
155 66
195 114
103 67
60 72
108 72
166 71
158 79
154 171
185 174
188 110
140 67
67 138
138 45
130 118
137 101
158 62
184 186
155 87
134 126
181 77
193 145
83 145
137 48
189 163
107 78
40 182
130 98
54 69
187 194
160 62
62 163
181 175
52 171
110 70
158 100
63 67
178 162
149 123
151 170
180 208
145 94
155 114
125 117
56 171
174 86
157 105
120 98
172 127
147 128
178 79
162 161
199 110
170 67
191 116
147 123
79 150
104 95
152 91
91 63
40 166
126 108
96 137
152 72
175 116
108 76
92 139
155 67
83 137
46 190
90 135
72 57
156 114
172 163
181 138
160 175
153 174
117 133
37 174
195 175
117 94
186 83
192 116
181 179
117 139
100 101
82 137
167 190
153 83
183 119
101 58
73 163
175 123
144 125
115 126
39 181
128 107
177 143
54 70
129 62
198 175
124 100
147 85
29 169
137 58
151 173
147 125
114 135
126 63
132 99
191 108
180 82
182 194
38 164
191 115
129 106
150 122
199 182
73 161
137 65
183 181
155 171
141 44
58 65
94 63
45 194
139 63
125 53
107 94
204 97
144 167
96 141
157 165
136 99
101 60
186 198
202 99
143 121
163 107
183 148
195 110
193 223
162 73
211 185
117 95
182 196
175 152
137 59
80 154
141 40
199 101
156 96
167 103
146 67
184 160
107 87
181 112
151 69
139 105
198 178
205 177
125 123
155 68
172 157
182 147
93 162
148 119
177 142
63 65
97 70
138 134
150 48
184 188
66 159
177 137
37 175
157 95
143 167
136 136
155 69
184 135
202 184
217 187
98 101
132 49
197 145
182 213
176 134
182 186
31 167
211 183
116 124
55 72
200 178
187 212
153 173
144 42
62 147
107 153
133 63
137 114
86 60
102 144
138 64
112 73
186 197
146 127
114 70
156 88
153 107
188 108
178 76
179 204
186 213
124 125
169 113
186 146
155 105
151 47
189 194
193 119
172 69
166 108
174 125
178 163
197 92
155 89
143 79
136 128
70 161
132 133
128 52
188 171
95 137
127 108
61 73
99 104
153 167
134 99
93 76
157 96
101 61
62 165
197 110
154 170
94 141
81 141
174 195
186 164
43 168
66 147
179 123
91 162
73 56
114 133
138 104
150 172
47 193
72 141
199 91
104 98
145 80
147 71
115 131
135 99
91 137
119 97
144 93
182 195
146 166
135 131
122 126
148 125
104 106
175 150
115 93
61 160
68 157
115 128
154 84
188 192
148 66
66 158
57 163
59 75
127 119
167 104
196 103
200 177
79 64
185 220
68 58
198 101
100 143
191 119
74 161
142 79
147 120
146 40
203 180
154 174
192 194
84 146
108 70
204 141
167 192
129 105
151 68
201 185
171 129
41 166
67 154
84 63
77 153
101 96
190 148
137 99
48 171
193 170
92 78
56 170
171 118
140 42
181 84
183 202
123 55
164 97
100 157
140 91
199 95
137 134
114 132
187 223
148 118
126 102
174 75
138 100
67 159
138 47
105 154
159 167
175 157
104 145
124 101
98 140
68 139
138 125
136 130
173 149
157 162
168 64
127 118
95 162
142 70
163 101
109 76
130 63
201 180
104 81
177 203
174 111
159 104
100 153
102 159
179 137
174 157
199 180
160 77
45 189
92 66
148 65
105 78
169 193
113 137
172 191
85 136
78 138
195 105
44 191
181 166
114 94
214 181
190 154
182 181
174 189
47 169
198 145
122 98
200 145
193 144
69 160
185 212
145 67
139 125
105 146
143 78
102 62
153 81
71 141
81 64
105 149
160 106
147 79
146 169
108 93
38 171
139 129
138 61
197 109
91 138
128 119
141 116
75 64
89 61
157 97
143 129
153 109
85 137
132 134
174 205
86 61
183 196
156 94
156 116
183 135
131 101
136 134
193 224
67 68
66 144
150 46
188 83
162 67
130 62
178 190
64 148
100 68
126 52
65 141
122 103
183 188
72 160
188 143
78 151
175 133
61 61
179 189
159 159
111 69
190 153
159 106
147 167
187 84
149 173
196 102
58 70
92 75
105 151
176 81
145 127
100 97
32 169
91 134
194 105
133 132
177 129
185 213
150 68
129 99
164 99
173 128
73 154
171 109
113 70
190 141
105 83
64 139
186 223
176 146
139 78
142 117
45 192
176 132
89 140
143 168
174 159
143 91
53 163
140 68
114 71
173 75
171 193
180 164
56 169
119 120
90 162
92 76
148 80
134 62
109 141
140 96
170 149
171 63
121 98
104 150
153 104
31 168
102 98
147 122
166 105
96 154
112 94
107 101
53 166
125 102
175 130
194 170
122 99
216 186
183 205
160 112
104 97
104 107
104 94
178 147
140 95
147 119
175 134
185 223
167 194
195 113
181 113
119 122
130 116
83 64
143 77
103 158
65 156
183 209
57 63
193 169
148 173
60 74
112 139
126 121
107 81
211 181
90 66
128 50
59 167
193 152
157 83
126 107
96 72
175 85
198 121
106 145
115 129
77 149
204 180
199 99
174 121
171 128
156 83
173 156
159 96
28 170
197 103
69 68
150 92
139 127
186 108
104 104
205 178
179 131
182 185
177 82
173 159
181 76
106 147
131 134
104 108
143 169
108 81
152 170
75 146
183 183
156 105
161 178
173 71
187 196
172 162
179 78
63 66
140 169
216 185
174 112
78 147
110 143
179 130
162 78
55 164
114 137
182 142
179 129
151 123
165 106
93 137
159 61
146 85
152 82
194 116
154 117
67 64
146 126
57 164
179 83
60 172
154 70
124 54
119 121
175 127
190 120
189 160
172 111
182 205
182 165
160 108
171 107
170 108
140 46
154 68
136 63
201 100
170 163
179 76
127 112
105 150
155 175
149 75
170 113
114 124
75 144
197 121
140 70
142 46
200 185
183 200
149 67
180 84
183 178
188 125
81 144
190 119
177 80
170 151
162 72
181 176
75 141
90 161
196 110
146 94
183 215
117 142
161 74
189 108
97 158
90 62
177 78
153 47
58 162
43 186
154 108
138 41
109 91
183 109
174 160
136 41
105 152
74 159
161 181
108 144
152 116
108 99
97 160
73 61
188 173
170 87
40 178
200 100
127 107
65 63
99 60
168 71
177 79
189 195
202 179
196 111
133 134
96 162
125 54
197 95
194 114
105 70
144 94
34 168
73 141
62 73
69 157
161 176
188 208
146 130
69 141
185 181
188 120
103 81
81 154
203 142
139 97
175 75
67 137
160 76
168 162
114 69
171 111
153 108
69 156
184 187
163 111
158 163
182 215
147 172
39 178
39 175
146 44
182 204
155 117
67 153
184 196
103 104
217 184
91 61
64 150
169 72
74 140
171 85
199 145
145 164
28 168
115 95
46 189
111 88
128 118
182 162
160 168
180 142
132 104
188 145
174 134
188 144
138 97
188 210
96 135
135 63
99 155
139 79
59 66
194 115
186 167
195 173
75 155
96 156
143 46
93 135
142 91
95 152
119 135
176 117
189 161
187 163
85 63
125 58
40 174
64 65
97 137
154 67
160 79
77 152
199 92
182 73
108 139
93 75
44 189
160 99
98 151
38 173
147 46
188 121
178 78
115 137
131 135
127 120
151 93
145 42
177 189
128 59
143 92
198 143
193 195
142 167
127 111
156 75
130 135
137 116
114 136
175 128
130 61
172 70
101 158
188 162
179 193
160 63
197 107
180 188
181 210
155 112
39 166
197 106
147 94
163 162
27 169
143 93
68 155
84 145
180 136
151 166
69 158
175 151
177 204
161 65
134 116
160 71
159 110
185 165
198 86
180 141
173 114
100 65
93 136
80 65
63 162
152 171
60 173
153 117
195 145
164 71
199 177
216 182
179 179
182 175
93 74
179 194
60 61
207 182
167 64
134 131
140 129
150 95
65 147
185 215
53 162
105 145
107 147
103 159
128 111
125 121
80 139
174 161
97 62
184 116
97 140
110 100
97 141
118 125
145 168
112 70
118 119
68 143
124 103
58 167
197 93
60 70
174 118
152 93
91 135
126 57
110 71
85 138
78 65
79 135
193 147
181 135
117 96
130 51
153 90
195 223
107 100
56 168
153 72
158 99
145 165
198 144
138 60
172 123
185 135
178 203
66 68
77 151
183 216
99 101
81 148
203 143
195 102
100 67
177 76
192 220
95 64
67 149
187 142
95 74
106 87
159 174
196 104
180 83
143 80
123 106
196 91
152 168
173 162
185 107
175 149
146 123
136 127
99 158
148 117
137 136
175 115
205 141
74 139
183 185
57 171
46 169
56 72
140 40
106 94
101 154
135 100
109 70
176 129
189 206
125 122
187 210
101 62
185 87
184 113
146 84
191 156
161 107
90 140
139 47
104 84
122 105
183 147
144 83
175 125
140 71
138 91
196 177
182 214
176 128
44 169
105 69
80 64
205 144
194 118
62 62
137 62
182 208
147 166
88 135
189 207
213 184
128 108
135 129
149 74
107 80
175 132
182 84
184 181
171 67
148 67
153 48
107 68
176 162
194 102
92 74
58 67
179 124
48 169
78 139
120 126
172 116
194 172
187 164
134 132
78 145
160 97
97 69
45 166
159 168
184 223
100 96
115 124
171 190
103 154
101 95
180 85
179 74
144 130
142 113
110 139
155 83
185 115
99 55
174 191
61 159
178 142
92 77
152 70
176 75
112 132
173 163
81 133
182 180
183 175
72 61
111 138
141 71
56 167
70 156
102 103
178 134
127 122
112 141
183 120
167 102
118 127
113 98
77 145
126 118
105 71
151 118
161 61
187 168
157 163
96 68
101 102
129 51
105 96
94 137
197 101
176 118
185 189
178 127
174 147
170 85
105 153
186 120
105 99
106 98
193 153
182 211
134 61
179 125
158 64
189 215
104 100
182 197
117 138
154 90
83 136
101 142
138 123
66 149
157 98
181 189
197 86
187 169
141 170
162 111
178 123
175 194
68 140
78 64
123 119
101 97
154 169
158 81
145 130
192 143
113 139
181 124
171 162
180 204
153 79
140 79
197 183
140 45
169 65
125 56
86 62
129 107
107 98
171 68
69 139
156 166
36 167
162 166
205 181
197 102
126 51
194 106
195 103
140 44
159 103
99 56
140 58
201 182
178 189
150 166
97 155
126 56
197 94
104 149
82 65
141 41
157 166
174 196
191 155
170 106
160 181
176 83
184 220
160 114
149 166
37 172
62 162
145 166
78 154
160 182
185 161
131 136
102 100
191 117
34 170
70 58
115 96
132 50
133 49
109 88
58 61
168 67
184 221
174 188
59 171
97 139
98 62
182 75
205 180
97 55
200 91
181 164
162 74
91 75
181 208
142 43
185 217
160 96
104 69
74 153
173 157
77 65
194 171
185 146
155 166
37 171
196 106
196 175
141 91
153 168
79 146
117 124
194 148
124 59
182 119
56 73
165 99
115 94
161 168
60 75
140 89
33 169
188 124
128 117
193 220
191 143
87 136
185 193
112 131
41 186
182 179
217 180
79 154
149 71
148 45
125 51
76 150
60 73
176 200
164 162
170 109
178 146
101 56
111 142
188 215
181 205
197 88
156 115
197 96
97 54
171 122
127 52
181 207
109 74
146 168
189 111
159 79
100 103
115 70
190 152
130 134
35 176
139 91
160 61
151 172
179 163
127 121
114 93
81 138
140 90
186 105
48 194
169 106
125 63
41 180
179 134
123 120
132 53
181 188
134 127
155 86
171 112
172 71
100 66
110 81
127 60
82 154
60 63
96 74
216 184
71 58
138 101
176 127
171 158
147 81
58 69
152 71
107 76
144 82
189 110
89 63
161 67
187 189
140 97
154 92
193 106
182 189
132 137
79 137
102 61
189 188
125 52
132 102
144 118
45 169
143 125
177 81
218 184
139 128
150 123
183 146
184 193
192 144
97 72
155 116
215 187
170 189
142 47
81 137
182 167
178 81
161 76
153 49
184 159
168 104
61 59
162 178
194 119
204 96
178 118
46 168
58 60
180 177
174 119
54 72
181 216
141 115
160 179
75 138
193 168
127 59
162 66
114 92
198 106
142 127
101 156
201 183
104 80
142 126
37 167
151 89
189 172
156 77
138 42
128 98
155 111
115 132
175 124
73 58
182 122
154 106
141 167
101 145
142 71
68 65
123 101
154 107
183 218
105 87
131 104
190 170
184 108
130 99
193 117
143 170
70 142
213 183
196 90
212 182
183 113
102 97
171 163
105 155
67 148
41 185
178 122
110 140
132 52
141 168
82 133
36 166
107 82
151 119
126 100
143 126
203 145
38 175
124 102
111 130
96 67
154 89
187 107
154 175
185 162
106 97
93 141
67 151
146 122
178 75
171 69
108 78
175 129
178 83
124 56
189 210
153 75
188 194
154 69
63 148
117 141
156 106
131 62
58 68
108 88
59 158
198 179
116 94
184 109
155 169
190 147
56 64
110 142
174 74
96 71
42 165
94 135
34 169
153 82
142 69
104 153
169 64
76 149
187 162
174 197
173 123
126 54
108 141
197 120
106 79
158 102
176 157
54 68
155 75
70 163
154 87
68 62
82 66
201 184
185 211
185 113
152 80
198 109
146 46
62 161
125 116
188 209
107 79
76 65
171 113
187 119
162 96
162 99
60 69
65 149
66 148
183 210
102 63
136 114
147 173
46 192
182 76
175 154
196 176
112 133
170 190
185 184
74 137
189 212
138 105
184 114
168 113
118 134
190 149
98 58
113 138
157 88
109 87
57 156
131 102
103 82
90 160
181 204
149 119
64 67
216 187
185 210
37 177
101 67
177 193
139 130
92 162
158 166
192 169
210 182
216 181
173 148
149 70
100 102
184 212
58 171
191 194
114 131
169 71
102 156
159 178
105 85
184 175
200 89
174 148
40 175
126 110
126 115
39 167
198 95
125 62
53 70
186 119
103 106
101 155
119 123
153 74
137 47
102 102
167 113
186 143
175 155
102 101
120 122
36 172
47 195
66 146
112 140
98 68
167 68
131 51
171 117
53 169
74 155
186 193
126 116
192 146
43 187
64 62
136 113
159 179
144 171
89 62
166 65
158 103
162 70
208 182
115 130
150 124
41 192
171 130
59 71
42 167
99 140
165 162
104 158
167 67
199 103
183 118
118 123
38 177
181 167
89 141
70 162
45 193
56 166
135 126
189 148
101 64
205 143
155 84
157 113
155 74
68 141
199 144
153 69
103 93
180 167
172 122
63 159
91 62
118 124
185 85
124 99
148 72
150 117
53 164
135 130
90 80
201 99
192 223
96 160
137 135
52 166
145 167
113 72
155 88
62 61
147 45
103 63
60 156
187 81
113 91
183 195
133 103
183 208
147 171
189 126
157 104
117 70
171 149
134 125
54 162
181 163
180 139
181 144
165 71
61 162
196 120
164 72
162 71
107 145
158 96
45 190
189 112
170 63
192 106
186 162
159 165
137 41
185 119
57 162
139 46
70 63
174 113
199 96
183 217
185 144
172 190
106 144
145 85
182 166
58 73
198 110
79 144
109 139
177 77
173 85
185 86
65 150
150 94
188 188
163 161
169 118
63 140
156 172
139 62
193 154
141 47
86 63
188 142
161 96
187 197
179 186
192 99
82 134
118 71
165 108
99 68
102 95
184 178
185 145
102 154
188 169
162 165
150 81
110 93
179 164
186 194
136 64
190 143
93 78
162 107
174 194
79 145
40 179
159 169
194 223
161 113
177 201
91 66
174 72
135 49
76 154
192 108
154 49
123 103
59 160
140 43
162 110
182 85
190 161
120 121
114 134
146 39
74 57
177 75
124 51
178 148
189 120
127 114
212 184
180 189
153 92
170 65
67 152
170 193
180 86
183 201
154 104
185 216
188 191
144 85
111 139
66 143
166 104
92 63
82 64
143 117
168 193
110 92
59 155
109 142
182 203
129 103
177 83
169 67
141 117
178 191
189 162
177 117
171 127
134 113
204 144
72 58
144 67
184 222
186 165
193 146
193 151
195 144
105 72
166 161
192 196
182 113
76 62
37 166
211 182
150 80
123 125
129 60
159 105
166 102
196 92
188 223
175 117
187 83
109 90
110 74
189 169
181 140
164 62
84 135
103 103
68 156
67 144
135 116
175 205
40 183
65 64
155 85
198 111
182 210
182 190
158 159
146 79
111 70
177 127
183 199
183 179
71 63
200 99
143 69
105 84
161 75
189 222
217 185
111 67
190 150
89 163
183 203
70 59
92 133
107 88
202 142
56 165
121 121
59 73
108 91
79 148
159 63
148 71
142 93
167 114
40 180
56 67
110 73
100 154
186 189
113 124
188 86
191 170
164 69
98 57
146 82
184 87
126 59
100 62
170 195
181 143
96 157
38 170
181 215
181 194
187 173
98 72
155 168
51 170
207 179
146 167
73 159
112 97
149 117
161 161
200 184
151 117
203 144
155 167
174 203
114 91
118 97
174 200
63 150
138 103
104 99
186 214
178 137
28 169
128 62
101 66
68 144
42 190
186 145
183 110
125 124
91 79
84 64
149 76
132 51
42 191
122 119
76 64
88 141
81 134
97 63
109 140
153 110
108 73
193 107
104 154
36 177
176 80
60 160
33 168
118 120
111 74
58 161
207 181
137 64
153 118
152 92
84 136
194 145
38 181
184 185
161 99
138 96
152 173
46 171
82 148
145 122
156 168
190 108
46 170
68 150
152 174
132 118
152 166
107 69
188 214
99 143
87 137
88 140
162 95
90 137
180 185
144 46
181 86
151 120
174 201
152 47
61 62
148 93
214 184
44 188
102 158
163 66
152 172
171 157
67 140
74 141
58 156
109 81
176 135
161 108
159 164
98 69
191 154
169 194
139 67
145 121
158 61
156 175
159 180
66 145
152 74
198 94
138 130
179 118
194 117
110 130
107 90
160 78
154 109
38 169
65 159
178 136
147 39
106 86
185 175
69 60
179 84
176 191
198 107
145 46
82 142
101 59
59 170
191 147
94 74
193 173
91 77
104 68
138 58
163 97
180 124
154 167
98 102
113 97
45 167
153 71
196 119
93 140
108 69
90 136
163 98
187 190
159 160
81 146
95 151
183 74
188 161
151 80
175 147
80 146
172 117
200 181
59 156
68 63
175 126
84 144
106 83
148 44
148 120
102 67
126 109
116 138
134 63
76 138
148 73
194 173
108 95
117 97
49 169
141 69
148 166
189 152
36 175
66 153
197 177
188 213
155 110
74 62
194 120
192 101
57 64
116 137
75 143
125 59
99 103
112 96
175 162
165 66
101 63
98 142
120 99
31 169
126 112
118 121
192 107
175 204
141 97
184 85
65 68
129 101
107 83
89 65
97 159
159 161
169 190
128 99
161 112
200 180
133 115
187 143
127 113
161 165
161 62
181 168
197 89
149 172
157 63
42 193
156 112
65 62
153 166
172 72
47 170
170 150
39 168
107 77
166 66
132 98
68 142
148 79
148 124
31 165
56 164
103 62
197 142
181 123
187 115
139 43
138 127
144 84
144 68
192 100
184 84
97 152
122 104
182 198
125 125
192 195
198 102
138 124
176 194
133 102
140 170
97 154
143 124
81 139
159 111
67 155
148 46
159 112
187 167
178 129
139 41
105 148
157 64
172 112
126 99
107 93
113 94
146 41
161 180
205 179
155 113
154 93
50 169
183 189
185 183
200 90
187 82
69 63
33 165
104 72
129 59
78 149
174 115
186 107
186 195
138 67
95 141
150 93
146 80
67 58
141 46
103 94
175 145
180 81
97 138
149 73
36 176
174 128
184 115
164 107
115 134
174 187
62 164
65 157
173 86
72 60
179 177
42 189
110 88
110 99
113 69
68 61
127 103
160 183
170 62
186 222
179 192
158 63
117 127
54 161
62 59
198 176
101 57
59 157
66 64
59 70
162 69
53 167
174 117
71 160
126 50
69 159
98 141
159 77
196 145
198 177
181 87
180 194
76 63
143 114
185 159
167 65
169 195
42 164
172 63
183 121
151 122
106 80
135 128
137 103
113 134
97 151
215 181
54 164
68 160
95 72
38 165
103 100
142 97
180 76
95 67
135 115
178 177
187 188
152 69
193 105
199 98
193 222
193 148
86 136
188 170
137 115
182 77
104 105
118 133
172 115
195 115
108 98
59 169
157 112
146 42
144 44
68 66
82 147
160 107
100 55
141 79
175 122
96 63
106 153
148 92
176 203
181 125
49 170
174 120
68 67
172 86
75 142
138 66
98 105
160 167
129 102
77 146
171 86
150 47
201 143
177 177
159 163
101 144
183 167
68 152
146 164
36 173
170 117
161 78
70 141
188 107
187 85
69 61
180 140
142 115
178 133
151 165
172 113
147 117
184 145
189 125
180 176
98 155
187 87
130 103
137 97
181 206
69 67
47 194
82 146
172 158
148 123
188 196
164 101
144 43
184 215
77 154
104 71
170 192
191 210
118 135
94 62
175 193
71 162
34 165
190 142
80 137
180 74
35 166
190 223
100 64
142 114
137 63
109 75
97 157
92 140
155 93
199 179
180 187
67 63
152 79
102 96
192 156
153 89
203 97
57 170
75 145
154 176
134 49
88 64
177 146
72 63
159 100
159 102
146 81
38 166
198 108
99 154
104 151
188 172
169 104
205 96
199 143
70 160
73 57
146 128
174 162
64 159
97 153
99 157
194 103
180 137
147 44
183 211
186 144
59 159
106 84
198 142
96 161
180 143
158 85
163 100
169 163
95 135
123 99
186 173
167 193
162 167
148 68
97 56
156 91
186 166
196 105
208 180
207 180
155 79
190 151
82 145
66 140
116 134
139 45
137 60
133 116
171 110
193 116
157 99
91 139
110 72
156 95
190 222
83 144
43 194
175 86
149 46
191 118
110 94
168 114
177 130
83 66
117 71
127 115
188 112
143 120
155 109
149 171
72 59
150 45
102 94
138 90
111 94
195 174
168 163
45 191
120 125
68 138
142 95
45 168
132 132
197 90
159 175
175 203
183 145
161 71
181 203
182 174
74 144
197 111
146 43
62 159
42 185
180 192
67 157
142 96
62 146
98 150
152 169
82 141
58 169
63 59
143 67
198 96
125 55
161 114
132 136
161 66
106 76
57 67
185 185
100 146
184 165
104 79
96 155
178 132
158 175
81 145
141 70
184 210
181 82
78 137
109 93
129 100
192 147
162 62
183 162
173 111
96 66
112 134
169 63
189 208
70 159
183 111
142 94
158 101
138 99
94 162
123 126
106 69
39 170
186 212
74 142
153 80
75 154
178 186
177 144
194 221
139 115
172 128
121 100
146 125
218 185
173 191
152 89
170 107
172 126
182 121
186 163
92 134
154 79
171 106
43 193
144 172
198 181
131 53
175 148
178 201
188 119
47 192
99 105
160 67
41 191
216 183
54 167
159 158
105 95
58 66
138 115
186 219
178 204
106 150
64 68
128 63
209 182
180 163
186 196
176 193
51 171
192 170
180 186
206 180
156 78
171 84
177 162
166 67
65 65
188 212
170 191
143 85
97 150
121 119
57 167
64 147
157 79
143 118
129 118
73 160
164 66
160 161
94 151
203 141
135 61
135 114
127 116
111 68
147 67
177 200
190 210
125 100
140 72
105 97
193 221
175 200
138 98
175 79
139 126
178 126
184 83
172 62
158 165
214 182
82 149
67 65
91 80
113 71
143 97
183 112
162 68
157 175
68 60
32 165
59 161
160 166
170 64
83 134
156 67
105 107
