133 161
160 99
62 144
81 167
102 112
50 191
78 161
95 141
86 136
128 173
70 209
109 220
54 192
98 208
118 237
64 135
112 220
109 253
61 114
84 170
99 281
105 253
101 240
94 269
147 263
152 253
145 265
91 181
108 220
100 118
75 171
58 208
99 262
154 270
92 271
98 160
103 219
96 109
123 252
62 105
104 168
81 209
63 120
145 107
98 161
101 180
81 149
153 254
82 203
106 281
89 278
167 102
145 58
67 118
83 207
106 201
95 255
80 143
98 236
131 245
163 97
177 113
89 131
153 284
108 282
138 155
98 175
79 149
162 95
51 201
168 80
157 277
83 169
74 205
98 172
61 121
124 235
134 156
78 259
164 280
134 234
72 279
58 209
123 177
102 185
101 182
149 263
59 121
102 157
91 252
147 100
69 210
59 193
66 121
98 113
135 158
82 261
120 180
109 199
175 107
106 100
83 203
71 279
136 243
94 130
110 193
96 135
165 78
155 103
122 233
108 260
70 280
100 220
34 205
61 137
58 101
102 165
54 194
81 262
122 100
128 171
97 129
97 162
137 162
82 139
64 119
89 275
58 215
95 159
115 69
83 170
66 210
59 203
109 98
121 90
132 233
103 220
68 146
148 106
93 158
56 193
132 243
120 240
98 109
85 260
113 280
150 116
115 247
103 165
60 104
129 234
109 251
54 196
116 255
91 207
98 230
167 98
167 80
103 278
174 92
63 125
123 89
119 69
50 203
84 137
168 99
109 108
123 178
112 72
98 254
156 68
48 204
124 251
158 278
104 282
104 98
165 287
79 159
169 87
63 115
60 181
78 205
77 277
120 71
135 97
59 184
143 257
109 262
65 150
64 130
91 180
62 125
93 211
100 278
112 187
64 134
69 117
106 105
57 214
53 192
55 206
113 246
122 176
88 280
129 74
124 172
157 283
142 260
81 261
60 184
101 121
89 151
61 144
171 112
60 124
101 164
57 215
165 98
84 144
162 78
104 107
60 116
165 72
86 255
96 286
118 94
59 201
97 141
164 103
104 118
104 169
80 280
100 185
103 281
67 121
109 102
104 95
161 69
99 119
146 254
67 129
100 230
98 258
117 74
123 98
59 195
151 102
54 209
164 96
167 104
139 95
38 207
151 241
81 207
107 198
170 109
90 133
145 243
104 200
167 86
118 180
104 182
61 138
118 80
118 96
73 208
166 287
59 100
63 127
102 122
46 204
74 144
152 273
130 241
133 243
178 112
171 109
137 98
69 277
80 281
103 242
70 281
125 69
90 277
164 78
154 107
104 253
145 250
65 129
156 105
77 260
81 260
106 244
121 68
76 276
105 219
127 170
60 192
90 265
139 159
163 73
76 279
124 67
125 234
77 280
107 156
36 210
101 212
170 88
110 259
119 244
117 247
136 154
60 201
86 261
143 256
97 123
123 99
104 104
71 278
89 279
135 171
106 95
87 280
91 160
163 76
162 91
108 248
72 206
120 67
124 169
128 98
110 74
78 281
107 200
106 203
90 131
131 230
108 157
101 95
59 144
151 64
122 89
92 207
113 295
93 262
128 71
98 128
99 167
124 70
152 250
117 79
142 263
91 271
121 86
95 125
99 254
103 253
49 203
89 150
57 195
104 245
99 116
169 78
105 285
107 274
120 248
153 260
140 96
103 99
104 244
99 123
95 153
59 145
81 245
80 279
94 155
103 110
126 97
147 114
116 109
119 78
144 243
110 155
140 260
64 150
139 241
105 259
165 93
137 163
96 154
86 153
90 137
101 257
148 103
102 204
143 264
151 62
86 162
64 141
144 107
115 248
75 205
95 152
40 209
153 249
137 243
117 81
69 205
110 260
113 192
106 219
108 184
159 286
76 164
118 74
155 273
139 239
80 150
124 177
112 262
143 57
108 245
174 91
98 114
141 241
131 239
104 157
113 262
86 204
171 107
145 252
106 283
83 212
65 120
102 233
139 104
118 73
70 208
177 109
167 106
99 213
50 202
130 75
62 153
62 182
135 159
58 214
100 251
126 173
163 98
79 168
87 153
86 141
127 67
129 230
94 160
151 275
113 242
96 179
90 246
69 281
113 95
80 162
156 107
169 85
103 240
156 101
65 207
78 278
60 152
118 249
175 114
107 166
111 183
136 169
144 247
147 268
122 237
61 122
52 200
105 203
123 230
112 110
121 87
132 230
102 259
109 96
103 119
105 225
104 92
143 105
100 210
147 58
65 205
111 105
126 174
62 108
129 240
144 264
60 141
99 164
169 95
109 246
146 264
172 90
116 183
163 286
119 71
91 265
158 69
120 245
101 168
142 242
68 129
133 244
122 90
112 282
64 117
127 240
107 182
63 206
96 254
130 245
99 279
71 276
98 140
98 110
135 161
104 229
100 92
54 214
75 168
164 86
100 172
104 219
37 211
67 126
111 95
157 69
152 252
126 67
157 275
143 255
151 59
153 61
83 139
116 185
74 168
124 69
49 204
61 109
90 248
95 257
83 245
109 200
161 283
40 210
88 136
100 208
159 91
91 159
120 87
63 207
144 249
86 281
159 67
135 227
102 171
175 106
89 246
86 247
160 97
120 241
105 256
90 150
65 123
100 209
39 210
85 205
156 106
101 165
44 202
115 242
177 112
75 160
109 260
141 106
97 161
139 160
145 251
109 247
153 270
104 261
137 97
84 284
109 224
100 177
79 160
133 154
103 159
122 99
141 104
81 203
66 129
131 242
182 111
136 170
137 96
145 102
106 155
86 161
169 105
60 133
103 171
79 202
169 74
124 241
118 85
116 244
163 92
78 145
105 159
60 183
117 85
62 183
100 94
97 264
59 118
150 278
115 187
117 243
144 245
165 288
98 111
100 180
90 271
100 117
94 165
101 155
94 177
76 145
123 96
138 239
115 95
132 98
95 278
124 242
161 64
56 196
138 238
105 282
144 248
106 180
171 103
84 256
56 215
163 100
97 136
143 110
109 283
135 162
92 132
107 248
151 58
83 162
96 164
114 262
69 129
100 175
82 280
151 104
142 265
117 235
116 190
95 135
112 223
42 209
167 74
85 146
128 97
70 210
164 88
95 208
146 119
99 115
152 270
130 237
112 71
91 164
100 231
87 204
153 250
99 263
158 97
102 167
84 163
151 269
98 215
100 111
63 128
123 171
91 137
56 209
148 113
146 251
185 111
94 133
82 207
91 178
109 227
100 181
159 66
75 172
84 148
116 73
78 163
82 140
116 107
101 232
120 90
121 178
106 198
118 185
108 100
124 173
86 253
96 230
134 98
72 205
98 179
76 280
77 143
167 73
122 174
158 62
70 132
145 267
110 261
112 195
65 133
92 265
160 284
62 111
119 77
63 112
144 246
150 283
118 95
66 150
122 98
76 169
69 145
101 223
136 229
123 243
105 284
85 147
112 184
123 231
80 204
82 152
88 274
85 281
170 84
149 72
38 212
60 128
63 145
103 96
74 172
67 120
123 233
83 282
63 117
103 239
89 210
167 100
176 114
99 207
111 194
100 254
164 93
35 209
103 181
120 91
99 90
99 265
124 175
132 232
88 246
119 232
61 129
116 188
143 59
84 202
131 169
104 243
49 206
163 91
125 236
110 107
68 208
170 96
147 103
116 74
68 121
116 85
90 273
87 168
118 92
98 286
145 240
110 72
119 94
112 280
76 161
150 109
98 234
81 153
90 128
101 205
55 192
110 97
86 137
98 237
96 268
102 290
112 107
104 159
130 233
81 143
84 147
94 208
104 155
121 177
46 201
65 147
103 263
90 207
160 283
157 97
79 158
100 179
50 190
175 110
105 93
150 263
143 61
67 117
81 163
138 170
124 243
90 262
172 101
149 58
104 204
71 130
114 194
72 145
88 255
123 232
117 68
165 69
107 293
141 257
128 67
118 181
90 270
147 96
152 260
107 100
73 279
70 120
129 72
188 110
143 259
105 156
181 111
84 151
168 106
82 151
93 177
59 133
58 206
77 147
106 226
107 243
97 234
115 243
100 182
112 222
132 160
156 96
84 213
169 96
125 238
78 135
146 265
102 95
55 210
109 107
144 259
110 196
97 140
107 108
101 110
134 158
85 204
164 97
155 270
79 143
64 111
95 134
104 100
156 69
80 205
102 118
82 163
123 237
169 106
101 236
160 91
95 277
114 187
144 253
106 182
102 242
153 259
158 103
105 252
150 275
71 129
110 247
151 263
62 115
121 251
136 161
100 170
108 249
113 261
118 239
157 102
85 213
99 111
151 60
95 154
81 247
148 116
94 254
82 150
83 247
125 68
168 103
103 205
110 188
102 182
87 150
121 67
68 209
178 111
119 187
143 254
106 159
166 92
59 128
101 253
145 253
117 111
111 196
121 233
95 151
91 136
62 112
77 163
151 61
174 114
134 243
97 159
114 72
96 278
142 246
67 204
108 221
100 221
72 204
100 183
142 106
79 152
142 104
98 264
92 251
107 199
108 226
75 279
146 100
68 211
137 230
114 191
85 153
169 83
90 134
145 264
58 210
114 80
105 170
117 95
121 89
101 242
145 100
156 280
118 69
75 277
116 235
68 147
103 288
118 182
117 98
61 135
88 131
126 241
138 152
83 246
104 158
165 73
95 165
83 258
88 209
120 73
102 253
71 149
116 248
164 90
168 94
110 95
93 280
71 206
108 283
98 262
69 278
106 291
58 144
61 120
83 163
97 239
69 282
95 131
60 193
117 82
61 118
153 278
72 144
62 120
77 263
86 139
85 142
100 262
159 68
80 153
61 116
98 219
171 85
153 282
97 108
97 126
106 104
95 140
105 258
93 282
101 185
98 112
100 91
53 191
151 266
59 103
147 251
107 105
115 184
117 84
83 211
157 282
95 211
61 105
146 58
104 247
73 145
108 199
102 221
123 244
82 136
78 169
93 208
61 185
125 235
59 200
127 174
82 204
172 102
79 155
143 58
78 148
96 277
120 243
161 98
95 160
154 271
63 126
77 205
146 118
110 291
85 145
96 132
134 159
130 170
59 191
117 248
108 262
119 243
62 113
97 164
124 71
124 244
102 216
123 242
109 100
132 244
86 138
148 105
159 278
62 131
167 103
107 292
149 261
138 231
97 179
52 211
148 268
106 167
117 83
69 275
70 119
114 246
78 260
96 240
114 184
101 111
147 117
107 275
73 275
173 113
91 262
150 282
112 253
101 167
152 57
59 188
143 107
108 275
96 253
95 137
147 116
107 280
153 283
138 163
91 264
108 96
122 77
61 115
123 97
149 56
107 226
101 262
81 165
148 114
85 161
119 72
70 118
166 77
97 153
151 268
173 109
139 164
179 111
85 255
92 262
99 238
58 207
56 201
141 259
93 210
148 98
97 111
76 278
98 213
91 272
101 152
94 158
127 68
79 200
82 209
112 106
70 129
158 276
74 162
118 97
67 149
79 203
110 197
130 171
105 100
153 63
114 243
146 116
97 265
149 100
159 97
120 250
158 67
174 110
96 212
95 128
57 126
95 253
133 98
108 292
153 257
141 97
86 140
149 114
103 153
82 166
62 107
128 76
82 168
86 246
57 122
65 126
140 103
101 91
70 148
99 220
167 79
121 244
113 255
144 240
151 71
61 107
118 240
97 165
101 176
105 260
166 105
106 260
103 184
78 144
128 169
145 110
106 205
92 246
95 156
104 184
76 168
67 147
127 71
57 100
117 92
136 241
123 68
91 246
135 228
57 201
101 153
149 260
97 286
153 103
79 205
95 279
99 264
131 240
166 87
161 67
97 128
58 133
78 149
117 185
79 163
103 183
131 100
116 236
129 97
98 214
143 258
81 136
168 79
117 183
151 276
128 75
129 241
173 112
103 166
107 250
86 150
102 230
79 281
59 207
94 209
165 71
105 221
105 105
119 91
109 186
108 261
106 206
116 189
170 90
100 174
136 172
62 188
101 184
188 111
155 277
149 268
72 129
45 202
111 188
163 67
146 103
113 191
102 237
67 115
99 215
127 234
133 233
101 108
172 109
150 59
46 205
83 167
114 245
105 104
61 204
60 211
154 254
103 286
59 132
58 102
107 260
60 139
166 98
110 283
136 227
118 71
92 270
101 278
82 244
84 209
86 248
138 95
151 68
104 221
141 98
113 294
135 243
128 68
138 160
120 70
58 213
76 158
102 212
137 231
125 67
114 255
108 107
158 277
135 98
107 279
150 66
85 141
91 278
97 142
116 231
148 112
108 185
36 211
111 283
120 244
54 197
98 279
94 125
69 118
62 148
76 159
90 260
149 59
96 160
154 282
78 143
135 244
108 200
149 109
159 104
110 257
57 209
60 107
89 135
103 217
123 251
78 152
99 179
119 97
94 157
116 106
148 59
95 163
83 168
63 146
142 58
152 254
164 89
171 88
65 140
133 229
147 109
170 110
97 262
116 95
64 143
79 135
98 88
98 164
155 279
160 286
61 113
170 98
103 280
48 202
140 261
146 104
142 259
111 280
104 286
147 115
62 130
99 217
120 79
144 110
140 94
58 211
65 131
180 113
66 118
163 68
121 78
63 119
60 143
144 57
172 97
85 143
99 280
123 229
147 98
130 246
95 210
88 150
152 56
171 111
84 149
103 287
102 111
70 147
89 211
105 227
61 186
122 97
106 97
123 176
60 191
104 258
52 213
98 277
71 132
80 136
154 284
161 286
44 208
149 110
137 154
130 73
106 200
79 199
72 148
100 153
106 280
152 274
153 68
59 125
66 146
112 95
111 261
101 255
101 200
159 105
127 177
87 136
154 103
136 167
148 263
98 251
74 276
108 156
163 93
162 103
89 260
45 207
101 234
100 238
75 166
69 283
104 242
167 105
64 132
151 283
170 95
160 104
99 286
71 133
146 253
103 258
79 157
63 152
83 262
61 133
63 153
158 65
74 281
45 201
83 281
145 101
90 272
113 220
136 168
98 238
37 207
97 175
98 260
104 260
67 151
69 148
118 87
96 174
160 96
159 64
117 67
105 226
100 166
154 68
130 238
86 202
153 273
139 166
137 164
102 155
109 105
64 133
96 267
104 97
84 261
164 288
136 96
115 108
134 227
175 109
147 250
101 222
120 178
127 176
162 68
75 162
171 95
86 254
159 65
82 208
99 109
118 78
55 195
47 206
176 110
105 228
133 235
85 168
120 96
81 164
74 208
100 93
64 147
169 94
151 69
91 131
156 67
149 106
146 240
86 168
135 168
104 172
78 147
161 103
141 96
129 231
107 251
64 181
60 138
99 95
121 71
68 148
127 96
154 278
167 75
118 179
66 211
102 153
92 131
64 131
99 278
116 186
169 82
81 168
63 144
111 156
119 87
101 211
152 275
63 155
112 291
105 199
107 104
103 120
67 150
122 88
77 146
111 72
48 203
111 263
56 127
106 107
160 67
98 218
152 62
167 68
50 200
109 185
92 165
164 87
103 157
109 187
84 139
54 215
89 163
147 99
130 169
100 154
162 64
141 102
61 127
61 191
115 255
156 277
109 201
150 73
62 109
101 204
99 288
99 252
180 111
121 77
145 242
102 186
54 199
81 280
102 263
120 249
95 136
97 207
105 106
169 79
129 70
116 111
97 154
69 206
104 160
92 261
145 56
79 156
174 112
142 262
108 225
101 235
152 66
90 269
163 79
150 69
104 156
163 90
159 285
128 174
122 170
151 65
109 222
100 259
113 293
84 260
109 106
116 243
96 211
111 282
57 204
153 266
160 64
34 207
96 265
114 291
97 238
104 281
100 233
179 110
83 285
114 73
44 207
149 111
55 205
64 126
99 175
104 101
58 126
153 60
118 86
100 232
68 205
90 266
124 236
107 180
150 276
65 206
100 156
145 241
123 169
90 210
94 135
88 163
60 125
100 205
171 89
111 73
121 69
122 251
155 68
70 121
94 265
100 285
103 167
77 261
71 204
86 252
165 77
128 233
149 283
88 260
86 260
129 168
165 70
102 107
75 173
123 170
113 72
105 261
130 234
85 246
106 179
167 72
101 119
143 54
83 137
136 163
110 184
165 286
148 239
59 194
97 254
127 76
83 261
133 234
151 70
84 150
117 69
66 115
107 96
98 173
101 118
112 221
143 249
143 106
88 253
151 57
104 106
125 71
52 212
120 237
163 287
151 101
121 98
145 266
73 172
173 90
152 68
96 236
150 250
142 244
106 106
60 210
100 122
109 183
118 250
99 117
99 200
119 237
88 135
74 203
106 108
148 117
102 205
107 291
88 137
61 207
45 203
89 274
94 131
80 260
186 111
67 119
113 184
100 211
97 236
100 121
156 279
60 203
97 206
109 74
145 263
141 58
138 228
143 60
81 278
96 208
73 205
153 269
116 108
95 265
117 108
95 138
108 197
80 277
113 187
105 95
112 254
87 252
96 229
164 102
143 111
100 95
61 153
93 133
59 187
96 234
140 262
90 164
123 172
64 142
77 281
127 98
91 253
103 216
137 161
156 104
129 232
104 291
170 99
61 104
61 125
92 250
137 229
105 92
100 235
63 147
90 135
177 111
171 108
132 245
52 215
67 128
161 68
97 241
148 107
113 292
102 291
142 264
153 267
145 248
92 249
60 129
181 113
135 231
112 247
172 111
86 211
106 156
94 234
56 126
111 260
161 99
139 102
104 257
137 160
96 175
93 279
107 277
149 108
163 282
162 97
169 100
99 251
62 187
94 129
50 206
149 116
106 199
112 193
92 248
151 66
95 176
157 103
100 286
85 144
148 102
100 140
137 152
150 241
85 154
118 231
80 168
119 92
134 96
142 243
121 88
134 232
136 226
137 165
113 108
149 101
56 194
118 183
75 170
123 173
148 110
172 85
81 263
101 259
55 215
59 142
99 153
165 285
82 149
142 95
60 120
83 284
101 238
143 245
113 247
106 243
111 106
103 185
119 186
63 150
117 231
138 165
84 167
104 228
68 118
108 183
108 180
65 122
164 104
106 257
52 191
113 111
144 254
86 256
84 282
170 78
106 258
165 87
84 212
43 209
161 97
168 81
90 160
107 249
94 268
88 262
84 142
119 249
148 58
100 90
95 256
78 199
97 124
74 164
128 231
80 154
170 93
122 229
106 166
136 171
146 263
135 229
80 155
145 57
104 246
146 117
125 233
171 90
102 234
80 135
94 263
51 191
62 110
64 207
149 262
91 275
150 103
157 67
87 203
151 250
163 77
155 269
93 212
79 153
149 57
171 97
166 68
140 95
87 212
128 172
154 259
46 206
85 163
98 94
105 255
85 206
160 103
55 200
102 258
103 230
172 103
107 181
154 255
146 268
74 163
106 284
111 247
84 152
78 277
97 260
39 211
137 172
129 76
133 232
110 255
143 112
151 277
106 96
79 198
102 278
125 98
117 249
95 129
46 200
80 149
121 231
145 245
100 165
74 280
103 290
128 175
121 232
88 259
122 86
70 206
87 202
81 152
102 243
157 68
145 54
167 101
92 263
54 200
80 203
105 167
59 204
109 75
128 234
110 187
171 84
87 201
104 290
72 147
169 88
143 261
68 204
147 110
99 259
104 230
103 187
67 127
97 240
120 238
49 205
115 189
58 204
105 291
119 76
46 203
98 119
103 241
157 71
91 266
99 173
164 77
72 207
111 195
115 68
60 127
85 211
113 195
99 88
93 135
133 169
66 117
101 112
106 94
76 170
105 182
111 184
114 244
85 167
76 205
159 63
101 109
96 129
85 258
155 282
109 188
116 68
147 254
149 249
62 135
101 156
167 78
76 277
101 221
169 81
131 238
95 132
58 121
60 123
109 99
71 119
73 276
158 282
173 91
93 269
113 193
109 228
130 98
92 179
149 105
149 102
137 170
135 230
104 170
140 99
131 233
89 127
163 283
116 83
66 120
156 102
97 267
68 283
58 100
152 103
102 218
69 127
96 257
96 125
106 275
35 210
54 201
151 255
83 209
71 275
137 153
145 55
152 67
163 78
140 102
97 212
147 97
136 165
129 167
145 53
104 231
97 253
68 127
165 100
167 77
151 270
112 108
99 210
134 154
97 176
100 186
108 108
56 195
71 148
142 245
62 128
86 163
72 143
58 103
148 261
103 182
119 89
109 221
132 161
126 98
71 277
60 189
168 93
149 103
104 171
118 243
116 237
175 91
104 111
110 220
109 198
115 190
147 59
79 260
66 205
114 95
127 241
109 103
57 206
111 262
65 134
103 200
39 213
65 119
148 118
108 291
139 165
149 264
129 169
128 66
59 185
90 278
58 212
89 261
62 132
59 116
95 158
102 232
108 196
124 174
52 214
44 206
147 269
79 169
154 60
98 217
106 103
78 146
87 138
106 252
119 185
119 240
150 74
134 157
61 139
189 111
99 242
146 59
163 284
96 136
107 97
87 247
62 147
97 109
98 206
93 207
77 262
162 102
92 159
134 160
110 246
84 203
173 85
165 68
148 104
121 250
90 127
92 278
117 236
97 163
171 78
120 179
92 135
169 73
95 133
95 268
84 246
138 156
98 259
134 171
169 84
102 106
174 85
143 104
75 208
61 187
162 286
100 265
101 230
73 277
113 110
78 136
103 106
142 241
94 262
83 213
109 259
132 159
66 208
82 143
140 259
164 100
84 153
93 281
116 92
107 220
179 113
141 95
149 250
136 155
103 279
147 240
88 128
84 204
109 97
113 243
113 291
114 190
80 161
110 156
140 100
105 206
79 137
46 207
76 146
67 210
84 257
170 107
79 261
171 102
70 276
172 110
105 244
74 145
99 211
170 97
74 279
118 81
145 249
63 111
86 245
63 143
119 234
88 212
114 96
96 141
78 137
76 173
57 121
189 110
120 235
123 69
110 258
100 167
71 211
105 220
183 111
116 191
86 249
91 210
148 241
103 118
97 230
60 122
81 246
121 99
61 134
132 169
114 193
99 94
151 242
143 103
116 80
102 257
68 145
103 289
164 94
107 276
158 104
140 164
151 278
99 219
132 242
111 253
91 177
102 262
156 282
163 285
51 202
124 98
153 253
93 278
128 176
62 106
103 95
150 72
102 264
83 164
113 109
95 254
115 249
164 98
87 255
89 254
55 211
62 126
148 240
155 107
119 236
114 97
104 99
65 127
102 108
104 203
80 278
148 250
154 256
101 286
88 168
122 244
86 212
100 287
106 93
83 280
119 233
55 201
122 175
39 207
141 103
79 207
97 177
131 241
167 99
100 250
89 273
100 178
93 265
81 244
54 198
75 167
63 154
163 99
85 247
106 220
110 103
104 259
83 147
48 206
104 206
121 91
152 282
89 280
97 125
126 96
171 104
99 122
157 96
177 110
129 73
92 210
66 147
169 104
88 247
137 99
77 169
130 76
168 86
99 253
75 278
99 177
105 200
128 241
100 173
69 149
109 104
151 103
150 115
165 105
66 140
161 91
175 108
135 154
58 195
60 140
102 170
91 133
153 251
98 153
56 192
89 130
100 184
63 181
91 248
111 255
162 96
53 200
76 160
92 253
92 264
134 235
114 186
74 204
116 187
62 206
88 210
148 56
138 154
125 241
101 170
99 287
120 97
98 278
166 91
107 278
169 99
102 220
72 208
62 181
122 173
136 166
80 151
118 68
118 79
101 254
83 152
184 111
93 164
131 98
116 184
82 245
134 155
146 53
105 169
143 253
94 278
61 203
71 208
92 177
97 235
60 142
117 237
61 136
97 160
118 238
134 161
88 281
119 180
174 90
140 106
59 102
123 168
101 252
164 68
79 161
131 161
85 150
97 127
66 122
120 181
83 255
147 101
152 266
154 272
93 253
44 209
84 211
91 163
95 177
108 243
60 121
64 140
156 281
87 163
106 256
34 208
118 76
95 162
67 208
118 75
91 247
84 258
150 117
151 260
108 242
152 251
91 135
140 241
164 105
92 158
95 240
153 62
138 96
166 93
101 157
92 133
94 154
139 100
65 117
104 154
92 206
167 87
134 168
149 107
39 208
104 185
41 210
61 181
59 117
166 101
89 269
146 54
144 244
81 150
112 70
112 255
108 182
113 279
103 218
137 241
161 62
163 281
102 200
92 164
65 128
138 241
100 97
141 240
80 207
151 267
72 142
42 211
154 257
137 242
151 72
103 212
82 138
100 176
106 282
167 93
99 161
155 280
166 72
98 120
140 98
110 198
162 100
156 103
152 278
72 146
158 102
62 129
124 233
138 229
127 99
143 260
131 99
71 280
105 254
61 130
61 183
111 291
118 93
71 131
95 179
100 258
89 262
100 120
34 204
109 109
97 266
47 204
63 116
65 124
61 205
100 206
100 155
121 70
97 208
51 200
67 125
121 176
63 132
103 111
166 78
122 234
166 100
146 110
118 98
129 171
142 98
54 195
84 255
95 234
81 166
61 126
98 212
124 238
169 86
169 107
97 261
87 260
110 185
164 287
167 76
97 218
90 276
170 89
141 107
59 186
138 230
170 104
108 227
100 242
88 211
111 281
152 283
152 271
124 237
84 281
37 212
116 110
149 112
68 210
109 156
56 206
87 128
59 211
96 177
140 101
159 284
110 96
120 185
100 96
94 233
120 78
94 210
94 264
133 168
149 282
80 206
117 75
137 167
119 88
107 197
119 70
59 189
122 68
60 185
160 282
110 73
42 210
100 200
71 210
110 256
104 167
174 113
145 103
67 148
86 259
163 102
66 126
89 128
132 99
102 286
107 282
151 63
110 253
120 98
88 254
94 156
89 168
132 229
114 108
90 163
63 151
92 277
73 209
116 79
61 206
155 278
87 281
113 183
115 246
94 176
102 238
109 248
171 87
172 98
135 232
145 268
76 163
60 153
95 164
169 93
163 280
146 107
53 214
39 212
108 244
141 261
76 162
106 204
58 205
160 90
111 264
97 278
147 107
109 223
110 221
98 123
115 73
120 242
101 237
141 258
130 97
80 247
126 236
59 134
92 252
73 163
60 202
108 224
69 130
115 235
140 104
111 107
129 71
90 275
125 173
99 89
65 208
100 207
95 239
164 279
98 280
83 257
103 238
135 96
160 62
187 111
102 187
102 256
106 202
59 104
80 263
72 276
113 254
99 206
127 72
151 252
91 179
153 258
111 94
75 145
89 129
100 119
163 88
154 273
168 74
82 137
92 269
80 163
149 241
83 283
109 291
119 235
59 129
173 110
126 71
62 152
95 157
59 126
151 254
34 206
61 132
98 216
131 160
78 160
94 164
108 246
134 229
99 140
157 276
55 209
153 69
120 232
61 119
98 129
150 268
60 190
35 208
126 234
143 113
164 73
91 134
141 262
67 116
98 115
138 240
109 101
68 277
84 210
102 121
119 179
119 73
80 201
101 241
39 209
130 230
95 139
128 74
180 112
159 282
100 171
93 254
122 87
170 92
159 62
61 111
144 54
99 165
163 89
115 80
63 182
111 259
58 201
119 231
104 285
85 137
103 206
86 258
109 252
111 193
70 277
111 220
108 251
60 144
63 121
79 201
57 208
127 169
70 275
157 70
99 230
176 113
136 164
