184 159
245 191
179 159
219 175
90 129
213 125
208 87
233 96
138 122
233 110
212 222
225 233
208 89
222 77
195 97
239 85
225 149
210 227
215 88
222 174
200 110
205 93
226 126
168 158
186 164
92 149
232 112
145 130
239 148
156 139
209 93
116 147
200 144
192 234
186 96
151 152
242 134
224 168
85 132
95 145
155 160
225 182
242 138
228 177
223 233
242 73
190 230
188 96
148 162
184 98
149 133
125 144
152 163
201 231
187 100
158 174
248 136
186 158
81 121
192 82
225 156
85 133
226 102
204 204
199 230
196 108
139 149
205 94
213 121
83 173
219 87
232 136
150 162
80 133
188 167
192 103
198 144
236 90
198 96
206 142
214 106
245 98
222 128
92 169
95 146
200 205
200 127
78 167
83 122
235 96
197 126
222 104
233 136
235 179
210 92
187 233
174 132
245 86
189 241
206 145
209 126
214 164
197 237
165 158
219 194
110 146
211 213
138 142
222 126
189 98
203 164
160 175
194 99
224 169
214 91
217 202
144 137
227 114
229 98
223 157
225 183
194 100
194 98
223 239
242 142
191 85
225 244
231 181
248 140
196 120
131 142
80 173
197 159
212 209
245 87
112 147
175 148
210 160
111 146
81 165
143 158
209 92
221 77
232 131
106 145
148 134
173 133
197 142
244 144
118 145
197 123
201 163
223 88
118 143
202 135
147 129
227 237
176 132
234 106
253 150
176 148
242 186
177 148
203 150
201 239
130 133
182 154
218 177
154 151
246 144
142 142
190 93
142 125
188 98
213 126
238 94
216 146
169 105
232 183
183 166
196 162
171 102
202 112
208 162
192 239
76 140
223 172
248 151
187 99
205 160
203 144
264 141
112 154
176 155
168 105
220 202
154 132
205 140
165 161
227 104
78 166
185 169
221 202
94 149
239 156
195 237
93 150
218 146
220 88
183 176
232 181
233 85
221 95
95 149
238 151
155 164
244 79
242 78
241 166
223 132
230 112
206 164
155 139
209 88
236 104
146 133
156 160
232 97
208 182
194 118
208 93
168 100
220 87
221 147
207 229
88 163
219 161
181 169
198 116
217 122
211 128
167 186
213 99
148 129
175 103
233 162
242 79
119 145
208 203
141 152
192 240
221 197
248 146
215 105
192 241
225 145
81 166
232 87
239 147
220 181
167 178
168 107
105 155
202 206
158 170
227 242
224 247
214 208
215 130
226 166
131 139
232 103
160 172
169 135
191 164
156 133
255 146
131 134
143 140
167 135
200 131
169 150
227 187
141 121
227 123
212 96
94 147
253 149
204 148
225 249
228 156
108 153
219 179
113 151
202 234
224 121
85 168
235 183
225 157
131 137
224 122
155 133
73 138
215 230
149 135
193 165
154 141
204 230
245 147
154 160
233 105
196 121
256 145
225 188
206 158
213 208
222 131
222 78
152 133
187 245
224 138
183 159
158 171
242 194
239 146
246 79
192 238
226 122
230 106
91 158
182 159
241 196
170 156
192 230
216 201
267 147
213 164
226 147
250 145
183 238
185 166
209 98
223 232
240 84
157 155
226 183
176 153
236 88
204 121
221 78
231 177
217 84
197 160
150 166
208 204
205 125
213 177
224 128
219 105
241 192
114 157
106 153
235 167
233 92
80 144
91 168
221 130
212 156
165 174
83 146
248 79
182 175
200 132
133 138
154 150
228 240
159 133
200 220
129 132
221 162
145 131
111 136
217 131
199 234
239 185
239 153
251 141
94 170
174 97
166 99
201 233
166 102
180 158
188 164
178 136
176 234
185 163
204 143
219 134
217 204
166 184
195 101
253 142
169 164
237 83
238 100
90 162
84 167
90 130
254 141
197 121
231 135
167 140
245 74
108 148
222 159
206 224
235 106
227 234
243 84
249 143
142 121
181 234
192 83
73 133
223 156
236 85
220 149
175 151
87 168
141 140
251 151
85 135
211 108
229 131
202 160
208 160
115 157
249 152
139 144
204 144
199 140
230 85
198 139
214 156
207 127
228 242
172 157
208 150
223 145
75 136
203 149
196 87
198 231
194 119
170 150
195 164
135 132
248 139
88 164
104 156
208 231
226 120
242 74
228 96
95 141
236 174
194 89
224 78
223 125
225 146
137 138
136 139
144 125
235 101
241 105
170 140
217 86
184 96
183 162
128 142
211 156
197 143
87 128
211 120
266 147
233 97
165 133
112 146
207 101
157 131
200 239
142 140
246 100
218 134
253 146
136 138
202 107
111 150
165 163
218 122
201 113
76 166
205 89
252 148
76 167
139 139
220 168
153 145
187 98
208 227
215 100
194 234
103 148
77 143
218 103
207 141
224 237
266 143
243 102
213 127
156 173
200 238
241 195
202 125
167 136
216 88
202 126
235 177
215 86
198 95
215 223
150 133
193 103
186 168
144 133
107 148
223 174
179 133
155 140
193 93
214 92
167 160
236 175
85 146
205 204
188 239
227 149
185 233
193 237
236 147
177 173
194 85
198 110
156 174
224 126
222 237
109 150
207 95
90 160
159 155
233 87
141 129
173 234
145 160
208 144
215 101
168 159
155 147
239 164
190 241
210 226
195 162
231 134
220 237
219 80
259 143
215 98
258 143
241 191
227 169
231 103
179 234
145 161
114 153
196 140
78 168
191 232
236 176
211 219
191 93
206 160
149 162
248 138
213 108
151 165
232 161
182 242
154 133
95 147
86 130
229 156
224 97
91 156
207 142
129 142
196 122
246 140
177 154
223 188
218 80
246 150
210 93
251 144
209 202
154 149
191 233
126 149
158 169
78 141
243 72
95 148
226 99
197 233
187 175
240 165
140 141
223 231
172 153
191 101
208 216
164 177
262 141
249 151
121 145
235 104
223 137
213 206
99 150
218 175
238 185
198 138
214 120
227 130
203 139
169 134
206 232
166 179
231 180
215 135
164 174
216 148
246 75
229 101
257 140
108 151
221 136
140 146
207 153
101 147
202 133
206 220
207 150
237 87
176 146
222 161
200 113
231 179
247 190
174 155
106 146
92 150
112 149
210 97
206 91
244 150
82 172
220 169
193 99
234 104
118 156
212 153
167 180
205 165
94 154
222 205
86 168
205 224
257 139
204 218
227 186
166 185
168 136
208 161
87 148
237 84
220 134
187 234
240 185
98 149
224 158
227 105
175 150
184 233
203 106
236 86
225 103
152 132
238 113
98 142
167 164
140 145
215 227
196 97
89 162
183 154
226 230
235 164
146 136
108 150
115 138
201 140
82 121
233 104
225 232
208 153
216 86
164 163
138 144
94 153
224 117
243 149
147 138
223 168
175 104
171 159
223 133
217 206
226 248
200 145
176 151
209 145
194 93
185 159
219 228
235 102
144 126
138 123
220 163
217 82
215 156
186 165
172 102
164 159
225 248
235 92
83 123
180 233
243 104
222 231
140 131
207 86
218 81
231 113
205 148
246 143
219 144
242 106
193 101
241 194
180 170
237 149
86 166
264 144
102 146
233 176
139 143
216 204
226 132
219 86
154 147
216 229
178 132
132 136
227 167
217 149
149 141
138 125
212 207
144 135
200 114
140 122
168 166
181 101
204 95
85 173
231 89
197 161
236 84
227 163
222 160
87 161
210 179
194 96
212 101
219 126
183 234
172 158
151 146
82 143
175 154
224 232
214 98
182 238
236 148
185 239
234 176
165 177
212 164
230 113
211 226
78 137
226 125
88 128
176 101
201 107
228 114
145 162
219 162
210 164
136 140
250 151
187 105
204 227
217 229
137 124
208 86
227 156
214 205
219 104
201 161
166 101
202 233
83 135
184 235
243 82
203 159
218 166
172 235
231 182
105 146
115 139
192 85
205 222
241 93
220 196
211 164
171 151
126 144
239 151
154 154
185 171
90 154
93 152
182 169
73 134
242 191
82 134
185 240
163 171
174 157
222 171
213 129
148 132
192 162
199 94
235 84
244 75
236 94
247 101
157 163
131 133
140 153
216 228
177 149
170 152
244 187
197 229
212 108
185 95
211 205
222 175
239 92
225 126
228 100
228 82
235 171
236 180
199 229
165 159
176 103
169 136
212 120
190 82
150 147
176 99
84 126
208 142
240 138
232 86
182 158
233 95
268 147
184 170
210 153
153 164
206 223
184 166
203 133
186 159
167 99
227 178
247 144
164 158
230 84
175 234
212 224
225 120
77 168
105 149
185 105
115 136
82 168
227 166
203 112
222 162
168 108
187 240
225 147
229 177
144 123
246 190
230 105
245 88
219 149
144 129
144 138
207 218
206 126
140 149
223 138
245 99
205 157
235 158
238 165
140 150
141 151
148 152
184 160
199 160
167 185
222 230
81 134
188 94
157 173
217 205
214 151
208 210
198 124
154 155
184 105
235 168
245 150
199 88
226 243
209 213
221 104
74 135
265 143
207 226
102 147
140 129
149 147
144 124
152 142
85 128
207 128
209 230
165 135
183 233
219 83
228 166
238 101
247 73
206 102
90 158
164 171
224 172
195 88
208 85
181 100
236 170
222 170
219 125
243 103
203 219
86 129
201 205
221 79
205 146
208 230
199 129
170 158
208 217
213 100
203 124
217 128
211 182
230 132
181 98
234 101
184 106
188 93
225 251
209 144
237 94
204 137
183 155
77 137
226 123
178 173
150 163
237 185
204 162
249 145
171 137
220 167
113 153
234 113
94 152
226 237
161 165
208 127
84 145
212 100
140 148
219 124
235 87
126 128
194 162
162 132
182 239
220 230
169 138
160 132
185 170
230 164
209 101
242 151
187 103
180 232
211 129
175 98
214 176
245 100
212 220
80 139
161 173
155 150
206 203
243 85
84 170
149 140
238 92
161 133
222 130
238 160
150 155
212 180
228 131
187 97
243 138
198 228
130 142
210 158
178 157
194 101
239 84
165 136
232 88
115 147
243 194
105 143
225 128
232 89
85 125
170 157
190 231
239 145
240 145
170 102
213 205
205 230
158 132
177 157
208 102
196 239
223 234
202 95
219 167
205 149
145 163
207 231
168 102
246 88
220 195
237 163
226 131
238 157
230 241
229 149
158 161
206 167
216 223
239 159
182 98
116 139
228 93
150 142
209 216
130 141
245 81
191 163
223 182
196 88
231 131
202 141
152 134
212 154
128 140
155 163
189 101
229 108
71 134
175 131
158 164
85 134
195 108
240 152
245 103
219 168
83 124
192 137
141 160
92 153
197 110
154 146
186 244
202 123
246 80
108 149
222 146
233 164
202 221
193 162
83 170
154 156
202 220
237 171
230 111
201 109
210 182
140 132
209 102
110 154
170 151
184 162
217 123
184 173
225 250
243 190
211 126
208 143
189 92
95 143
267 144
209 104
208 183
230 114
166 164
219 205
166 103
184 234
217 83
222 79
166 183
191 230
201 106
86 128
227 150
227 97
214 107
234 84
215 204
218 207
219 182
216 87
208 100
86 124
179 173
243 74
84 173
218 165
240 93
183 161
196 105
201 96
177 159
199 242
242 141
183 232
229 102
144 136
252 149
89 154
201 93
214 94
210 209
118 157
219 174
201 229
168 164
232 104
192 93
144 130
235 178
197 238
208 218
242 100
244 82
139 133
206 147
115 154
207 97
242 188
90 150
228 83
188 240
92 167
139 124
245 79
230 177
143 125
168 165
197 231
106 143
236 92
163 174
198 145
242 143
147 136
226 78
125 147
257 144
179 169
202 229
168 139
246 147
250 76
164 134
197 162
232 110
239 163
199 114
153 148
126 148
185 160
148 153
144 159
149 134
233 109
159 172
117 140
182 234
164 136
215 91
214 223
219 79
239 149
221 194
153 153
153 144
214 177
222 236
226 188
137 131
148 136
89 129
206 218
162 174
153 146
224 159
164 156
99 144
169 102
178 134
242 82
206 222
207 89
216 103
150 157
224 246
224 200
202 97
114 135
155 141
93 147
230 89
140 147
153 141
228 98
94 143
230 131
126 143
126 129
244 190
232 176
233 160
196 101
205 219
189 102
251 150
188 243
212 181
207 227
161 169
166 100
139 142
218 206
181 99
132 137
228 97
244 188
255 145
202 231
207 91
219 225
253 148
243 145
214 125
206 225
226 116
184 176
176 100
156 132
224 182
223 190
236 187
197 116
179 157
196 93
205 95
198 126
238 193
93 144
141 142
222 182
218 145
97 142
213 88
150 154
200 143
93 167
218 223
185 175
191 241
216 100
178 159
225 132
226 247
105 147
210 154
181 158
218 171
234 188
240 193
176 156
188 165
243 140
228 130
197 88
226 251
203 206
128 141
214 180
196 138
254 145
215 179
246 146
130 132
220 182
228 155
138 130
208 229
194 237
85 127
101 144
231 136
211 158
243 83
214 105
222 200
104 146
224 120
165 137
219 84
221 182
140 161
105 153
216 92
165 160
202 228
185 164
220 81
223 170
153 157
231 139
216 202
247 189
128 139
236 91
245 80
268 144
246 191
177 150
148 135
206 159
141 153
149 165
226 157
126 138
196 229
116 146
80 138
246 102
214 108
198 234
250 142
215 123
204 125
198 123
82 135
103 155
151 144
232 96
125 145
177 174
215 128
189 103
236 177
90 161
224 245
144 128
139 141
241 152
148 150
137 139
161 166
122 145
239 158
192 136
224 103
175 157
163 172
219 183
128 138
239 95
224 146
220 225
226 115
226 101
168 182
208 88
220 104
239 101
162 168
170 155
195 93
200 93
225 116
223 128
145 133
221 198
83 143
145 138
218 124
220 173
225 196
208 146
234 175
208 214
155 165
230 100
195 107
208 126
97 149
227 165
210 155
156 163
91 157
208 90
95 144
216 224
101 143
249 139
222 135
210 88
224 163
178 234
177 160
143 159
227 157
165 101
268 145
222 204
218 228
203 226
224 193
196 237
210 203
143 135
212 208
216 181
217 183
207 183
148 161
242 165
226 240
162 167
148 165
235 165
225 119
226 178
247 191
118 154
97 145
229 99
81 167
263 142
160 164
232 163
248 191
244 74
221 124
113 147
207 102
224 155
186 240
245 190
241 84
178 133
202 111
172 101
190 135
146 160
140 140
176 157
223 103
244 85
187 96
222 137
176 154
228 149
218 85
154 153
208 147
174 101
186 233
198 94
234 167
159 165
222 97
211 207
207 151
167 183
87 160
90 155
247 77
227 184
198 240
206 127
149 150
151 154
217 228
221 96
171 156
163 178
153 132
219 223
241 101
224 239
199 240
178 172
229 129
206 95
207 146
150 132
242 140
127 131
227 233
82 166
139 122
201 111
96 149
217 182
195 118
183 242
237 99
226 103
243 188
246 74
194 136
187 244
236 93
127 141
223 98
241 145
175 133
160 163
171 152
79 173
165 162
154 163
253 141
214 230
266 146
238 115
161 132
239 155
218 225
227 240
219 227
99 143
216 164
221 170
218 162
117 157
187 159
193 94
88 150
194 88
84 168
227 188
227 185
96 142
236 114
200 133
212 129
188 166
266 144
144 122
236 89
211 88
182 236
195 86
152 154
214 181
177 132
235 97
139 145
81 173
159 164
201 127
222 133
174 158
157 140
218 126
167 182
218 86
187 106
234 111
215 89
219 145
193 137
165 134
201 238
226 249
219 166
202 137
90 168
195 165
144 127
220 76
205 147
212 226
207 228
82 170
239 157
184 164
165 164
242 149
154 158
218 127
231 85
106 144
215 122
228 115
221 181
211 204
197 122
234 155
231 161
235 113
212 165
185 98
209 215
229 164
203 220
219 229
221 167
221 200
148 154
224 190
161 163
252 151
146 129
181 156
219 159
233 185
144 134
242 101
200 206
153 151
120 146
139 123
199 128
211 162
117 141
154 161
263 143
219 171
172 133
203 142
91 167
101 155
195 163
162 133
186 169
248 143
122 146
217 134
193 84
235 105
223 78
247 76
116 154
132 138
186 242
154 148
142 131
161 174
192 101
181 154
156 150
200 163
144 121
254 147
188 106
216 105
218 158
125 148
178 174
214 100
102 145
220 146
239 152
176 131
155 155
236 146
76 136
196 233
219 147
247 141
155 166
138 124
198 140
225 131
210 156
235 159
239 160
198 141
205 142
220 197
82 171
153 156
213 176
206 221
228 169
235 94
182 241
212 88
200 111
203 140
257 142
194 91
149 166
157 132
156 140
232 182
204 142
263 141
93 154
163 179
142 129
210 161
209 153
234 161
158 173
209 209
152 147
190 232
226 168
76 143
225 239
236 184
116 140
92 154
224 236
214 97
250 75
183 231
212 102
206 231
149 157
178 150
196 118
238 116
237 160
151 157
142 156
148 166
184 167
231 164
194 90
199 126
78 169
202 205
229 114
154 140
209 146
222 134
103 154
200 137
99 149
167 139
185 96
217 102
206 93
215 149
79 144
167 179
207 103
235 184
195 137
219 222
201 95
160 165
75 143
200 240
79 137
247 140
80 167
194 86
143 134
228 129
126 130
195 233
160 133
177 151
180 97
168 101
180 98
249 76
246 101
209 161
185 168
155 152
158 172
148 133
225 100
213 120
172 155
257 141
206 166
210 126
174 150
211 203
199 231
174 154
242 187
177 234
242 136
80 168
142 160
225 238
191 82
172 152
100 154
222 235
130 140
154 131
188 97
207 224
194 138
201 234
182 237
226 130
226 233
164 155
250 139
83 145
96 147
77 141
208 129
126 142
131 140
210 157
75 138
236 172
222 198
208 92
196 117
191 136
219 146
188 95
99 148
194 108
237 161
224 156
203 205
222 191
201 94
109 153
173 159
113 148
186 100
198 227
197 140
197 95
183 175
217 223
93 169
196 119
236 164
87 167
117 142
217 173
230 240
117 154
236 186
78 143
201 97
175 97
211 97
164 179
169 103
184 174
225 231
235 166
216 226
204 96
75 144
255 140
245 101
226 149
195 234
224 238
264 139
197 240
244 103
194 84
240 153
242 102
225 118
233 108
223 204
267 146
242 77
149 139
243 143
199 159
260 143
240 166
89 150
192 102
229 105
222 203
207 149
234 156
244 81
173 132
201 165
240 196
109 146
225 168
198 142
93 168
171 150
154 166
77 136
224 248
197 117
139 132
220 171
155 161
229 100
234 162
226 124
228 164
243 189
202 98
229 240
248 137
207 213
221 230
239 116
207 204
201 143
217 165
212 205
227 107
90 167
244 151
261 142
214 88
208 128
221 149
225 164
226 133
210 98
234 164
244 185
221 205
163 177
219 103
218 182
139 131
222 127
247 151
223 146
144 162
170 149
74 137
138 131
216 133
83 121
230 182
205 126
238 99
215 134
79 167
102 148
204 165
73 135
169 139
128 131
229 169
169 141
93 143
202 110
243 191
177 103
215 229
190 101
194 165
193 136
162 178
177 97
78 136
89 159
226 100
113 154
225 230
222 88
203 95
163 134
175 96
231 112
245 144
95 150
199 241
209 100
211 222
74 136
227 182
86 131
146 138
215 90
242 145
199 115
242 104
235 103
75 140
198 160
217 133
149 149
162 169
249 79
241 185
238 84
213 152
200 161
147 162
218 84
226 98
83 166
145 159
241 186
219 133
177 156
102 155
167 159
225 97
84 127
205 158
212 176
224 149
124 148
177 152
179 171
226 145
125 146
222 192
214 152
85 124
212 219
175 99
172 234
234 187
253 147
197 239
194 107
111 151
185 238
195 235
236 173
236 87
165 179
170 136
167 105
234 97
239 196
131 138
94 150
237 101
73 137
173 103
75 139
72 134
238 95
218 102
209 210
143 157
124 147
228 241
81 133
106 148
223 236
246 145
113 152
236 95
211 163
212 152
128 132
83 174
222 199
234 159
170 159
236 96
196 235
214 175
240 101
266 145
241 138
239 154
232 105
174 234
212 227
164 157
82 173
269 145
239 165
242 75
79 143
204 123
145 136
143 124
151 153
230 103
226 239
217 163
154 162
201 125
221 148
150 152
213 128
87 163
183 170
209 231
209 99
203 123
172 103
85 161
234 110
209 211
264 140
213 180
146 162
170 133
234 170
203 148
220 77
198 88
175 132
207 232
223 97
241 99
151 143
180 157
80 145
211 127
146 132
151 155
187 95
126 131
213 207
113 136
217 81
218 149
181 155
137 132
236 105
207 93
224 188
179 232
198 229
214 128
219 193
215 177
210 180
161 175
149 142
216 104
141 122
201 133
203 136
212 122
173 158
163 133
199 125
200 231
115 148
225 129
215 164
203 141
204 122
152 146
264 143
117 146
76 141
184 238
239 162
229 239
223 200
163 158
225 237
87 162
267 148
227 164
108 152
239 94
123 146
209 103
168 167
107 153
215 150
202 232
92 170
221 88
183 163
250 140
203 218
231 110
186 243
203 125
206 146
238 194
214 122
148 155
216 147
227 95
86 125
200 135
216 102
84 122
207 152
195 87
208 159
213 225
168 132
91 150
210 94
222 187
217 146
111 154
242 189
210 144
197 108
239 161
199 141
224 135
233 184
203 162
185 244
134 138
215 175
145 124
102 144
183 171
222 197
211 121
236 149
228 105
204 140
193 240
168 106
190 164
235 170
167 101
196 142
172 156
132 133
143 126
200 162
170 160
167 181
198 97
211 155
239 91
147 154
196 144
215 205
229 182
152 157
247 87
211 177
127 142
240 159
204 228
88 129
218 178
161 172
231 178
203 151
204 136
202 227
176 152
236 102
217 203
169 104
164 175
218 164
220 124
237 115
201 108
202 138
200 136
83 167
222 202
179 170
124 146
227 93
112 136
243 136
153 163
206 149
178 171
208 97
80 136
246 136
216 222
105 148
158 155
206 94
220 194
213 95
152 155
201 135
212 155
196 160
96 141
222 158
74 139
211 180
202 163
134 132
211 89
238 150
221 201
247 74
136 132
193 238
75 137
213 97
204 164
210 162
220 162
223 159
249 75
230 133
84 135
260 142
222 136
203 204
207 140
87 149
229 83
231 133
210 181
235 112
210 91
231 176
217 129
207 230
205 205
201 220
162 177
171 133
183 177
179 136
117 143
239 93
245 76
173 101
233 183
205 227
123 147
196 86
81 139
205 122
221 146
210 222
236 182
113 149
223 163
209 203
238 114
207 225
242 105
142 141
116 141
231 84
166 159
232 164
227 120
234 112
201 128
200 140
94 169
225 78
223 131
118 155
77 142
251 142
249 141
243 151
163 173
199 127
185 172
186 105
197 109
201 142
236 171
227 168
241 165
234 160
222 96
188 244
150 165
243 144
208 91
215 148
227 96
243 77
114 136
221 89
195 106
229 113
168 133
209 214
257 138
216 177
88 162
190 102
193 91
215 124
228 178
149 148
147 139
224 189
219 160
178 233
93 151
176 147
248 76
242 135
184 163
242 139
235 160
132 135
212 225
113 150
212 223
209 227
202 136
157 130
221 160
234 103
170 148
216 91
91 169
165 180
182 174
217 127
220 235
240 197
229 84
204 97
192 84
88 149
185 173
227 170
206 89
155 151
153 143
170 138
249 144
213 122
146 131
245 187
216 106
199 233
169 140
151 163
190 98
140 151
220 229
205 143
88 165
181 233
214 222
184 168
226 93
247 136
234 85
136 141
199 93
253 145
187 246
175 95
84 124
212 179
231 162
87 147
195 138
215 131
96 145
147 150
97 147
242 99
205 220
83 144
220 79
142 135
185 237
220 172
214 150
244 100
109 156
226 96
216 124
169 159
217 177
223 247
172 154
170 134
221 134
127 138
88 166
228 108
209 96
232 106
162 175
132 131
207 160
223 235
226 229
245 75
249 78
153 155
214 99
85 131
223 240
143 156
223 136
201 164
198 115
188 103
213 222
240 161
196 236
232 85
190 99
151 141
197 234
242 76
216 101
231 137
142 139
87 150
246 103
170 137
224 164
222 173
188 107
105 152
237 150
218 176
231 88
193 92
236 183
214 93
227 115
138 121
228 81
234 92
225 195
212 178
142 132
233 106
80 137
213 227
181 241
243 150
98 143
202 127
241 193
181 157
234 185
182 170
240 151
227 94
228 102
199 131
115 153
237 114
247 88
189 136
152 141
224 195
229 89
223 195
114 147
209 182
199 161
245 85
200 128
130 137
182 176
179 97
79 139
230 104
215 132
201 92
117 145
226 121
210 159
181 170
182 235
226 129
163 170
243 137
126 147
89 165
154 152
235 175
207 96
81 135
109 154
227 183
85 148
221 125
224 160
198 125
86 161
218 163
200 233
233 107
194 94
186 98
149 152
189 164
79 168
237 102
151 133
150 146
84 146
190 136
177 98
224 187
210 216
226 164
94 142
247 150
225 148
256 140
205 218
156 156
188 241
151 142
234 183
148 139
248 141
140 130
188 163
84 143
222 172
203 160
256 143
138 139
91 154
229 176
224 194
253 144
185 106
218 179
205 136
223 135
213 226
100 155
200 159
243 73
234 98
200 109
215 133
234 186
96 143
86 167
220 236
152 144
194 97
232 111
196 96
252 144
182 161
85 147
233 163
131 135
215 178
244 186
187 165
192 233
212 221
196 95
222 193
82 145
208 213
185 235
257 143
216 163
202 139
244 89
249 142
219 158
163 169
187 104
199 110
175 101
203 163
162 163
205 229
109 151
105 154
141 132
187 167
90 159
216 225
116 157
192 163
163 163
189 93
242 152
202 106
203 227
210 207
129 133
222 194
226 97
218 173
210 102
222 188
158 163
225 117
185 165
223 158
228 182
228 132
223 104
246 104
85 126
81 136
204 161
202 235
245 188
184 161
213 156
156 155
151 164
212 177
217 132
249 77
86 133
207 158
112 151
216 182
255 141
205 228
215 180
200 134
239 193
192 81
236 185
237 97
151 162
220 159
252 142
101 154
183 99
237 164
213 96
221 175
209 97
237 98
249 146
195 136
125 129
250 141
164 176
176 102
176 97
186 241
201 141
83 120
217 124
225 243
200 112
143 139
197 144
247 79
210 213
154 159
216 227
206 228
176 95
214 95
140 160
135 138
204 160
143 129
262 142
178 135
219 81
223 162
218 202
189 166
182 240
83 168
143 138
224 244
228 168
186 95
81 145
248 189
176 94
179 233
227 106
86 163
138 126
235 157
172 236
222 124
237 165
230 102
232 108
206 165
143 160
161 167
253 151
104 148
86 146
215 129
216 129
88 167
199 145
234 87
90 156
148 138
231 138
178 97
180 159
195 105
199 130
240 155
139 134
206 204
242 84
246 85
226 242
235 156
184 175
115 137
248 144
162 170
209 212
227 108
89 149
157 154
166 136
150 156
211 209
125 130
77 167
235 114
235 169
84 120
223 126
246 76
153 158
86 148
221 236
158 162
219 224
187 242
159 132
236 179
178 103
231 163
132 132
117 144
210 177
196 126
229 155
237 184
118 153
219 173
251 145
197 138
143 121
186 175
89 167
234 166
201 230
193 234
219 169
222 190
220 170
104 155
243 165
180 136
218 205
245 89
194 95
140 139
236 97
145 129
100 143
244 194
109 155
83 169
221 129
183 98
219 202
120 145
224 104
213 105
221 126
222 195
228 233
168 134
197 93
