337 186
143 104
227 146
116 146
114 154
130 93
331 157
251 154
153 100
160 97
157 168
136 85
153 161
181 125
269 139
231 131
141 89
166 125
339 178
117 69
134 137
267 133
222 149
110 68
226 150
236 162
128 88
123 133
300 128
169 134
187 104
237 155
313 153
241 123
226 136
108 83
182 161
125 151
228 141
237 130
274 145
181 112
193 158
171 158
228 143
256 146
255 103
125 133
130 153
340 192
279 142
213 154
162 174
187 146
174 168
143 149
143 170
221 144
121 65
342 188
124 147
209 154
273 150
123 96
220 154
268 136
164 129
142 160
343 192
276 145
252 160
242 114
119 152
167 124
266 145
203 150
179 128
243 126
160 161
134 136
149 99
281 138
164 172
330 153
223 150
119 82
192 100
130 142
295 121
170 105
137 106
238 130
189 144
244 171
135 70
145 144
332 185
310 149
321 179
233 165
193 99
324 172
290 131
165 118
151 162
327 149
214 149
326 153
332 174
113 82
160 99
336 173
197 145
160 167
115 62
329 178
134 147
277 94
188 105
129 135
145 105
239 124
192 101
225 150
118 145
135 76
202 153
309 167
157 161
170 104
219 136
109 141
249 148
136 100
259 127
121 67
122 112
180 106
324 169
126 69
138 81
134 102
119 86
250 110
174 167
193 157
300 138
122 128
121 134
219 139
237 158
128 70
269 140
181 100
247 172
142 161
313 157
277 148
139 79
325 181
132 73
191 108
121 68
251 167
255 99
253 167
278 155
159 93
175 165
156 160
123 112
133 69
218 136
165 159
283 94
175 140
134 146
132 156
170 100
120 149
327 174
332 155
323 165
177 109
166 101
134 114
138 106
301 149
135 113
251 181
164 160
327 156
328 186
325 176
162 129
123 126
164 174
332 160
164 95
244 114
301 131
121 147
144 107
244 158
230 145
301 142
136 152
342 183
162 94
172 146
166 169
286 140
167 167
248 147
256 139
309 166
248 116
253 144
136 84
227 137
136 113
324 167
123 95
139 148
213 141
167 125
240 127
273 142
117 70
194 145
131 90
290 121
292 118
334 156
337 187
168 156
306 148
253 157
221 146
129 69
124 92
110 143
129 124
123 98
129 102
195 150
116 145
173 141
221 143
125 122
143 168
256 110
185 103
297 122
235 166
121 70
140 79
252 168
160 96
112 146
156 100
271 138
215 145
180 117
137 78
311 150
135 118
176 134
311 149
281 153
292 115
121 154
151 112
329 186
115 150
123 87
250 178
170 173
334 154
172 170
172 153
142 173
270 136
230 161
132 72
243 123
228 150
251 165
238 154
341 192
122 156
178 105
271 95
117 66
134 116
165 117
178 112
177 118
141 88
158 94
187 145
195 145
112 95
137 85
179 124
124 93
227 149
158 167
192 103
132 100
306 168
177 128
143 166
135 75
277 151
232 158
238 127
251 175
248 171
245 123
229 137
270 139
181 106
303 145
258 154
263 102
179 168
262 97
167 159
181 107
142 90
164 96
248 111
247 146
245 178
149 115
167 174
329 174
284 164
122 132
165 157
292 122
125 146
310 170
326 156
267 135
181 164
263 149
259 144
275 92
116 67
119 67
330 155
171 150
218 142
177 123
253 158
248 145
168 159
220 140
128 154
328 179
269 144
176 116
308 162
146 106
239 127
262 149
148 107
168 130
118 154
147 146
328 181
288 126
128 137
227 143
124 150
121 155
129 137
171 103
328 146
171 165
237 173
168 122
121 82
142 108
125 150
221 147
282 138
179 118
229 156
118 146
172 144
172 148
135 106
116 82
259 128
182 157
183 97
327 163
263 99
166 126
135 84
240 160
156 99
121 148
243 121
147 115
144 147
124 85
185 108
115 94
272 137
130 152
182 97
294 136
294 122
169 167
150 165
162 173
143 167
121 85
115 63
301 132
147 101
149 165
269 145
133 115
298 128
308 168
120 89
266 133
292 159
123 129
280 144
182 165
176 115
323 169
147 145
245 159
182 112
120 86
325 160
124 131
136 112
245 156
142 157
202 98
159 113
194 147
217 144
221 149
128 142
327 152
335 175
154 114
114 88
218 145
174 135
240 130
252 179
243 159
199 154
335 179
188 158
132 135
177 115
115 87
289 120
118 150
234 132
231 132
161 100
277 145
171 98
177 104
261 130
129 101
250 109
169 99
121 127
132 147
246 110
325 146
171 139
129 153
255 100
308 153
323 157
229 141
256 147
121 89
291 135
174 141
172 165
144 170
286 139
164 163
278 150
281 92
270 90
173 152
186 160
281 147
264 152
325 170
170 136
166 137
165 175
154 115
219 140
123 146
258 102
244 113
193 147
312 158
181 109
163 92
309 164
295 122
172 157
122 67
143 108
239 130
133 95
305 169
280 155
195 141
113 92
215 149
245 160
119 81
163 100
288 157
168 120
177 167
282 153
260 93
185 93
220 155
284 132
166 138
145 98
121 71
252 162
329 185
261 96
180 119
323 163
200 100
114 67
128 72
239 126
187 97
234 135
261 128
257 151
250 179
280 153
245 180
300 139
126 146
288 136
224 157
229 151
263 92
250 170
130 147
324 168
328 177
161 97
251 162
278 95
280 146
167 170
283 167
158 162
109 91
232 135
173 137
123 67
252 147
138 148
258 126
129 143
131 154
252 177
226 153
121 146
285 134
176 120
249 174
137 98
252 171
287 128
180 116
284 139
160 95
303 131
240 122
238 161
171 101
291 118
342 180
162 158
261 101
136 111
166 173
178 128
238 159
285 158
132 114
262 95
135 101
148 103
116 78
108 67
198 154
117 145
130 150
271 141
147 167
150 99
232 131
243 124
226 156
251 110
157 163
132 67
179 116
302 142
330 175
244 115
281 96
304 148
311 161
298 123
151 163
120 85
138 87
263 144
124 124
290 120
164 123
235 159
330 152
162 102
157 113
278 94
221 142
258 138
240 129
253 154
236 157
134 97
174 152
181 101
194 141
134 138
253 146
188 157
252 178
204 151
242 110
188 159
117 92
258 152
129 112
126 126
331 158
195 155
114 92
232 164
196 142
129 72
250 182
240 152
163 159
141 100
245 117
303 148
214 143
280 140
119 92
292 130
345 190
173 151
329 179
171 171
119 71
141 106
160 122
163 104
258 144
271 93
341 184
130 140
125 85
242 123
272 91
162 126
265 130
225 153
325 156
115 65
226 151
180 124
245 116
341 181
216 153
158 168
163 161
309 161
244 112
200 99
263 94
258 125
190 155
171 99
248 175
161 129
255 107
307 167
301 127
336 177
253 155
192 99
168 167
118 72
187 108
131 115
158 159
339 184
264 148
189 109
243 120
178 168
237 164
232 130
263 101
170 151
174 103
129 84
140 98
196 147
152 95
162 97
139 157
254 106
126 88
162 91
322 160
114 85
228 146
161 168
114 89
129 123
124 156
110 141
152 164
247 177
323 166
283 161
301 129
114 145
256 102
276 146
256 108
193 141
277 152
266 130
226 146
309 165
222 150
140 80
124 155
173 150
128 112
165 168
211 153
125 69
231 160
270 140
150 171
121 83
280 147
169 123
147 113
293 159
229 142
191 106
132 71
179 167
164 161
126 110
233 135
236 127
226 148
251 158
147 168
254 147
177 113
125 87
133 75
194 98
113 67
284 137
137 118
134 95
238 134
309 150
180 160
259 102
213 143
133 89
246 171
324 184
164 102
163 162
124 152
131 92
293 122
166 134
192 105
130 92
282 160
139 153
253 160
124 69
247 171
172 104
244 152
294 129
288 158
148 112
310 164
177 131
262 92
277 143
155 99
133 100
347 191
227 136
158 166
256 112
160 168
114 63
195 149
114 84
235 156
240 174
183 161
168 134
336 179
313 158
178 113
220 145
231 137
229 152
186 93
193 155
260 102
145 97
166 130
156 98
325 157
243 161
296 122
108 92
283 137
325 174
180 121
169 174
131 110
155 98
181 159
145 103
131 99
126 86
230 134
276 93
246 177
174 100
124 135
225 156
279 143
161 158
267 134
171 135
273 94
249 169
242 170
159 168
287 132
133 147
265 135
137 110
179 109
126 124
231 133
162 90
213 144
171 149
122 126
301 138
127 136
240 121
270 137
136 118
337 182
284 161
288 135
336 152
126 70
333 184
135 117
342 193
129 111
141 159
171 173
174 102
239 173
168 105
257 141
127 106
286 161
166 104
182 162
158 121
257 107
222 154
265 93
259 139
143 172
123 127
323 156
110 142
114 93
171 172
300 147
279 93
117 97
117 98
268 142
138 79
320 178
247 145
244 120
179 122
336 180
282 137
260 138
146 98
291 127
132 115
144 105
292 123
111 81
312 159
343 180
165 123
325 168
162 172
277 147
152 97
134 70
133 153
117 82
199 145
284 167
130 151
343 194
251 170
259 129
159 96
284 133
134 151
168 119
312 153
165 160
258 143
337 185
142 89
135 151
133 93
198 157
232 161
123 89
179 166
258 139
292 124
169 151
124 114
201 154
111 68
233 166
256 103
238 125
161 156
155 100
302 144
196 150
324 144
322 162
180 125
187 95
190 109
340 189
285 130
259 138
121 81
282 92
196 141
285 159
273 93
249 162
345 191
301 134
281 97
256 111
162 100
300 143
325 149
273 137
196 154
252 107
280 145
178 111
265 143
141 158
326 162
253 156
252 175
275 95
233 163
252 176
181 126
216 148
173 135
243 160
249 180
140 158
259 154
122 66
227 141
312 155
218 143
119 155
198 100
139 88
274 135
130 143
298 124
333 183
131 156
181 104
216 149
322 165
182 125
131 96
344 186
254 158
122 68
183 91
182 109
217 143
318 158
124 70
249 175
124 68
180 159
220 147
187 94
183 94
276 94
150 163
213 150
274 136
246 146
269 91
123 130
139 78
153 164
295 123
143 161
318 179
277 149
176 103
325 171
292 137
268 95
252 167
166 133
163 102
321 161
335 182
133 146
141 147
257 109
316 180
227 135
274 93
283 164
189 108
170 137
252 154
116 71
162 127
189 106
132 69
341 193
339 181
135 98
130 109
324 156
327 179
230 156
129 152
118 95
292 116
177 129
310 161
215 155
167 122
294 138
266 146
256 109
181 108
290 127
131 98
333 160
157 97
254 145
178 124
189 157
251 152
177 117
336 182
130 135
193 142
150 170
160 112
128 110
184 159
259 145
250 147
112 83
134 69
217 145
118 71
176 122
300 148
264 147
330 156
217 154
300 146
127 107
141 170
309 149
333 155
283 157
323 175
194 155
116 150
320 181
241 126
171 100
219 153
153 163
191 103
170 134
243 109
213 155
264 151
153 114
130 108
274 150
232 159
192 144
207 153
142 169
133 96
128 155
110 84
169 136
254 107
174 166
279 152
135 138
303 149
168 174
258 109
298 122
122 97
320 180
240 153
143 147
245 119
242 121
124 146
155 114
177 133
325 148
141 101
339 176
126 137
243 178
130 148
164 115
186 108
237 133
241 170
246 180
298 129
108 72
334 175
116 154
268 134
274 137
158 163
295 138
339 189
213 152
165 124
251 163
142 165
139 152
142 174
163 101
229 146
244 162
187 96
230 141
235 126
171 142
293 136
298 147
164 171
143 162
135 152
250 175
216 146
128 105
217 135
228 154
121 86
214 141
231 158
282 140
139 106
258 104
223 157
267 95
127 137
228 155
257 145
184 97
137 83
256 99
275 94
339 182
108 82
164 113
181 102
311 169
179 160
176 169
131 72
325 145
281 155
147 107
264 129
250 149
167 104
199 155
203 152
338 190
228 142
163 93
152 99
278 148
343 193
182 105
141 157
288 132
244 156
260 139
130 138
152 115
178 132
145 146
148 111
141 173
178 131
118 152
125 106
294 125
117 77
215 153
218 154
249 171
123 65
231 134
221 141
233 160
326 174
332 172
257 142
224 145
125 103
218 156
134 118
284 135
196 144
263 100
137 111
312 151
166 175
143 152
190 106
337 189
250 180
164 100
250 162
332 161
214 146
263 97
153 115
286 130
256 107
171 148
243 155
242 154
127 110
186 159
203 153
140 106
119 154
171 174
328 180
274 134
247 176
240 173
159 161
249 182
173 134
185 96
145 96
128 107
336 188
200 154
139 98
115 67
141 154
283 160
111 83
162 159
167 168
177 135
163 160
243 114
285 140
147 103
276 150
247 147
129 146
309 163
295 139
330 180
124 90
138 110
123 68
128 101
156 161
120 71
127 101
128 108
125 112
266 143
239 154
181 157
225 152
186 96
180 109
242 177
134 75
237 132
233 164
164 173
328 149
215 157
137 108
165 156
132 75
236 164
195 99
164 112
190 143
239 170
263 143
143 165
120 84
136 78
300 140
187 93
138 151
160 113
331 175
309 151
150 168
188 160
141 169
234 136
341 188
272 141
184 160
130 95
148 110
140 100
136 99
329 177
165 137
323 181
129 105
305 131
176 121
146 96
151 114
222 141
153 97
128 69
141 80
193 143
141 161
121 87
176 117
186 158
139 154
323 164
184 107
126 123
283 158
167 121
243 116
107 83
336 151
256 145
256 153
216 143
230 146
251 157
259 95
128 122
117 94
250 148
315 158
196 140
264 142
124 112
312 157
127 102
218 140
278 96
136 147
129 109
177 122
143 171
244 110
172 171
199 144
240 170
113 95
169 160
140 156
156 101
330 154
186 157
201 97
197 152
334 183
264 130
139 84
191 144
226 152
153 96
340 182
160 158
338 176
175 103
114 64
309 168
135 77
163 174
228 140
251 146
291 116
149 171
324 183
124 101
130 100
335 152
192 155
232 137
333 152
329 180
201 152
183 162
299 138
132 117
167 155
161 128
151 99
162 92
163 94
165 96
129 145
243 163
148 106
316 181
108 81
151 166
181 110
292 125
174 134
118 68
199 100
226 147
238 153
191 102
316 158
328 147
145 107
257 143
249 168
118 151
238 174
334 182
254 154
328 156
288 127
253 176
160 166
260 101
186 103
166 172
255 139
249 111
309 152
186 161
138 150
287 130
244 126
161 93
176 104
149 112
238 160
186 95
142 103
170 98
322 158
332 183
132 145
276 144
175 134
159 164
259 94
205 154
143 98
339 177
254 151
215 143
267 94
253 153
167 137
137 80
333 175
204 153
124 71
277 154
297 128
157 123
243 162
307 148
133 94
174 137
264 93
324 162
142 159
129 96
227 145
229 145
245 176
244 159
126 90
234 130
241 127
269 133
226 149
223 145
188 94
132 113
270 95
203 151
137 82
115 145
245 146
300 142
234 167
172 147
181 127
262 144
282 159
334 153
165 127
253 148
134 108
170 138
122 146
178 123
322 156
188 144
275 146
146 167
157 124
131 153
179 165
332 159
172 135
127 122
246 109
338 174
244 180
134 100
168 131
236 126
118 94
146 99
270 142
123 64
179 106
139 150
263 145
169 145
132 146
187 157
283 166
214 144
141 163
244 153
227 155
261 144
135 95
132 108
157 99
180 162
261 145
159 160
155 115
224 150
264 149
142 164
213 149
178 114
249 173
325 169
310 169
141 164
170 106
281 149
235 127
117 154
214 155
156 114
227 142
240 126
184 103
128 73
166 120
291 126
139 149
292 160
260 96
134 152
166 117
122 81
194 149
120 94
137 67
193 159
244 123
195 146
263 127
279 92
180 105
176 132
170 165
131 151
278 152
333 157
115 154
247 111
325 172
128 96
206 154
340 184
246 113
274 147
327 151
158 113
123 99
184 95
237 134
219 145
168 98
145 145
285 161
133 74
328 148
258 129
250 169
173 103
158 95
288 130
128 104
123 156
218 135
124 133
113 65
267 132
142 146
122 111
144 101
263 130
137 81
332 173
292 138
213 151
144 152
122 89
269 141
277 142
184 158
258 155
120 150
124 149
293 130
234 168
213 153
173 147
130 71
116 94
196 100
140 97
192 104
157 98
279 140
340 188
289 135
262 96
148 108
219 142
131 150
215 140
301 133
134 101
164 167
167 120
162 128
266 131
145 167
161 157
322 142
269 136
244 178
196 148
163 168
258 145
142 107
337 174
317 179
150 114
132 116
217 156
246 160
184 106
270 91
174 147
282 141
134 115
240 123
120 87
228 137
214 142
214 156
125 124
129 147
275 150
331 180
121 126
182 104
197 141
145 153
280 150
265 133
297 124
282 95
175 117
291 158
318 157
346 192
182 91
213 156
170 150
127 70
276 143
171 145
119 83
134 135
229 155
115 69
123 131
136 117
246 114
124 86
181 105
117 95
245 124
264 146
322 163
247 162
269 142
141 162
236 165
220 149
132 74
256 151
195 140
323 167
109 143
325 175
291 121
295 128
127 109
254 167
315 159
122 94
195 147
131 135
124 100
218 153
177 119
253 150
157 96
250 111
282 157
279 94
199 156
286 129
308 148
161 98
140 88
128 146
123 94
120 155
292 158
244 111
265 132
190 157
184 105
139 99
190 144
274 144
264 98
123 88
250 166
177 120
301 128
123 124
145 102
137 68
267 131
143 103
271 142
200 152
117 78
108 69
254 150
279 150
252 145
116 81
120 83
235 157
258 123
126 125
301 136
173 169
236 156
172 155
245 111
249 147
117 91
137 102
334 152
294 130
113 145
138 86
181 163
148 100
282 96
267 142
291 159
175 139
147 102
178 133
316 182
171 156
232 162
170 145
233 130
246 156
161 91
255 109
194 148
244 117
263 93
247 175
170 135
186 109
154 117
245 162
237 154
342 185
264 143
231 156
344 192
111 91
138 84
173 143
197 151
133 102
327 186
289 131
216 147
334 155
342 181
171 152
133 135
164 116
183 157
336 175
123 135
116 79
110 83
274 146
198 99
136 70
131 69
164 114
113 87
255 158
106 69
326 149
272 95
237 131
300 145
344 185
131 97
258 124
162 112
161 170
219 138
250 108
118 80
323 142
170 133
251 166
251 147
140 169
163 103
247 148
129 104
178 118
147 100
108 90
172 142
143 169
230 133
143 101
121 94
279 153
251 169
120 68
126 103
127 105
174 148
128 92
128 144
247 173
185 156
127 92
246 111
183 93
269 134
163 112
127 112
257 125
282 156
227 156
170 123
146 144
219 154
196 143
152 98
108 91
323 160
337 188
212 151
137 84
326 170
188 161
129 71
232 160
178 169
240 128
252 106
240 125
228 139
182 102
107 82
145 106
239 160
244 145
113 83
236 130
236 132
123 102
131 155
186 156
244 170
230 137
329 163
123 128
224 156
228 161
309 169
129 110
129 142
243 115
283 163
287 160
269 96
305 167
160 128
145 99
245 109
132 153
133 97
176 168
292 135
183 109
219 141
269 135
324 163
328 175
325 179
140 147
244 155
326 163
303 146
116 69
251 164
142 100
126 120
289 127
115 95
136 106
249 170
241 154
180 112
342 186
166 132
251 159
248 162
137 152
337 173
221 155
172 166
187 155
160 170
198 145
319 157
163 170
265 95
220 137
197 154
166 102
215 144
287 129
170 171
180 113
175 100
290 119
244 161
187 105
339 180
111 146
175 148
255 145
217 136
128 103
143 151
173 144
305 148
311 159
325 180
229 150
180 123
303 143
313 152
121 135
124 88
151 161
144 153
339 188
175 168
130 137
281 91
178 104
280 143
223 140
154 161
141 81
187 143
220 153
134 89
163 122
290 134
300 141
261 98
257 105
130 72
169 133
179 115
131 91
160 94
196 146
344 187
273 144
112 67
333 153
176 118
167 156
204 154
269 143
113 84
185 109
234 162
189 107
132 96
164 104
182 99
139 156
198 153
293 127
180 118
268 132
305 168
323 170
167 169
135 147
196 151
251 160
132 68
290 135
312 152
321 180
177 148
197 153
336 178
194 99
245 177
289 158
159 122
232 136
309 162
283 165
163 97
125 131
322 157
191 104
150 115
121 66
311 160
119 93
144 98
171 151
176 139
162 168
117 76
287 162
120 148
251 107
178 130
132 94
141 105
229 154
184 96
145 101
131 147
126 107
239 134
290 132
113 81
284 130
131 140
178 109
346 191
332 176
287 159
110 91
292 136
264 132
290 118
259 93
174 101
337 180
114 95
262 127
317 180
144 146
109 67
332 180
285 133
150 112
138 69
204 150
153 160
138 68
118 75
124 148
234 134
129 100
183 105
301 130
328 163
123 71
309 153
174 139
258 127
176 110
138 109
171 106
283 159
324 182
130 112
284 162
322 182
249 176
169 105
266 95
235 162
302 131
266 135
118 84
167 105
139 87
262 130
126 71
265 146
245 118
190 156
139 155
132 112
280 148
109 70
219 147
147 106
281 154
183 160
261 139
340 191
227 139
179 114
166 123
168 137
257 140
136 98
110 144
251 168
282 94
122 134
144 167
131 152
120 145
282 139
117 144
335 174
212 153
117 75
133 148
313 154
150 169
184 94
234 131
337 178
229 161
171 159
176 109
114 94
172 97
253 179
129 108
112 81
336 185
121 84
291 130
156 97
135 96
248 182
238 126
310 163
163 126
253 143
173 139
260 144
196 139
130 84
260 129
119 94
315 181
239 172
338 175
240 154
165 116
332 175
257 152
173 104
318 180
163 95
148 109
166 159
238 162
138 88
117 67
192 143
125 88
145 147
207 152
172 150
193 145
168 123
327 150
164 170
154 95
244 179
169 159
304 149
230 160
132 90
117 71
253 107
122 153
113 88
338 178
237 162
127 134
165 129
162 122
297 147
166 129
238 158
137 105
303 137
185 104
319 178
330 157
165 169
341 182
291 122
187 156
156 113
333 151
256 100
151 167
120 72
255 140
243 110
164 122
185 160
119 145
313 156
324 145
245 115
250 157
108 70
152 114
129 94
217 155
174 117
127 103
291 129
215 146
342 187
118 85
263 103
276 147
145 100
272 138
293 128
328 152
135 102
232 163
256 154
191 155
183 99
296 128
166 156
281 157
291 157
169 157
320 157
253 171
304 168
242 155
207 154
262 98
301 140
158 164
284 159
117 96
248 180
201 153
124 102
263 98
343 186
118 97
131 108
151 160
183 106
249 172
327 153
304 143
158 122
227 150
124 113
128 85
126 112
146 103
317 158
243 169
122 154
130 139
298 121
108 71
130 70
128 90
174 165
193 156
138 108
338 186
277 150
135 89
127 90
171 97
134 134
261 127
229 143
274 149
342 182
302 145
307 168
142 101
169 98
114 79
285 135
150 113
332 184
158 93
215 154
281 145
115 64
300 133
109 83
272 144
333 176
173 100
126 133
107 69
184 109
140 99
135 114
234 133
311 151
143 105
135 116
127 86
178 106
325 173
202 151
113 86
262 143
187 144
324 142
234 166
297 126
245 145
210 154
169 166
125 86
256 101
183 103
149 168
222 140
276 153
200 155
238 132
255 154
261 129
142 170
250 107
242 126
159 94
253 145
269 92
180 161
179 112
311 152
180 128
130 149
330 178
337 183
244 157
289 132
169 156
158 160
291 117
301 137
164 127
155 161
157 112
142 147
222 147
312 156
239 152
264 99
274 94
111 144
257 104
343 188
112 91
123 97
338 182
211 154
195 144
117 68
192 102
232 142
172 174
170 156
126 134
340 190
159 92
120 65
172 169
277 144
166 103
164 175
297 127
177 130
125 113
212 144
122 155
169 132
345 185
246 115
140 154
130 90
163 127
176 131
215 156
140 174
188 146
119 68
303 147
137 147
129 90
343 179
122 130
135 97
302 143
121 145
163 96
149 100
338 189
171 160
127 88
255 151
134 68
299 147
251 182
265 150
113 80
167 103
117 150
243 177
327 175
138 152
257 154
269 146
198 101
118 86
111 145
112 145
283 162
158 161
294 137
109 68
136 102
170 99
191 99
265 94
324 175
244 154
299 128
323 159
197 146
114 87
191 154
177 168
161 112
162 125
126 122
115 79
274 148
115 82
154 116
147 112
192 98
270 138
143 150
247 116
325 161
143 148
281 156
287 161
151 165
165 170
285 137
130 110
241 114
196 156
282 93
136 83
243 170
112 92
116 144
189 160
236 159
222 145
128 135
172 154
174 140
189 145
125 152
128 145
164 101
251 161
189 156
136 105
161 130
315 180
129 86
206 155
166 131
117 72
237 127
208 154
164 168
158 97
159 159
247 180
300 149
302 137
163 123
287 158
301 135
172 164
252 155
173 142
189 105
188 108
168 135
245 171
246 179
321 156
191 109
317 182
145 148
259 140
271 91
281 90
219 137
260 95
221 145
256 152
197 100
169 101
128 86
334 157
324 143
341 185
115 80
123 72
184 104
157 95
249 167
133 109
243 122
272 142
284 140
144 171
329 175
228 138
245 152
128 123
293 126
235 155
166 168
268 145
167 123
302 149
196 155
298 125
159 114
111 67
121 97
173 168
314 158
271 94
305 146
262 101
324 181
169 100
251 153
117 93
252 170
257 103
124 89
227 144
167 130
119 150
129 88
295 140
246 162
176 148
170 139
119 151
304 131
239 135
214 140
186 110
130 141
236 155
118 83
131 113
195 100
245 114
107 67
313 155
114 86
139 158
172 167
172 139
236 166
114 81
123 132
232 141
273 143
151 168
311 164
231 141
181 165
324 147
327 180
118 78
123 66
151 164
173 145
271 92
344 191
319 180
270 92
152 100
335 173
154 100
133 156
148 168
216 156
236 158
137 79
169 158
183 92
322 161
145 149
264 150
127 71
171 170
160 159
130 96
161 169
181 99
145 95
177 134
135 68
141 160
267 143
127 135
163 90
278 93
131 117
332 157
114 65
201 98
325 147
181 111
183 158
169 165
277 153
259 124
118 73
134 67
171 157
166 155
245 120
146 146
167 175
239 171
262 94
131 134
125 107
252 181
124 91
171 104
138 107
198 156
250 181
127 146
142 105
128 84
280 149
269 95
319 179
106 83
320 156
253 149
240 124
118 74
161 99
108 68
281 140
294 126
120 73
280 92
143 173
129 89
257 139
242 160
149 98
304 146
135 78
268 96
161 94
235 132
249 116
157 122
187 159
262 129
130 94
174 138
153 162
287 131
323 180
133 137
255 112
148 101
212 141
126 121
123 134
130 102
161 122
143 102
330 185
322 180
182 98
324 161
129 144
329 152
165 126
164 162
180 165
290 133
250 112
231 157
181 162
158 165
133 108
136 68
337 184
201 96
131 100
147 114
127 91
292 126
140 148
233 162
284 136
324 166
309 148
277 155
331 185
290 158
142 106
121 88
168 136
180 168
328 176
126 87
165 104
138 98
141 174
276 92
263 146
137 86
115 81
153 95
257 102
322 159
164 97
194 159
172 145
329 156
196 149
183 102
246 147
269 138
129 154
325 162
124 103
245 163
275 134
117 83
323 182
294 140
283 139
257 106
272 94
222 148
279 141
326 180
332 158
180 100
166 174
124 134
323 168
287 127
113 66
294 128
252 150
123 100
172 152
119 153
180 122
171 102
128 93
272 96
123 125
192 106
246 116
169 173
200 98
169 131
133 90
142 154
180 127
133 152
253 147
238 173
118 79
172 156
336 181
165 128
339 191
222 155
130 69
252 158
222 157
121 130
222 156
284 131
258 106
