165 111
187 125
74 174
56 180
177 162
121 159
64 178
212 138
72 147
165 114
103 115
174 104
117 124
78 180
131 122
89 181
134 110
164 37
181 106
163 132
132 126
129 124
156 73
141 157
60 185
138 66
170 117
89 153
137 101
173 168
126 61
136 66
63 178
142 106
192 140
119 159
163 114
183 136
115 158
66 145
192 163
84 158
91 142
135 57
182 139
211 179
223 182
149 43
226 182
53 184
129 106
115 157
67 135
199 145
132 115
160 69
99 170
119 163
90 150
166 141
149 111
132 49
74 157
123 163
182 97
152 45
167 115
166 106
119 168
114 151
154 43
81 191
177 144
182 106
176 99
112 146
126 58
160 93
79 133
79 142
214 163
180 109
163 111
84 155
137 116
119 125
119 148
132 95
136 68
59 136
115 153
146 77
160 102
89 178
73 154
101 117
175 104
179 125
90 156
102 145
218 141
115 120
99 176
76 158
115 53
62 191
133 106
179 134
152 99
107 144
77 163
196 141
93 145
55 193
148 82
174 148
58 189
178 134
81 171
148 73
63 116
68 127
187 173
176 127
224 171
79 168
131 51
170 95
104 125
204 137
188 155
62 125
163 126
116 159
78 179
145 85
91 147
131 45
107 143
89 151
156 60
184 166
175 165
136 129
164 104
216 172
147 55
152 43
63 156
174 176
169 172
149 58
78 172
149 50
211 181
96 170
159 70
72 191
73 194
64 197
78 186
137 115
222 145
184 102
158 60
120 140
161 135
127 127
173 122
152 70
145 112
94 178
145 88
133 114
101 136
137 93
193 138
172 170
57 197
154 72
196 139
145 115
62 121
226 184
176 107
147 74
150 47
221 153
55 190
136 104
178 173
137 122
130 46
172 171
121 134
137 105
134 126
143 157
215 140
156 58
57 185
139 120
151 32
203 137
153 93
203 139
58 191
63 137
137 57
176 101
154 71
55 183
182 153
111 123
77 142
177 166
117 125
223 154
220 152
114 139
140 166
143 74
90 185
127 162
136 47
82 172
159 100
80 149
221 142
101 165
86 136
209 170
131 57
74 175
77 178
115 56
190 175
90 143
148 86
85 194
146 151
67 139
155 63
181 164
61 123
171 101
184 164
166 131
158 63
93 159
167 140
216 142
164 125
60 137
104 112
73 152
121 160
138 123
133 86
117 147
73 198
94 180
144 106
125 159
73 129
147 71
139 59
138 60
79 160
104 123
126 62
217 175
74 191
170 142
208 178
100 170
172 116
181 153
173 149
91 149
198 143
103 112
187 102
169 121
144 157
171 119
62 145
167 106
132 128
153 65
177 157
181 167
209 179
191 143
155 60
189 138
136 54
172 123
124 51
73 153
126 137
98 177
182 138
157 109
66 155
123 137
185 167
146 109
155 89
136 49
60 180
145 53
145 153
101 145
179 138
213 177
65 117
149 33
70 146
112 152
175 169
142 157
143 71
139 166
144 53
169 108
146 81
160 110
56 189
175 133
218 143
97 177
124 57
173 115
197 136
182 148
148 71
162 132
86 177
74 178
118 141
159 73
92 139
152 60
184 153
87 177
141 152
71 179
103 139
214 136
172 143
107 124
181 104
162 112
158 46
160 107
113 166
125 58
76 188
133 63
156 57
142 168
149 51
65 179
151 36
87 181
81 168
158 112
57 183
96 137
185 164
117 128
172 140
114 136
85 198
190 174
138 55
133 93
54 194
135 45
183 124
107 126
56 188
218 179
136 57
165 105
93 157
137 64
186 158
136 115
223 142
119 164
188 150
216 166
69 196
58 190
202 145
65 192
217 165
150 60
61 180
118 169
116 133
154 109
105 169
65 132
114 157
100 167
191 161
183 137
168 35
180 141
124 163
68 130
78 182
159 94
168 133
222 175
154 99
167 142
137 61
130 50
222 183
105 145
194 164
101 140
164 134
127 123
147 59
132 96
82 179
133 110
141 162
166 102
67 127
142 153
148 33
186 152
184 171
120 163
105 167
211 177
147 87
173 172
115 169
161 51
146 112
122 120
138 118
181 168
136 111
65 115
147 86
107 123
148 72
89 179
191 135
109 126
121 138
83 160
187 177
161 47
57 195
165 125
137 87
82 181
99 136
139 122
63 139
172 144
137 121
220 178
200 136
114 123
154 45
161 39
152 46
221 175
77 133
119 141
148 151
119 121
223 181
101 120
157 64
69 157
73 156
188 102
142 104
157 73
173 111
156 94
113 145
120 121
143 107
185 155
126 128
149 49
114 56
152 111
66 117
176 120
177 141
178 153
156 46
138 77
150 75
94 179
180 136
114 148
209 177
213 141
64 121
131 87
133 107
183 165
186 120
67 150
80 143
175 134
98 169
114 149
117 133
148 113
153 61
139 57
69 134
114 134
95 174
63 145
133 128
89 152
158 72
177 131
76 147
204 150
80 162
178 158
179 122
148 159
69 132
91 143
149 53
185 175
141 70
166 123
147 160
168 114
204 138
168 95
151 46
153 91
177 106
128 53
214 152
83 135
83 196
76 143
74 132
176 130
196 134
162 35
86 135
143 53
190 138
62 178
180 176
190 176
185 152
168 121
129 136
135 164
87 153
184 176
142 71
160 51
122 159
128 105
129 165
65 133
138 57
105 143
167 141
62 136
186 153
86 196
83 200
122 55
65 136
154 70
137 118
143 60
126 49
187 104
80 137
162 127
158 108
57 180
136 127
191 134
130 122
203 133
73 192
131 56
170 131
88 146
178 109
219 160
207 172
80 168
71 192
80 178
177 173
168 102
145 111
68 139
138 119
176 168
153 92
62 134
183 110
172 112
177 138
222 181
139 87
80 169
121 130
139 76
126 135
174 123
179 100
159 46
85 174
157 90
151 89
160 111
167 131
175 173
225 181
72 192
168 130
171 141
158 94
70 147
85 135
178 100
187 178
178 108
143 161
87 195
96 179
91 140
144 109
90 142
137 67
144 152
80 177
102 137
214 141
214 137
171 109
134 49
134 164
173 152
171 122
84 156
79 150
167 37
61 179
174 174
144 63
182 137
153 111
176 152
184 170
178 123
159 91
141 166
156 87
146 161
121 131
102 118
102 121
170 94
106 125
135 88
201 136
84 162
208 172
160 42
59 186
66 138
128 132
78 191
138 107
165 112
163 124
182 103
181 96
147 149
176 161
220 151
169 122
176 106
217 142
129 64
102 138
113 136
95 164
97 170
89 143
109 127
80 160
130 114
136 105
154 61
150 37
163 135
145 56
196 135
180 150
116 147
220 142
170 122
223 180
87 155
167 114
194 130
221 160
146 110
221 147
176 165
116 172
192 159
172 147
78 131
137 86
72 198
159 105
184 165
61 185
85 158
97 179
118 121
170 103
84 178
121 167
129 62
129 50
136 109
117 140
211 162
181 142
91 178
88 181
130 109
147 72
140 70
212 141
164 137
161 48
142 65
76 178
102 178
113 151
177 136
146 149
59 193
166 94
63 125
207 176
151 38
75 149
195 138
145 59
181 99
98 137
144 81
178 133
187 124
138 165
89 154
134 128
216 160
74 190
202 148
91 152
69 149
68 148
118 139
165 131
141 153
96 138
163 62
150 71
130 104
171 111
144 158
100 176
112 123
157 99
172 97
157 74
143 86
148 160
130 49
141 66
183 100
64 126
174 175
218 160
61 137
201 144
222 185
215 141
91 150
65 196
80 195
122 137
64 118
171 114
64 128
170 101
178 142
215 177
86 151
191 142
184 124
168 112
73 130
150 105
74 154
113 55
120 172
65 178
97 180
164 101
170 98
188 151
72 144
103 145
162 36
133 64
146 72
140 104
130 165
209 174
84 136
112 145
58 187
132 116
128 127
221 145
178 106
120 142
79 162
64 157
173 101
84 182
73 179
78 188
80 159
213 136
128 61
75 157
63 140
93 185
223 171
182 172
114 147
106 164
177 130
77 189
218 146
115 159
73 132
161 111
225 182
137 89
186 151
165 115
122 58
129 114
96 174
136 126
104 146
150 73
147 158
176 167
126 60
146 88
132 94
172 117
153 49
151 87
179 176
87 154
102 111
73 133
128 110
160 40
220 153
153 44
93 142
181 138
133 62
186 161
164 97
187 179
111 55
140 154
151 30
167 129
163 36
152 104
152 40
201 137
215 174
146 84
55 194
176 124
142 167
81 135
145 60
72 178
212 135
168 37
97 164
137 113
178 146
211 135
64 119
179 143
172 122
162 39
145 62
206 137
163 129
84 159
93 156
186 171
85 157
165 102
101 138
163 63
182 149
191 148
134 99
172 99
180 165
135 103
140 155
143 160
107 125
191 138
79 166
132 90
160 134
147 88
146 116
94 137
126 127
102 119
187 161
171 148
210 162
117 136
178 110
129 108
176 100
123 133
150 102
120 143
70 177
154 65
127 128
147 84
164 112
102 176
218 145
184 168
178 124
165 141
185 153
57 184
77 192
192 131
133 126
59 188
139 165
173 151
103 166
216 175
129 63
174 144
180 174
176 163
101 175
106 123
184 154
192 157
193 140
167 102
222 184
103 111
186 164
154 40
84 161
181 136
128 165
176 132
79 143
159 102
135 52
218 150
79 191
182 158
56 190
176 142
178 165
171 102
216 171
180 123
160 100
66 120
105 176
147 56
105 144
70 158
211 138
183 107
135 108
171 98
151 91
157 95
101 135
119 126
117 127
82 131
64 135
105 141
172 98
125 160
181 152
192 161
177 100
134 108
131 88
166 36
76 181
191 149
90 154
65 135
126 133
149 86
93 160
208 137
72 197
158 105
127 132
134 64
102 140
152 35
140 73
114 166
178 140
167 137
82 168
161 40
70 159
168 122
140 115
170 111
113 123
175 105
178 137
183 105
121 135
66 143
181 141
78 151
80 181
120 148
221 155
80 182
193 161
101 139
65 148
142 70
120 141
166 124
158 90
81 132
168 136
128 136
191 159
100 111
175 101
78 150
173 110
132 114
65 177
166 122
148 111
143 66
140 105
118 173
218 140
153 66
62 139
96 175
173 148
188 154
191 157
170 170
216 141
147 159
224 176
214 151
118 128
168 115
177 153
80 176
93 138
172 101
161 49
71 132
171 95
90 187
142 76
209 138
114 120
119 127
153 50
147 32
146 162
194 133
188 179
140 76
134 121
77 159
145 80
219 150
138 75
100 119
132 89
77 164
182 159
153 72
129 105
114 153
215 158
105 142
146 75
142 152
120 159
145 164
82 180
151 43
174 172
78 160
160 50
99 137
222 156
157 96
162 94
167 110
150 40
159 68
127 49
170 139
195 133
164 102
79 149
157 65
221 158
160 46
181 166
87 134
139 112
138 162
101 116
133 58
79 171
121 137
52 184
162 37
193 134
74 131
113 139
103 178
136 124
130 45
195 139
200 144
81 137
144 75
78 142
181 123
150 43
152 113
183 106
65 194
63 192
93 186
76 142
215 176
192 162
144 115
100 112
142 75
73 147
90 148
172 139
102 136
151 31
115 57
128 164
216 176
218 169
180 146
121 173
65 121
185 124
122 139
190 134
139 53
152 59
129 126
68 132
88 143
118 165
75 190
153 112
62 196
146 74
113 138
67 149
80 133
115 126
64 117
175 167
65 191
74 129
178 98
131 92
120 168
79 145
64 198
171 143
142 53
132 97
64 129
193 150
198 136
151 101
71 157
138 164
83 178
138 65
145 84
122 56
146 89
83 183
213 135
66 121
193 131
209 139
82 171
166 125
129 47
187 158
184 121
65 139
194 159
181 107
73 158
96 171
170 171
66 139
127 136
128 56
158 111
70 181
128 126
168 171
186 119
115 154
151 104
89 144
161 126
179 133
124 138
158 109
138 115
204 134
194 128
139 163
71 194
163 127
144 112
90 181
139 70
75 178
174 112
196 163
216 159
82 191
143 75
172 108
216 167
143 78
60 179
138 112
217 149
62 123
132 92
104 166
150 46
122 164
92 185
175 144
166 121
158 110
130 47
158 70
209 175
100 140
199 144
166 115
159 99
117 56
160 135
114 167
180 100
67 117
193 159
177 159
177 107
63 138
141 168
114 135
101 114
96 164
130 95
91 185
128 135
177 160
182 174
141 155
186 139
96 172
71 133
183 159
147 83
94 181
153 40
199 143
135 86
134 106
83 171
69 195
137 163
168 98
131 62
135 99
145 116
182 121
84 198
81 140
143 169
137 90
173 123
118 168
218 149
90 188
216 149
171 145
182 110
150 74
57 193
139 58
206 174
90 153
189 149
103 146
150 41
71 134
75 152
138 106
116 168
82 160
142 73
219 174
214 153
155 73
184 156
152 101
182 175
219 145
115 155
169 98
65 131
78 132
164 61
161 64
136 103
83 179
90 184
64 192
58 193
135 63
94 144
61 135
78 164
62 137
135 106
156 70
209 176
123 162
69 147
97 137
83 195
184 175
212 179
221 157
112 149
121 126
216 173
124 134
150 48
90 155
60 194
132 93
116 136
151 33
168 137
151 73
181 100
148 52
94 160
178 176
175 106
113 143
165 113
56 183
118 136
68 157
212 162
160 43
126 59
219 173
62 141
132 48
98 176
159 45
220 175
133 166
119 169
151 60
152 44
221 169
121 166
76 149
67 137
65 147
169 37
163 128
78 171
164 133
126 134
172 145
60 181
92 138
140 123
208 136
155 45
140 163
114 140
203 148
90 186
135 128
94 138
132 91
153 46
161 107
139 119
167 143
78 144
148 74
79 182
137 112
186 138
159 69
147 151
155 70
150 38
182 100
118 137
106 143
103 168
167 109
175 174
109 144
129 107
119 119
196 136
131 166
105 177
172 111
161 94
126 47
220 179
208 140
223 174
103 122
113 150
162 114
132 87
127 130
142 64
60 184
132 166
213 138
119 122
177 156
53 194
219 142
156 95
68 196
116 137
64 127
89 177
150 31
156 99
71 196
61 196
135 55
168 132
64 180
62 118
184 158
120 56
210 179
176 141
170 96
74 153
173 144
173 171
176 126
88 179
85 177
224 172
116 153
103 165
151 49
160 109
174 173
67 192
68 135
73 155
223 156
61 127
192 156
148 60
126 136
135 51
168 36
194 138
179 124
172 168
176 164
121 132
179 123
75 158
116 126
167 130
181 139
207 137
103 177
80 161
79 178
128 55
129 53
63 141
164 132
209 163
140 74
90 140
159 108
80 165
88 180
204 133
144 66
211 140
220 158
72 158
179 152
86 150
64 130
84 157
155 97
64 145
152 72
63 121
78 181
121 139
178 104
218 147
178 135
61 128
66 156
93 158
181 105
115 144
164 135
71 130
135 49
202 138
142 77
141 158
192 138
184 172
136 163
75 182
98 168
81 138
75 144
221 178
65 134
131 95
175 123
77 161
56 194
150 111
206 136
149 59
222 142
219 171
62 130
76 182
156 41
73 178
145 158
127 62
162 93
157 70
72 132
183 172
141 60
220 150
60 193
169 130
178 141
194 131
151 41
60 138
140 59
89 146
207 134
85 196
59 180
206 134
138 163
70 191
65 193
155 94
147 51
193 163
156 59
144 56
222 144
144 153
224 181
158 95
100 145
187 148
159 92
65 157
100 175
141 76
209 162
176 153
137 123
182 165
109 125
154 94
123 58
156 100
114 54
135 50
103 113
186 124
64 196
125 161
63 135
147 85
138 105
65 150
130 56
54 183
100 168
220 159
212 177
191 141
138 69
167 98
136 121
166 110
143 77
154 114
75 181
86 178
151 88
135 64
135 97
116 169
158 98
183 125
93 148
167 105
130 48
179 101
133 97
172 125
140 122
78 146
129 56
169 111
160 103
144 64
118 147
171 96
110 123
205 140
116 127
149 110
114 121
169 107
133 105
72 130
148 110
171 129
146 59
60 195
63 124
114 138
188 136
136 100
115 123
65 156
94 161
120 125
87 152
160 44
80 148
151 86
155 99
184 103
185 158
176 156
125 51
64 136
146 85
133 57
114 55
160 47
170 102
208 163
58 192
148 150
98 162
219 172
149 73
121 161
151 105
127 56
142 102
132 62
68 149
184 155
117 170
79 190
88 177
66 125
224 173
168 134
197 138
137 111
218 170
222 155
128 54
57 190
52 194
144 107
69 135
151 34
106 167
223 176
191 140
58 183
138 120
222 179
91 182
102 165
179 165
182 150
171 142
165 97
67 120
152 65
120 137
223 175
102 177
66 196
221 159
110 124
70 134
182 123
176 151
109 145
154 62
115 136
81 143
187 155
142 78
159 93
84 160
151 111
190 149
135 85
118 159
166 37
54 184
104 176
177 158
131 126
60 182
128 125
176 160
169 143
181 109
114 145
127 50
135 115
207 163
147 82
124 133
137 88
137 100
61 134
144 162
81 195
157 63
135 53
152 49
171 147
63 130
206 140
79 170
148 112
186 159
207 174
78 143
116 140
177 108
169 135
160 39
185 121
77 152
142 105
174 134
144 151
155 88
113 140
145 110
79 167
205 149
143 167
78 178
84 196
72 194
95 159
141 163
163 61
65 143
66 126
130 92
61 194
146 153
191 158
165 94
210 138
62 122
101 115
103 121
120 134
120 158
90 152
143 164
121 121
202 133
140 157
187 171
94 143
105 124
162 113
181 121
90 151
182 157
176 121
74 176
205 138
80 191
67 193
142 166
160 63
169 110
116 155
139 60
172 109
130 91
145 162
150 33
131 49
100 120
105 168
152 58
216 158
164 136
181 110
120 122
154 91
132 106
103 118
177 104
138 100
169 137
172 130
67 156
190 173
68 131
167 111
147 116
79 164
157 91
65 190
202 137
213 163
71 178
167 132
81 164
117 123
129 109
71 177
154 100
205 139
179 121
73 157
191 132
92 145
70 193
173 150
119 56
144 110
76 133
127 122
153 47
71 147
120 167
115 147
101 167
82 195
197 137
113 152
100 166
71 191
172 113
151 103
178 145
130 132
105 164
187 151
138 108
220 170
59 184
208 173
100 146
148 55
132 107
104 145
59 185
108 124
221 177
73 191
78 165
96 163
78 145
217 159
152 98
224 185
128 137
139 105
78 184
141 58
219 159
65 145
181 108
72 146
133 125
220 145
170 116
120 147
176 155
219 179
90 182
143 108
150 39
159 90
83 136
188 157
99 175
81 165
209 171
83 168
78 133
125 137
91 145
180 138
56 197
119 136
136 97
180 121
134 116
178 139
224 157
81 136
102 117
81 141
95 137
88 134
169 138
60 127
146 82
69 179
86 176
96 178
97 165
66 137
76 159
164 123
82 136
177 123
146 52
136 45
189 137
121 163
162 130
148 54
112 122
221 144
85 176
81 160
180 173
85 172
77 172
136 122
101 111
202 146
172 142
133 89
136 164
81 142
119 120
80 196
86 134
135 56
147 60
170 143
63 196
161 129
130 167
136 48
54 193
83 194
69 181
172 107
193 133
151 35
160 126
185 102
90 149
218 175
117 148
65 149
170 118
75 191
70 148
96 176
78 162
218 148
115 142
90 178
157 60
60 136
79 151
187 101
78 185
102 116
170 130
129 113
148 114
134 57
80 163
178 143
117 165
191 160
117 141
101 119
84 171
67 126
160 45
79 169
59 182
152 100
125 50
134 103
73 173
215 138
78 196
92 184
153 94
136 93
58 180
151 90
161 127
221 154
126 161
61 177
186 157
157 40
204 132
70 157
117 166
204 139
162 135
85 152
155 98
184 167
129 110
125 47
225 184
185 104
92 152
110 125
178 121
75 150
185 165
138 122
216 161
117 172
126 163
76 146
70 178
108 144
157 88
155 72
131 105
170 114
74 130
169 173
114 146
122 166
181 97
71 197
188 153
221 156
180 140
117 139
102 142
198 144
93 143
161 41
168 111
203 134
60 135
86 195
190 148
77 160
177 129
161 50
187 164
69 180
126 125
85 155
164 94
119 172
217 160
78 149
188 161
203 136
208 171
173 169
176 131
143 168
84 197
122 135
156 42
129 132
137 58
175 124
205 136
128 160
91 146
207 175
183 102
65 144
65 130
198 141
119 130
136 86
127 131
190 156
136 110
77 151
74 143
138 76
115 140
196 133
147 161
185 137
76 189
209 180
164 114
136 108
172 124
100 164
123 56
137 92
114 52
177 121
209 172
130 105
145 163
118 138
178 136
164 122
152 61
144 74
223 184
63 191
183 97
186 155
151 44
144 61
180 106
114 144
71 195
165 123
85 199
160 41
155 109
117 126
63 119
81 133
115 134
117 169
109 124
66 157
179 146
121 136
178 99
137 53
169 171
202 147
163 97
158 73
136 125
134 166
65 146
183 126
176 123
97 163
176 133
70 196
171 139
140 57
161 133
114 53
169 109
66 135
177 122
112 150
116 128
91 139
142 103
67 157
139 66
211 141
149 54
99 138
89 145
92 144
144 60
167 107
103 114
153 114
123 161
104 121
105 165
146 53
177 176
124 139
154 88
81 182
98 175
134 97
142 163
127 47
136 51
96 177
189 150
120 57
136 123
175 148
92 140
160 106
80 194
162 107
218 142
84 154
100 165
79 189
224 174
66 150
74 128
136 98
111 122
113 137
171 138
116 167
187 105
177 168
157 87
111 145
105 146
159 41
65 195
143 163
133 115
140 75
176 144
98 114
209 173
117 159
159 50
204 148
176 173
125 133
132 57
153 70
168 116
216 162
215 163
62 177
181 173
221 170
172 114
171 130
117 171
123 120
186 102
80 166
140 86
165 132
66 189
179 102
157 46
145 81
138 67
119 129
129 123
169 139
64 177
221 143
128 163
144 84
187 136
183 166
85 171
224 156
162 129
147 150
68 133
135 87
161 38
175 168
162 111
102 164
162 133
63 142
198 135
193 156
127 61
163 92
116 120
223 172
136 46
143 105
94 159
174 103
114 152
136 102
154 60
138 87
152 73
74 189
141 53
150 35
115 156
66 130
218 139
141 65
146 80
78 192
214 138
174 111
156 65
83 198
115 143
117 143
72 157
91 148
177 165
166 114
166 96
135 124
160 108
66 134
93 147
58 188
137 120
153 110
136 55
145 77
82 132
67 132
185 120
127 161
137 117
72 135
168 135
177 167
176 145
121 57
216 165
168 99
99 114
170 109
150 36
75 146
70 145
80 164
115 133
165 37
92 155
157 41
99 135
197 140
216 174
105 166
179 106
92 183
132 127
131 106
173 170
187 139
208 139
75 189
172 115
137 48
162 122
196 162
152 41
148 81
179 153
216 163
147 89
64 139
85 200
137 108
60 174
102 139
143 79
74 172
175 161
163 93
114 122
219 175
183 153
130 166
101 121
62 117
127 124
189 157
187 174
82 182
86 155
163 122
118 148
118 164
115 166
125 45
181 150
148 51
135 93
103 175
127 125
100 114
172 121
214 134
195 163
81 134
122 163
128 49
186 104
144 77
52 195
85 173
184 157
134 122
118 142
137 69
87 146
168 142
131 114
169 134
137 65
71 146
175 143
221 176
163 115
145 75
74 173
64 125
155 74
63 143
144 65
157 89
184 97
160 94
188 177
183 158
197 139
103 123
159 63
187 122
181 165
144 55
123 164
186 137
134 93
148 53
187 123
76 145
60 126
75 148
198 142
99 168
142 66
92 143
63 117
156 109
108 145
84 200
214 177
82 165
88 153
75 151
216 151
190 157
216 169
183 168
73 148
163 60
189 174
128 51
142 74
174 170
205 150
101 144
167 122
72 199
146 159
122 121
56 181
84 183
162 131
140 66
143 162
173 147
75 147
98 170
140 103
127 121
147 110
62 124
138 92
170 119
181 151
64 116
160 112
77 182
216 168
170 173
129 57
172 150
148 115
186 160
79 196
150 72
210 180
102 141
179 140
65 116
161 43
174 102
156 45
154 113
154 111
168 173
184 169
130 126
172 152
136 113
187 172
171 120
116 143
150 49
151 102
129 122
114 150
90 141
180 153
154 73
210 177
56 185
222 178
193 135
112 55
135 121
116 123
103 167
122 161
57 194
158 41
172 100
156 96
85 178
60 175
164 36
139 115
134 165
141 103
136 88
177 137
176 129
80 192
115 121
136 67
130 168
140 87
171 121
146 71
182 136
144 108
167 95
163 123
127 133
168 103
210 181
189 136
217 150
66 132
188 139
94 182
134 115
63 120
126 132
86 152
151 47
205 148
117 149
162 121
144 79
118 172
60 176
194 129
65 180
78 177
120 123
130 51
140 156
206 135
167 96
138 68
120 173
217 169
101 143
59 187
162 38
105 175
176 125
180 175
221 146
224 184
120 126
75 177
188 175
124 161
175 151
217 151
56 179
147 53
169 95
187 121
141 86
152 91
125 49
76 192
194 139
188 174
146 56
69 178
80 171
76 152
171 150
128 52
116 157
167 108
223 155
199 137
194 163
135 107
163 38
215 151
57 196
124 137
155 62
213 134
134 87
138 70
81 144
93 182
80 150
142 60
153 100
83 154
227 184
147 113
120 124
151 50
138 64
116 121
129 61
136 69
223 183
192 132
127 164
61 122
183 104
152 42
114 143
142 72
160 104
155 90
102 143
110 145
85 175
145 151
150 86
75 176
135 101
174 101
112 166
98 164
136 128
161 63
186 136
85 195
136 53
170 97
201 145
65 125
104 116
93 179
79 132
199 136
132 88
172 146
136 99
85 136
208 174
160 105
176 154
88 178
74 152
209 137
134 109
151 106
166 112
125 44
58 182
64 138
62 126
104 124
72 134
183 103
60 177
76 144
129 125
120 130
127 135
215 139
127 57
124 58
167 38
158 59
127 129
116 56
188 176
82 139
79 161
100 135
182 124
58 185
184 137
193 162
136 101
124 158
194 132
84 195
144 62
194 140
187 103
73 189
154 44
176 162
222 180
130 108
127 163
106 142
116 132
160 101
219 170
104 143
95 178
92 148
204 136
128 161
133 87
171 171
209 178
136 165
216 164
74 148
172 141
187 157
75 143
174 151
137 114
65 189
122 158
99 164
153 113
167 171
143 153
155 96
177 133
165 103
188 149
154 90
67 196
181 98
152 90
121 133
98 163
125 48
64 137
92 156
178 144
156 62
64 143
157 62
58 195
85 162
177 128
173 142
173 113
182 140
158 99
141 154
212 163
145 54
61 195
138 53
165 96
160 91
119 128
165 106
116 166
192 149
125 46
105 125
166 126
166 143
195 159
63 129
188 148
79 144
169 103
153 109
178 138
134 89
192 150
192 135
120 136
102 175
138 56
78 187
149 60
183 155
137 85
166 111
83 182
61 126
184 159
129 52
96 173
66 193
91 155
162 63
169 142
130 62
86 157
158 71
162 59
123 158
138 61
143 106
66 194
141 59
174 168
71 193
215 167
60 178
103 116
95 182
185 171
78 183
126 126
101 110
144 80
128 50
204 135
80 193
168 172
92 182
64 156
164 93
118 143
76 132
104 177
78 189
146 158
155 65
164 126
122 57
147 33
81 139
118 56
163 59
182 173
69 148
140 53
177 105
142 86
72 145
165 104
173 112
118 120
147 115
171 116
183 175
137 56
187 120
136 64
171 107
197 141
109 143
