169 122
210 99
153 162
255 67
265 153
245 80
251 72
239 196
161 49
236 202
210 116
266 62
159 75
186 148
212 101
282 122
162 145
263 120
265 157
173 130
217 111
267 98
229 100
288 197
275 123
261 100
157 67
160 63
234 119
263 123
239 201
246 133
191 97
268 97
208 168
167 124
240 201
159 92
171 110
234 118
272 145
196 123
315 140
260 181
254 131
248 172
218 98
277 204
314 136
197 129
276 114
275 105
180 125
282 103
167 148
160 69
238 179
319 134
160 74
222 109
252 193
284 121
327 130
225 180
208 166
211 88
266 198
165 50
179 133
210 166
276 113
158 151
244 159
292 112
246 113
254 83
285 199
245 113
218 177
270 147
248 97
265 149
165 139
278 132
279 199
283 195
201 107
261 64
191 80
207 119
209 84
175 129
205 173
213 112
256 164
266 132
159 71
164 103
189 98
265 158
170 122
311 140
226 183
190 128
239 195
283 109
210 91
230 89
256 149
218 173
160 57
214 122
248 202
211 120
261 87
277 110
187 130
185 96
241 81
227 166
283 200
220 112
285 116
254 69
246 169
219 173
219 99
276 135
183 91
265 63
265 202
262 66
295 133
248 176
239 176
161 57
243 138
267 194
173 114
243 116
193 124
233 110
234 111
232 93
243 97
175 119
316 137
259 181
219 87
274 139
246 168
165 138
237 81
269 196
181 124
170 110
280 127
230 121
291 125
269 139
263 203
320 132
328 130
243 175
175 109
162 115
182 127
225 169
259 162
182 135
249 190
227 85
265 155
225 168
163 105
164 146
267 132
206 169
179 103
261 163
321 133
158 67
222 87
238 178
284 109
165 137
157 88
303 137
254 188
189 80
258 202
249 89
168 112
260 163
233 90
229 93
280 120
252 89
246 166
284 113
320 136
150 159
244 84
183 81
232 176
233 118
185 81
250 190
193 81
181 146
218 174
255 190
168 138
171 95
198 92
282 106
250 133
252 103
190 129
158 49
244 79
238 84
204 123
150 160
254 84
220 110
253 88
157 84
334 130
214 111
219 102
242 140
323 129
312 139
331 125
264 84
286 111
170 132
207 90
226 84
282 117
217 100
270 134
311 135
184 89
247 172
279 201
267 59
200 130
173 129
216 117
263 118
288 110
268 133
157 143
163 101
253 170
175 128
210 114
212 100
262 96
250 169
168 129
334 128
263 160
216 167
205 130
225 90
264 158
228 177
251 186
242 113
327 129
156 67
244 119
289 113
265 78
226 174
168 122
167 111
251 133
263 201
180 124
211 114
184 90
154 156
256 132
248 96
276 203
180 144
189 120
187 104
255 149
163 154
253 72
254 183
246 114
163 96
156 79
331 128
174 128
228 186
282 104
235 90
196 121
253 134
274 121
243 210
258 163
279 200
213 122
156 82
228 180
212 112
265 101
185 91
296 133
154 157
246 87
266 207
167 45
158 155
269 203
171 114
251 145
250 77
153 79
259 146
271 112
236 118
159 72
238 107
254 198
253 209
242 128
225 178
208 96
162 53
242 131
253 166
187 95
242 141
303 130
315 133
282 118
264 66
258 147
262 149
266 199
264 103
253 103
222 173
242 137
162 59
160 146
243 127
186 129
248 98
158 66
170 121
226 177
255 196
255 135
273 121
254 182
244 120
165 92
169 131
270 109
214 116
173 116
237 195
284 192
251 184
319 130
199 137
249 110
223 91
209 93
226 182
276 118
233 120
270 81
248 108
165 141
185 130
161 145
203 117
168 103
255 165
332 126
267 195
237 91
254 94
190 83
165 108
302 132
254 152
255 66
261 85
282 111
227 180
179 135
165 136
221 174
274 102
236 114
192 82
219 179
270 205
272 137
189 103
290 128
232 88
254 85
157 66
227 92
228 166
271 203
271 193
161 75
242 136
218 97
221 169
248 67
275 132
206 113
270 128
279 198
253 104
242 124
222 171
261 148
209 87
285 111
223 81
158 86
274 101
233 117
199 130
201 87
189 101
202 119
241 207
173 117
242 177
276 132
188 92
245 176
163 115
255 167
253 71
247 101
228 170
176 102
159 81
251 202
264 104
247 113
260 146
213 167
177 113
270 62
216 95
249 133
186 103
264 121
263 136
239 177
269 98
241 211
166 130
222 176
270 63
201 88
323 131
273 122
169 120
267 124
319 136
250 197
320 133
274 138
270 144
236 91
161 92
199 135
294 131
158 85
195 125
284 114
320 128
269 197
238 83
158 82
170 117
241 99
248 79
175 113
204 126
239 121
162 96
291 128
163 109
275 122
266 123
168 147
270 83
245 173
249 193
175 94
168 97
252 190
243 135
187 125
334 134
157 86
239 82
182 93
254 136
281 117
167 46
176 130
277 202
254 165
270 193
263 117
278 131
293 133
191 127
258 139
242 210
256 147
247 97
209 98
224 181
187 91
272 138
218 86
265 80
245 94
161 51
309 134
167 140
270 105
266 121
253 68
269 206
235 118
170 130
190 119
175 86
236 195
251 68
252 94
278 110
260 116
261 101
224 91
168 127
218 117
256 135
251 143
175 89
184 103
225 181
277 201
266 150
239 198
275 108
234 105
336 130
251 196
180 132
212 120
260 117
257 137
180 103
226 105
252 101
204 89
161 52
241 194
242 209
206 117
247 175
228 171
230 166
222 167
185 145
220 100
253 130
183 103
269 112
228 106
322 131
259 141
283 194
161 152
188 94
257 136
225 91
201 122
263 132
185 79
260 141
153 160
227 183
267 133
266 128
247 204
268 137
232 168
162 92
242 166
282 107
270 98
248 114
254 132
263 100
241 78
331 131
256 67
278 130
285 129
249 166
185 95
242 82
186 83
273 101
256 165
238 203
240 107
247 94
270 106
281 118
318 140
166 113
263 121
200 126
281 105
252 186
259 139
269 133
212 117
175 93
231 84
203 122
182 80
277 107
244 177
288 198
241 139
261 140
263 95
265 122
155 82
229 166
190 92
167 125
307 137
183 129
258 88
258 162
251 74
244 130
218 179
267 103
274 117
235 119
184 125
154 158
168 136
235 112
249 182
259 203
269 195
242 139
261 162
191 95
239 89
226 106
177 85
204 99
250 203
274 122
207 112
254 98
238 81
265 89
268 112
152 162
252 184
223 84
161 61
238 108
185 146
247 168
162 55
183 83
256 177
245 121
187 131
272 195
239 90
232 175
199 88
281 121
250 142
251 203
162 48
228 98
251 76
272 101
174 148
219 108
177 148
257 177
248 86
185 83
272 93
254 104
187 129
256 182
255 91
258 182
199 134
251 170
208 116
221 104
256 179
258 203
312 135
159 74
249 179
226 167
323 130
253 133
200 131
268 92
265 81
222 108
271 146
178 93
227 170
187 100
301 142
158 79
250 113
240 87
262 116
210 92
222 166
208 99
160 75
283 113
158 83
263 103
256 201
228 90
198 89
195 126
209 92
169 130
191 124
244 167
245 131
286 192
219 107
208 172
163 52
263 209
266 98
292 131
266 77
251 99
215 117
254 97
239 206
173 108
277 203
217 117
183 84
258 86
154 164
251 103
215 111
247 92
182 125
251 97
181 80
199 87
253 145
293 130
241 113
280 128
333 128
268 125
282 126
257 149
188 102
167 44
272 140
257 139
254 71
168 130
256 68
179 134
259 116
245 174
285 198
252 147
264 136
264 207
307 138
319 128
254 91
203 126
266 104
178 146
251 190
267 208
267 82
240 196
183 145
166 146
196 129
210 121
283 131
305 137
185 78
279 193
283 196
256 153
268 131
223 181
254 209
252 207
267 138
263 202
254 88
251 167
154 163
220 102
260 140
275 103
272 111
219 104
181 150
249 173
210 98
243 84
228 102
212 119
243 209
264 91
159 106
172 131
246 94
263 124
219 117
189 83
191 125
170 133
187 85
188 97
168 105
322 133
240 175
256 208
275 193
242 126
248 64
243 139
182 128
284 130
262 117
166 104
270 139
161 58
267 83
249 108
187 92
214 165
191 83
224 88
247 203
208 85
300 140
238 111
265 79
263 87
242 119
252 133
278 193
178 143
216 103
298 134
288 116
223 82
285 130
202 126
163 59
214 118
249 178
209 129
178 85
218 94
267 137
174 132
251 201
256 139
283 111
324 132
316 140
269 109
183 130
302 131
202 88
322 128
248 65
271 98
263 101
252 185
272 98
248 168
208 127
159 76
284 198
173 128
178 109
184 144
204 127
241 115
265 88
266 99
233 173
181 135
169 132
250 109
286 116
258 68
162 51
311 141
170 120
271 108
177 86
206 173
158 149
166 103
250 88
194 122
149 157
164 48
222 169
285 112
283 114
254 167
215 167
267 210
161 154
208 100
190 126
246 80
161 60
251 94
228 91
225 179
190 80
163 106
281 111
249 206
286 115
203 120
262 159
278 194
180 97
270 130
264 65
263 149
226 92
237 110
280 122
255 130
277 192
185 101
283 129
215 95
160 98
157 147
203 89
248 66
266 131
254 190
299 139
163 155
253 189
295 134
247 95
251 79
220 174
256 152
207 174
228 97
243 208
267 64
269 113
248 197
157 79
174 94
206 168
281 119
177 117
167 110
278 202
235 120
204 174
331 127
319 133
248 101
165 148
232 91
257 87
264 94
246 175
223 86
186 86
221 101
180 123
176 113
242 125
228 100
242 114
261 138
165 112
262 97
243 85
213 100
232 167
159 94
202 106
299 134
235 179
209 88
203 121
157 144
229 175
238 194
251 144
276 112
283 116
247 98
205 171
248 113
271 192
216 100
231 174
273 104
247 77
289 114
247 197
220 104
281 116
266 91
273 98
261 141
267 136
334 133
168 139
183 146
172 130
266 152
228 164
218 175
255 87
291 110
208 114
209 121
224 182
239 199
211 117
169 119
188 80
240 131
288 190
309 139
212 166
185 94
185 102
220 88
205 99
191 123
212 168
186 85
252 97
259 163
270 107
211 112
228 84
202 123
318 137
177 133
223 85
195 122
263 131
273 145
199 89
217 87
242 117
310 135
164 92
256 200
284 111
165 51
167 126
232 109
287 192
227 97
262 145
160 49
288 193
231 166
228 101
231 176
252 194
278 118
247 103
274 120
235 91
332 127
170 146
233 104
163 48
251 100
245 100
232 177
266 105
173 113
275 117
266 156
285 131
184 143
220 167
163 111
216 111
290 127
303 131
218 167
217 178
315 139
175 147
174 129
208 126
229 94
265 66
266 61
199 126
264 120
200 127
161 153
289 115
158 143
174 134
272 63
282 114
251 134
181 81
258 101
176 119
224 105
173 147
264 202
153 80
162 146
255 71
205 104
250 167
243 159
223 94
250 108
268 130
163 114
244 205
204 117
334 131
224 84
229 101
255 133
276 194
193 123
269 138
252 88
209 95
160 94
241 193
260 145
262 148
219 112
179 93
262 147
255 166
217 177
253 196
263 93
261 66
176 131
242 84
306 137
239 200
166 148
253 143
242 81
253 169
217 97
271 64
330 130
226 86
218 88
256 209
205 127
278 195
267 91
290 110
257 204
201 108
268 135
190 120
233 109
156 90
159 79
228 104
205 128
250 76
334 132
181 126
156 92
240 198
252 187
256 205
271 195
300 133
262 144
159 105
159 83
209 96
234 197
266 60
227 176
203 88
188 127
279 130
241 198
321 130
224 104
185 88
208 167
165 144
171 125
263 158
269 130
214 170
175 88
170 137
275 136
248 94
169 100
279 129
242 118
241 79
243 81
202 104
165 146
253 92
255 94
268 98
266 66
235 111
252 91
286 129
172 96
166 140
239 205
272 107
287 126
258 140
228 88
184 78
256 87
206 170
255 69
265 154
235 195
152 161
276 117
235 116
236 194
228 184
188 90
263 86
243 113
291 116
201 105
262 94
246 206
169 99
206 90
206 104
208 117
219 178
257 101
170 138
242 212
209 172
205 112
265 77
192 121
232 179
260 164
216 166
229 84
215 122
204 103
260 159
207 120
244 113
280 123
192 126
263 159
265 128
243 164
288 191
271 144
254 207
157 146
244 165
334 129
165 131
319 135
202 103
249 165
252 76
241 176
164 113
186 127
282 101
164 47
249 172
225 107
242 130
207 170
204 106
288 126
245 168
172 113
165 129
259 99
283 197
233 116
162 49
190 96
212 99
222 165
210 90
181 144
180 93
283 110
251 84
230 103
250 172
266 124
175 108
283 108
325 129
238 205
331 129
261 68
264 62
282 131
219 103
283 130
261 67
198 137
214 97
247 99
302 133
315 131
243 93
167 113
286 127
178 144
221 173
163 145
314 133
255 104
192 120
229 117
265 92
151 161
171 149
238 109
184 94
263 88
320 131
207 113
252 195
275 133
185 104
202 117
203 124
214 169
243 86
205 131
239 203
213 118
219 101
315 135
317 140
319 139
312 138
204 105
307 134
253 190
173 95
247 100
318 141
203 128
270 195
179 146
247 202
288 115
226 172
299 142
244 96
176 118
208 90
167 127
281 201
193 125
273 102
219 118
254 95
229 92
304 137
278 119
205 170
184 85
162 54
186 96
278 123
228 105
227 186
186 101
202 102
191 94
237 90
267 198
159 143
245 165
208 115
153 82
270 135
166 99
240 194
171 132
241 210
167 123
211 98
255 70
260 101
212 118
182 150
262 99
241 140
236 197
255 163
289 193
239 209
161 102
169 116
246 134
232 166
250 102
261 84
303 139
250 146
226 176
286 128
252 87
247 88
169 127
156 154
251 181
208 171
226 85
233 108
183 144
259 86
245 86
166 54
222 81
159 93
276 121
159 65
280 129
165 147
248 175
261 117
247 86
249 79
187 128
169 105
252 181
165 130
201 124
162 97
282 128
270 95
254 87
266 200
283 192
262 143
324 131
308 135
222 172
183 88
272 108
249 86
215 98
173 133
257 131
243 176
164 139
200 106
332 131
267 102
231 117
173 118
252 67
270 204
159 64
157 155
275 137
207 118
244 164
333 130
243 141
275 135
155 156
160 97
168 137
278 198
261 86
263 205
302 139
249 198
165 140
180 96
165 110
270 112
275 134
291 115
277 132
193 121
212 98
206 89
259 117
314 138
249 68
236 179
174 87
214 117
201 134
284 108
166 112
318 136
154 162
232 90
180 150
242 207
226 173
207 129
223 83
166 55
164 145
257 164
269 63
275 124
265 82
267 66
205 117
256 180
255 141
250 94
246 170
191 99
280 200
269 202
218 111
249 113
228 187
297 131
169 112
172 116
193 122
267 128
163 47
251 191
161 56
276 102
221 86
283 132
285 117
253 96
260 204
245 133
164 110
192 127
168 110
266 83
257 165
185 143
265 200
262 139
283 191
231 82
236 191
208 87
185 129
216 118
225 182
272 203
198 134
250 78
231 89
250 110
320 130
228 176
237 192
296 132
205 106
156 155
159 156
252 145
218 180
182 103
276 122
268 198
278 196
185 148
255 182
195 127
253 144
257 147
244 176
184 84
186 125
169 102
149 158
241 197
165 95
273 192
255 152
204 175
233 106
201 106
169 117
256 178
178 133
227 104
170 97
233 107
187 127
182 134
237 197
242 121
266 90
266 68
218 112
316 135
252 196
277 109
215 96
252 79
235 117
164 140
252 183
245 175
255 151
186 79
159 77
219 88
169 53
162 152
197 126
168 128
261 88
157 90
274 141
192 81
183 86
239 208
245 82
174 110
242 120
269 83
161 144
262 141
270 94
178 84
247 106
186 143
238 208
255 198
208 113
233 91
222 106
208 92
213 113
170 134
250 207
289 116
176 110
260 66
158 92
181 122
247 105
271 111
266 122
251 73
154 90
227 167
253 66
270 137
167 53
251 169
281 190
252 166
218 100
231 83
171 147
204 100
176 117
160 60
186 100
259 204
273 140
219 180
256 131
211 111
287 127
157 92
250 87
162 147
207 173
224 169
253 207
160 105
291 130
269 205
243 79
205 89
316 136
254 189
265 99
249 204
302 140
169 121
266 136
220 101
288 192
218 96
217 110
166 52
220 177
164 46
160 143
323 127
270 148
304 136
250 181
155 163
248 133
196 126
230 176
214 96
251 98
317 133
165 142
235 197
185 87
273 105
171 111
181 134
294 130
158 153
159 80
276 137
283 128
262 64
166 132
271 93
251 146
163 46
263 122
226 175
249 72
170 127
308 134
310 134
183 127
262 85
263 133
187 102
168 120
282 110
243 125
185 84
253 135
254 86
316 141
248 68
302 137
269 137
179 94
169 137
242 213
240 207
241 120
271 204
214 110
243 132
324 129
195 124
170 126
164 98
212 88
236 203
206 105
163 108
197 90
254 96
183 131
315 137
188 130
257 198
266 79
262 146
159 73
289 127
239 87
232 104
260 135
314 132
157 89
174 115
268 206
252 92
237 84
268 109
232 111
163 92
249 207
270 108
241 117
232 165
153 81
230 105
247 174
185 82
277 116
258 201
202 85
169 98
242 116
203 123
212 97
285 113
229 99
265 90
302 136
192 125
223 168
264 149
208 84
243 78
170 136
249 171
233 111
188 96
241 122
222 168
267 81
251 77
201 120
289 110
247 205
300 134
315 141
266 209
166 108
184 88
268 209
196 122
251 89
248 105
175 91
269 134
204 101
208 169
267 193
214 166
162 107
160 64
181 125
253 94
263 119
239 207
218 104
174 90
233 88
271 147
188 95
294 133
280 117
226 87
164 112
246 88
211 103
271 196
263 204
219 109
161 55
186 97
234 201
251 207
255 134
256 206
177 147
259 143
257 140
213 114
241 121
225 104
163 104
254 89
176 112
206 129
178 126
254 196
170 96
250 187
222 85
213 97
263 138
159 49
249 96
245 84
182 91
167 121
298 135
221 118
276 193
241 84
187 84
212 122
274 130
161 157
158 150
159 90
263 65
327 131
278 125
273 99
249 205
156 80
243 87
247 66
273 62
271 150
228 85
166 45
176 128
209 97
279 123
233 179
241 123
159 82
181 97
163 103
268 195
264 155
245 166
181 145
243 88
229 95
275 102
273 111
255 131
229 98
300 142
247 170
185 80
318 142
267 135
243 165
189 81
230 102
246 86
221 176
250 186
242 138
269 111
312 140
186 102
157 87
186 88
245 205
265 152
302 135
218 99
198 88
307 136
156 84
278 124
250 79
217 118
269 99
254 66
195 129
176 85
163 102
289 198
151 164
243 98
283 115
226 104
272 81
164 45
170 135
299 140
249 169
233 121
184 86
191 92
176 93
165 145
268 83
228 185
296 131
263 84
261 159
263 85
257 130
192 83
205 132
276 107
160 145
256 199
252 68
313 137
150 158
291 129
231 168
255 150
250 86
158 78
312 137
271 194
237 108
269 93
254 143
169 103
251 171
175 85
235 114
253 182
282 200
231 118
332 132
243 207
249 94
164 143
267 63
330 129
264 98
159 96
224 168
217 109
266 148
335 128
207 169
175 107
182 92
161 155
283 193
277 122
258 200
335 133
164 50
241 212
268 91
273 63
236 111
260 160
214 168
250 96
200 134
171 117
162 103
211 113
336 128
257 200
202 86
223 90
262 163
283 198
204 128
248 92
227 98
250 204
208 120
259 136
190 101
208 86
250 166
160 95
222 86
202 87
247 104
244 127
265 207
276 192
207 128
191 100
231 120
289 197
253 210
161 111
267 92
239 174
235 115
264 204
228 89
161 63
166 131
261 99
263 139
151 160
217 103
262 205
237 82
201 131
219 86
205 90
179 125
239 175
241 80
223 104
223 93
238 88
265 136
211 116
241 195
274 112
291 114
245 85
240 203
265 62
259 85
163 110
243 128
255 140
282 132
165 96
332 125
222 105
178 150
230 104
166 139
266 210
267 101
256 204
154 160
261 146
153 164
277 205
263 102
191 81
167 51
185 127
168 140
161 156
218 84
204 173
211 122
170 118
250 143
163 107
167 112
234 92
249 197
270 203
245 93
263 134
317 137
225 106
211 166
263 98
237 203
208 106
234 106
230 117
222 88
218 105
189 97
175 148
155 90
222 107
265 83
160 96
259 101
244 210
257 182
158 75
231 85
172 117
221 85
200 129
243 130
160 102
238 195
231 92
277 115
182 79
276 111
183 125
164 102
287 115
240 206
287 198
245 206
160 62
248 170
234 104
182 133
284 200
270 99
262 98
268 64
256 175
262 136
160 153
220 114
234 91
292 111
222 104
252 182
252 72
252 167
244 87
180 94
257 203
272 62
244 99
226 180
268 66
180 133
282 190
177 102
205 129
240 202
243 163
311 136
167 43
241 118
251 87
184 91
250 68
232 174
281 200
159 66
159 89
162 153
268 208
242 77
301 135
254 90
170 119
228 165
166 102
268 110
209 128
174 113
153 161
302 134
274 140
179 126
301 140
278 117
282 105
222 170
222 103
208 128
209 90
169 146
270 197
275 116
246 77
261 205
222 90
250 97
272 192
273 107
277 194
259 69
210 88
241 196
330 131
181 128
199 136
231 90
202 120
229 180
244 100
171 112
253 65
281 120
189 92
246 135
257 163
186 104
256 203
177 109
264 92
205 101
189 96
264 122
273 97
176 91
276 115
191 98
179 102
169 104
160 156
255 197
285 192
181 148
258 89
166 137
198 90
286 110
168 146
187 124
249 176
229 96
314 135
231 116
186 131
280 118
165 143
332 128
237 194
250 193
165 45
267 62
274 192
243 96
313 138
157 148
225 177
223 92
242 127
162 52
261 139
203 103
176 148
247 102
179 150
323 128
267 129
249 78
158 89
262 93
268 65
220 173
249 167
169 110
333 126
289 126
247 114
166 96
165 98
184 80
269 149
216 88
244 93
253 132
209 166
279 120
266 154
273 103
263 207
271 140
165 109
198 126
274 132
239 88
276 138
200 128
183 128
156 144
236 193
181 93
167 130
252 170
165 99
276 139
259 68
256 207
274 142
161 59
168 53
167 99
164 96
242 99
249 175
258 181
159 69
290 126
174 131
216 101
272 117
285 121
213 101
270 202
166 138
175 131
245 83
217 108
251 193
256 174
244 128
162 102
175 92
253 93
287 110
245 134
183 124
158 68
260 69
255 207
175 87
258 100
266 67
242 132
244 207
240 177
222 94
218 85
162 101
293 131
158 71
215 101
282 191
265 156
283 121
266 151
311 137
161 158
175 118
310 140
282 102
181 149
205 123
211 121
206 99
236 109
231 119
260 136
199 131
264 150
273 112
285 200
254 142
231 104
175 133
175 145
229 176
157 91
290 125
173 112
250 177
230 164
259 147
264 134
251 93
228 103
238 82
278 197
265 98
224 93
243 166
266 133
326 129
154 82
240 212
184 104
278 201
251 85
220 113
173 148
184 127
166 53
235 180
175 110
217 88
243 120
254 208
208 121
243 134
253 187
243 162
159 70
264 93
153 157
171 94
256 181
230 93
211 102
164 49
250 74
173 96
251 102
176 111
163 113
228 183
272 122
309 140
273 131
200 88
225 170
267 207
180 92
257 68
237 179
286 198
256 133
188 93
188 128
284 116
228 87
251 101
314 131
242 176
325 131
243 136
179 145
282 198
267 149
248 171
267 134
260 99
167 122
198 91
270 82
158 142
180 80
263 137
228 92
250 89
209 94
195 128
321 129
255 139
186 126
243 133
192 92
201 85
184 146
219 177
318 130
300 141
277 108
166 133
250 72
265 100
242 87
208 93
239 173
226 91
174 133
223 88
251 80
259 142
154 81
252 197
292 133
167 103
175 146
269 110
167 146
228 96
243 129
243 99
260 85
244 133
239 204
197 130
194 125
260 138
182 146
260 64
170 129
273 117
200 123
265 201
270 194
183 80
177 146
167 120
273 100
156 156
228 179
263 208
174 118
171 131
159 78
259 164
169 101
254 141
246 100
265 91
186 147
251 192
158 74
188 131
269 64
195 130
208 173
319 140
268 210
166 95
176 133
235 113
331 124
255 183
218 95
235 202
181 123
221 177
173 110
203 125
242 115
220 168
171 113
225 88
186 92
317 135
186 146
212 111
220 118
270 64
187 97
229 184
214 167
152 164
246 92
276 110
271 145
265 60
258 142
182 131
230 82
177 128
166 51
218 109
181 127
241 131
159 153
175 90
163 153
277 117
271 149
239 81
180 95
253 165
165 94
247 80
281 127
187 79
171 126
265 134
160 103
267 125
241 124
253 105
248 80
260 161
233 119
163 60
220 86
277 123
154 159
178 125
272 139
274 131
212 102
271 81
243 161
247 78
158 84
221 105
185 86
280 124
268 150
158 69
257 138
254 130
265 104
282 116
262 95
235 201
209 86
174 95
256 198
174 108
315 138
260 142
191 120
268 149
256 183
201 104
267 126
228 86
203 86
231 164
243 160
219 167
218 103
217 167
201 130
277 114
174 127
236 192
165 52
209 89
201 126
226 170
243 121
165 97
249 168
213 110
238 110
178 91
267 196
250 112
295 131
189 127
177 91
230 84
273 195
190 127
255 187
248 205
249 181
212 167
244 121
274 137
243 89
231 121
157 145
221 109
248 134
267 127
271 139
157 149
245 92
258 138
260 68
256 136
274 195
187 80
189 102
223 172
264 118
231 167
244 204
245 207
153 163
262 207
256 176
166 129
242 78
236 110
241 175
285 127
264 135
197 121
201 133
284 129
164 51
203 127
248 182
208 98
156 81
263 66
245 95
204 122
253 106
317 134
329 130
282 127
207 99
221 100
178 103
162 50
165 111
155 83
191 96
260 205
256 163
233 174
179 144
282 121
244 80
312 136
318 135
256 202
272 191
228 188
178 148
240 81
234 179
262 142
198 125
207 91
207 117
205 113
289 111
202 118
254 68
266 59
274 193
229 188
184 101
262 206
255 201
256 151
254 187
178 92
261 136
218 176
273 106
247 206
254 92
294 129
176 129
242 134
275 104
250 111
206 106
245 81
298 133
226 168
186 91
158 152
336 129
242 214
275 107
231 93
259 161
251 75
268 207
244 95
180 135
226 98
256 148
260 84
275 112
249 174
203 106
246 105
171 148
248 107
247 133
250 85
264 100
227 175
234 107
307 135
290 116
160 104
213 109
217 95
171 96
161 62
266 130
239 106
173 115
171 146
281 122
165 102
183 134
251 147
259 140
303 138
249 180
160 92
321 128
155 89
232 178
244 131
168 99
268 93
247 67
207 106
264 83
297 133
226 171
201 132
258 87
291 124
182 132
272 64
220 99
162 111
220 109
169 97
254 135
282 129
221 167
301 133
270 149
247 107
178 102
226 169
169 126
238 90
229 103
233 89
202 122
204 102
214 98
214 112
231 165
291 131
240 121
232 119
191 101
245 128
201 123
159 155
232 120
270 93
264 88
270 129
232 92
272 196
158 72
205 172
211 115
184 124
261 65
172 147
181 103
279 119
225 103
186 130
181 147
247 79
161 143
241 87
251 197
273 138
267 130
237 196
266 149
316 133
251 185
245 167
238 177
249 177
268 197
239 107
177 110
189 95
185 149
161 97
256 69
168 116
283 107
282 193
266 101
218 108
292 110
290 117
187 90
204 170
225 87
274 97
