247 140
151 146
138 135
158 147
82 156
173 113
265 171
130 100
221 177
32 162
224 158
100 138
163 148
206 174
32 154
78 158
270 152
201 166
187 185
271 168
142 129
61 146
280 154
114 174
185 115
130 118
111 127
116 118
228 171
117 118
272 147
275 148
113 174
260 152
188 172
188 183
226 170
195 152
106 119
67 125
195 176
164 141
210 163
51 139
256 162
192 183
221 163
267 149
87 151
242 166
175 115
191 184
100 139
257 150
140 137
82 152
234 150
238 161
154 146
62 139
139 109
180 153
110 177
106 132
185 117
49 132
118 112
175 111
211 162
138 130
155 133
196 166
182 154
264 155
166 157
165 148
65 155
46 168
127 94
97 181
180 148
186 111
48 164
49 133
146 125
192 155
53 141
72 143
135 101
252 154
53 147
257 137
223 160
188 104
168 159
214 146
236 142
187 105
215 164
100 182
241 160
270 151
234 151
192 163
179 161
254 158
98 138
53 134
67 155
144 133
51 145
186 155
143 100
184 191
117 112
247 167
64 130
207 175
232 151
240 159
184 143
187 144
227 151
142 133
184 105
79 151
267 163
154 148
73 128
119 109
167 205
105 179
199 154
106 134
172 181
61 145
119 116
78 141
132 115
176 111
261 181
142 111
86 156
280 151
73 154
193 181
105 135
223 176
241 145
163 158
218 175
178 114
74 128
253 155
217 161
265 183
141 111
213 168
175 148
176 198
69 155
64 143
263 147
254 136
51 152
155 129
264 193
168 177
170 209
251 143
72 130
197 177
264 156
92 181
117 175
254 135
238 154
117 103
111 123
128 105
229 165
71 123
82 153
88 172
127 97
152 132
170 148
147 122
93 173
162 140
183 110
140 128
173 182
241 143
117 174
119 112
227 165
135 113
162 112
241 165
210 162
142 137
266 178
141 138
243 143
69 127
177 108
157 110
53 133
215 149
80 143
177 195
262 173
163 140
208 142
260 180
267 168
207 173
21 154
70 143
167 110
251 160
210 148
132 118
152 98
224 159
110 179
161 112
264 177
142 115
185 110
121 103
259 165
154 133
137 123
133 112
263 187
237 142
229 157
26 148
223 171
171 203
251 167
109 116
214 147
63 156
97 138
153 100
172 156
262 156
269 163
164 110
90 183
84 156
214 161
35 163
254 139
120 109
110 126
191 142
249 151
274 189
259 181
68 156
117 171
21 152
263 176
264 172
247 177
172 152
118 106
181 143
104 160
255 167
248 153
260 153
231 149
258 162
113 175
210 147
95 157
93 134
194 180
50 160
197 174
170 105
197 167
265 177
46 165
178 146
106 165
184 110
284 153
129 105
48 152
50 152
207 176
90 168
221 180
63 143
32 161
130 97
178 157
269 150
215 147
85 132
228 160
170 191
170 182
157 129
118 172
272 149
229 156
96 162
177 111
190 177
135 123
92 133
100 132
231 147
207 159
182 117
239 154
277 166
263 148
255 163
81 141
145 115
85 135
220 170
166 105
131 96
172 189
102 160
88 136
62 143
135 108
94 157
112 117
129 95
245 137
232 166
241 164
267 148
103 138
246 167
169 190
74 142
214 148
250 172
127 105
212 148
224 137
170 147
59 130
33 159
177 109
64 156
56 140
141 125
148 100
259 168
250 163
111 154
209 167
170 183
164 144
197 180
245 145
181 197
42 167
253 136
245 136
106 131
115 113
245 157
270 149
198 157
111 174
191 159
212 150
181 192
224 138
243 136
217 158
140 111
23 152
244 164
164 108
203 155
174 204
262 179
53 139
140 138
270 163
173 177
257 168
191 162
113 117
234 149
143 105
250 169
53 137
219 158
88 140
250 136
208 162
172 182
162 159
218 160
207 156
151 145
117 104
208 146
247 176
181 107
91 179
99 178
67 128
89 163
252 177
134 119
103 162
53 148
183 155
233 150
211 164
159 148
256 181
124 103
214 157
136 127
90 135
176 196
70 127
90 134
52 145
244 174
177 203
198 176
246 157
119 110
152 131
164 158
282 164
148 106
251 145
264 167
147 129
242 144
50 133
107 126
193 162
221 171
253 134
138 125
139 111
191 178
178 108
211 156
109 132
166 147
145 132
158 146
24 151
208 176
109 179
39 168
195 155
258 168
266 190
108 120
57 139
270 192
22 158
35 152
33 161
76 142
65 143
196 177
264 187
98 182
279 152
74 151
157 104
163 135
256 164
217 162
217 163
64 135
265 185
251 171
198 174
176 201
203 154
199 171
193 178
249 155
199 173
139 110
32 153
49 152
199 156
127 104
165 108
195 183
94 135
180 192
174 188
248 170
84 142
177 156
177 157
209 174
133 117
207 158
55 148
175 113
183 184
97 132
120 108
92 179
161 101
145 106
100 135
106 160
148 105
214 156
229 150
276 145
52 141
37 164
131 102
271 156
168 101
105 177
208 173
109 122
92 166
187 186
80 156
163 131
172 171
135 112
146 98
128 95
134 107
82 142
270 191
148 101
230 162
181 199
256 182
29 155
73 152
277 197
237 155
232 141
261 149
36 159
186 189
134 99
175 114
60 130
251 169
108 131
132 98
264 189
97 133
184 154
176 197
112 116
263 167
197 163
253 156
131 98
271 149
52 148
74 143
126 93
220 176
110 182
231 161
172 155
273 163
254 140
180 152
251 137
197 155
145 129
161 137
98 132
107 116
86 150
178 188
271 162
89 172
129 118
59 145
109 155
162 148
176 158
167 176
161 138
213 151
156 100
241 161
184 147
193 158
66 129
19 155
37 165
196 164
282 165
260 155
146 113
172 172
230 153
276 194
173 194
224 170
100 155
206 142
46 162
253 140
211 170
82 147
192 151
203 153
79 152
49 153
164 104
224 177
120 103
114 172
165 138
276 193
250 177
277 198
144 123
190 103
96 161
28 153
87 164
121 94
103 160
177 154
258 181
89 132
241 162
217 157
191 102
150 130
103 156
99 154
265 179
183 154
163 149
275 150
169 147
80 141
35 153
55 145
147 127
69 126
257 166
122 102
142 106
119 108
34 154
250 154
272 187
216 147
70 144
158 148
169 181
56 138
146 122
168 204
165 154
266 177
240 142
180 195
247 158
166 156
231 141
264 150
182 146
82 155
140 109
147 128
28 155
193 155
236 150
108 126
168 147
269 156
119 113
187 175
93 180
137 121
106 128
237 153
191 160
134 101
130 101
251 162
91 159
230 140
153 145
109 126
191 152
109 181
44 167
216 154
172 194
131 101
247 138
50 159
156 133
141 133
122 94
222 158
188 115
90 161
162 104
225 158
47 167
178 195
156 101
22 152
168 105
185 154
98 176
257 182
179 194
78 143
26 152
121 95
102 184
138 110
244 142
175 158
183 113
170 204
66 126
154 97
232 164
211 150
133 118
213 172
144 132
173 189
244 143
183 197
106 117
275 170
173 147
90 169
252 140
178 160
149 105
56 135
165 159
185 105
228 173
251 163
127 93
178 115
219 182
255 152
100 185
100 181
25 149
259 180
182 198
243 145
213 153
265 189
130 105
172 188
157 111
63 131
45 162
90 170
199 165
267 158
112 176
225 160
219 183
136 110
155 101
231 152
86 167
98 139
283 154
219 171
268 158
89 170
144 113
180 196
263 166
95 139
178 145
57 132
179 201
251 136
77 161
207 172
197 181
263 172
232 150
93 179
221 172
238 152
200 155
226 137
135 107
174 205
169 203
174 150
32 164
185 190
245 146
263 192
223 173
70 122
251 170
174 177
171 189
149 101
174 114
211 161
22 153
268 190
91 169
53 138
249 158
221 160
204 152
214 162
81 140
264 192
256 180
266 157
268 163
273 148
177 189
260 168
153 146
239 155
20 152
76 157
119 107
215 170
264 183
67 143
104 137
174 151
230 138
192 152
247 178
91 164
136 109
251 150
103 178
97 173
210 167
215 168
275 186
276 147
164 147
151 144
184 145
145 110
184 142
244 156
167 190
187 188
141 126
166 140
196 180
256 132
167 114
84 150
144 99
71 142
195 156
131 97
269 191
183 112
109 130
146 109
108 179
75 161
224 160
71 128
166 138
156 102
113 176
264 168
228 170
79 140
258 149
209 156
275 191
110 127
61 143
49 156
173 179
226 165
180 193
244 157
120 116
156 132
91 166
92 135
118 114
193 180
107 120
155 147
154 132
186 154
141 105
130 96
144 105
233 145
221 145
197 165
145 111
43 164
198 158
272 170
108 152
130 108
244 167
221 176
206 156
243 174
164 160
272 171
259 177
31 155
34 157
116 172
157 130
58 147
77 160
177 110
256 137
83 150
271 188
163 103
163 107
175 201
274 191
266 172
245 156
116 116
220 175
21 158
65 132
217 174
167 147
151 147
74 154
229 167
56 134
186 145
63 127
266 189
212 149
219 154
165 145
229 159
33 154
186 113
263 170
133 108
247 170
161 131
111 173
183 180
199 167
253 151
145 125
71 153
89 135
72 144
88 164
24 149
240 166
87 166
137 116
199 172
264 185
206 172
245 168
58 131
264 174
250 167
46 163
169 178
263 149
167 203
147 125
163 111
64 127
267 167
262 153
67 126
180 151
124 102
21 156
78 155
92 184
85 167
156 145
91 161
160 148
263 185
164 135
101 182
179 148
251 166
91 160
221 161
173 174
235 143
186 114
261 155
138 126
108 181
180 113
126 105
25 147
79 156
187 172
218 172
131 118
208 168
86 143
65 156
188 105
171 172
198 175
224 161
162 143
212 165
189 184
153 97
167 158
161 143
152 129
21 159
182 147
101 138
96 137
189 104
214 168
234 143
112 182
281 165
145 99
88 135
111 152
181 154
181 198
244 145
101 185
125 105
182 194
125 93
192 153
262 155
199 170
73 143
225 175
144 128
172 148
225 137
49 164
96 155
156 99
112 150
50 155
166 108
259 164
154 147
188 140
186 185
54 132
89 169
212 166
145 124
61 140
209 146
81 155
207 145
155 132
164 148
36 158
154 100
52 137
97 155
219 173
281 154
247 171
72 126
178 147
68 126
98 174
244 170
261 157
231 163
85 134
101 156
147 96
112 127
174 156
240 156
144 106
134 122
145 122
88 132
194 154
83 143
181 113
151 102
238 160
124 107
211 169
253 139
267 150
271 163
228 152
112 149
230 150
145 113
207 142
244 175
94 134
221 178
173 148
210 172
151 129
81 139
192 154
170 203
247 139
34 156
102 161
81 138
106 126
230 157
209 172
169 179
87 140
187 176
229 155
50 145
240 153
254 164
129 96
219 170
93 162
248 141
110 181
275 192
26 147
199 183
235 146
50 149
96 173
178 154
119 106
102 156
73 126
36 160
264 194
167 178
78 156
248 175
202 156
30 153
245 175
139 128
139 129
251 151
212 153
161 103
170 154
266 150
110 176
226 164
168 113
165 158
100 137
194 163
106 181
250 141
104 138
62 140
198 184
246 139
70 125
164 163
218 159
217 155
146 108
212 156
88 156
257 160
50 138
189 183
29 153
216 183
220 181
74 159
207 143
157 132
269 147
193 154
245 139
51 163
161 133
228 166
76 160
118 118
255 157
88 170
67 127
142 105
21 155
35 158
48 137
229 158
102 116
189 115
239 142
148 103
166 158
222 153
89 149
219 181
222 170
219 155
200 153
149 120
105 155
83 151
103 184
239 163
255 159
95 173
187 153
164 146
230 154
117 115
120 106
266 176
280 165
138 108
223 161
134 125
113 118
249 178
255 132
264 157
235 144
251 140
134 106
164 107
190 151
207 160
87 156
111 126
256 158
207 157
50 163
80 146
161 132
144 100
120 107
277 196
89 150
208 141
91 156
107 134
260 165
217 160
153 98
156 126
109 125
50 162
110 151
108 122
198 154
130 95
279 149
101 154
177 202
187 141
36 157
204 153
166 152
191 163
157 112
175 202
258 161
187 115
95 178
257 136
134 105
270 148
50 151
166 104
256 167
131 107
79 154
197 154
115 112
192 172
98 140
197 171
135 122
104 116
212 154
141 139
88 165
141 132
255 139
242 165
210 161
181 149
164 143
136 119
246 175
56 132
152 100
170 155
75 158
257 165
89 165
120 95
104 178
205 174
171 206
131 104
73 161
118 171
111 153
53 150
198 164
266 166
115 171
232 146
190 160
201 167
177 158
172 184
96 138
112 175
106 163
213 147
119 104
38 157
141 127
165 143
226 138
218 154
167 112
72 155
90 172
271 170
227 166
183 111
107 128
207 151
21 157
104 136
261 178
99 153
163 150
248 178
242 164
280 152
172 185
143 131
75 142
178 189
57 147
270 150
244 173
169 182
277 149
71 126
257 164
162 157
145 123
170 190
122 109
80 155
134 113
84 130
175 109
237 154
268 191
132 106
130 102
81 149
118 104
208 177
26 146
85 141
90 167
129 108
225 170
148 129
259 162
227 138
107 153
177 148
160 149
214 175
45 164
102 157
161 130
34 159
79 150
162 163
99 155
167 111
190 140
184 112
226 158
222 176
25 148
163 163
94 158
136 107
92 176
156 125
146 96
279 150
158 113
186 153
226 157
255 140
179 144
233 166
118 107
174 152
206 152
32 155
156 129
67 130
267 164
48 145
170 205
144 111
273 162
159 132
254 137
127 103
157 146
22 159
237 162
97 141
232 162
166 103
53 144
182 202
273 150
208 160
80 142
148 99
51 135
108 155
244 168
168 190
172 206
258 164
92 171
86 135
244 139
172 207
182 192
133 105
59 131
42 166
64 131
230 155
129 97
91 183
61 131
81 147
87 139
96 172
100 180
251 177
38 168
139 130
141 129
107 156
195 163
83 144
277 195
151 101
258 155
27 156
70 124
193 182
121 109
204 154
190 113
109 117
237 152
182 182
49 145
134 123
183 117
26 149
176 185
62 126
264 181
168 187
248 167
212 155
279 167
264 178
264 169
178 158
186 183
224 179
105 158
274 171
187 173
150 129
120 105
28 152
272 150
238 142
183 145
214 174
251 164
143 132
213 157
156 148
74 161
80 150
212 158
109 180
81 144
274 190
224 180
162 145
252 153
216 149
188 155
205 152
250 158
106 178
219 156
127 95
183 147
101 136
210 174
124 104
249 175
239 153
180 107
243 159
203 152
140 108
237 158
163 139
195 175
41 166
134 109
208 170
272 148
150 106
40 168
168 102
106 120
52 140
270 193
276 169
199 166
171 155
215 167
209 163
251 153
136 118
242 143
247 174
260 154
262 177
102 181
140 116
184 193
263 174
167 103
28 156
229 138
207 152
110 131
101 116
171 113
183 183
270 153
167 154
229 163
123 94
133 100
132 108
148 121
267 189
66 156
19 152
72 151
49 157
132 105
53 143
240 143
277 146
81 146
101 134
189 103
272 163
179 205
64 128
29 152
145 96
184 183
61 144
87 167
53 146
92 161
179 204
276 149
265 193
92 136
50 136
189 112
247 157
263 186
69 143
220 160
208 169
138 127
218 148
201 173
86 128
229 153
278 149
214 158
147 126
252 151
193 179
132 114
22 154
104 162
164 162
173 155
105 167
190 152
152 145
81 150
280 166
230 152
158 128
207 167
106 157
257 181
196 183
218 161
170 184
101 135
165 104
192 162
164 112
171 148
117 117
94 179
231 167
180 201
160 132
189 176
262 154
185 183
171 182
257 149
219 145
135 120
179 151
171 179
242 145
54 140
196 165
211 166
105 181
106 118
85 156
159 133
106 155
253 167
102 180
198 165
74 127
158 145
221 162
91 135
88 141
98 178
266 164
157 128
62 142
175 112
251 165
79 158
93 174
248 136
84 155
225 177
210 149
162 135
64 133
179 108
247 142
110 116
277 151
106 116
166 205
187 187
197 166
93 172
253 157
263 150
218 158
217 147
266 171
210 170
270 156
78 142
263 173
62 131
47 168
224 175
227 167
215 162
169 159
59 128
172 174
207 144
218 170
195 158
60 128
95 156
137 115
249 141
167 159
171 202
106 129
143 113
58 146
261 148
72 156
84 133
117 177
106 125
108 121
131 100
196 176
75 155
99 151
131 115
73 127
172 177
158 112
175 185
105 116
58 148
148 120
172 113
34 158
230 147
68 155
185 189
164 111
186 142
241 167
114 173
169 102
145 107
83 152
190 114
209 162
159 128
106 164
137 107
90 157
173 152
184 195
137 106
194 183
176 148
190 172
174 189
251 142
177 186
265 181
228 150
208 154
89 162
178 148
191 151
140 115
253 154
133 119
268 157
19 154
230 166
222 161
139 138
102 134
264 175
238 159
45 167
189 175
94 159
176 154
173 149
106 133
91 136
104 117
221 181
215 172
266 188
35 154
95 161
194 178
90 156
102 183
105 130
54 139
245 141
194 177
30 155
207 155
102 155
55 135
161 135
180 194
191 158
259 153
236 144
190 164
149 107
197 159
257 167
100 134
167 140
155 148
276 146
230 137
74 152
178 204
51 149
258 135
120 113
174 182
80 154
250 155
107 152
151 100
178 116
197 183
51 136
172 202
99 152
107 154
189 177
249 159
78 152
267 172
274 170
191 161
217 173
113 116
166 204
52 149
57 148
186 187
276 167
250 168
51 132
192 158
254 167
124 108
271 167
178 194
204 174
144 126
204 151
105 161
114 117
275 149
262 169
72 158
150 147
211 154
31 153
244 171
87 137
51 137
31 163
250 171
264 171
243 160
175 190
49 160
202 174
227 159
99 133
106 166
185 106
188 184
215 175
145 128
161 134
140 131
174 193
211 147
167 105
25 152
182 144
72 157
191 141
178 112
107 157
282 163
50 161
107 181
70 155
142 130
207 168
178 186
205 141
118 170
99 174
251 161
97 151
270 169
212 172
116 113
165 160
91 167
152 128
152 99
51 134
34 161
229 173
53 145
146 110
53 132
219 150
237 159
83 142
94 136
249 163
189 140
265 167
34 162
260 149
185 112
88 167
249 136
185 147
110 174
214 167
216 175
163 104
43 163
236 151
274 147
265 180
232 147
88 134
164 142
179 192
244 169
184 141
98 141
148 107
74 126
192 102
277 150
160 130
72 150
280 153
256 150
166 154
110 152
48 167
275 188
101 181
142 134
110 178
260 150
166 153
54 135
198 155
210 156
212 173
120 104
160 147
162 138
251 141
91 157
79 149
86 129
111 124
184 118
87 168
259 149
85 150
223 178
99 175
34 164
186 107
183 192
229 171
265 150
233 142
240 163
172 153
64 134
219 176
142 128
174 157
178 161
137 119
54 148
91 171
282 154
184 108
108 178
171 176
123 93
191 157
146 129
250 137
171 149
49 155
72 125
159 114
182 197
107 133
43 167
75 153
269 157
214 173
97 178
109 123
158 130
136 112
171 112
208 161
253 162
171 178
236 152
179 154
257 155
252 156
79 153
199 168
263 178
18 152
180 150
157 102
246 146
176 155
84 141
244 165
266 165
133 114
198 156
250 153
210 165
178 187
278 166
150 101
52 133
244 166
275 147
180 204
264 188
163 112
92 182
132 117
161 148
116 115
178 201
135 118
173 201
49 158
211 152
176 115
218 181
92 178
187 189
191 172
259 160
132 99
193 163
85 157
207 153
208 167
109 151
85 131
246 136
266 158
179 189
172 173
174 155
240 155
220 153
274 187
174 113
222 169
174 110
73 156
174 109
144 127
133 109
223 162
266 183
107 151
25 150
252 136
181 112
168 186
98 183
102 179
175 204
192 140
50 164
214 159
244 172
84 131
56 133
258 160
184 181
164 150
58 145
188 188
182 143
187 142
120 114
195 154
66 143
196 163
188 185
54 134
33 164
177 112
247 136
261 168
148 102
107 131
27 149
262 175
282 161
263 169
132 104
109 154
270 188
268 148
266 181
171 114
167 189
268 147
186 115
283 161
210 166
280 168
200 154
211 151
90 159
255 135
160 113
65 130
40 167
173 181
202 173
180 143
163 105
226 159
47 164
192 101
133 101
104 135
261 169
259 166
205 143
200 166
210 164
92 156
181 151
161 113
185 142
168 188
104 179
101 155
253 159
200 156
201 153
141 109
125 104
36 165
260 177
179 160
139 133
133 113
260 151
78 160
179 190
245 140
112 174
217 156
101 183
103 116
93 176
255 151
139 132
89 151
131 105
97 161
87 133
243 168
174 190
249 168
240 145
246 174
147 107
145 114
143 128
218 171
68 143
67 156
176 159
100 183
93 166
175 196
103 133
86 166
156 131
72 153
123 105
111 116
232 152
164 145
164 161
105 166
263 156
221 153
218 147
222 171
70 145
260 164
51 131
181 200
265 188
106 127
156 147
103 134
265 184
177 107
147 98
32 163
187 145
239 162
104 130
148 104
105 165
248 168
75 160
28 149
96 177
58 132
210 150
180 197
168 178
229 160
95 138
276 168
224 174
232 148
226 175
265 158
184 107
177 201
184 194
51 133
192 184
173 150
55 134
245 167
256 163
106 158
188 152
126 91
227 160
279 151
154 129
166 110
111 151
283 153
115 117
82 157
33 160
169 180
160 103
104 156
18 155
25 151
31 162
182 113
49 137
90 180
270 190
187 104
162 137
73 157
159 105
106 162
124 93
71 155
266 167
209 171
94 173
146 121
105 178
251 144
132 100
202 155
104 155
94 161
208 147
193 140
107 155
238 162
139 135
165 139
133 122
106 154
187 155
116 171
170 206
96 136
73 158
145 112
109 177
216 164
178 159
94 156
254 151
233 143
161 139
101 117
76 156
83 145
231 142
212 147
34 163
36 164
231 140
37 168
210 146
235 142
110 124
229 164
156 127
176 203
167 113
85 130
183 181
105 137
230 139
275 146
106 161
174 148
138 115
36 163
195 177
139 115
162 131
208 174
135 119
202 153
111 183
92 183
93 156
136 117
189 113
254 134
166 109
60 131
99 176
96 178
111 118
74 141
110 154
203 174
82 150
142 138
262 178
168 205
56 148
224 176
260 181
255 179
115 116
91 180
255 158
55 140
143 111
51 151
76 141
184 109
147 121
178 113
259 152
176 200
168 154
174 202
103 117
176 107
255 137
65 129
138 128
268 150
173 185
198 171
184 192
183 182
217 164
178 203
55 139
87 138
259 163
147 100
79 141
94 160
20 154
188 141
268 162
153 130
38 167
228 151
172 208
72 142
106 177
175 154
70 123
156 128
171 153
231 165
137 120
249 176
92 170
186 184
259 135
109 124
180 144
221 179
166 188
168 180
268 168
38 166
169 105
259 155
54 141
110 175
104 129
207 174
148 98
91 165
93 161
148 130
242 159
235 145
217 175
72 154
195 180
84 129
179 191
168 103
221 170
232 149
180 202
256 151
81 145
55 144
125 108
199 174
168 115
244 138
87 169
93 175
192 178
157 131
275 187
247 137
172 183
53 142
34 165
247 141
244 136
253 170
104 134
176 186
188 114
245 158
76 158
171 175
273 187
49 136
86 141
165 140
269 162
175 188
222 180
160 104
215 148
137 122
181 150
263 175
73 129
104 154
86 130
226 167
246 171
131 108
60 144
51 138
171 174
158 129
237 157
89 156
46 166
146 97
26 150
187 143
71 125
246 176
155 100
110 125
212 167
139 131
99 180
115 118
120 115
275 190
252 170
104 153
265 194
171 154
121 102
150 120
45 168
176 190
262 176
149 130
234 145
265 192
48 136
174 185
117 176
271 166
227 169
162 139
273 151
155 127
71 127
100 177
163 145
261 177
172 147
89 161
174 178
91 181
108 117
272 188
275 193
173 190
117 114
87 128
157 125
272 164
191 164
99 183
250 160
66 128
220 145
164 140
251 158
277 167
107 117
241 159
266 179
161 149
161 104
173 192
185 155
88 151
241 163
229 166
139 108
138 124
218 146
180 108
275 169
217 183
234 142
190 184
183 194
262 180
108 180
200 167
87 171
181 201
100 133
54 145
196 158
65 133
208 156
265 166
90 165
279 166
207 154
157 103
237 156
198 183
223 174
139 136
232 145
87 141
52 143
50 158
88 133
112 128
137 136
99 179
142 132
233 141
213 167
195 153
145 109
263 171
253 158
101 184
105 131
102 138
254 131
100 176
121 96
256 179
179 145
262 148
186 105
219 160
167 157
133 110
75 127
27 152
267 182
214 160
169 160
229 152
176 199
75 141
114 171
153 131
130 107
177 155
65 131
72 145
210 173
252 158
173 208
80 144
83 155
207 146
169 207
197 178
258 136
211 153
181 202
44 162
158 104
114 175
81 142
78 159
151 143
248 140
109 115
74 158
96 156
126 107
119 111
59 144
87 135
185 108
188 175
176 109
150 148
163 106
254 166
72 152
248 169
125 107
123 104
213 152
146 107
176 114
109 156
117 173
186 112
46 167
126 106
52 150
94 174
166 155
188 153
171 181
132 116
98 133
152 147
170 114
98 151
166 148
173 193
175 203
262 157
168 203
49 154
231 162
75 154
212 157
276 195
64 144
251 138
159 104
274 188
123 102
228 172
103 177
150 105
265 182
268 189
265 190
227 170
191 103
254 133
241 166
171 190
137 135
111 150
71 145
173 191
149 121
66 130
251 152
270 155
169 115
148 97
209 170
261 180
167 177
87 150
190 178
153 129
92 177
92 172
37 157
38 165
254 163
156 146
162 144
191 171
249 160
165 155
173 202
72 129
216 165
248 166
195 174
200 173
224 171
211 173
159 113
61 147
34 155
88 171
250 151
282 160
100 178
214 172
175 157
271 169
187 174
63 126
145 98
66 132
81 156
169 206
98 173
159 127
228 138
90 158
98 155
105 180
231 164
250 178
64 126
230 141
41 167
86 157
270 168
85 133
170 208
59 129
111 182
77 156
228 157
227 161
255 138
235 150
115 173
86 139
168 146
218 173
273 170
248 158
163 102
196 174
88 137
229 162
176 189
223 158
182 145
139 114
219 149
137 127
165 111
150 131
77 141
171 177
130 106
162 136
87 165
165 107
86 142
184 117
132 122
231 166
56 139
166 176
248 165
195 178
131 103
254 132
136 116
109 131
240 152
245 142
215 171
237 151
282 162
167 115
92 169
167 188
141 128
189 152
239 159
255 131
218 149
169 114
32 159
185 116
227 168
62 141
216 163
65 127
205 142
269 168
169 154
198 159
83 131
105 134
92 134
141 115
44 164
267 183
219 153
81 152
180 154
136 111
265 191
190 115
173 178
257 138
139 137
162 158
170 207
243 164
203 173
107 162
104 161
191 140
134 124
214 171
193 183
196 155
224 178
194 158
250 145
249 153
245 155
268 164
159 130
185 145
106 159
81 148
88 163
76 159
133 111
50 154
247 175
194 181
282 155
252 163
279 168
270 189
133 99
66 127
184 182
189 172
139 134
98 172
274 148
219 146
126 92
143 130
185 191
185 107
162 107
97 182
228 165
266 187
135 121
46 164
161 102
205 175
102 178
253 163
95 136
217 154
229 161
137 124
128 97
52 151
219 175
117 172
99 139
270 154
112 118
171 180
48 154
33 163
24 152
117 113
208 140
228 163
196 159
218 183
187 113
166 111
105 129
179 113
222 177
89 158
259 182
172 201
138 107
220 158
173 203
