131 117
271 60
251 115
268 117
190 94
228 87
176 110
239 53
60 131
132 100
222 103
213 88
231 90
123 125
176 150
279 108
213 83
279 110
194 78
189 81
177 117
167 107
280 113
74 145
242 60
133 137
156 180
127 92
128 107
209 76
145 153
210 93
148 141
186 131
133 162
194 89
159 159
163 137
279 116
211 73
276 55
243 98
259 114
152 138
256 124
177 149
258 114
171 126
157 154
235 80
282 100
198 69
142 150
128 132
230 117
187 96
224 57
92 152
224 128
137 118
167 154
266 54
241 116
182 86
167 110
169 99
186 108
266 120
273 56
189 79
242 82
209 95
283 119
281 51
112 142
229 48
131 138
138 156
290 98
146 159
148 165
222 97
142 149
166 150
217 92
137 160
143 158
199 68
237 96
61 141
170 155
45 115
215 78
235 115
64 147
135 162
284 53
287 99
62 153
29 126
269 124
237 94
262 55
235 100
281 125
176 91
277 115
61 128
179 101
295 92
240 117
40 133
272 56
153 159
135 107
246 102
127 134
173 91
260 92
124 136
160 153
241 110
115 143
244 53
145 158
235 69
111 148
221 101
224 133
238 84
206 74
244 96
296 95
245 98
254 114
126 128
189 108
118 123
261 54
98 135
126 153
223 106
94 142
138 143
251 114
155 169
291 112
178 86
244 98
176 120
199 70
180 151
59 137
267 92
183 79
259 121
182 104
253 72
235 97
157 171
191 110
97 141
147 169
180 82
59 127
186 96
165 128
164 101
252 59
241 103
160 135
58 145
103 151
255 105
289 95
212 79
171 154
219 57
175 110
39 129
121 143
58 134
246 100
54 152
240 91
156 159
185 95
134 91
290 111
138 116
68 145
235 55
52 120
63 156
218 129
254 110
85 141
228 104
188 100
92 142
178 124
279 119
222 102
161 138
268 120
274 124
238 93
121 140
158 128
170 109
142 163
156 158
217 93
254 111
183 152
195 94
161 137
54 147
61 148
241 90
275 116
125 96
127 96
232 81
263 120
243 56
242 77
206 73
174 109
140 120
119 141
261 111
211 88
130 125
99 139
101 138
266 119
212 95
247 52
258 109
270 118
177 95
235 94
39 132
236 51
109 143
245 96
259 64
128 155
97 134
233 94
226 122
53 119
70 135
184 104
181 86
278 49
242 103
275 63
293 110
183 82
223 58
110 149
32 128
280 108
183 104
196 65
254 122
43 116
145 148
243 117
227 100
38 132
134 163
128 135
190 104
198 86
128 138
164 143
47 121
95 141
134 142
183 153
133 96
190 79
281 45
172 157
127 142
182 128
179 87
217 55
271 91
91 143
245 102
260 62
166 127
125 156
227 121
253 77
131 128
162 141
281 110
296 96
262 51
188 81
161 134
249 77
134 95
217 87
42 116
129 150
181 95
61 140
185 80
131 97
94 151
98 139
127 91
263 121
186 107
170 127
188 108
167 141
59 130
231 116
247 55
27 126
160 104
181 82
92 147
166 103
237 77
234 55
229 90
200 69
162 103
159 179
260 97
134 93
122 138
233 81
141 162
299 92
267 58
223 54
89 150
200 63
131 105
160 180
269 125
164 129
133 149
266 91
278 115
149 166
148 164
296 92
261 95
196 66
92 140
240 56
207 74
299 96
279 112
228 101
142 159
254 124
244 117
120 146
83 139
180 133
287 100
31 126
220 102
239 118
100 151
230 59
284 124
182 85
259 97
232 59
238 79
220 86
258 64
261 99
132 126
182 81
119 120
133 114
162 154
231 92
148 146
137 156
269 92
287 105
30 126
60 132
57 142
260 63
28 126
236 96
217 95
131 133
154 159
172 110
265 88
62 130
117 121
234 59
200 70
293 111
183 148
140 166
256 100
264 58
190 85
253 108
83 140
37 130
176 151
250 75
159 169
227 102
244 77
172 126
239 89
160 179
249 117
166 97
233 73
123 128
129 142
213 53
62 136
262 57
171 115
163 146
97 139
214 87
231 97
247 77
273 64
158 138
45 113
59 120
161 144
147 168
239 77
180 87
251 70
160 158
147 163
180 132
195 79
278 125
254 61
219 88
164 106
254 107
253 118
205 73
179 130
235 116
145 152
239 91
260 60
184 156
253 73
227 89
105 142
222 56
177 124
227 52
57 136
156 181
255 114
233 60
122 129
128 131
301 94
62 138
243 92
230 91
194 65
75 143
119 144
152 163
130 143
260 111
69 136
184 84
224 54
232 115
142 162
215 54
249 105
181 153
236 114
173 112
229 59
38 128
147 141
36 129
164 105
41 119
227 51
55 148
74 152
244 103
178 119
219 87
177 156
37 132
135 142
57 123
242 116
233 106
244 55
270 125
281 53
209 88
214 53
283 47
113 146
198 82
98 141
90 145
164 146
167 140
281 47
104 150
94 136
158 140
137 162
121 122
272 57
219 95
178 120
27 127
228 49
279 54
135 113
165 147
144 141
43 122
255 122
179 124
225 124
122 125
120 141
231 93
287 106
185 108
206 81
261 93
137 142
234 114
177 154
122 122
105 150
223 104
183 95
171 117
207 68
161 135
144 168
225 103
235 114
248 74
170 141
168 151
136 142
75 145
258 103
251 113
239 52
170 104
284 112
252 110
253 76
290 110
109 149
255 61
225 127
137 90
246 55
288 99
235 59
122 128
183 75
193 85
264 59
142 171
197 69
265 90
179 125
273 90
269 122
127 137
67 135
143 153
98 142
282 44
244 97
217 83
239 76
191 97
134 162
207 80
95 139
191 107
46 112
278 123
58 143
256 114
266 121
218 88
64 149
146 168
131 115
257 103
162 104
275 62
134 145
159 156
226 130
50 124
172 115
169 96
205 80
240 55
239 116
138 148
179 150
257 62
39 124
163 140
132 133
243 60
225 89
281 108
268 118
247 53
221 125
253 74
268 59
180 86
156 170
134 165
125 99
172 155
231 102
211 84
179 134
143 156
127 135
188 109
193 83
140 160
120 143
135 123
161 131
206 83
223 105
113 147
218 95
145 155
252 122
294 92
63 152
166 154
168 147
231 94
215 55
181 105
191 91
205 82
285 111
235 60
58 133
254 67
63 143
92 139
173 113
184 152
293 109
265 124
189 104
262 94
163 150
301 95
157 175
259 102
166 124
58 137
225 58
61 153
293 108
91 144
246 98
168 141
140 148
212 88
35 132
126 146
169 97
204 72
180 118
241 57
175 120
206 67
168 96
137 141
250 69
134 148
250 70
251 107
147 144
61 138
191 93
277 125
244 56
56 150
126 133
253 67
286 102
273 55
174 90
74 149
278 121
184 151
127 141
136 115
244 116
141 146
260 54
42 123
200 85
178 87
182 127
268 122
131 95
239 112
263 59
166 141
194 87
43 120
190 103
189 80
126 140
52 149
194 85
97 152
41 123
220 101
170 158
266 53
215 96
179 127
130 142
125 94
168 109
213 85
232 70
223 88
237 72
265 125
214 94
129 122
40 119
139 161
27 125
217 85
283 112
201 82
133 148
187 107
245 77
154 173
183 76
173 123
199 63
297 93
134 164
235 77
141 149
222 98
182 96
269 94
260 122
270 117
80 142
213 95
184 81
66 147
182 105
263 92
116 140
263 94
280 123
77 143
100 138
262 121
297 92
63 153
115 142
282 102
274 61
244 60
136 121
148 145
258 117
146 158
81 141
169 110
41 120
261 96
249 59
128 123
150 148
50 122
160 154
201 64
255 67
142 172
300 96
267 54
43 117
281 119
157 174
247 118
161 149
179 103
117 122
171 110
283 125
85 140
141 140
279 111
240 112
186 99
72 136
249 57
282 103
164 153
236 113
240 54
131 114
241 92
179 135
114 148
89 140
251 105
182 82
162 158
190 99
59 149
122 141
266 126
155 136
234 78
60 130
171 124
141 150
282 48
194 79
248 54
245 55
231 117
155 164
133 140
158 139
133 145
98 137
106 142
211 79
105 149
232 102
246 110
140 161
247 102
116 141
178 94
177 82
74 146
236 74
241 115
172 96
281 49
259 119
227 132
299 90
188 132
99 140
156 160
273 60
130 149
239 74
254 109
29 124
142 169
292 113
179 90
135 110
293 92
125 93
145 168
193 90
141 155
259 109
264 111
120 144
236 72
125 135
261 59
119 121
162 150
265 91
180 129
156 162
274 93
259 101
224 56
169 141
291 110
173 104
107 145
89 146
201 69
176 93
141 165
169 154
131 104
140 155
238 83
228 88
206 80
278 50
63 131
236 53
253 58
63 145
56 149
133 147
139 154
289 96
95 142
129 105
284 54
59 128
134 106
172 92
180 95
208 68
181 152
145 142
175 121
52 152
189 83
249 68
134 94
70 138
69 148
180 104
252 72
62 129
281 124
179 105
245 108
220 125
57 147
65 144
171 104
125 149
132 120
72 135
243 96
282 101
172 104
197 86
262 111
142 140
227 50
45 123
268 123
202 69
258 118
130 144
273 53
154 179
193 66
216 54
147 156
59 138
43 121
148 155
181 106
160 156
163 129
64 152
304 94
204 82
184 77
107 150
283 97
251 112
44 116
298 90
191 95
67 143
256 57
163 149
180 130
30 124
174 112
248 114
280 117
236 118
98 138
195 89
217 56
259 60
136 120
246 109
143 146
41 133
111 149
128 149
133 120
159 155
283 108
200 64
179 151
233 78
126 156
196 87
62 137
49 121
279 57
225 135
180 128
135 124
289 106
148 139
253 110
216 52
232 78
210 89
192 66
76 143
213 96
224 55
161 140
95 150
289 92
134 140
235 95
96 135
257 100
174 91
191 108
204 68
56 148
230 120
135 114
166 143
147 153
238 91
236 94
142 167
138 114
252 71
115 145
153 170
181 107
261 97
59 123
219 89
269 60
130 105
257 123
248 55
55 122
161 132
267 120
131 135
51 119
94 152
241 58
220 88
291 92
116 142
234 70
161 151
158 177
174 157
93 145
293 96
188 103
242 87
133 106
177 116
142 170
136 148
252 118
248 53
269 59
180 131
191 81
165 103
174 121
234 106
262 110
271 125
167 153
214 86
126 130
235 102
242 78
168 150
181 131
200 62
125 95
149 153
213 82
62 132
177 118
177 157
166 140
285 110
260 99
194 94
162 138
162 102
206 71
169 109
256 66
249 116
145 147
164 154
226 58
153 158
133 141
222 99
246 77
266 89
260 59
221 55
163 143
241 56
142 158
215 91
144 159
227 128
129 151
193 65
106 147
162 140
279 123
232 104
139 155
160 177
162 146
159 144
225 59
201 63
39 116
166 142
136 150
159 171
57 144
173 126
146 169
46 113
251 75
271 92
225 123
172 122
236 58
155 159
252 111
266 113
239 61
49 150
55 151
262 59
94 145
150 141
139 141
63 155
217 84
173 111
167 150
190 80
140 146
224 132
238 51
49 124
241 78
232 79
245 60
157 158
277 54
169 126
129 147
190 105
181 127
252 75
185 96
235 78
190 97
193 91
279 121
271 58
157 163
205 72
56 151
148 169
236 117
156 175
140 140
221 54
257 66
202 64
241 91
241 113
91 148
255 107
190 96
222 126
229 120
297 95
199 62
261 94
148 153
161 136
280 53
192 64
159 181
240 118
154 139
227 84
227 126
245 95
225 133
126 132
126 93
64 150
222 88
238 80
259 122
180 94
119 147
178 122
148 148
249 53
62 128
136 155
153 138
34 133
31 132
172 123
272 91
165 154
133 142
46 123
234 96
74 150
168 144
129 141
65 151
280 115
150 149
91 149
201 71
217 86
242 86
271 59
185 79
127 95
162 132
267 56
70 137
236 71
284 51
248 115
215 87
274 54
176 119
225 55
142 164
69 137
170 96
264 127
167 126
140 147
156 161
198 81
148 143
168 139
236 57
240 61
268 119
242 79
126 150
232 116
231 114
137 122
40 124
183 74
229 118
131 100
162 149
131 122
231 96
139 140
233 115
176 118
147 164
255 57
155 177
247 108
261 110
256 64
186 82
132 118
135 122
283 96
56 124
67 134
175 157
210 94
258 123
218 85
60 149
159 132
262 56
98 136
53 121
298 92
214 89
128 128
52 151
268 92
177 92
165 148
130 126
132 127
43 123
189 96
276 116
248 77
91 145
280 111
161 133
192 93
238 71
282 119
142 157
260 104
147 155
242 110
164 127
171 109
131 94
154 138
136 149
190 108
125 127
269 120
164 138
179 120
250 108
185 131
256 101
185 78
255 66
225 86
232 106
39 136
209 75
233 55
140 118
187 80
133 115
156 157
61 139
39 125
78 142
106 143
100 148
229 87
238 78
44 115
231 91
127 140
182 97
72 149
157 172
149 141
289 93
288 109
177 94
142 165
116 146
264 119
246 76
280 56
149 170
178 91
135 161
286 94
69 146
121 139
268 53
267 53
142 152
216 51
169 149
132 119
285 108
261 101
182 95
40 118
126 131
237 58
225 88
148 144
89 142
129 98
172 156
250 105
229 99
118 124
133 118
160 155
263 111
247 117
37 129
136 163
214 90
240 103
132 135
184 76
33 129
126 154
297 97
275 123
194 90
40 134
151 159
149 144
285 122
192 94
176 158
292 112
184 78
253 68
288 98
289 94
175 91
62 139
184 150
35 133
255 111
224 135
152 146
142 168
247 107
127 128
182 129
237 91
133 104
291 97
178 118
195 80
91 140
282 109
266 112
205 71
238 94
122 143
228 48
60 152
59 126
257 63
108 141
253 70
257 115
58 123
154 137
131 142
186 97
159 177
248 102
96 142
242 89
139 119
156 137
49 149
289 110
275 53
210 74
249 69
161 142
143 166
131 121
135 115
53 151
137 161
139 117
137 89
281 113
133 113
203 83
252 58
159 172
149 169
107 142
160 129
64 145
239 73
231 59
171 91
235 71
258 112
281 117
53 150
212 54
122 137
216 86
261 52
58 152
64 144
260 53
152 162
242 59
197 81
186 156
112 148
174 123
209 77
284 125
268 95
122 142
198 67
143 148
291 91
266 59
164 128
252 107
61 144
200 68
225 87
174 122
128 136
272 63
171 125
108 143
160 138
141 120
152 169
168 146
147 146
267 91
290 96
226 127
180 83
67 151
184 131
271 90
282 54
283 103
117 138
174 156
255 123
224 84
121 147
39 135
158 182
191 111
249 67
223 134
171 96
201 85
262 120
219 128
183 78
126 127
257 64
39 126
154 180
93 147
122 139
187 81
203 69
151 147
238 96
299 89
281 121
168 154
212 53
86 140
254 108
225 51
190 83
182 131
126 147
226 125
82 139
272 61
170 98
236 70
123 127
157 170
168 149
168 110
166 126
253 59
161 104
74 148
230 99
172 114
293 97
84 140
254 56
101 151
213 94
224 89
154 172
47 120
227 122
181 125
91 138
132 115
233 72
196 86
237 93
131 96
131 134
245 110
90 150
160 127
60 141
121 141
245 92
282 110
168 104
276 54
122 136
130 114
126 129
208 74
265 59
283 102
236 116
132 106
290 100
232 103
269 93
156 163
157 156
256 105
124 96
55 121
281 54
135 90
268 94
168 105
135 91
125 129
60 138
198 65
164 147
120 147
244 52
249 76
283 107
38 129
279 53
179 89
277 50
127 149
151 153
229 46
233 59
242 92
126 145
239 51
164 142
187 79
70 148
65 136
128 106
240 78
79 142
281 48
143 165
133 108
190 100
177 90
224 126
160 131
247 60
97 140
164 152
157 153
225 131
213 84
151 138
234 100
243 116
246 95
279 117
66 151
134 96
267 60
154 170
68 147
173 110
224 52
178 150
148 166
47 150
295 89
220 126
246 116
239 60
137 114
102 149
181 151
129 117
234 60
247 106
45 114
134 108
243 81
154 171
137 123
131 98
231 88
283 53
272 60
67 147
102 148
271 93
226 53
235 57
35 131
68 146
279 56
236 73
226 89
133 125
171 116
222 100
217 54
161 158
260 93
162 128
60 154
261 55
177 91
125 139
238 60
235 70
248 59
247 74
119 122
164 131
168 107
282 45
129 116
61 142
159 180
108 149
249 60
284 95
137 150
245 93
223 87
68 144
101 148
169 98
132 144
36 130
209 80
209 78
171 123
132 116
32 132
116 138
42 119
242 88
136 106
143 159
300 94
202 85
288 110
170 99
281 109
149 168
142 155
61 143
277 51
244 92
107 144
281 50
200 82
59 132
165 101
168 145
185 157
232 77
203 86
181 104
60 127
163 142
91 150
96 139
131 132
264 126
237 116
132 137
282 126
38 124
236 87
231 89
129 144
48 148
217 88
228 99
257 116
114 145
288 108
278 54
228 58
209 79
221 104
242 55
286 95
48 150
188 107
116 121
52 150
252 112
163 104
188 131
235 96
158 172
221 88
280 55
211 95
158 157
152 145
91 137
283 95
48 125
197 84
80 141
154 160
282 113
240 104
255 58
252 121
123 138
260 98
191 105
227 103
67 144
96 151
301 96
287 108
55 123
33 132
141 121
249 114
159 170
127 97
225 84
162 101
155 181
229 103
260 114
102 151
135 160
105 143
57 120
130 120
195 66
132 117
135 106
182 108
70 139
137 120
183 131
193 84
245 116
216 91
177 155
268 93
204 69
133 138
258 102
63 128
242 102
226 103
137 115
150 165
126 135
273 59
290 99
176 149
190 84
266 125
116 137
41 124
246 52
136 89
183 108
232 80
159 128
65 147
39 131
237 86
129 149
211 74
243 97
212 52
67 136
281 123
225 128
157 162
286 101
231 98
113 142
279 109
180 120
35 136
136 122
34 132
148 147
258 119
240 58
276 61
256 62
138 149
260 100
236 77
238 77
35 137
178 123
73 150
168 95
126 95
151 136
278 124
205 68
132 102
272 124
168 126
225 85
251 117
184 108
236 52
241 82
155 137
300 93
284 111
88 140
223 126
280 114
242 81
220 127
161 128
62 143
126 94
158 159
132 103
31 131
245 52
281 55
92 145
54 151
234 101
267 113
234 99
93 139
265 92
67 145
169 125
152 170
82 141
238 82
256 61
97 142
185 81
42 133
248 106
160 105
261 58
253 119
164 132
131 140
181 126
285 95
180 81
106 144
176 115
179 126
59 125
195 78
115 140
202 82
264 93
150 140
287 101
145 141
274 92
151 139
191 90
64 148
130 138
244 115
181 94
178 152
142 151
245 94
33 128
241 59
227 120
61 147
225 104
226 51
195 65
151 165
159 168
118 122
245 109
132 125
59 121
146 153
236 75
273 124
170 102
241 112
239 58
34 137
224 87
225 122
192 83
169 103
247 79
35 135
104 143
40 135
235 101
158 136
178 121
232 105
238 81
38 127
95 137
177 152
282 127
179 104
225 130
227 129
221 53
59 142
173 94
277 123
254 58
215 51
191 83
71 148
29 125
260 52
228 120
58 146
162 148
33 139
78 141
172 159
220 103
290 92
178 81
90 141
187 130
137 119
212 87
169 100
176 95
252 108
176 157
178 104
96 140
177 150
289 97
48 123
157 173
259 110
158 176
234 113
210 79
148 152
251 108
157 155
161 146
222 57
61 145
61 155
228 102
254 119
180 150
276 123
192 107
140 159
275 54
62 155
107 149
122 127
130 128
50 120
263 54
130 124
161 145
190 92
216 94
143 167
241 111
68 136
152 147
135 89
68 137
174 94
167 144
210 88
250 60
260 61
292 111
249 78
151 149
126 148
246 60
118 121
44 123
235 113
282 118
168 101
90 146
146 148
138 115
263 55
92 138
294 108
159 158
146 156
186 81
266 60
91 152
50 149
248 104
173 95
189 101
260 102
183 96
279 49
168 97
172 112
152 164
119 145
152 171
267 55
292 110
253 69
265 112
294 97
168 108
198 83
186 106
165 142
149 167
137 143
127 155
228 103
257 104
270 59
97 135
240 89
184 95
167 106
144 169
168 98
130 122
225 132
66 136
161 180
69 147
230 119
94 143
232 93
57 143
130 117
256 123
265 126
73 151
91 147
192 65
58 135
212 78
124 97
124 137
161 177
160 128
58 136
138 141
126 139
150 153
215 52
232 96
226 133
30 128
278 122
239 78
261 51
179 102
234 115
227 88
179 129
57 152
255 56
137 149
191 92
134 121
257 114
181 133
115 141
83 141
154 177
167 109
289 99
212 74
224 85
129 154
98 151
273 123
234 71
202 84
210 81
228 100
238 87
218 127
229 47
163 130
73 152
230 60
172 91
304 93
280 49
159 138
207 82
286 108
58 122
135 111
130 98
169 157
143 150
217 91
59 146
133 103
26 126
167 104
108 142
162 130
283 48
41 116
169 104
127 139
219 85
33 130
267 125
254 106
180 96
232 101
226 55
281 46
132 136
136 156
206 82
129 123
179 94
128 142
284 52
260 121
145 169
264 94
208 67
191 96
147 148
174 95
61 146
243 91
200 83
31 127
57 122
214 78
180 89
239 88
198 68
163 152
132 98
113 145
216 56
37 123
166 104
110 142
268 125
299 93
204 71
272 90
132 96
131 120
255 113
151 137
141 171
179 152
190 98
273 57
35 134
91 141
248 57
61 137
100 139
46 124
53 149
134 168
163 101
187 100
241 77
182 157
267 57
68 148
131 141
148 154
172 97
117 124
161 152
129 106
128 137
104 151
182 156
208 75
230 118
115 138
169 101
36 133
157 181
157 176
167 96
219 86
303 94
152 139
126 155
131 123
213 80
184 148
131 127
258 101
84 139
279 115
216 53
133 105
133 146
169 155
284 107
277 120
64 146
189 82
194 86
299 91
283 98
135 148
282 53
229 58
135 112
127 133
56 123
246 101
227 127
163 151
52 121
172 158
58 147
153 157
259 112
257 101
184 79
140 119
47 123
139 118
164 103
233 96
176 114
183 128
277 52
267 59
137 155
181 85
39 133
225 60
64 151
178 88
124 138
138 120
166 125
282 125
239 75
134 122
34 130
57 141
251 116
238 85
141 166
151 146
184 103
118 125
248 103
244 114
248 56
162 147
242 109
207 83
184 82
296 90
71 135
176 116
267 95
250 116
91 142
232 114
219 58
224 134
153 163
287 102
158 169
288 106
210 95
155 170
228 50
154 178
31 128
96 137
35 130
249 108
213 78
174 116
166 109
157 157
201 72
235 58
131 118
136 107
233 95
241 101
238 58
147 149
208 80
204 70
295 91
126 92
227 58
282 111
214 93
56 142
251 59
191 80
142 160
216 88
157 137
181 150
34 138
139 156
203 82
231 99
134 92
292 92
161 139
187 83
215 95
283 109
254 123
199 82
51 149
160 132
265 120
129 128
236 92
194 91
287 92
142 147
107 146
260 110
200 84
235 98
263 51
258 108
209 96
256 102
60 150
129 153
149 165
92 144
117 142
117 141
241 87
179 128
222 104
165 124
301 97
180 119
233 58
246 78
282 117
142 148
124 153
157 128
248 78
162 152
146 170
219 54
173 114
109 142
178 102
60 128
231 100
162 153
265 111
220 130
253 60
74 147
214 54
261 57
287 103
144 156
177 89
173 96
107 148
272 92
284 123
279 118
171 158
155 176
113 148
235 56
127 156
214 88
159 157
282 97
222 127
72 148
226 129
145 156
288 93
171 155
132 99
75 144
116 145
173 97
57 145
125 136
191 106
43 119
276 62
182 154
253 75
296 97
134 167
173 157
219 127
246 79
145 157
202 86
129 145
128 97
162 142
235 79
215 86
247 109
155 139
235 99
129 138
195 86
294 96
120 122
235 74
125 98
55 147
102 150
242 91
139 116
165 127
161 154
242 80
270 92
62 145
115 148
59 122
97 138
238 118
91 151
40 116
94 137
247 116
258 116
135 108
136 160
248 75
234 72
147 157
124 125
244 104
158 129
191 94
95 151
189 103
181 119
152 140
130 151
49 125
160 144
122 124
236 76
275 124
171 127
272 58
287 93
163 138
136 114
189 100
155 180
198 84
149 148
168 140
56 136
184 83
192 68
37 124
184 149
135 95
259 123
248 116
222 125
210 80
33 138
54 121
243 77
224 53
246 99
133 144
186 100
179 82
163 132
241 102
165 150
150 168
177 153
48 124
214 85
95 152
269 118
152 165
222 101
222 54
115 139
237 87
233 93
51 120
229 89
132 124
124 126
175 111
178 153
229 57
181 128
212 84
284 102
127 132
182 155
241 76
224 51
56 147
63 136
261 61
264 120
182 107
124 127
62 146
232 100
260 113
176 109
186 83
132 101
224 58
111 142
78 143
229 101
149 142
144 153
257 105
129 152
281 52
175 95
271 124
125 153
180 84
285 102
239 54
226 52
220 54
149 143
176 92
219 55
119 124
122 123
260 101
193 94
225 126
237 71
149 138
118 141
290 97
253 61
185 156
178 82
138 118
258 122
89 141
224 104
138 161
60 148
200 86
242 56
265 89
214 91
151 148
37 133
142 156
217 94
59 124
166 144
129 155
128 139
219 129
264 118
252 70
150 138
283 101
225 136
211 54
131 124
190 102
219 56
144 148
75 152
250 112
250 59
272 64
269 121
158 163
192 67
169 127
276 115
73 149
297 94
138 146
139 143
255 112
274 60
197 85
125 130
258 62
286 93
215 94
273 63
125 97
97 151
282 112
238 86
223 53
169 158
264 51
206 68
186 98
135 109
258 97
97 137
264 92
249 58
50 121
133 165
239 56
158 137
139 115
134 147
212 80
169 105
217 53
133 121
258 111
198 66
151 171
138 121
277 121
144 167
69 135
139 148
156 172
178 83
292 97
194 88
56 152
164 137
179 133
161 129
237 118
197 83
50 123
237 92
134 166
233 70
177 104
248 105
119 146
152 168
45 124
284 47
93 152
90 142
114 141
226 84
232 89
139 149
167 105
87 140
133 122
165 149
58 120
115 144
284 108
177 93
297 91
296 91
129 146
253 122
93 146
191 109
229 88
154 163
141 160
155 163
298 95
126 149
94 144
47 119
170 103
289 100
255 106
174 110
169 102
160 149
273 92
238 59
99 151
259 63
274 63
161 130
137 91
222 58
237 53
182 153
164 104
62 131
168 148
290 94
138 154
164 136
160 178
247 80
275 117
226 126
133 124
261 102
259 120
291 111
158 144
48 121
209 74
174 115
267 122
149 140
267 121
142 146
147 170
106 149
260 112
64 136
230 88
58 142
181 96
149 139
224 136
99 148
178 89
137 146
192 97
61 154
273 54
59 133
226 124
248 69
139 146
175 116
268 91
158 181
60 146
38 126
61 152
231 118
199 65
240 116
194 77
151 168
143 145
288 107
219 130
197 65
107 147
244 102
287 104
187 131
218 54
152 159
249 75
261 104
281 122
133 139
129 97
132 105
40 117
302 94
243 103
156 138
261 121
238 53
172 90
177 81
279 120
125 148
238 88
200 71
239 115
269 123
261 103
48 149
146 141
196 81
60 129
241 89
136 162
284 122
183 156
48 126
142 161
178 126
275 61
257 65
192 91
251 118
166 96
190 101
241 114
44 121
114 143
295 90
44 113
55 124
248 108
129 148
271 118
90 143
227 133
213 81
53 120
195 81
131 144
199 64
174 114
132 140
227 87
