8859488802 95674
17895955 95113
16912930 94976
16909074 95377
4564525089 95244
4329574674 95342
17830162 95158
8859488800 95308
4564525104 95110
4328722449 95311
269554208 95006
4564525346 95158
270541090 95151
8859488801 95018
4564521506 95303
17899553 95604
17895970 95445
269554195 95130
16909060 95354
4581367841 95234
16909073 95514
17830177 95424
34607378 94970
270541105 95205
269558065 94495
4329574688 95283
269554209 95019
4564525361 95343
16912658 95281
16912673 94691
270544960 95756
269557793 94878
8894030114 95311
8876335137 95359
270541104 94870
17834032 95148
16912402 94857
17830176 95888
8859488787 95027
4564521504 95139
17899825 95701
4329644065 95617
16912416 95527
4564521505 95869
269557808 94957
4582285602 94826
4564521491 95200
8641319186 95317
17834017 95290
270544945 95668
4582354993 94841
4582285617 94835
16909075 95748
4329574689 94875
13154456083 95910
17895969 94793
269554210 95097
269558050 95352
17899810 95147
4582285616 95213
16912401 95346
16909072 95215
16912915 95182
