4328722464 18519
69259505970 18538
2268029132834 18674
4581367841 18683
4328722706 18265
4564521491 18499
4582351409 18484
1168517505058 18362
4328722449 18313
4329574688 18253
69005873954 18345
69258519090 18633
2211976319250 18717
69258522930 18458
1112666083859 18477
1173065114147 18419
4328723235 18433
69258522945 18830
1168518492466 18651
1168517505571 18486
4329640467 18546
4328719380 18795
2212177711635 18590
4581364513 18510
1173082878258 18617
4328719365 18506
69259505985 18621
4564521506 18706
2276653539618 18670
1108371120161 18613
2276906250546 18773
1108371120433 18538
4564525361 18437
1168518488626 18528
1168517505057 18324
4582285602 18354
3367540757281 18412
4329640482 18751
4582355250 18559
4329578544 18292
2268029133362 18319
2272340942881 18475
69005873952 18760
1173081960497 18744
1168518488611 18470
1173065118002 18660
1173065114162 18527
1108388880674 18563
2268029133105 18494
1168517505314 18364
1168517501716 18445
2212177711649 18363
4582351410 18346
1173082947649 18445
2268029132833 18330
1168518422833 18659
1108371120418 18310
1172830236721 18529
4329706275 18439
69023572258 18599
69005873955 18609
1168518488625 18591
1168517501731 18499
69259509840 18392
4328723220 18677
1108388880689 18502
1168517501730 18442
69006798912 18503
1168517505329 18755
1108371116576 18410
2272341795120 18423
1172830167345 18385
3315984306707 18626
1168518492481 18711
69006864690 18615
4565508386 18429
1108388880688 18620
2268029133090 18641
1108152946962 18631
1108371116577 18479
1108388950065 18310
4329644337 18647
2272341795121 18663
69005877296 18390
4328722721 18834
4328719379 18408
2268029129505 18306
69258519075 18507
69005877553 18630
4328719377 18592
4581368370 18414
4329710130 18214
8641319186 18702
8859488787 18562
69258519088 18610
69005877282 18433
2212177711650 18271
2212212252962 18373
4582354993 18963
1172830167330 18541
3367540757280 18591
69006798897 18588
69258522688 18641
3367540757268 18347
4564525104 18625
1108371120176 18583
1108152946976 18516
2272341795106 18580
1173082878272 18357
1108152946963 18526
69259505984 18217
1173065117760 18458
4564525089 18586
1168518426688 18524
2272341864497 18494
4581364514 18620
69006860835 18303
1168517505072 18606
69005873940 18386
69259509825 18431
3367540757282 18634
1168518426673 18431
2268029129506 18366
1108371116578 18690
2268029133347 18577
69005873953 18319
1168517505586 18564
4328719376 18451
2276871709234 18558
8859488802 18472
2276871709232 18390
1173082878273 18560
4329710115 18525
4582285617 18556
4467052385044 18468
2276871709233 18353
4328719378 18410
3371852570657 18748
4329706260 18492
3367540757283 18676
69006795057 18462
4581368113 18684
2276888555569 18306
1168517501729 18564
13154456083 18436
2268046827810 18584
2268029132848 18669
2276871709219 18640
1168517501728 18485
1168518422832 18672
1108387962913 18598
4565512256 18601
4328722707 18582
2212177711648 18658
1173065114161 18495
4329574689 18286
1168518422818 18690
4582351395 18492
1108371116563 18594
69006864705 18585
69006864433 18416
4346417683 18219
1168518492209 18495
69006860849 18734
69005877810 18483
1172830167344 18515
69006795056 18685
1173065118017 18452
4329574931 18622
69005877538 18746
4582355265 18558
1108152946977 18535
4329709858 18426
4329578529 18702
4581368098 18539
69005877281 18533
2268029129507 18565
4581364515 18428
4328722963 18137
4329574946 18543
2268029129504 18247
8859488801 18547
69006860850 18498
2268029129492 18677
4329644322 18579
1173065117745 18644
4328722451 18497
4564521505 18668
4328722978 18504
1108153016353 18570
4564521504 18488
4329640481 18576
8859488800 18361
1173065114160 18480
1172829315105 18294
4565508401 18525
4329644065 18425
4581368355 18420
69006795042 18460
69258519089 18446
4329574674 18584
1108152160273 18364
3380678304291 18417
3376165167394 18837
69258522673 18424
4564525346 18519
4565508400 18598
4329574944 18733
4329706274 18215
1108405657890 18449
69005877795 18443
4565512241 18619
4328722450 18660
4581364500 18432
4582285616 18311
2212194557985 18522
