289656520362434593 806
148637557249418032 1279
283687154422563 1167
148920191884075812 1252
76879159509533009 1011
299140733084466 1224
144964088900952624 944
217316347524358963 1134
300304670146640 901
4522429572526643 1068
76863697357775667 1247
300244303880739 1184
293035323906400289 854
300244303877411 920
283743006761264 1384
148637557250339137 1067
566317494182450 1125
283747317654323 1148
283751630381860 1166
72623911533093411 1348
72638209730880048 1327
76579963246097218 1084
283687154488098 1270
283686952309525 846
72623911532175650 1371
76579962993386276 1268
292752749418848803 1065
1143565410571297 967
76579962993452083 1093
4522368955458340 1106
299205158580787 1088
76579963228267313 1374
862090433864499 1121
221557237174251841 1046
299205410239040 1044
300309233680449 1012
4538990983263028 846
148920135831265571 1245
144977278509719857 1232
220695155599090483 1157
72623911532110114 1469
221260308853891620 1126
148637557249421376 1081
76579962992468530 1246
148920136050491457 979
300244557509428 971
220695151069242163 1214
4538991236895058 724
299140480443172 1018
283743005843489 1541
72640473195491891 1236
292752745106252595 1039
283686953293093 767
300304669225281 1208
4522368955327011 1222
76862541994730276 1140
149217064335388722 1288
144980590165303843 1123
299140481294626 1571
148637557031183140 1135
283687154491954 1135
76862602393763920 929
144980654859301427 923
76877995556549184 1241
149217068866155074 1119
217320810248020772 976
4523472778699042 1074
217318555373347377 1010
299205158580802 1052
148637557031182641 1296
580615457153571 1338
149217064336310594 1132
4538926323806771 1091
76877995321602611 1211
148920135831265572 1069
220695151068323888 917
76579963211493426 1262
580615457149984 1099
4538926307095362 1034
566265937728020 1018
300304669225538 1061
72638214025847331 1328
4538926306108453 740
76877995556553041 996
76862597846151746 1313
217318555373347378 1111
4522377780273956 930
76579962993390131 1228
148637557030396451 1400
300308981031986 1014
300244304666929 1276
4522368955330609 1156
293035323907121442 1179
287045852533781 786
72906486020444961 1144
283751629460770 905
72623859993489457 857
72640417142677794 1229
299140481294896 1275
145258753486427169 1149
283747318641203 1200
220695151069176370 1281
4522429319884850 1389
300244557513283 853
148920136032661568 1013
283686952309025 884
148637557249356082 1417
72640417360916529 1160
149218168395546946 1077
289655416538993699 952
300244303880484 1049
364810339144176931 893
221556133350024240 1021
148637557031182898 1257
76879159509532994 1193
149217064336376402 959
144964080058376225 1061
144979542210130483 1158
283686953230883 1137
4538926541914449 999
283687154491440 1063
220695151068324388 1136
148637557031252017 1239
300308981956673 994
4522369207185714 1196
72623911532106530 1469
149217064336306739 1354
148920196431688256 1085
284846829278242 1300
76579963211493954 1167
149218168377782848 1122
76579962993455924 983
221260369252921922 1059
76879164074905952 648
76879099144974657 1178
72638209747723059 1224
4522368955396402 1219
76879163822195024 939
76877995320750130 1303
283686953029921 1127
149217064336241216 1176
4538926306967632 967
283686953165090 1181
283751630385715 1067
220977730087497777 1106
76877995556549186 1173
4538926559674690 1064
72919684471788580 1094
283686952306183 447
283743006830641 1227
283686953161492 1183
72639313554321457 1305
4522369190339379 1200
283687204954931 1035
76580027669619763 1087
76877995573396035 1075
299205157593906 1157
284846829278244 1038
76877995320747058 1117
217316347524355107 1190
566317494178595 1322
283751848419875 1231
148637557283041586 1336
4522368954540337 1059
149219332348461392 910
4522369208103489 1111
221260308853891633 1088
148920200508485938 1229
283747317653795 1331
4522433867493952 1180
72639377996525888 1012
72623911532175665 1207
580615457153586 1197
283751882105906 996
4522369173562160 1232
4538990983266369 1131
72623911532109857 1406
72639378249306193 714
148920196431692098 1049
4522433631694897 1272
220977730070586160 1098
149202766372414258 1378
4522369173562163 1063
4522433884336948 911
76580023357809444 1072
283751883096658 602
76579962993455667 1188
292752745123947300 1083
76877995574313282 1095
299205411225936 779
149218168377782835 1249
221556133350027313 1025
283747317654066 1308
4522433632678723 933
4538991235911776 709
283687188963618 1176
144964093195919907 1032
217317451348582704 969
4522368954540580 1002
293895202364662833 860
148920191884075826 1419
566317494182435 1288
221542934898680612 1085
148920196449452354 988
300244539679539 1202
300244539683394 1108
144964088935493938 879
148637557283893554 1250
4538926306111794 1125
283751629464613 866
148920196448534593 1070
217319710736392996 1014
283743023538723 1228
76579967305064995 1227
283751883092788 906
4522433885327713 622
283686953095956 1154
148920136050422066 1297
220977729868472353 930
72638209495999025 1482
76862541994730034 1337
217316347524358177 1083
76579962992468787 1105
148637557031317810 1265
566265937728033 1088
283687154556963 1049
221542887637197347 980
148637557283959347 1254
76579962993258560 1040
283751882109234 1112
283687188112179 1129
144977278510571825 1230
72623916096565297 1201
862094746460450 1199
283747553452594 1220
144979542210126642 1259
4538990983266641 991
72638213807677730 1351
283743023538738 1250
72623859975655969 1248
72623911533027633 1217
4522369173565489 1340
148637557031380005 994
76580027922268225 1127
299149306176035 1151
4522433867497809 950
293035323907121457 961
283687188111907 1333
217318555407888690 964
283687171334435 1237
283747571282497 1024
76579963212411201 1213
144979551087247682 860
299140480442915 1267
149218168377786433 1059
76879099363148113 993
76580027670540866 1178
4522429572530256 1002
299140734005568 1064
76877995557539921 807
283751629460773 828
72638209748709954 1053
72638209731870800 788
76580027905425730 1099
76579963211424304 1386
144964088900952626 1136
76579963245110323 1080
149217064336372547 1101
148920200726655552 1121
72639313555239218 1210
300244539683137 1154
299140716241456 1389
4522369191260466 1281
76580027923185986 1023
300244540666434 1084
300244557443650 1046
4522433885258064 904
144964080058373141 976
148637557250339136 1092
76879099145044033 1075
221556133350027570 1188
580619987919409 1271
76580023358734416 974
566265937728019 1147
580619769749794 1335
4538926542901344 728
144977278509719842 1370
283687172255793 1083
299140480439328 1013
283751630451251 1042
283687154553891 1056
76877995321602626 1219
4524628343137075 1069
76580027669619749 845
76579963228270913 1179
76580023357812785 1408
221557237174251827 1074
220695151068321058 1028
72623911533097266 1115
283686953095713 1238
4523528831512640 1177
220695151068324387 1266
148637557030393121 975
76580027670544449 1088
76862602393760307 1282
76862597847072848 916
4538926559674705 911
283687171265314 1444
148638716907365156 1143
148637557031248691 1317
72640481819898162 1088
144979542227824946 1033
4522368955461938 1180
220697410456920868 1017
293600528936608563 989
566317494178592 1226
76580023357812786 1380
144979546522861633 924
144979486393250098 1070
76862602158813490 1375
580615458136883 1138
300309216834114 1063
76580027669623619 1028
299140481364017 1334
284790977860385 1106
72639313555308609 942
283687204954659 1151
220697410456920883 1111
300308981953089 1050
72638209747723044 1175
283687204951331 933
76579962993452084 1026
72623920391532593 1109
283687171265300 1325
436867933182104854 541
144964032796889620 999
76580027670544721 977
299205411229777 653
293896306188103729 909
76580027669619762 1115
149217064335388993 1265
4523472980091442 1252
144979486358708784 1145
76877995574313297 953
4522368955396417 1086
580615457153329 1211
4538926541914177 1162
76579962993254690 1518
4522369173566003 1099
300244303880482 1256
149219328035799105 1063
283686952306194 712
293317902891819556 1038
76579963211424305 1528
300244304864293 872
144977283040485938 1229
148637557031383603 1155
283747553452593 1344
76580027905425745 987
148637557031314212 1297
144964032629051666 721
76877995321737795 1117
283687154422291 1408
72623911532172321 1143
4522369173496368 1416
283747318571570 1291
299140481426227 1120
76862541793337635 1238
283751865262898 1231
72623859975656480 950
72639373683863873 1158
4538990983263043 867
148637557283959362 1097
4538926558757458 892
283743022686241 1323
283751883027009 966
4522368954540851 975
300244522840128 1134
149219332348530769 855
283686952308756 756
283686953030692 854
144977278510572082 1288
72640473195488048 1173
144978382552117312 913
144978382569877824 910
149202766372417600 1014
72623911532172323 1209
72906486020444960 1046
220695151068324901 927
76879159509529396 939
289655416538993685 847
220977730070589761 1077
76879164073988177 856
299205157593905 1191
72638209495077921 1252
283751882105893 830
217304261722186275 873
300308981956930 961
144980641721754416 1078
4522368954540322 1135
283686953096228 1007
72638209748713794 981
299205158580801 1111
148637557031248434 1399
72623859975656212 1190
144980641721754404 1125
283751630316081 1227
76579963010163492 1095
72640482038067763 1013
221556133350024243 1135
283687171269170 1310
580615457153314 1394
149202766372417586 1256
72623911533031473 1057
76864796869403428 994
76580027922268739 994
283747317653794 1461
72623911532110386 1241
76877995321602369 1261
300244557513026 985
76579967523234609 1300
72906486020444962 1162
283751629460758 701
283686952309267 1011
144964032831430946 858
300308982018882 982
221260308853891632 1001
293600542074155571 847
148637557266195236 1257
217318555373347376 919
220695151069176627 1162
283686952309539 1031
4522369207185986 1030
283687172186416 1152
76579962992465188 926
76579963212411200 1162
76879099397685570 1040
4522368955458355 1118
76580023358734401 1161
76579963229254210 1187
4522369190342977 1210
283687171334963 1099
148920200726655553 1185
148637557283041843 1238
4522433631691826 1035
76580023610458177 1149
566265753112850 815
76580023610454579 1134
72623859975656227 1113
4522369173496355 1301
72638209730883890 1301
4538991236895073 634
144977278509716512 1132
72639313572016434 1231
76877995320750131 1158
283686952306192 528
4538990984184144 962
283686953161749 1016
283687154553892 967
76580027922264898 1083
148637557031314226 1347
149218168159613249 1169
4523528831509299 1187
217304252896452641 838
293317902707204386 931
299140480442401 1340
76579963245113922 1074
580615457153828 1066
76579963245114179 1059
300244522836529 1434
76580027669623091 1179
144979486358708771 1325
283747570298929 1185
862099259597347 1017
148638716907365169 1335
76879159510454368 713
149217064335388978 1289
4522368955458354 1189
148920191885062721 1233
4522368954540067 1003
72639373684781377 1115
220695155599090468 1145
145258753486427168 1071
284790961017363 1100
148637557031248433 1369
293600537561018674 938
76879099363144243 1227
76580027670540851 1127
72623916097483073 973
283743006830898 1217
76580023375507762 1282
299140480439329 1183
76579963246031425 1247
1425040387281941 696
289658728194581027 876
76579963212415056 925
76580027669619764 957
299205158584642 972
299140734005554 1261
72638209730883633 1232
4538926306108465 939
580615457149988 1030
221558341199016512 928
72623859975656225 1187
4522368955462195 1071
283686952309013 756
149202770685079872 1006
283747570295603 1092
283743023538736 1202
72639378249236816 736
76579962993324338 1257
4522368954540579 1149
283751630316067 1291
72639313537478977 1192
283686953161762 1154
283687205938213 854
1143565410571296 841
283743022683157 861
220695151068323874 1139
1131466470855444 816
4522433885258065 883
4538926558753602 1032
72639313319305521 1380
283743005840160 1359
72623911532106516 1369
144977278510707251 1136
300309233680721 824
4522429319885121 1249
283747553456449 1086
72640417344070179 1364
221260360410342195 1257
148637557031182626 1363
300244557509442 977
299140716245041 1387
76879159510516305 1002
76579963211428146 1334
217316347524358691 1217
221558341199016513 1070
72639378231476289 975
149217064336306753 1230
217317451347796001 1063
283686953030688 786
72623911532109858 1386
72639373684781362 1272
299140481429810 1227
76579963246101074 864
220695151069180210 1207
72638209495081251 1438
4522368954540324 951
300304670212418 962
144977278509719587 1225
283686953030178 1138
283687154425904 1106
283747318641218 1041
283747318640946 1199
283743005840162 1374
283751629464371 1015
76879163822264401 858
580615457149986 1182
72623911532172320 1087
76580023357813299 1304
72639313318518817 1182
72638209730880035 1270
217317455861719587 1083
72638209496002609 1337
4522368954540594 1008
72623915861549361 1197
148637557266198834 1333
292752745106252066 1101
283687204951318 687
862090433863985 1177
4522433631695683 899
144964080058372899 1242
72638209496068674 1125
300308981953090 1107
76879159510516306 952
580615457153315 1301
283751647159076 1027
566265937728034 1173
148638716907369026 1163
149202775231840321 985
283686953029920 1044
300244304732977 1197
300244303881253 845
862090433864227 1196
72640482072609090 879
76579962992468273 1156
76877995321737810 1014
148920196449452368 836
4522369208173123 895
4522373485306675 1076
76579963246100802 1023
76580027670544706 1113
283686953029908 1014
4522369174483265 1205
283747318637348 1153
300244557443635 1098
283747335348771 1312
76862602157961265 1316
149219328035795764 1003
300308981035828 879
4538991235908178 802
72919684471792163 1369
4522368955326754 1394
4522369207186228 941
72638209495937088 1026
217319710736393008 934
283743022686242 1260
144964032813735969 842
4522368955528003 836
148920136050422081 1048
4522369190343234 1194
144977278510637603 1327
299140733088322 1119
76877995557539936 721
76862597846147890 1378
283691483075620 1018
220695151068321061 821
76863645801325091 1146
72638209747726899 1175
4522429572530241 1149
4522369173496370 1393
144964080058376226 1089
566317511876898 1217
149217064335385650 1221
300308981887296 1064
149219336878375491 920
76862606705573953 1151
300309233680706 934
299140717228338 1208
4522433632678708 905
862090433860644 899
144979542210126643 1213
76862597846151474 1487
300309234667601 649
76879164074975329 538
4522368955326769 1293
300244303877409 880
72640473195491906 1089
4522369208169282 993
299205411225922 822
76879159510450513 1025
148637557031248676 1174
72638209495933488 1270
72639373683860274 1260
217316347542053411 1143
76579963245965618 1323
148637557283042100 1107
148637557267182145 1129
72623859975655970 1225
76580027669623347 1252
220695151069307956 1067
148637557030396195 1245
283686953231155 930
283747317654308 1129
4525727854764836 852
148637557267182131 1206
221260360410346035 1261
217317451348652081 881
148920135831334961 1040
149202775214993984 1056
72640477508153650 1176
220695151068324131 1222
76879099144974642 1281
283687154491939 1245
148637557031248689 1341
862090433863971 1243
144977278509720114 1250
76877995320750401 1170
4522433632547137 1271
4522369190343219 1169
73201159448499234 1123
72640477508153665 1117
848891982517027 1056
283691466232596 1201
4538990984253778 814
4522368972235556 914
76580027669622833 1251
4538926542897489 969
300304670142785 1143
148637557284025154 1058
72639373684851025 893
283751629460771 974
217316347524358706 1123
76862602158882881 1110
4522369191329857 1059
299140733088307 1139
148637557031383875 984
4523528831509296 1209
283747317653809 1265
283751882961202 1053
72639378231472691 1040
221260360410345793 1111
72920788296016176 1152
221260308669276450 959
4522429319885378 1166
144964084371107889 906
72639377996595265 971
76579963229254195 1211
220696255093875248 1147
300309216837969 951
72639378231476546 927
4538991235908176 876
148637557283041858 1112
148637557030393110 715
283687155409186 1198
580615458009137 1226
149202770685079873 1094
76877995573392193 1135
299140717232208 831
148637557249356097 1264
299140733084467 1094
76580023357809457 1383
72639373683863601 1215
76579962992468258 1275
220977730070589504 943
76877995557536081 917
76879103658111539 1207
283743005844018 1356
72638209495081764 1217
4538990984249923 867
283686952309524 1017
148638661055947312 1179
4522433884340818 851
283751883096643 827
144964080058372884 1231
299140734075202 920
4538930836877889 1148
283743022683171 1106
4538926307029555 1189
72638209495933475 1396
76879159510520161 707
300244304868148 951
148637557030393122 1005
300244304732721 1393
148920191885000769 1036
4522429320802625 1229
4522369173565490 1250
221260369034752306 1142
76862606470558002 1275
76579962993320498 1389
299140733088050 1267
285894784455444 862
72623915843919905 1354
283743259476033 897
148638716907368497 1348
299140734071361 1097
283747553452579 1235
4538990983263042 988
144964080058373154 1063
148637557030393120 847
283743022683172 1004
4538930836877888 1090
293317902908665905 939
4538991235912033 676
76879099380908354 1074
72640473195488036 1169
144978382333944113 1253
283687172186417 1182
144964032796889634 934
72639378231472706 1068
4522429320802610 1332
148920136032661810 1343
76879099380977745 818
4522429319881520 1190
76580023611441488 955
76862602393764162 1064
76862597846147889 1434
148637557266199106 1198
300244539679524 1168
149219272218919234 963
148920135831265570 1271
221260360410345778 1310
72623859975656484 950
72640417344070194 1275
220696255093875235 1181
76879159510454353 882
149219336878375505 852
144977287335453219 1185
144979542210126640 1062
72640417378611506 1099
144977278510575665 1082
4538990984253793 667
76579963211493440 1120
76862597846147876 1230
283686952308753 868
144977278509716501 1012
148637557031380019 1108
283743259472178 1063
76579967506391587 1286
4522368955392562 1281
283743258485298 1219
72638209495081522 1295
149217064335385652 1032
221260308870737969 1022
220695151069180225 995
76579962993320753 1244
300308981035314 1165
283687189029425 1237
300244539679537 1278
76579962993389874 1302
283751883027010 944
217316356350091811 959
4538926306967617 1109
76579963211428161 1264
283686953165362 1105
283743022687012 1015
149217064335389492 1151
76862597847134785 1250
76877995573395521 1178
4522373485306674 1150
72623920374686257 1200
220695155599090482 1197
76579962993320497 1359
283687171334948 1075
580615458005552 1261
220977730070586161 1235
300309216834113 1082
300304669225010 1353
4522433632547122 1255
4522369174483250 1265
299205158518849 1046
4538926307033425 975
299140716245056 1228
76879159509533251 1065
283686952306193 663
283747571286353 715
300308981887282 1161
76877995556549171 1196
76580023358800209 1004
299205157593907 1041
76862597846147891 1320
283686952309010 1000
149203865884042020 1129
221558341233557826 873
4522433631695426 1118
76862602410606657 1046
148637557284029010 889
76879099363144257 1266
220695151069110819 1205
76862597846147888 1390
283743006761250 1478
4522433867497552 990
4522433632612929 1212
148920196449521745 801
4538990983263040 965
148637557250342977 948
300309216837697 966
4522369208169283 919
300244304798514 1196
76879164057141840 857
580615458140466 1230
72623915844772144 1189
217316347524358435 1172
4538926558753601 1044
148637557284028995 938
148920191884996929 1154
76877995320750915 1080
144979551052706370 969
144979546522792242 1079
283686953161506 1271
72638209495999026 1354
144978382552117569 998
72919684471788579 1198
220695151069111091 1101
149219272184377922 1292
299205411229792 591
283687155409200 1106
283743005843761 1384
148637557031314227 1285
149217064336240960 1171
848891982517012 1019
76579962993254962 1293
148637557030393125 851
76862541792616481 928
148920136032661553 1245
148920196431691856 853
284790977860372 1143
4522369174483264 1165
217304248584639267 940
76579962992465189 784
149217064336244801 1069
4538930618708274 1099
148920196196741441 1256
149217068866155059 1235
76879099363144258 1244
862090433863728 972
144979486157316386 1190
364810339144176933 791
299140733084465 1200
76877995320747057 1147
283686953296948 755
283751865266754 1044
221556133350024229 959
283691449455380 1048
220695151069110577 1205
144977278510641473 1041
4538990984188000 744
300244304666915 1282
76580023358796339 1151
221556133350027314 1058
144977278510703396 1156
76877995321668147 1291
72623920409227570 1000
148638716907365170 1244
76579963245110322 1147
4522433632682563 920
72639373683863616 1089
76879099363147856 975
221260369252921921 987
283743023673650 1159
148920191884996914 1326
580619987919408 1250
72640473195491378 1224
144977278510703411 1234
283747318571555 1387
283751883096386 864
300248817803811 1277
292752745106252338 1067
300309216834112 1034
76862541793407025 1052
72639373683860260 1157
72623915844772130 1397
220695151069114417 957
4538991235911761 846
72638209496068402 1331
76879159510520146 873
72638209748644146 1164
4523528831509284 1056
283687205938227 949
300308998730291 1022
72920792809153059 1230
300244304732722 1321
364810339144176918 688
220977730105127218 1163
4538926558757201 984
76579962992465174 637
283686952306195 774
144977278509719843 1368
4522433632678722 1017
72623924669653539 1195
76579962993254947 1294
221558341199016514 1052
76862597846151731 1244
76579962993390146 1108
283687171334434 1374
144978382552113714 1325
283687172252209 1161
72639378248319041 970
862090433860643 1007
4522433632547136 1191
4522433632682578 887
73201159448499236 1007
72638209495077920 1226
300244540600626 1155
566317494181936 1118
148920135831265585 1191
76579962992465187 967
72638209747723058 1342
220695151069110832 1141
292752745106251824 756
220977730088350016 918
4522369208103475 1162
144977278527414819 1326
220977730070585891 1358
283743022687027 1046
300244540670289 808
72639373684850753 1007
73189060508783380 927
283743006765120 1054
76579962992468516 1143
283686952308757 678
76879159509533266 970
149218168159682625 1055
221260369269768257 858
567417005806356 1045
72623911533093426 1177
148637557267182146 1139
72639313319305507 1246
221557237174321217 893
300308982018883 886
76579963212415041 1056
283687171331108 1102
72623916079718961 1233
76877995573395793 1060
299140480439331 1057
283687154557475 1190
4522369208173138 800
148920136032658225 1315
220695151068321060 987
72623916097483072 830
220695151068324916 970
145260961134027042 1144
76580027905421875 1245
76579963211490096 1228
149202775214993986 1078
221559496562062146 1051
4522429573513552 908
144964032796889621 774
76877995574313296 946
144977278510571824 1214
4522369173565746 1261
217316347524355104 944
76579962993255216 1141
300244303881268 811
148637557249421875 1192
299140498137635 1256
4538990983266626 1029
580615458005296 1254
300308982022738 809
72640473195491634 1325
149218168158826545 1124
283687205942083 767
220695151069245746 1228
283687154422560 1238
300248834646834 1199
148920200743501889 1081
76580027687318067 1154
144977283040485923 1159
72623920374686258 1296
283686952308754 880
144978382569947201 860
300304670208563 1131
293895202364662834 988
283687155413041 1029
149218168377786448 922
293899665088328500 775
4538926306964019 1102
148637557283038260 1109
148920191884079667 1340
76877995556552784 1095
76580023357809459 1256
76877995574379090 937
76879099380908368 952
149219271982985522 1065
220695151069307941 997
76579967523234611 1241
283686953161507 1227
220695151068323876 963
76579963229188417 1199
300244304864308 891
4522429573513538 1002
149218168377786690 1134
148637557267185729 1008
76862602393760321 1235
292752745106252324 1048
145258753486427172 1130
365092917944328225 724
283751629464099 1251
300304669225024 1092
300248834646833 1210
148637557030396452 1166
300304669221681 1182
148637557031186496 944
566317494181922 1210
580615458136882 1179
283687154422304 1329
283743258485283 1205
300304669221682 1210
148637557266199091 1420
144964080058373153 1065
4522368955392804 1022
284846829281585 1201
4522429572530513 966
72639378231472705 1120
221556142175760947 939
76580027670610242 1066
4523528831513154 1161
300244304736562 1235
76580023611445329 727
580615457149987 1131
4523528831512625 1362
149202766372417585 1255
300244540666419 1150
148920191884079154 1306
148920196196741426 1379
299140733084452 1016
72638209731866945 1075
284846829278229 963
220977730070585906 1284
76862541994733889 1110
4538926306112066 1045
72623859975659553 1012
4522429320806465 1142
148920191884079168 1127
217316347524358948 1079
4522368955392547 1350
4522369208172866 965
300244539683379 1267
76879159509532752 944
76580023611445344 620
76862541994733632 1092
76862541994733617 1262
221260373547889203 990
283687155409201 1085
4523528831509297 1270
76862602411524433 860
300244539679538 1289
76863701669589041 1208
4522368954540323 1060
72638209747726914 1131
76580027670475058 1325
300309216837954 934
149217064336244816 840
149202766372417842 1281
283743006827043 1320
299140481294640 1387
220695151069176612 1150
76862602411524418 1017
148920196195889201 1290
72623859791040787 984
76579962992468772 1080
144977278509720099 1383
144978382333944112 1129
148637557249355840 1181
4538926542897474 1055
299205157597490 1224
4538926306111809 1058
283751630451508 912
220977729869193520 952
148637557031182640 1273
300308981035843 943
4522433884340546 1057
76579963245110309 907
144977283040485936 1095
72638209748644160 1097
283751883092803 867
299205411225937 795
144979546522792257 1076
144977278510572067 1262
149202714631348514 1006
72623859975659568 860
284790977860387 1168
72623911532106529 1325
299140734071347 1020
221558341215862849 953
221260364723007808 942
149217064335388736 1077
299140481298496 1085
283743023670067 1075
72640473195491377 1215
72639373683864130 1166
4522433885323843 846
76579962992468515 1237
292752745106252323 1136
76862602393760322 1193
72623911532175393 1278
300244556526388 957
4522369207182388 867
283687189095218 1169
300244304732707 1411
299205410239042 944
293035323907121456 887
4522368955527988 852
283743005843504 1339
4522433631695668 955
293600528936608561 953
4538990984184145 907
4538990983266370 1034
220977729869193508 1061
72639313319305520 1228
72638209496064819 1245
4522368954540836 981
144979551069552705 832
283747318505776 1293
283686953099569 989
364810339144176932 805
283743005840163 1308
4538926541910579 1117
148920200726655554 1145
72640473213186354 1137
4523528831512897 1186
283686953030420 1009
76862597846151232 1251
76877995320747045 882
300308982022723 925
300244304798500 1133
283686953161764 1037
4522433884340289 1089
76862602158813505 1220
72639373684851010 1002
72623911532175408 1047
76579963246031426 1149
4538926306111539 1059
4538926306108466 1022
76579962993324081 1261
72639377995673649 1258
149202766372418099 1246
76879099144974643 1205
72623859791040800 763
72623916079722560 891
72638209748713809 893
76862542011641905 1197
148637557030396965 917
4522369191260481 1248
72638209730880050 1283
76579963211424306 1518
72638209495081779 1229
148637557031252274 1252
299140734071362 1037
217319710736393011 1012
4538930836877875 1055
283687205872435 1078
144977278510637617 1272
283687154422306 1404
300244557509443 922
283747317653537 1305
283686953227299 1086
4523528831509298 1200
148637557249352227 1377
72638209731866944 1052
72919684471791921 1268
76877995557536066 1048
76580023358796354 1169
149218168377782850 1233
283687205806627 1207
72623911532175395 1230
72919684471792420 1147
76579962993452069 864
4538926306111552 956
72906486020444948 1077
283687204955188 892
299144793039138 1240
4522433632616513 1078
293317902891819568 885
72919684489486883 1313
76879163822195010 1119
144977278510571810 1343
220977730070589746 1256
72623859975656469 888
144964088900952611 1076
144964088699560226 1056
300244556522546 1127
4523472980091427 1211
4538926559674704 911
72639377996525874 1233
4538926307098946 1024
148920196431692113 896
76580023357809456 1282
283686953095714 1221
76579962992468259 1268
283743022683170 1170
4522369173565504 1114
76579962993254705 1351
148637557249355825 1306
148920191884075825 1401
76579963228267300 1202
76879159509529410 1082
283687188108322 1270
293600528936608548 1023
580615457153843 1066
283751630385458 1148
299140481430082 1085
72639317832442403 1371
300308981035586 1117
148920191884079682 1248
72640482054914113 947
1143565410571285 744
76580027670475073 1266
4522368955527731 1048
4524576786686499 980
148920191885062722 1223
149217064336306754 1337
217316347524355108 1075
283687188112164 1196
76862602393763905 1093
283747317654051 1369
76862597847068992 1223
283687154488084 1119
76877995320750658 1275
283686952309796 846
4538991235908163 774
285946340906020 953
144978382568960049 1122
221556133350024241 1085
283686952306198 546
148637557267116352 1185
148920200726655539 1205
217319715048206385 891
221556133350024244 1006
299205158584385 1037
283687189029426 1169
283751848419888 1261
1143565410571298 975
283686970004501 844
148637557267116353 1115
4522368955392817 1225
144964032796889633 857
300244557513298 754
76877995320750643 1269
72623859992502305 1181
283751882109491 1055
283747571216690 1124
4522433884340561 934
293600533248421937 974
72639377996525889 1117
300244304732964 1062
72638209730883648 1135
76862542012563521 1000
220695151068324130 1320
283743023673907 1052
76580027922264897 1064
300244539682865 1328
73201159448499233 1126
76877995320747060 992
283686952309781 841
4522373468463651 1245
220695151069111088 1000
72623915844772145 1220
72623916097552449 779
76862597847138626 1139
4522369173499953 1433
283751882109763 898
4522368955330624 1042
289655416538993697 832
300244540600640 1094
72639373683863858 1295
148637557266198849 1242
283686953296933 789
217318555390193713 936
283743258488896 1008
289657624186593570 847
149202714832810033 1089
300304669221668 1043
4523528831512882 1304
148637557030393124 990
300308981035571 1137
580615458140723 1130
283686953296676 976
144977278509716515 1290
4538926542901329 862
220695151068324659 1217
300244303881011 1039
4522429320868417 1180
283743023673922 910
4538926558757443 957
300244540600641 1062
217316347524358449 1045
221559505186472258 875
4522368955524148 874
144979486358708785 1237
283687189098802 1127
144978386847080995 1229
76579963211424291 1488
149219328035795778 1133
293317902891819569 999
76877995556549185 1288
283686952309011 1031
4538926306963776 1232
149219328035799106 1044
149218168377782849 1230
4538926558757186 991
4522368954537252 773
300308981887297 1150
293036427915108899 1100
72639313319374897 1220
76862597847068993 1265
283743023542336 941
217316347524355093 959
148637557266195249 1410
580619987919410 1273
300244556525874 1171
76879159509529411 1051
148920135831265584 1016
220695151069176355 1397
221260360410345522 1138
299140716241457 1439
148637557031248419 1453
76579963228270641 1429
220695151069311811 976
4522433631691828 833
299140480439317 820
148637557030393123 1056
4524628343137074 1133
283747571286338 857
76580027905421888 1219
4522433884336962 1035
144978382552117297 1132
283687154556961 1155
292752745106251809 914
4522429573513553 907
364810339144176930 860
149219328035799362 1165
220697410456920882 1135
220977730088350017 1001
76877995574382945 685
4522433885327441 769
366234271379301413 725
220695151068321057 985
144977278510706994 1218
148637557266198577 1409
76877995573392180 970
300308981035329 975
72623911533093425 1269
149202714815963684 1101
580615458071089 1451
144979550834536754 1064
76579963229254209 1240
4538930836877890 1115
283686953096213 878
72639378249236817 732
220695151069311539 1169
283751629464100 1135
4538990983263041 959
300244304867891 1062
144964080058373156 1055
72623859975655955 1285
221260364723007809 1005
283686952308768 722
283751882105908 906
72639373683863602 1292
848891982517025 1070
299140716241458 1318
148920136067199282 1261
220695151069176625 1281
862090433860629 819
76862602393760320 1204
76580027669623604 1036
289659879262659364 787
299145011208752 1337
221260369252921907 1124
76862597847134786 1170
283687154426161 1191
217316351836954914 1028
76862541994730032 1312
72906486020444963 1198
285946340906005 897
76580023358800194 1144
299145011208739 1241
221559509699609155 818
72638209495081507 1478
221559496562062144 853
217319659179942435 1029
217319723873940019 840
72623859975659810 1137
4522433632612930 1218
221556133350024242 1117
72919684471788578 1291
149217064336241203 1213
289655416538993700 882
292752745106248993 876
364810339144176929 817
148920191884079425 1347
300244522836528 1320
148637557030395939 1096
292752745106252081 1033
149219272184377920 1070
76580023610458434 1033
292752745106248995 954
283686952306196 767
72623915861549347 1238
76580023611441489 885
76579963211493682 1367
283743005843490 1453
76580027670475072 1237
4522433867493954 1048
149217064335389235 1328
284790776467987 947
4522433632682306 955
149218168395546961 882
283743258489153 1034
4538926541910592 1229
144964080058376754 1048
72623916079722802 1113
149219272184377907 1229
283743258485297 1271
76879163821342785 1094
283747318505777 1321
72640482038067777 1076
4522429320872001 1209
76877995321668161 1299
149202766372417857 1177
220696255093875250 1205
4522429319881508 970
148637557031252289 1120
283751848419890 1243
148637557030396980 961
300304670212161 996
72638209495937073 1197
221542934898680627 1125
283687154556976 968
283743005844003 1409
220978885433631538 1266
4538926559740498 903
580615458005297 1310
300308982018868 906
299140481364274 1306
76580027922268754 869
285946340906018 1042
4522433867497537 1173
283687154422305 1365
283687171331093 979
76580027922264884 1011
300244303880497 1064
283751865266739 1054
149219328035799377 925
283687205872420 1069
4522369173500225 1249
149202714815963683 1268
72640473195488049 1253
217319710736393009 992
76580023358799937 1140
283747553456192 1045
4538926542897488 927
220695151069176369 1256
149202770685149249 1005
4522369173566018 1053
285946340906019 1072
72639313555239233 1068
76877995320750387 1242
4522368955327024 1160
76879159509532737 1123
148920196431688243 1143
144964084370186273 1194
217304248584639252 1007
299140481430067 1038
220695151068321059 1042
144964080058376739 1216
72623859791040789 757
149217064335389250 1218
300304670208578 1078
220695151069114432 804
299140734005569 1163
4522368955524147 950
4538926559740483 893
292756104006476580 837
283751865266482 1234
4522433885327698 729
4522368954540080 900
4538926307095348 850
4522369191326274 1117
220695151069307955 1131
149219328035795779 1133
293895202364662835 965
76862602158813504 1118
283687188111922 1215
283691483075619 1138
4522429337579826 1267
283743005840148 1248
293317902891819570 1088
76579963228271155 1232
145259857309868065 1043
76579962992465185 878
149202770685079858 1223
76580023357812800 1277
217319710736393010 1054
300244321575716 1046
580615457153058 1333
76879159510450512 1025
148638716907368498 1276
72906490332258337 1153
566317494181921 1327
284846829278241 1138
76877995321606209 1127
299140481426226 1204
4522369190339377 1293
76579962992468003 1098
76877995557536080 908
148637557266195251 1340
289644417110905620 706
4522368955326755 1248
283686953033761 1021
72638209495999011 1479
149202775214993985 1117
283751629464628 803
580615457153057 1367
76879099363148098 1186
293035323907121443 1061
300244522836530 1422
283743259472192 926
76579963228267314 1412
283687172256050 1027
72638209495081008 1185
76579963229188416 1206
299140481298481 1309
300304669221680 1206
289655416538993696 730
76580027670610514 901
72639313555239232 1080
72639313537478962 1311
148637557249418020 1176
76579962993254691 1375
144964088682783010 1121
72638209748713537 969
4522368954537238 522
220695151069179953 1074
361994485553632277 631
283686953030432 1009
149202714850505010 1053
4538926307095363 957
148920191884996928 1142
299140480439332 1006
4523528831512626 1236
76579962993386291 1279
283687205942068 835
283747570295602 1220
76877995320750386 1305
283686953033776 784
149217064335388979 1273
4522369207185971 1097
283743006827057 1401
72623911532176179 1184
217316347524358178 1084
72623911533097281 914
292754952938398243 921
283687204951332 889
72919684471792435 1110
76877995573396050 922
283687171268641 1393
217316347524355105 1096
4522373267137059 1085
4522369208169268 915
4538926558753588 827
72623860010197282 1157
149202775249535298 930
284842517467936 1216
299140733088065 1115
148920196449452369 890
220695155380920867 1186
72623911533027618 1310
76579963228270898 1384
72919684471788577 1213
283751882109506 1072
4522368954540065 1071
283687188108309 951
148920191885062707 1245
283686953029906 1176
4538926541910593 1265
144964088900952625 1046
299140480442659 1292
580615457153072 1186
283751629460772 881
299205157597762 1029
72640482038067776 970
72906438758961683 968
292752745106251810 1026
76862597846151218 1337
76580027922268497 983
76579963245110324 1042
76579962993254704 1326
76877995574379075 938
221542934898680625 1050
148637557249421362 1271
364810339144176928 658
76579962992468001 1148
566317494178593 1286
221556133350027328 875
283751630316082 1239
76580023610454593 1113
283686952310053 713
300304670212433 876
220695151069246018 1079
299140733087793 1311
221558340997624114 1074
149218168395616337 834
144979546521940017 1099
144964080058372896 1191
365658075713053219 843
76862602411524432 847
4522369190339378 1262
300304670142770 1287
72640477507301425 1245
283687204955173 810
72638209747726385 1333
76862541994730288 1255
72919684471791650 1357
76579963246101059 984
283747317650465 1172
148920196431688258 1184
72639373684847155 1213
148638716907365168 1228
148920191884079153 1352
76879099144187953 1044
144978382569877825 1046
220695151069242148 1261
76580027905421889 1270
76580027923255634 821
76879164057141842 910
292753848930410786 923
4522433884340803 919
149217064336241218 1216
283747570299443 1161
149217064336376387 1096
4538926306964032 1172
299205410242897 852
283691483075618 1119
72623859993420080 891
580615458005282 1466
72638209496064818 1239
300244304798515 1196
284790977860386 1238
220695151069246003 1168
149202766372414244 1278
580615457149973 855
283747553456434 1182
220695151069110834 1235
283687154553888 968
72638214025847345 1343
4538926307033153 1205
300244304802355 1157
217319719360803122 964
144977278509720356 1252
300244522840370 1249
4522368955462210 969
4522368954537250 869
148637557031182627 1334
144964080058376240 842
221556133350028084 1088
148637557031183152 1120
148637557030396194 1314
4538926306111537 1202
283686953030435 1029
72623911549804834 1226
221260364723007794 1278
283747317650467 1182
4522369190339364 1100
148637557250339122 1227
72623911532110129 1265
300244303877410 983
4538926541914192 1083
299140717228353 1129
299140716245313 1293
149217064335385649 1215
72623859975656481 1051
76579971818201892 1002
76879159509532738 1090
76579963246097219 1003
4522368955392819 1178
149202714815963698 1127
144979551052706368 918
149219328053494082 986
300308981035057 1185
76879163822195025 997
299140480442930 1317
283747318505762 1389
300244303880754 1108
221542939210494001 953
283687154491682 1322
299205175292210 1211
149218168159613248 1128
283747553452592 1228
72920788296016163 1278
145540228463137813 858
283743259476048 704
4522429572526656 1178
848891982517024 983
4538926306964034 1136
221542934898680624 969
76862541793337634 1248
4538926541910594 1197
76877995573392195 1003
144977278509720371 1216
221556137662624050 1033
299140480442403 1228
283687188108324 1128
76863697357775664 1250
285942029095700 1102
221556133367722547 1113
4522433631691825 1007
4523528831513139 1180
4522373485306660 1010
221556133350027585 1076
72623911532172309 994
4522368955327283 1013
283687171334177 1202
144977278510641458 1233
144978382333944098 1376
76580027923251779 857
148637557031183155 1091
4523472980091440 1118
299140481360433 1402
221556133350027827 1238
4538991236898928 444
148637557284028738 1096
283687155413056 769
283743006827058 1322
148637557249418034 1244
149202766390112562 1128
144979542210130226 1209
72638209496068659 1195
72639373684781376 1111
283751865262884 1136
283687154422561 1338
72623916079722545 1115
144979542210129970 1073
76579963229258065 948
148637557283959361 1165
283687154488096 1252
148920191884079410 1462
149219336878375504 827
76879164074905938 723
76877995321668162 1230
4522368955327268 981
221556133350027571 1162
72919684471788565 1000
4538990984249937 886
300308981031988 874
283687154491425 1263
76580027905421890 1209
72638209495077909 992
284846829281313 1278
217304248584639253 835
76579963211427889 1449
292752753931985700 957
76862606688727616 1143
283687205938228 872
283747318637362 1271
72623916079722817 1005
300244304666928 1214
299140480442402 1369
580615458071090 1391
72625011043734292 1161
283687172256065 898
293600481675125283 899
76879164057145440 674
76879164057145697 730
4538926306108464 956
4522429320806480 1017
4538926558756929 1167
149219336895221841 774
293317902891819555 1116
148637557249352241 1482
72638209496002881 1211
148920191885066305 1078
144979486358708786 1213
76580023610458192 928
217318555171954978 1070
283687154557747 932
300308981956945 854
4538991236895072 651
283686953030176 1077
4522429320872273 972
76862541994730289 1373
283743023604273 1330
72639378231472704 1062
149217064335385651 1183
283686953227285 987
283687171334691 1227
72623911532175907 1348
144978382552113713 1349
299205157597505 1167
300244556522547 1066
300244304802098 1223
580615458005539 1282
76862541793337649 1096
144979542210129984 930
148920136032661825 1091
76580023358730546 1374
299205157597233 1282
283747318575410 1263
72638209495080995 1246
72623859993420081 1014
283687189029411 1341
76579963211490099 1201
76862597863846194 1336
284846829281827 1344
72639373684785232 782
283751882105907 1010
300309233677108 901
4522368954537249 829
862090433863970 1292
299140481294641 1443
144964032796889619 1037
4522433631691813 732
220696254892482850 1099
149217068647985458 1170
76862597847072833 1125
293895202364662821 876
148920135830544417 956
149219336878375506 916
149218168395546960 872
1143565410571299 936
848891982517026 1023
221260360410345536 936
76877995320750144 1133
76579962992468016 937
292752745106248992 756
284846829281570 1339
148920136049569841 1277
283687154426146 1290
300304669225009 1288
148638661055947313 1304
4538926307099203 910
4522369208037682 1194
293319053959897892 1028
220695151068324644 1220
283743006765105 1202
300309234664018 767
283743005840161 1516
148920136032658224 1149
72623859975655956 1165
76877995320747059 1089
76862597847068978 1285
4522429319884864 1246
148920196431691841 1052
72638209495933232 1348
221260369252921920 913
300244304868163 909
221260364722155569 1277
299140717228352 1133
148920136032657955 1408
76879099380908369 1000
220977729869193507 1166
4522433867493953 1198
76862541793337648 991
72919684471791664 1197
72639373683860275 1189
283751630250274 1257
4522369191330114 1033
76580027669619761 1059
149202774996824370 1171
76579967523234596 1156
76862542029271346 1152
299140716241443 1361
4522368955392561 1300
149217064336372546 1182
283687188111650 1250
144978382552117554 1183
149202714815963697 1153
148920196431688257 1211
144977278509716513 1206
566317494182178 1346
283747553456177 1247
148638661055947299 1340
76862542012494144 1127
217304205618123283 725
149219328035795777 1091
300244304732979 1123
217316347524358179 1055
220697410456920880 976
283691264906004 930
220695151068321056 885
300244540666433 1039
76579962992468002 1154
300244303877413 720
76579963246097204 1047
299140480442658 1401
72638209495933490 1346
300304670146625 995
220695151068323875 1096
4522433631695411 1158
144978382569877810 1122
144978382586655026 1075
149218168412324162 1035
283743022686755 1222
148637557249421618 1266
283686953096225 1044
4538991236898913 544
220697358900470307 1096
72638209495077923 1281
144979551052706369 914
293883103424946980 812
72623915861549360 1040
72640417344070192 1216
72623911532106528 1327
148637557284025155 1070
76877995556553026 1198
148637557030396209 1090
4522429320868418 1148
76579962992468260 1024
149219328035799619 1084
72623911532106531 1403
283686953030164 996
72640473195488051 1221
148637557267186001 847
283743006761265 1354
299140481294898 1320
4538991235908177 928
300244303880225 1073
76579962992465184 827
283686953095700 1208
300309216834099 1049
221557237174251826 1116
300244303877398 639
300308981953075 1064
149218168394629185 1096
221542934898680626 1132
300309233677122 992
300244539683122 1282
566265937728032 1084
149219332348461378 1060
72623916079718947 1250
299205410239041 1022
144979546522792256 923
72640477508223041 961
292752745106252068 995
72623916079718960 1124
148637557048091428 1156
76862606723268930 1030
76877995321733955 1038
72623911532110371 1435
149217064336310609 959
148920191884075824 1263
299205157597248 1134
144964080058372898 1254
148637557030396723 1168
76580027922268482 1059
148637557249421890 1095
4522433867497794 1113
220697410456920881 1159
299205158518864 833
144977283040485937 1232
283695778042901 826
299205410239027 1005
299140481364289 1160
149202766372414259 1279
4524628343137060 961
76862541994730019 1394
148920191885066562 1119
72623911532176164 1085
144977278510703410 1269
300244540670274 948
148637557031383860 1065
76862597847138641 978
149219272184377921 1149
76579963229257793 1032
283747318575425 1097
580615458071075 1339
4522433867493939 1143
144977278509716514 1342
300244556522548 923
149217064335389507 1057
144964088917798961 869
299140717232193 991
283687171269155 1326
72639373684785217 995
72640473195491392 1098
76879159509529409 1146
4522368955327026 1185
299140481426212 1060
72639373684847169 1093
300309234667873 535
580615458009152 1040
72920788296085553 1101
300308982022466 942
217316347524358192 872
283743023670052 1094
4522433631691827 938
72640473195488050 1335
221260360410345521 1152
76579962993320483 1467
76580023357813314 1188
76580023358730560 1257
76862597846151489 1291
76877995321733940 1014
144964080076071202 1048
221260360410346050 1098
76580027923186000 870
72639313537475107 1460
283751629464356 1056
72640482038067778 1026
76863697357775665 1289
76877995574382673 928
76863697357775666 1296
72623859992567841 1065
144978382333157409 1239
72919684471792178 1300
72623859791040788 898
4522429319885363 1175
4522369173499968 1209
148637557030395952 1024
72623859791040786 976
72920788295229473 1152
72640417344070193 1315
148920191901774130 1270
283686953099297 1025
144977278510637618 1372
4538990983266898 847
144964084371038498 1116
300248834646835 1166
283751630381874 1229
220978885433631537 1240
148637557030396196 1136
76580027905425473 1106
300244303877412 868
149219328035799634 1031
148637557284025140 1075
283743005843746 1518
299145011208753 1378
283686953095971 1169
4522429572530498 1144
220977729869193521 1100
145258753486427171 1231
4522433884336963 984
4538990984253521 873
72920788296016162 1334
217317451348582705 1031
300244522840385 1183
76862542011576369 1269
283751883092802 901
148920136032657968 1243
72623859975656224 1056
144964080058372897 1226
76580023357813042 1345
76862606688727603 1197
220977730088350002 1140
148637557249421361 1257
283686953293092 853
283743258489138 1190
148637557283038245 941
4522369208103490 1118
76579963211427904 1228
72623915861618737 1000
283687171331105 1161
144980641721754417 1189
221260364723077185 926
220977730087432241 1213
76579962993254960 1314
217316347524355106 1214
220978885433631536 1157
283687189099059 1001
144977278510572080 1155
148637557249352242 1467
149217064336310337 1102
283686953030163 1196
299205157597234 1248
4522369191326273 1139
283751630447653 974
144977278510707266 1003
283743023542321 1144
76579962992469044 911
299140734075217 879
72638209495081250 1479
4538990983266883 888
221260369287463234 891
149218168377786705 981
300244303880483 1125
72639378231476304 867
283686952309012 900
4522369191330129 896
72638209495933218 1479
76879164074905953 665
283743022686256 1116
76580023610458449 964
76579962993455939 940
300244304736577 1095
4522433885323858 849
148920136032658212 1170
72623920156516642 1306
4538991000961346 996
144964084370251809 1014
580615458136868 1096
148637557267116338 1318
283686953231140 1020
148920136032657969 1359
300309234667858 654
283687189095219 1086
4522368954537253 661
72639373683860273 1337
283747318637363 1233
283686953095699 1304
72623859993420066 1138
220695151069111076 1051
283687171265315 1394
220695151068321046 812
283747570295601 1221
862090433863713 1219
76580027670606644 996
144964080058373152 977
72623915860762657 1143
148637557283038259 1150
4523528849207602 1207
220695151069110563 1230
4522368954541108 770
144979542210126628 1128
220977730070589489 1126
148637557031182883 1303
144977282822316322 1234
293600528936608560 854
293600528936608562 1054
72639313319305506 1450
300244304802370 1028
283747317650453 984
4538926306963762 1277
72623859975659825 1025
4538926558753603 944
76877995321671745 1218
76877995321737538 1157
283747318575153 1227
76877995338445363 1165
76579962993320740 1150
144977278510641201 1131
300304670208577 1092
4522369173496369 1465
566317494182193 1211
299140480442416 1207
73482634425209877 789
300304670142784 1150
72623911533027632 1152
144979542210129969 1117
283687154557732 990
76580023357809458 1307
72623911533097009 1077
148638716907369011 1204
283686953293078 687
220695151068324145 1108
149219336912916818 725
76862602393764177 1016
76580027923255649 635
72638209747726657 1097
283747570299458 1022
76862541994730291 1169
566317494178594 1342
283751630451523 906
283747570299186 1255
76579963229188402 1326
76580027669623362 1190
148638660854554914 1114
283751865266497 1081
144977278509719586 1314
283687154491426 1256
4522369207186243 920
220695155599090481 1152
283687171331107 1143
76580023358730561 1354
76862597847134771 1227
580615457149985 1129
149217064335388723 1083
283687172252195 1244
72920788296016177 1182
72638214025847344 1271
76877995321602354 1388
283687171334449 1193
72639373684847170 1082
283686953030677 737
300308981031973 809
4538926559744081 842
149219272201224257 1099
292752745106252837 864
144980641721754418 1190
283743023670066 1145
72639313537475121 1447
284846846976547 1192
4522369191260480 1204
4522373485306673 1241
283747571282483 1023
76580023611441474 985
283687188108323 1213
149217068866155072 1047
148638661055947314 1335
217304248584639265 951
76579963245113907 1255
221556133350028099 1048
4522433649390131 1110
862090433864484 1047
76879099363144256 1217
76879159510450498 1075
76579962993386290 1353
144964032796889632 823
283743023538466 1345
292752745106248982 712
283751630385730 984
283751629464114 1102
283743258488881 1171
299205157593892 961
76580027670606658 1095
76879099144974656 1136
4522429573517408 660
283687171265313 1387
4522368954537251 794
220977729869193506 1222
292752745106248994 962
292752745106252067 1133
149218168159613234 1313
76580027923251794 885
300304669225523 1114
148920136032658227 1287
76580023610454594 1097
283743022686770 1217
144979542210130241 1091
4538926307029570 1250
4522433631695169 1101
72639313537475122 1400
283687204954916 1048
4522369190342962 1345
283687154425889 1250
72638209496002866 1275
76580027905425488 916
862090433864242 1156
144964084371038512 875
862090433860642 1146
292752745106251811 947
299205158514994 1250
283743023538481 1241
283751630447668 943
148638716925063474 1214
292752745106248997 779
299145011208754 1347
299205157593904 1182
76580027670610499 979
283686953099554 1113
148920136050422080 998
4522429319881522 1292
148638716907368754 1370
221556133350027842 1084
72919684471791906 1447
4538990984187985 903
283751630447667 962
4538926559744338 774
72638209747723057 1283
144978382552113699 1307
4538935131845171 1000
148920136032657970 1409
72639373683864115 1176
284842517467939 1216
149202766372418114 1226
76579962993324353 1165
300309234598210 860
76579963246031411 1235
76579962992465186 950
4522433632616770 1121
580619987919395 1213
149219332347609153 991
283747571216705 963
283747317650466 1241
4538926307099218 866
76580027670606659 1005
283751848419889 1279
220695151068324132 1101
76877995321672017 1028
149217064336240946 1342
221558341199016499 1136
300309233680963 875
148920191885000784 842
283687154488099 1247
4522433631695155 1131
300244557377842 1119
76579962993255204 1124
221542943523090738 1018
76877995321733954 1154
149217064336376130 1118
4522369190342705 1329
145258753486427157 966
149217064336240961 1176
221542948036227635 963
145258753486427170 1172
4522368955326768 1269
862090433863714 1200
300244304666914 1379
220695151069110562 1264
4522429320872258 1058
292752745106248996 958
72638209495077922 1241
4538990984249938 846
299205157597747 1041
76579963212411186 1263
76580027922264899 1002
580615458074945 1099
76580027923251793 861
72623859790385169 632
72623859975655968 1137
76879159510519889 929
217597822501065749 878
148637557030396708 1137
283687154422548 1106
221557237173465137 1002
292752745106252852 929
144978382333944099 1255
76879099363147841 1166
300309234598224 807
76862606688727617 1164
148637557030396466 1236
221260360410342193 1250
221559496562062132 1069
580615458074673 1237
862090433860641 1068
76580027670540865 1249
72919684471791649 1350
4538926307033410 1086
220977730070585904 1220
4522429319884849 1359
4538926306112323 847
76579967523234610 1316
293317902926360882 888
217318555373347363 1175
566317494178580 1187
300309234664003 770
72638209731866930 1135
300309234664017 792
299140480442673 1271
148637557031318067 1222
283743258485296 1165
72639313537478705 1293
72639378231476561 833
220695151069110576 1168
4538990983266384 980
148920191884075827 1287
300248834646820 1098
283743022686243 1158
4522433885323857 862
76579963211490084 1057
283743023538480 1268
293895202364662836 929
300309216837712 844
283747571286081 905
148637557249352240 1432
217317451348582691 1117
4538926306108467 930
283751630381875 1117
283686952309269 847
283743259472193 966
76862597846151217 1421
4522368954537248 710
76877995573395778 1107
72638209496064804 1298
300304669221683 1096
4538991235912018 743
76879159510516291 1028
76877995321602624 1187
76579962993258545 1197
221260360428040498 1103
220695155582247459 1193
72919684471791907 1346
220978889745444913 1168
293898514020250163 894
76580023358796353 1272
299140481360419 1338
283687205872434 1085
283743022683168 1087
76862541994733874 1346
4522368954540068 851
72623920374686256 1152
72638209747726642 1365
4522369207182387 985
72623916079718962 1286
73201159448499235 1085
217304248584639264 772
72623916097483058 1115
72638209730880049 1373
221559496562062147 1005
4538926559740497 884
72640477508153664 1039
72623915844841521 1070
220695151068323873 1037
300309233680978 818
300244540670017 970
76863697357775652 1164
76579963229258050 1079
293895202364662832 786
220977729869262897 976
283687172252210 1248
76877995320750129 1286
76580023610454592 1155
300308981035315 1084
4522368955327280 1088
72623859992633377 987
848844721033747 850
4538926306963777 1264
4538926306111538 1167
72638214025847346 1411
72639378249236802 880
299140734074945 972
4538926306111795 1122
149202766372414256 1186
220695151069242162 1277
4538926306112308 853
72623911532172324 1092
148637557250342992 798
862090451558947 1144
72623920374686243 1257
148638716907365171 1232
4538990984184130 1024
300244303880740 1068
76877995320747056 1053
149202770684227633 1211
72639373683860272 1213
76862542012494130 1230
284846829278243 1174
293897410012262706 913
283686953227300 1074
300244556526146 1052
4522368955396145 1247
300308981031987 993
73201159448499232 1003
76579963211490098 1324
148638716907368769 1260
221260360410342180 1229
283743023604274 1293
283751629463842 1232
76862541994730033 1385
299140480443187 1122
4522429320802624 1335
220978885433631539 1221
76879164057145425 880
76579963245113650 1302
283687205941811 971
4522429319885106 1358
221557241687388723 1109
283687204951333 811
221260308888432946 1027
76580027669623090 1257
217317451348582690 1152
293037578983187236 991
76579963245114164 1100
300244304736305 1159
300244556522533 829
149218168159613235 1179
299205158515009 1131
220695151068324402 1131
4522369173500210 1363
4522433885258050 924
283747570299201 1061
144978382552113712 1281
221559500873875521 888
283751865262899 1164
4522369207182373 794
76879164057141827 916
72623859791110177 769
76877995556552769 1228
283743023604259 1298
4522429572526658 1018
72623911533031488 873
580615458005554 1207
4524628343137072 1093
72638209495080993 1445
220978885433631524 1172
283743006830913 1075
149219336660205890 911
144964080058376482 1236
283751882109748 921
220977730070586163 1248
76877995320750900 1074
220978833877180963 1115
148637557267185986 1051
283686953165347 1159
4522369207182386 1065
148920196196810817 1097
284842517467938 1357
293035323907190833 891
72623915861549346 1319
4522369173562162 1217
300244522840113 1352
284842517467924 1171
76877995321602368 1247
283691483075605 922
580615458140738 1047
299205410242625 995
283743022686498 1402
73201159448499221 935
72640473195491649 1167
76877995573392194 1111
284842517467937 1320
4522369174487120 809
76580027923186001 928
283686952308755 830
4522368954540066 1068
4522429319881521 1245
283687171268913 1218
144978382334013489 1113
4522429319881523 1174
217304248584639266 978
300244557443649 1078
149219332348461393 869
144977278510575680 916
76580027923255377 793
4522429573517393 788
283686953095969 1116
144980641721754419 1176
217316347524358434 1170
299140716245298 1358
144977278509719585 1286
4522369173562148 1034
283686952306197 678
4522369174487105 1015
300308981031985 1097
4522433632612915 1216
283686952309282 993
299205158584657 834
72638209495081265 1304
221260308853891619 1260
72638209495933233 1438
144979542210126641 1264
144964080058376497 1058
299205410242640 869
72919684471791651 1187
72623859791040801 851
283747570295588 1065
284846829282084 1108
149217064335385637 967
300309233677123 928
1143565410571300 848
221559445005611571 1013
148637557031182896 1264
300244303880996 1067
4538926541914434 1131
300244556526403 923
72623911532109872 1133
76879099379990593 1147
283751883026995 1036
365940697462874916 730
76579963228267315 1288
299140480439330 1162
283686952309268 941
72638209730883905 1178
72638209731870785 948
221260360410342192 1100
76879164057145682 792
283686952310038 609
4522368955524133 758
580615458074930 1222
220696255093875249 1162
221260308853891634 1162
148637557283042115 1035
299140481360434 1354
283687154553877 788
217304257209049378 904
300253129614116 967
144980646033567793 1113
148920136049504305 1314
283687171268898 1383
4522433631695154 1239
73202263271940129 1005
149217064335388721 1164
148637557030395938 1221
292752745106251812 868
148637557031318082 1176
148920200761196866 991
145246654546711316 988
300309234598225 735
149217064336372532 1099
283687172186402 1298
76579962992469029 901
76862602411593809 736
149217064335385648 1104
76579963228271170 1231
148638716907368512 1167
76877995321606224 948
76579962993320755 1214
144977278509719600 1134
220977730070585905 1314
4538926306112051 1066
148637557031380020 1018
72623911532175651 1311
72638209748709939 1108
283686953029907 1172
283747571282498 972
144979551052706355 1013
220977730070586148 1169
299205410242882 927
149202779509961267 1110
148920196196741440 1179
76580023357813057 1374
76580027669623105 1195
76862597847138369 1161
4522433884336961 989
72638209495080994 1376
283747571216704 927
4538926559744353 662
76862606688727618 1138
283687189099074 970
300309233677121 946
144979542210130498 1045
76579963211493939 1251
300244522836515 1374
862090433860640 951
76879164057141841 904
221556133350027315 1058
148637557031186481 1212
284846829281571 1255
76877995574379089 954
76877995321672002 1188
149202714815963696 1040
149219328035799120 867
221557237174251840 884
76862541793337636 1018
149217068866155073 1094
148637557266195250 1416
289655416538993698 953
148637557283038258 1226
221260360410342194 1363
283751865262897 1261
76579962992468004 1018
283687189095204 1101
4523472980091441 1209
284846829282099 1077
144980650346164530 1069
285946340906017 1042
293035323907121444 975
4522429572526657 1200
72638209748709953 1058
144964084371038513 995
144979486375555121 1114
283747317650468 1096
72639313537475120 1345
299205158515008 1175
283747318571569 1411
299140481294883 1323
221559496562062145 946
148637557030395937 1153
149219328035795776 1050
300248616477219 1112
72638209495077924 1140
76879159509529408 1068
72638209748644161 1063
76877995574382930 846
149202775214993971 1195
76579963211493425 1264
4522433632616785 905
220695151069311796 1013
292752745106252580 1074
284846829281842 1187
72638209512776227 1394
149202766372414257 1255
76579962993255219 1115
4538926306108468 788
4524628343137073 1095
283751865266225 1161
72919684471788576 1076
300244556526131 1135
148637557249418035 1215
148920191885066577 980
862090433863715 1117
4522369191326259 1127
365375496745132322 799
580615457153059 1200
300244304864307 1008
148637557030395940 959
4538926307029569 1186
144977278509716516 1160
72639313537478720 1066
220977730088419393 887
4522368954541093 730
4522429320868403 1141
76862542012494145 1121
300304669225266 1370
