72639317832442403 1120
283747570295601 1067
76879159509532994 1093
76580023610458177 1113
283686953227285 1096
76579963211490099 1035
72640473195488051 1069
144964080058373156 1124
299205157593906 1096
300309233680978 1102
72623911533027633 1086
149218168377782850 1078
76579962993254691 1179
72639373684781376 1145
76579971818201892 1074
221260360410346050 1109
149202766372414256 1037
300244556522548 1090
220695151068324131 1105
220695151068321056 1142
1131466470855444 1106
283743005843490 1024
284846829278243 1108
283686952309539 1120
72623911532106528 1072
76862541792616481 1102
283747317653794 1108
299205157597233 1033
580619987919410 1064
217316347524355107 1057
283743006827043 1070
289655416538993696 1098
72640473195491649 1097
300244304867891 1103
283686952308757 1116
72639313555308609 1119
76579963010163492 1090
76879159510516306 1085
76580027670475058 1091
299205158580801 1114
300244304868163 1146
4522368955392547 1117
1143565410571299 1028
217319710736393010 1059
580615458005296 1160
149217064336240961 1115
220695151069176625 1108
299140733084467 1111
72623911532175393 1053
4538926307029569 1079
76862541994730291 1077
283686953227300 1072
76579962993324081 1068
4522369174483264 1084
299145011208739 1122
4522433631691827 1160
148637557249421875 1091
220695151069176370 1125
283743005840148 1134
76580027670475073 1120
144964088682783010 1078
300244522836528 1107
76879099380908354 1121
300308981956673 1090
145258753486427170 1110
72639373684785232 1150
283743023538466 1150
4538926307033153 1102
300244304666929 1103
76579963211493426 1107
72638209730883905 1109
72638209495081779 1103
148637557031182883 1095
76580023357813057 1116
4522429572526643 1085
76579962993254947 1077
72623920374686258 1098
283687189099074 1093
283687204951318 1153
72623915861549347 1087
283751848419888 1199
285946340906018 1114
220695151069110563 1101
149202770685149249 1092
283687189029425 1137
4522369190339379 1140
4522369173496355 1097
76862597847138626 1073
299140481426227 1057
4538935131845171 1116
72623859975655969 1079
72638209495077923 1128
283686953165362 1058
76879163821342785 1153
76877995321668147 1056
76580023358800194 1105
566265753112850 1148
283743005843761 1146
76579962992465185 1085
4522368954540594 1102
220695151068323874 1167
76579962992468772 1071
848844721033747 1068
283743023538736 1125
4522369174483265 1089
283743258489138 1077
220695151069176612 1075
4538926559744353 1069
221558340997624114 1129
283751883026995 1120
300308982018883 1138
148637557249352242 1107
299140734075217 1130
300304669221681 1143
72623859992633377 1130
4522433631695411 1094
76879163822195010 1082
283686970004501 1147
220697410456920880 1103
292752745106252068 1181
76879103658111539 1066
72638209495937073 1057
580615458071075 1087
148637557031186496 1115
72640473195491378 1074
4522433867493954 1087
299205158584642 1104
144977287335453219 1112
148920200743501889 1073
220978885433631524 1108
76579962993254690 1058
76579963211428161 1085
72638209731866944 1033
299205410242640 1140
220695151069110576 1060
220977730070585905 1037
76862606688727618 1114
148637557249421362 1100
148920136032661810 1088
149202770685079872 1049
76877995557536080 1104
283687189029411 1140
72623911532172324 1075
149218168159613248 1137
4522368954537249 1117
4522429337579826 1104
149217064336306753 1101
300248834646820 1083
76579963246031411 1168
72638209495077920 1104
148920200508485938 1172
289655416538993698 1133
72623920374686243 1078
145540228463137813 1098
1143565410571298 1109
299145011208754 1111
72638209495933218 1107
144979542210126640 1133
220697358900470307 1041
144964088917798961 1124
284846829282099 1072
299140480439330 1066
283743023673907 1070
580615457149973 1163
72640477508153665 1183
566317494182435 1065
4522429319885363 1071
217319710736392996 1112
283743022683170 1123
148638716907368754 1069
4522369174483250 1101
76580023357812786 1105
283747317650466 1087
148637557249356097 1145
220695151068324130 1036
76877995320750386 1089
72639313537478977 1098
283687172252195 1082
4538926542901344 1135
76580027669623604 1154
283751629463842 1041
300308981956930 1122
217304261722186275 1179
72623859791040801 1055
148637557266195236 1128
148637557267116338 1069
221559509699609155 1094
4538926542897488 1073
76862602158813490 1106
72640477507301425 1061
284846829281842 1090
76580023357812785 1101
72639313319305520 1113
148637557249418032 1105
72623911533031473 1145
144978382333944112 1074
300309216837697 1163
299140480439328 1159
72638209730880048 1076
144979542210129970 1104
76580027687318067 1113
149217064335388979 1098
76862542012494145 1090
4522433631691828 1105
144964032796889632 1034
580615457149988 1088
292752745106248994 1112
283686952309282 1003
144964032796889619 1144
76580023610454594 1124
148637557283959347 1085
4523528849207602 1016
76863697357775666 1131
76580027922268497 1088
4522368954537253 1133
283686952309524 1071
72640473195491891 1084
299140717228338 1194
149202779509961267 1056
76579963211490084 1104
148637557030395939 1107
148920196196741426 1106
299140716245056 1150
221542934898680626 1075
300244304732964 1088
283686952309012 1141
76579962992468273 1141
76579963245113907 1082
76863697357775664 1115
149203865884042020 1056
148637557283893554 1117
283743006827057 1105
72623859975655968 1120
148920135831334961 1042
300304670208563 1073
221556133350024229 1089
144978382552117554 1139
72639373683864130 1103
149202775231840321 1068
4522429572530256 1170
217316347524355106 1089
72638209496002609 1072
148637557048091428 1055
4538990983266641 1114
148637557267182145 1162
221556133350027571 1139
4522429320868417 1172
72623911532175651 1122
283687154422548 1135
72639373684785217 1092
4522433867497794 1121
283686953099554 1090
220978885433631537 1130
76879164057145425 1080
300244304666928 1096
4538991235912033 1135
72638209748709939 1062
220978889745444913 1097
300244539679538 1130
72639377996525889 1032
221558341199016512 1089
72623859975659825 1090
217304248584639265 1102
221260308853891632 1101
76877995320747045 1124
220977729869193508 1091
580615457149986 1083
4522369208103489 1139
4522433649390131 1104
148920136032657970 1098
4522368955527731 1073
299144793039138 1136
76580023357809459 1058
283687204951332 1053
283747318571569 1072
145260961134027042 1151
149218168377786433 1072
76580027669623362 1120
72638209495080995 1147
580615457149984 1029
283686953030176 1095
144979542227824946 1140
148920191885066562 1077
72638209747726642 1073
4524628343137075 1091
144964088900952624 1084
862090433863985 1072
76580027922264897 1146
76579963245110323 1084
293317902908665905 1101
220695151069111091 1090
4522368955458340 1034
283751883027009 1082
284842517467936 1106
283687154425904 1145
283747570299186 1066
283743259472192 1154
580615458005554 1078
299205157597248 1133
76877995321606209 1110
4522368955524147 1067
217319710736393011 1142
284790776467987 1108
283686953096213 1145
144978382552117312 1114
283687155409201 1111
148920191884075825 1025
148920196449452369 1057
72638209512776227 1083
4538926559674705 1111
300308981031985 1043
283687172256050 1131
4522368955396402 1070
76862541793407025 1040
4522369190339377 1143
149202770684227633 1129
283751629460771 1065
4538991236898928 1130
76879099363144243 1104
148920191885062707 1096
299140716245041 1050
72623859791040786 1069
148637557283038260 1109
4523528831509284 1074
144980641721754416 1073
293317902707204386 1086
72623911533027618 1103
76579962993455667 1149
76579963211493954 1174
283687205938213 1033
4538990984253778 1111
4522369191326273 1078
72919684471791921 1080
76877995320747060 1109
72640473195488036 1119
144964032629051666 1043
4522429573517408 1056
285946340906020 1063
220695151069114432 1112
217304248584639267 1104
293035323907121456 1082
299140734005569 1109
76862541994730288 1144
72639313537475120 1074
72919684471792420 1061
283743259472178 1145
283687189098802 1088
300244557377842 1052
862090433863713 1104
76579963211493425 1030
149202714832810033 1065
284842517467937 1053
283687154422304 1092
72623911532172309 1155
76580027923251794 1077
144964032813735969 1083
283687171331107 1091
283747318505777 1134
4522433631695169 1084
148920196431691856 1113
72623916079718962 1155
76579963211493939 1105
283687171265313 1128
4522369173500210 1143
580615458005297 1106
299140481430067 1087
300304669225009 1100
76579962992468530 1105
76579962993320755 1048
300309234664003 1136
76877995321733954 1096
76580023358800209 1090
217304205618123283 1073
144978382552113714 1120
283751883092802 1095
300244556526131 1062
4522429319881523 1047
76877995321737795 1115
862090433860642 1117
76879159510450498 1125
283751629464371 1030
283751882105907 1108
4538991235911761 1157
862090451558947 1127
283686953165347 1078
4538926307098946 1117
76580027922264899 1141
221260360410342194 1114
72919684471792435 1134
72638209495080994 1117
299205157597747 1114
73201159448499221 1086
145258753486427172 1058
148637557031248691 1079
293895202364662835 1122
149219272201224257 1145
72639373683863873 1156
217319710736393008 1135
76579962993255204 1066
4522433885258050 1053
4522368955461938 1055
299140481360419 1112
221556133350027314 1093
144977278510571824 1092
72623911532109857 1140
283686953029907 1066
148637557031383603 1148
76862541793337636 1082
283743022686755 1132
76862541994733632 1137
283687171269170 1121
292752745106248993 1046
283743006830641 1117
4538926541910592 1105
76879099363147856 1111
4522369207182386 1073
220977730070585904 1063
4522369207185714 1070
283743258485297 1068
149219328035799105 1024
72919684471791650 1101
4522433631695668 1088
76877995574313297 1102
220695151069179953 1083
4522433867493939 1057
72919684471791907 1073
4538930618708274 1110
72640417360916529 1152
4522368954537252 1090
300244304798500 1131
300244540670289 1026
76580027670540865 1011
283743023604259 1063
299140733087793 1025
4522433884340561 1106
300244303880996 1142
283686952309011 1122
862090433860629 1116
283687154553891 1145
293035323907121443 1151
4522368955524148 1055
148637557030393110 1001
283687154426161 1119
221260364722155569 1147
283743258488896 1119
221559500873875521 1070
4522369174487105 1058
220696255093875235 1125
148637557031182640 1120
72639313555239233 1058
4522368955326755 1126
148637557283038245 1058
76580027670544449 1120
148920136032661553 1128
149218168377782835 1097
299205158584385 1105
862090433863970 1097
4538990983266384 1072
300304670142784 1161
300244556526388 1108
283751629460758 1136
144979546521940017 1128
76862597846147890 1068
283687154426146 1089
283686953030692 1075
149219272184377922 1114
300308981887297 1120
148637557266198834 1098
217316347524355104 1115
148637557031318082 1136
221260360410345778 1102
220695151068324644 1063
76580027670540851 1142
144977278510571825 1077
76580023611441488 1111
217304248584639253 1125
283743005843504 1100
299140480442659 1108
283751882109491 1077
76877995557536066 1157
292752745106251812 1083
293895202364662833 1089
76877995556549186 1178
76879099144974643 1049
283687154557747 1075
149217064336244816 1086
144978386847080995 1051
149217064335388736 1094
221260360410345522 1123
148638716907368498 1136
148637557250339136 1070
148920191884996914 1142
300304670146625 1196
76879159510450513 1092
76877995574382673 1051
300244304732707 1104
300244304732722 1114
144977278509719600 1093
292752745106251809 1061
72638209495933475 1140
292754952938398243 1087
4522429320872258 1080
220695151069110834 1121
283686952306198 1101
72623859975659568 1081
283747317654066 1093
76879159510516291 1084
300309234667858 1148
144964080058373153 1085
76580027670475072 1104
72623924669653539 1085
283747317654323 1092
76877995556549184 1119
299140481364289 1142
148920191884079410 1119
4522368955392819 1120
144964080058372896 1108
283751883027010 1093
144964080058372897 1131
148637557284028995 1103
4538926306111538 1095
220695151069307941 1116
299205157593907 1134
292752753931985700 1127
221556133350027585 1135
283751883092788 1103
283743022686242 1100
4522369208172866 1103
72623916097483072 1113
148637557030393122 1131
72638209496068674 1161
292752745106252580 1070
76580027905425745 1180
4522368955326768 1078
283747317654308 1074
4522369190343219 1116
144964093195919907 1105
76879099363147841 1111
149218168395546961 1086
4522369191326259 1109
283751883096386 1102
300244539683137 1095
72638209495080993 1179
1143565410571285 1071
76862542011641905 1096
72640482038067777 1113
76580023357812800 1148
217304252896452641 1114
284790961017363 1109
284846829281570 1109
221556133367722547 1072
4538991235908178 1069
144979551052706368 1059
72639373683863616 1092
220977730070586163 1074
862099259597347 1070
144977283040485937 1129
72638214025847344 1115
144979542210129984 1108
299205158584657 1113
299205410239042 1103
4538930836877889 1046
72623911533093411 1089
300244303877413 1068
283751630316067 1111
72623859975656469 1109
221542939210494001 1090
72640477508153650 1090
4538926541914177 1090
148637557031183152 1106
221559496562062147 1084
848891982517026 1100
283747570295588 1112
283747317653795 1129
76862602410606657 1100
4522369207185971 1116
4522433885258064 1074
76580023357813314 1014
364810339144176932 1039
149219332348530769 1130
76580027922268225 1072
72919684471791651 1132
76580027905421875 1115
72623859993420080 1113
148637557249418034 1130
283743023538480 1101
566265937728032 1033
148637557031383860 1104
300244539679539 1044
300244557443650 1110
283686953231155 1119
4522369208173123 1060
4538990984249923 1127
283686953095714 1080
144964084371107889 1123
283687172252210 1094
4538926306108453 1053
72638209748644161 1105
76863697357775667 1164
283743258485283 1084
76862541994733889 1145
289655416538993699 1078
72639373683863602 1093
862090433864227 1096
149219332347609153 1035
293600528936608563 985
299205410242625 1126
148920191884079667 1083
76877995556549185 1143
4522429319884849 1112
4522433885323843 1090
72638209495081265 1075
72623911532110386 1071
76879099144974656 1123
300304670208577 1073
217304248584639264 1144
4538990984184130 1143
76879159510520146 1119
293895202364662832 1102
149217064335388993 1114
4522368955330624 1121
4538926559744338 1131
283687155409200 1100
144977278509719586 1161
220695151069307955 1110
221542948036227635 1112
299140480442403 1079
76579962992465189 1097
580615457153586 1118
149219336878375491 1069
221260360410345521 1148
149217064336244801 1100
76877995556553041 1141
283751647159076 1049
283743023604273 1107
76580027922268754 1114
149218168395616337 1088
76580027923255377 1057
300309233677108 1093
72639373683860272 1057
580619987919409 1084
4522433867497537 1071
364810339144176933 1146
144979542210130241 1102
149202714850505010 1131
300309216834114 1120
4538926307095363 1071
300244540600640 1115
4538926307029570 1100
4538990983263040 1107
76579962993254704 1053
76879159509529411 1097
284846829278229 1108
149202770685079873 1091
283743005843746 1093
220695151069176369 1112
76579962993390146 1059
4538926307033410 1148
283751629464100 1117
283687154557475 1181
283743023670067 1087
76862541994730276 1098
72623859791040800 1124
72919684471791906 1094
76877995320750915 1140
221260308669276450 1096
292756104006476580 1058
217304248584639252 1081
283751629460770 1108
72623859975656227 1031
283747317653537 1114
76580027670544706 1136
148920200726655553 1065
4522369173565746 1053
72638209495937088 1079
4538991236895072 1114
76862541793337649 1061
580619769749794 1082
221542943523090738 1117
149202766372417600 1089
149218168158826545 1115
221260360410342192 1064
292752745106252852 1091
220695155599090481 1096
76877995321602624 1106
4538991235912018 1116
72640482054914113 1143
72640482072609090 1066
148637557249352241 1095
217319710736393009 1087
72623911533027632 1080
144964088900952611 1072
76862602393763920 1058
144964080076071202 1062
149217064335388721 1033
4538926558757186 1096
4522433885327698 1100
76877995320747059 1039
148638716925063474 1147
76579962993452069 1076
299140734074945 1114
76579962993255216 1135
580615457153329 1148
4538926306108466 1127
76862541793337634 1080
72639378231476561 1072
293035323907121442 1115
300244321575716 1083
76877995556552784 1095
76862597847134785 1019
300308981031986 1104
221260369287463234 1071
72639373683860260 1067
76580023358730546 1120
4538990984187985 1081
144964084371038512 1114
217597822501065749 1178
145258753486427169 1063
283686953296948 1061
144978382333944098 1058
72623859975656225 1065
220977729869193506 999
283747318575410 1093
4538926306108464 1047
300308982018868 1067
292752745106252837 1210
299205157597762 1056
220695151068324388 1137
283751882109506 1112
289644417110905620 1075
284846829278244 1078
148920200726655539 1119
4522433632612929 1076
283747570299458 1099
76877995321733955 1051
76579962992468260 1086
4523472980091442 1058
4522368954540067 1097
283747553456434 1078
72919684471788565 1076
4522369173496368 1106
283687171331108 1060
580615458136868 1116
220695151068321057 1179
220695151069114417 1059
72623911532172323 1082
72623859790385169 1056
144979486358708771 1076
300244522840113 1153
144964084370186273 1087
144979486375555121 1069
148637557030396723 1075
148637557030396209 1160
72623911532175408 1115
300304670212433 1094
300244303877410 1065
4522368954540066 1073
284846829281571 1162
4522433632612915 1122
73201159448499236 1123
4538926306112051 1029
293883103424946980 1101
76579962993254960 1084
76580027923255634 1115
285942029095700 1050
4522368955392804 1155
148920191885066577 1106
149217064336376387 1047
220695151069180210 1112
76862602393760320 1164
4522433884336948 1135
144980641721754418 1051
149218168159613249 1140
148637557249352227 1128
144977278509719857 1060
283751865262897 1079
221260360428040498 1113
283687205942068 1101
76579963229188402 1149
283743005840160 1081
4522433632616785 1061
4522433885258065 1118
299140481426212 1087
299205411225936 1129
4523528831513154 1151
72638209495933232 1076
283747571216690 1076
149202714815963696 1131
4538990983263042 1087
299205157597505 1054
283743023673922 1116
4522369207182387 1073
72919684471788576 1087
72640417344070194 1104
144964032796889621 1028
148920136032658225 1096
4523472980091440 1064
300244522840128 1099
299205157593904 1118
148920196449452368 1068
76579963246097204 1137
149219328035795776 1095
293035323907190833 1029
4522369173566018 1070
76877995320750900 1109
365658075713053219 1061
72623911532110129 1082
72638209731866930 1100
148637557283042115 1124
300244539682865 1044
76862602393760307 1065
283687189095218 1075
4538926558757458 1078
220695151068324387 1101
149217064336241216 1024
221556133350027313 1081
580615458005539 1094
283687154557732 1115
4522433867493953 1193
148637557267185986 1088
300308998730291 1163
149218168159682625 1138
4522373485306675 1100
149202714815963683 1058
148637557031252289 1095
292753848930410786 1097
148920191885000784 1086
76879099144974657 1098
76862541994733874 1149
220977730087497777 1157
300244304736305 1098
300244304732979 1125
72638209496064804 1093
72638209747726899 1049
220695151069110832 1075
300244303877409 1010
4522429573513538 1053
4522368955327026 1122
148920191885062722 1109
300244303880754 1085
76877995573392194 1102
72639313319374897 1099
76580027670606644 1107
148637557250342977 1103
76879159509529410 1127
76580023358796353 1123
300304669221668 1082
76580027923251779 1122
76580023611445329 1097
72638209495933488 1164
144978382333944099 1077
148920135831265585 1059
283686953161492 1045
76579963245110309 1114
300244522836515 1128
299205410242897 1111
283747570295602 1159
148637557031314212 1040
283687189099059 1144
76862597846147889 1018
76877995556553026 1152
144977278509716515 1151
283743258485298 1047
4538926306111794 1128
220977729869193521 1127
149218168159613234 1099
220695151069311796 1126
144977278509719587 1086
149202766372417586 1106
4522368955327268 1116
76862602411524433 1095
4522368954540322 1171
283687154488096 1119
4538926541910594 1085
76879159510454353 1099
221559496562062145 1093
148637557249356082 1055
283687205941811 1139
72639373684851010 1105
283687154488099 1064
76579963228271155 1104
220695151068324916 1130
148637557266199091 1132
76862597846151731 1073
72623915861549360 1093
149218168377786705 1065
76579963228267300 1119
148637557030395938 1088
72638209747726657 1149
4522368955392817 1138
862090433864242 1164
76579963229188416 1099
76877995321672002 1123
149217068866155059 1027
144964080058376226 1134
148920136049569841 1114
848891982517012 1049
148920200726655552 1114
144979542210126628 1074
299205411225922 1118
148637557031380005 1125
283747317650467 1114
76877995320750131 1138
284846829282084 1156
4522369208169268 1104
283691449455380 1081
144977278509719585 1160
299140733088050 1141
76879099380977745 1114
299205157593892 1105
76580027669623091 1133
283687154556976 1085
148637557031248676 1104
76877995574382930 1116
76580023610458449 1079
221260364723007794 1119
566317494178593 1121
144977278510706994 1111
148638661055947312 1132
293035323907121444 1105
221558341215862849 1026
72638214025847331 1127
148920191884075826 1122
72919684471788579 1118
72623859975659810 1075
299140481360434 1085
299205411229792 1130
144964080058372884 1061
283687189095219 1084
72623911532106529 1125
292752745106251810 1051
72639377996525888 1048
299140481294883 1115
283687171268913 1095
148920191884996929 1149
300308982022723 1124
4522369191330114 1089
220978885433631538 1146
4522429573513553 1086
144964080058373141 1100
293600537561018674 1175
4522433885327713 1110
221558341199016499 1081
72623916079722802 1059
149217064336240946 1109
144977278509719843 1128
220977730070586148 1062
76879164074905938 1083
149217064335389507 1148
144979542210126643 1126
72623911532110371 1116
284846829281585 1128
76579962992469044 1099
283743006827058 1070
76579962993455939 1059
862090433860643 1075
72623920409227570 1075
4522369173562148 1080
299145011208752 1040
72920788296016176 1130
149218168377782848 1044
76579962993258545 1028
4538926306111795 1150
300304670142770 1100
72625011043734292 1066
4538990983266898 1076
283687154491954 1131
300244304732977 1091
283747570295603 1116
72623916097483073 1169
148920191885066305 1068
299140734071361 1074
4522433632678708 1070
4538930836877890 1084
300244539679537 1115
72639373683860273 1123
72640417344070179 1125
4522369191330129 1116
221556133350027328 1115
4538926306111539 1109
4522433632678722 1130
221260360410342193 1083
4522433632547137 1103
72638209748644146 1106
76879099380908369 1021
221556133350028099 1106
148920136032661568 1119
72640417344070192 1076
144980641721754404 1120
300244304666914 1053
220695151068321060 1036
72920792809153059 1112
76862597846147891 1076
217317451347796001 1079
4522373485306673 1134
4522369173499953 1104
76877995321672017 1100
4523472980091427 1099
4522429319885121 1108
148920196195889201 1132
144979551052706369 1123
148637557250342992 1079
76879099144187953 1128
72639373683860274 1108
149202714815963697 1075
292752745123947300 1091
580615458071090 1115
283687205872435 1107
72639373683863601 1100
76879163822195025 1087
283747317650453 1116
76579963229254210 1115
76580027670606659 1086
76580027923255649 1104
76579962993386290 1074
76877995556552769 1104
73189060508783380 1062
220695151068321059 1089
72639373684781377 1063
4523528831513139 1137
144979546522792242 1116
72623916097552449 1064
217316347524355108 1045
300308981953075 1097
72639313554321457 1057
283751630385730 1137
300244304732721 1060
72623911532106530 1093
299140481364274 1096
580615458140723 1098
283743006765105 1145
76579963212411200 1085
283686953095971 1160
300309234598210 1137
4522433885323858 1145
300304669225024 1103
72639313537475122 1142
4538990984249938 1132
76877995573392195 1060
1143565410571296 1109
283687204951333 1143
72906486020444960 1034
299140481294626 1067
76579967523234609 1046
220977730070586160 1118
72638209495077921 1115
221556133350027315 1111
149218168395546946 1104
144964080058376482 1134
220695155380920867 1101
283687154422305 1079
76877995321671745 1115
293035323907121457 1124
76580027905425473 1049
566317511876898 1068
299205410242882 1139
292752745106252066 1123
300244557509442 1073
283687171334434 1151
299140480442915 1144
72623920374686257 1049
145258753486427171 1087
76579962992468259 1089
292752745106251811 1158
76580023358730560 1101
76862541994730289 1030
283743023542321 1094
72623915844772145 1091
220695151069311811 1090
299140498137635 1094
4522368954541108 1108
293897410012262706 1092
148637557031182896 1140
144980654859301427 1078
76877995321602626 1133
220695151069111088 1097
220695151069110577 1095
283747553456192 1130
283747317650468 1075
76580023357809458 1082
283686953029908 1039
299140733088065 1105
72623859992502305 1075
283743022686241 1100
580615458074930 1082
283687172186402 1089
220977730105127218 1064
293319053959897892 1080
283686953161762 1096
580615457153828 1100
76580027669619763 1115
144977278510641473 1133
300308981035586 1127
221260308888432946 1121
4522433631695155 1122
220697410456920883 1118
72623911532172321 1103
293896306188103729 1088
217319723873940019 1195
72640482038067776 1076
300304669221683 1089
300244540670274 1113
144979542210130498 1104
72623860010197282 1097
144964032796889633 1119
72640482038067763 1110
72919684471792163 1033
144977278510572067 1118
76877995320747058 1103
283687204954916 1124
580615458140738 1045
76580023358799937 1077
4522369208103475 1116
283687171265314 1047
144977282822316322 1109
4522433632678723 1120
148637557030396466 1100
4538926558753588 1114
144979542210129969 1093
283686953033776 1120
217318555373347363 1116
580615457153058 1159
76862597847138369 1071
217318555171954978 1098
149202766372414257 1094
283743023670052 1155
148920196431688258 1108
283686953029921 1092
76579963211490098 1110
76862602158813504 1068
76579963212411186 1126
283687154422563 1106
283751630451508 1086
293317902891819570 1086
4538990984184145 1078
148637557030395937 1147
148637557249421890 1129
72623916079718947 1133
283686953029920 1108
149202766372417842 1111
148920136050422080 1113
72639313572016434 1127
4522368954540580 1114
76879164074905953 1136
72623911533093425 1071
76580027923186000 1124
4538926559740483 1099
149217064336310594 1090
76862542012494130 1121
293600533248421937 1022
300248834646834 1066
221559505186472258 1113
283686952306194 1107
148637557267116352 1097
72623859975655970 1133
4522368954537238 1113
283751865266739 1116
300244522836529 1068
72623911532175907 1030
4538991235908177 1069
220696255093875250 1066
76879159509532738 1144
221556133350028084 1108
299205158515009 1114
72639313537475107 1088
76877995320747056 1151
76877995320750643 1128
221556133350024240 1123
220696255093875249 1089
72623859975656224 1064
76862597846151746 1096
4522369191260480 1080
4522368955327283 1132
283687154491440 1047
4538926306964019 1035
4522429573517393 1094
72638209495081250 1081
292752745106248997 1103
283687171265300 1101
72638209731870785 1080
76877995574379090 1132
148920191884079682 1129
283686953161506 1085
283686952308754 1118
76580027669623105 1134
76579963229258050 1090
148637557250339137 1106
4522369174487120 1109
149219271982985522 1067
300309234667601 1106
283687171334948 1096
72623859993489457 1135
300308982018882 1116
148637557266198577 1156
76879163822195024 1112
149202766372414244 1083
221557237174251827 1068
144979551069552705 1097
72920788296016177 1073
293600542074155571 1072
148920136050422081 1054
76580027669623347 1061
300309233680721 1102
4522368954540324 1152
217317451348582690 1172
221557237173465137 1080
220977730088350016 1110
299140481298481 1054
283686953095713 1081
4522429320806465 1095
148637557284029010 1086
148637557266195249 1099
76579963211493440 1149
149217064336240960 1127
300244540666433 1061
283751630447668 1077
217316347524358435 1112
221556133350027827 1159
283751629464356 1152
4538926306964032 1084
283687154422306 1149
144977278509719842 1144
76579963211424305 1086
72623911533097266 1129
217318555373347378 1064
283695778042901 1133
148637557031182898 1099
220695155599090482 1130
217316347524358178 1124
300248834646833 1056
76863697357775665 1070
76580023358796339 1151
580615458136883 1132
221260308853891633 1108
580615458136882 1147
76862597846151232 1143
283686953030677 1144
283743006765120 1175
72623859993420066 1074
566317494178592 1046
4538926306111537 1075
4522368955326769 1134
149217064335389250 1132
221558341233557826 1056
292752745106252595 1135
76877995320750144 1043
580619987919408 1090
566317494182450 1090
292752745106252338 1109
283686953030420 1085
4538926306963777 1084
148637557031248689 1091
284846829281827 1111
148637557030393125 1093
283743023542336 1056
283751883092803 1124
300309233680449 1079
72638214025847346 1143
72623915843919905 1143
217316347524358434 1066
283751629464114 1148
148638716907368769 1129
293600528936608562 1121
149202766372414258 1095
76862542012563521 1110
289659879262659364 1158
862090433860644 1121
4522433632682306 1088
72640477508223041 1195
221559496562062144 1084
283686953095700 1088
76879164074975329 1134
76579962993320497 1062
300244540600626 1104
283743005840163 1144
72639373683863858 1065
299140717228353 1118
300244556526403 1087
283686952309268 1144
299205158514994 1064
221556133350024243 1098
283743022686256 1134
283687155409186 1079
283686952309525 1063
848891982517027 1128
300244303880484 1064
148637557031380020 1116
72639313319305506 1078
148638716907369011 1084
285894784455444 1081
220697410456920868 1156
300308981953090 1094
76879159510516305 1129
76879159509529409 1120
220977730070586161 1079
300308982022466 1113
580615458005282 1142
220977730070589761 1120
144964080058373154 1088
300244557443649 1059
149219336660205890 1119
300309233677122 1101
283751882105906 1040
217316347524355105 1123
76879159509529408 1093
76580023357813299 1098
76879159509533009 1068
300304669225538 1076
283743006761265 1061
300244304798514 1132
283687154553888 1094
221260360410342180 1081
76877995320750387 1059
148920196431691841 1051
220977729868472353 1129
76877995321737538 1062
4522429320802625 1083
149217064336372547 1119
72919684489486883 1133
300244539683379 1127
283743259476033 1101
293317902891819555 1087
72623920156516642 1110
72638209495081251 1032
149217064335385637 1090
72638209495077922 1076
144979486393250098 1073
149218168412324162 1151
144979542210130483 1130
144964088935493938 1083
283751629460772 1171
72638209730880035 1076
4538926306108468 1091
76580027923186001 1091
217316347524358449 1089
220977730088419393 1134
284846829278241 1107
283747571286081 1114
220977730088350002 1130
285946340906019 1171
76862602393760321 1076
76862597846147888 1126
144977278510641201 1079
283686952308756 1083
149219272184377920 1103
148920135831265584 1068
4522369208037682 1098
4538926307099203 1044
283687188112164 1103
4522368954540068 1092
4522369173496369 1138
72623915844772130 1110
221260369269768257 1101
4524628343137074 1065
299140716241458 1123
76580023610454579 1102
299140733088307 1043
76580027670540866 1076
76862602411524432 1106
4538926559674704 1089
144977278509716514 1072
221542887637197347 1091
580615458074945 1175
364810339144176930 1088
76877995573395793 1087
580615457149987 1081
72639313537475121 1156
283743022683168 1108
76862602158813505 1112
4522369207186228 1118
76580023611441474 1111
76877995321602368 1039
4522368954540065 1129
1425040387281941 1130
283751629464628 1122
76579962992468516 1121
580615458009152 1103
300244540666434 1096
283747553452592 1145
72640473195488050 1055
299140717232193 1104
72623911532175665 1054
283751630316081 1131
72638209730883633 1050
148637557031252274 1088
72623916097483058 1105
221542934898680627 1165
283751630385715 1122
4538990984253521 1160
4522433867493952 1111
292752745106251824 1109
148920191885062721 1108
283686953296933 1091
4522369173496370 1124
76862606470558002 1076
4522368955528003 1091
149219328035799120 1041
4538926541910593 1079
283747317654051 1022
4522429573513552 1073
580615457153315 1128
283751882109234 1087
72638209495999025 1120
4523528831512626 1151
72623915860762657 1066
4522369173565489 1047
300253129614116 1065
220696254892482850 1125
283686953029906 1099
148920191885000769 1131
566265937728020 1021
4538926541914192 1078
221260308853891620 1134
283686952306196 1075
72639373684781362 1058
221557237174251840 1103
4522369207182373 1120
144964032796889634 1127
72623911533031488 1143
76579962993452083 1115
4522368955396417 1108
283686953161764 1086
76879159509532752 1092
567417005806356 1045
300308981035571 1102
4522429572530498 1135
72623916079718961 1163
283687171334435 1165
283747571286338 1151
283751865262899 1135
72638209495077924 1117
76579963228267314 1110
72639313319305521 1083
221556133350024241 1106
148637557030393124 1104
4538926558753603 1131
4522369190342705 1013
4522368955327024 1103
580615457153843 1121
148637557031182626 1057
4522373267137059 1083
220978885433631539 1119
144964080058372898 1137
72638209748713809 1121
148920135830544417 1132
221542934898680624 1118
72638209495081507 1143
283686952310053 1071
289655416538993685 1112
72638209747723044 1112
221557237174251826 1093
220695151069245746 1083
300244304864308 1071
4538926307099218 1072
72638214025847345 1047
76579963211424306 1064
300244303877398 1098
283751848419890 1038
283687171268641 1176
4522369173565490 1164
283691483075605 1088
289655416538993700 1066
300308981035329 1074
4538926307029555 1095
144979546522792256 1124
300304670146640 1058
299140481426226 1136
283687189095204 1094
299205410239027 1098
300244557509443 1105
4538926306967617 1107
76862597846151218 1152
283686953096228 1146
217316347524358948 1116
220977729869193520 1137
76879164057145697 1122
4522368954540323 1073
283686953293092 1072
4538926306967632 1163
76579963245114179 1076
76580027670610514 1127
4522373485306674 1127
72638209496002881 1121
300308981953089 1081
72920788295229473 1078
144977278510572080 1138
221559496562062132 1058
217319715048206385 1114
76862597846147876 1157
300304670212161 1117
76579963246031426 1098
4522368954537250 1083
4538926323806771 1045
364810339144176918 1138
4522368955327011 1074
4523528831509298 1098
284790977860386 1105
4538990984184144 1075
148637557249421361 1158
300244303877412 1079
4522369208173138 1068
284842517467924 1173
217316347524358177 1130
4523528831509297 1113
76580027669623090 1106
4522369173565504 1153
283687205938228 1084
292752745106248982 1122
76579962992468003 1064
72639313537478720 1091
4522368955462195 1109
149219336895221841 1103
283686953099569 1082
4538926559740498 1069
72639378249236802 1083
72638209496068402 1123
72623915861549346 1089
72623911532176179 1045
566265937728019 1118
299140733084466 1072
293895202364662834 1072
4538991235908163 1151
144964080058376739 1127
862090433863728 1116
283687171265315 1108
148638716907368497 1138
76579962993320483 1067
580615458071089 1080
144977278510637603 1095
220977729869262897 1034
76879159510519889 1096
300244303881011 1103
283743022683171 1102
220695151069110562 1106
72919684471788577 1116
299205158580802 1139
4538926558753602 1173
283743006761264 1098
300309216837712 1126
76579962992465187 1187
76863645801325091 1058
76579963229258065 1069
144977283040485923 1120
149217064335385651 1072
76579967523234596 1073
217318555373347377 1099
148637557283038258 1111
149217064336306754 1086
144979486358708785 1040
4522433631695154 1066
72623911532106516 1153
220695151068321058 1077
149218168394629185 1126
4538926306963776 1151
283686952309796 1165
4522433884340546 1137
72640417142677794 1099
76862541793337635 1055
72638209730883890 1087
283686952309025 1122
299140733084452 1135
293317902926360882 1118
283747318640946 1047
4523528831512882 1046
283686953030163 1065
76862541994730033 1084
148637557031248434 1158
299140480443187 1154
283687171334177 1142
149202766372417857 1100
76579963246101074 1124
217320810248020772 1069
300244303880483 1165
76862597847072848 1068
299140734071347 1107
72623859791040788 1070
144979546522792257 1142
300244304736562 1164
76579962993455924 1131
283687171334449 1106
283743022687012 1121
76862606688727603 1093
76579963211424291 1065
4538930836877888 1069
283751882109763 1084
4522429320802624 1013
144978382333157409 1131
221556133350027842 1131
76862606688727616 1087
76580027670610499 1102
76580023610458434 1084
217316347542053411 1162
293600528936608548 1069
4538926307095362 1112
76579963228270641 1116
76862606705573953 1079
76580023358734416 1106
299140733088322 1109
149217064336310609 1108
144980641721754417 1102
148637557031248419 1094
287045852533781 1097
76877995321602354 1104
72638209748644160 1060
4522369191329857 1107
283686952309269 1123
300308981956945 1082
148637557249418035 1102
144979551087247682 1079
300309216834113 1085
300244303880482 1144
4522369173562162 1042
221557237174321217 1103
148638661055947299 1050
4524628343137073 1152
4522368955330609 1135
148637557031314227 1081
148637557030396980 1072
4522368955527988 1122
144977278510637618 1129
72640473195491377 1080
283751629464099 1118
149202775249535298 1135
76879099363144256 1105
283687155413041 1115
221557237174251841 1114
1143565410571297 1095
289658728194581027 1126
580619987919395 1111
293600481675125283 1063
221260364723077185 1182
4522433884336961 1057
149217064335388722 1094
76579962993390131 1071
283686953165090 1168
221260369252921907 1106
283747570299201 1113
4538990984249937 1061
76580027922268739 1107
149217068647985458 1065
217316347524358179 1107
4538926306963762 1118
217317451348582705 1031
566317494182178 1107
220695155582247459 1126
283751630381874 1156
149219336878375506 1093
148637557284025140 1084
72920788296016163 1131
76877995320747057 1114
283747553456449 1068
76579963229257793 1146
300244557513298 1075
148637557031182641 1097
148920191884079153 1092
72638209496064818 1126
149218168377786448 1087
76579962992468016 1047
149217064336306739 1104
217316347524358963 1178
148920136049504305 1044
76579967523234611 1094
148920196431688256 1034
73201159448499234 1122
220695151069242162 1100
4522429319881520 1161
220696255093875248 1077
283687171334963 1108
72639373684847155 1091
283686952308753 1075
220695151068324659 1091
300244303877411 1060
299205158580787 1124
148637557030396194 1089
76579963245110322 1046
283747318571570 1168
283687205872434 1093
76879159510520161 1069
299140480442673 1137
4522369173500225 1105
72639378231472706 1097
300308981887282 1175
148920196431688243 1172
4522429319884850 1110
580615458005552 1121
283751630385458 1083
76579963245113922 1153
283686952309267 1119
4538926306108465 1092
76579963229254209 1065
148920196449521745 1056
4522377780273956 1122
4538926558757443 1108
4522433632682563 1102
144977278509716512 1120
148637557031380019 1098
217316347524358706 1120
149202775214993971 1146
4538926306112066 1085
149217064336372532 1083
148920191884075827 1098
4522368954540836 1078
300309234667873 1111
4522369173499968 1120
144977278509720114 1133
283687204955188 1072
72639373684847170 1122
299145011208753 1021
300309234598224 1034
76580023611441489 1070
144979542210126642 1122
300244304798515 1147
72623916079722817 1096
4538991236898913 1019
148637557283038259 1058
566265937728033 1071
76580027923251793 1074
4538990983266369 1099
284846846976547 1078
300244303880497 1110
220695151068321046 1088
144977278510575665 1115
283751865262884 1094
72623911532110114 1046
72623859992567841 1079
283687154491426 1068
221559445005611571 1125
283747318637362 1129
72623859791040789 1058
149219328035799377 1087
300304669225010 1075
4522433632616770 1097
76862602158882881 1088
364810339144176928 1072
283686952308768 1070
4522433631691813 1120
4538990983263043 1066
76877995573392193 1106
300244557443635 1108
76879164057141827 1127
299140717228352 1111
76862541793337648 1107
72638209731870800 1035
76879164057141842 1091
148637557267186001 1073
148637557283042100 1197
149219328035799619 1073
217317451348652081 1154
76877995573395778 1162
283686953161749 1083
4522368955392562 1053
862090433860641 1060
220697410456920882 1074
4522433867497809 1096
293898514020250163 1135
283743022683172 1126
300244557509428 1130
72623916079718960 1102
217317451348582704 1083
300244303881268 1073
144977278509720099 1084
4522373468463651 1115
148638716907365169 1086
72639313555239218 1146
862094746460450 1143
4522368955392561 1090
283687171334691 1072
76579963228267315 1122
76580027669623619 1085
220695151068323888 1110
283686952306195 1124
220695155599090468 1092
283747318575153 1128
283686953096225 1061
566317494181922 1152
217318555390193713 1069
283747318637363 1061
72623911532175650 1087
144979486358708784 1059
283686952306192 1123
72640482038067778 1060
76862597847068992 1101
283751630451523 1089
4522369208103490 1077
76862602411524418 1130
300304669225523 1060
299140480439331 1064
76579963245110324 1113
220695151069110819 1089
283747317650465 1113
72639378249236817 1131
221260369252921922 1032
361994485553632277 1075
4522429572530241 1057
4538926559744081 1084
220695151068324901 1044
72623911532175395 1080
148637557267182146 1017
148920196448534593 1114
217316356350091811 1130
72639378231472704 1097
300309233680706 1089
221260369034752306 1163
144979546522861633 1139
72638209747726914 1111
76862597847068978 1085
144978382552113699 1064
283751629460773 1072
4523528831512625 1100
862090433863971 1120
72639378248319041 1109
148920136067199282 1063
72638209495999026 1103
283743023670066 1105
4538926542901329 1125
365940697462874916 1092
4538926541910579 1123
217318555407888690 1134
285946340906005 1094
148637557249355840 1122
148638661055947314 1102
76862597847134786 1064
148637557031182627 1102
144977278510703396 1055
293600528936608561 1083
4522369208169283 1048
4523528831512897 1095
76862597847138641 1128
299205411225937 1162
289657624186593570 1115
220695151069176355 1097
283751630447667 1106
76580027922264898 1152
283686952309781 1100
283691483075618 1124
283687204954931 1088
289656520362434593 1121
72640473195488048 1175
76580027905421889 1072
284842517467938 1123
72906490332258337 1132
144964080058376754 1121
217317455861719587 1139
76879164057141840 1147
148920191901774130 1059
220977730070589489 1101
76879159509529396 1073
76580027923185986 1061
283687188111907 1068
148638660854554914 1129
76579962993320498 1074
76862597847072833 1136
283686953231140 1129
283747318641218 1074
283686953293093 1042
148637557030393121 1076
293037578983187236 1035
148638716907368512 1090
283743006830898 1051
76579962993320740 1036
144977278510641458 1123
148637557283041843 1139
76862597847068993 1155
300244540670017 1084
283687172252209 1060
283687154422561 1078
4522368955462210 1028
283687154556963 1137
4538926306108467 1054
4522429572526656 1100
148920191884075824 1134
144977278510707251 1099
144964088900952626 1136
76579962993320753 1083
283687172186417 1162
144964080058376225 1153
76877995320750130 1088
283751882109748 1113
364810339144176931 1132
148920196196741440 1070
72638209748713537 1050
283686953296676 1092
580615458140466 1077
283747318505776 1126
4522429320872001 1072
76879099380908368 1070
76580023358796354 1167
283687188108309 1046
283751630381875 1102
72623915844772144 1081
283747571216705 1108
76579963229254195 1085
76579962993324338 1148
76862597846151489 1173
283687154422560 1105
299149306176035 1048
299140716245298 1122
300304670208578 1111
4522429319881508 1087
299140480439332 1135
221556133350027570 1011
4522368954540080 1113
300244304802370 1128
283743258485296 1139
148637557250339122 1147
144978382552117297 1091
148637557031252017 1131
4525727854764836 1150
76877995321733940 1066
299205158518849 1096
299205410239040 1057
76580027905421890 1038
4522433632547136 1063
221260360410342195 1148
293899665088328500 1073
148637557249418020 1112
4538991235908176 1143
76579962992468787 1165
145258753486427168 1066
221558341199016514 1095
299205175292210 1090
221542934898680612 1073
76579963228270898 1151
300304669225281 1119
4522429319884864 1094
144977278510571810 1101
283751630316082 1074
4522369191260466 1092
149219332348461393 1090
149217064335385650 1054
300244556525874 1126
283743259476048 1123
76579963246097218 1062
72919684471791664 1124
300244304736577 1058
72638209730880050 1106
76862602393764162 1110
4522369208169282 1119
580615457153057 1135
221260360410346035 1114
283743258489153 1101
221260364723007808 1157
76879099363144258 1113
149202766390112562 1126
76580023611445344 1082
283751629464613 1018
299140481294640 1149
72623911533097281 1109
300244304864293 1103
148637557030396451 1068
4522433885323857 1143
76579963246097219 1078
284790977860387 1086
4538926558756929 1103
862090433863714 1077
149202714815963698 1075
76862541994733617 1091
148637557031317810 1137
72623859791110177 1097
4522433632682578 1070
76580027669619749 1118
76879164057145440 1096
4522429319885378 1046
4522369190342977 1118
72623911549804834 1111
76579962993254705 1116
862090433860640 1085
148637557030395952 1139
283751865266497 1112
4538991235911776 1056
299140481360433 1148
72638209731866945 1086
580615457153059 1158
293035323906400289 1157
221260369252921921 1114
4538926542897474 1108
221556142175760947 1102
566317494182193 1107
148637557249352240 1104
72623859975656212 1073
580615457153314 1084
72639313555239232 1093
149217068866155074 1110
76579963245113650 1115
76580027669619762 1130
283751865266482 1102
148920136032658224 1093
148637557266195251 1073
148637557283959361 1105
221542934898680625 1067
220695151069176627 1129
293600528936608560 1135
4522429572530513 1100
283687172186416 1071
149202714815963684 1132
76862597846151474 1101
76862541994730032 1122
76877995321602369 1093
144977278509720356 1072
144980650346164530 1051
283687171331105 1098
72638213807677730 1129
76879159509532737 1066
76580027905425730 1064
283751630451251 1152
72638209495081764 1121
149219272218919234 1095
72906486020444962 1134
149202775214993985 1114
148920191884079425 1068
72639373684850753 1129
300244556522547 1099
300248834646835 1057
76580023610458192 1075
149219328035799634 1141
76579963229188417 1142
144979486358708786 1057
76877995321737810 1120
299140716241456 1095
221558341199016513 1110
4522368972235556 1124
76879164057145682 1132
148920191884079168 1097
149217064336376402 1094
220695151069246018 1105
144978382334013489 1100
580615457153571 1116
144980590165303843 1090
4522433631695426 1138
300308981035843 1099
566317494178594 1103
72639377996595265 1096
144977278510703410 1108
76579963212415041 1047
4522429320868403 1085
580615458074673 1108
283686953095956 1072
283751883096643 1159
144978382552113713 1133
299205410239041 1066
299140717232208 1103
76580023610454593 1106
283686953161507 1082
220695151068324145 1144
284842517467939 1128
76580027670610242 1092
76879099363148113 1151
220695151068324132 1067
580615457153072 1094
566317494178595 1086
76877995574379089 1162
283686953293078 1083
283691466232596 1060
148637557031183155 1121
76877995321668161 1100
76877995321606224 1128
4522369191260481 1153
72639378249306193 1049
220977730070589746 1143
76877995556549171 1125
76579963228267313 1099
148637557267182131 1176
283747571282498 1060
283743005840161 1132
76877995573392180 1066
293895202364662836 1028
72638209496002866 1103
300308981035314 1124
283687204955173 1074
148638661055947313 1072
283751882961202 1124
4522433884340803 1091
76580023357809457 1084
72638209496064819 1089
144978382569947201 1117
4522368954537248 1144
283751882105893 1093
149217064335389492 1110
4522433867497552 1074
149202766372417585 1127
72919684471788580 1121
283743023538481 1069
144979542210130226 1103
283747318641203 1144
4538990983263041 1099
76877995321602611 1132
76580027905425488 1151
299205158515008 1100
76579962992468515 1073
299140481298496 1057
4522368954540579 1089
149217064335388978 1180
76879099379990593 1057
4538990984188000 1151
76580023357809456 1106
144978382568960049 1098
76579962992465188 1115
300309234664017 1100
292752745106248992 1138
148920196449452354 1033
580615457149985 1123
72638209730883648 1097
76579962992465186 1128
283747553452594 1058
148920191884079154 1109
72638209747723057 1110
293317902891819569 1087
283687154488084 1108
72623911532172320 1115
149202775214993984 1092
72639378231476546 1126
217316351836954914 1110
300244556522546 1186
149202766372418114 1124
4522369207182388 1053
76879159509533251 1091
148637557031183140 1126
144977283040485938 1057
72639377996525874 1133
300244539683394 1110
4522429320872273 1125
4522433884336963 1118
4523528831509299 1170
299140480442658 1024
300244539683122 1137
300309216837954 1090
4522429572526658 1029
144979486157316386 1106
365092917944328225 1108
300308981031987 1070
72639313318518817 1155
76579962993452084 1076
4538926559674690 1121
220977730087432241 1116
220695151069111076 1137
4538926307095348 1076
76862541994730019 1131
73201159448499232 1119
72623859993420081 1099
221260360410345536 1099
283747570299443 1189
221260369252921920 1101
148920135831265571 1117
283687172256065 1127
283747571282483 1136
299140481294641 1034
283747570298929 1065
300308981031988 1074
221260308853891634 1107
299140480442930 1114
72623911532109858 1134
365375496745132322 1133
4522433884336962 1136
72638209495933490 1060
144978382569877825 1131
72638209748713794 1096
300308981035315 1089
283686952308755 1123
72638209495077909 1107
144977278510637617 1114
300244556522533 1155
862090433864484 1155
76862542029271346 1145
72623916079722560 1111
76862606688727617 1102
4522429572526657 1102
299140734075202 1109
292752745106248996 1080
72623915861549361 1113
148920136032658212 1132
76877995574382945 1079
72640417378611506 1086
72638209496068659 1115
283743022686498 1134
283686953030164 1119
283687155413056 1097
4523528831509296 1118
72623859975656484 1128
220697410456920881 1138
144980646033567793 1144
283743023538723 1134
148637557030396965 1109
283687171269155 1117
144977278527414819 1168
220977729869193507 1113
76862606723268930 1082
284846829281313 1079
4522368954540337 1068
4538990983266883 1098
144977278510707266 1179
76579962992465184 1145
76579962993386291 1095
76862602411593809 1121
76579963245114164 1119
76877995574313296 1060
300304670142785 1067
580615458009137 1138
4522369190339364 1111
149219332348461392 1082
144978382552117569 1101
283751882105908 1081
4522368954537251 1048
76579963246031425 1124
72919684471791649 1087
299140734005554 1143
300244303880225 1121
283743022683157 1045
148920135831265572 1139
144979542210126641 1099
72623920374686256 1112
220695151069242148 1104
283747318637348 1094
76579967506391587 1113
283743005840162 1188
285946340906017 1090
283747571216704 1047
220695151069242163 1097
299140480443172 1083
566265937728034 1092
72920788296016162 1130
299140481429810 1098
149219328035795778 1072
148637557284025154 1101
72640473195488049 1056
149217064335385649 1135
72640417344070193 1101
149217064335385648 1098
217316347524358691 1154
148920136032657968 1086
149219336878375505 1140
144964084371038513 1142
72906486020444948 1095
148638716907365156 1090
283687204954659 1112
72639377995673649 1121
144978382569877824 1103
299140481364017 1099
283747317653809 1190
149217064335385652 1151
4522433632547122 1087
292752745106248995 1081
148638716907365170 1085
4522369191326274 1080
4522369207186243 1070
283747553452593 1126
299205158518864 1039
76879159510454368 1107
72639378231472705 1084
299140481294898 1126
300308981035828 1162
4523472778699042 1052
217304257209049378 1052
76579962993255219 1119
76877995557539921 1116
149217064335389235 1124
283743005844003 1161
76879099144974642 1072
283687154491682 1129
144964080058376497 1122
149219328035795777 1092
76579963211427904 1152
4522369190343234 1139
148920136032661825 1054
76879159509533266 1112
148637557030395940 1131
283687154553892 1123
4522429320802610 1093
566317494178580 1086
144977278509716501 1100
148637557249421376 1158
72638209747723058 1084
76864796869403428 1081
283743022687027 1122
76579963212411201 1188
300244540666419 1144
300309234664018 1127
149219336912916818 1080
217316347524355093 1139
299140480439329 1097
283687188108324 1100
4522369173566003 1109
149217068866155072 1056
283691264906004 1085
4538930836877875 1151
4523472980091441 1134
566317494181936 1045
220977730088350017 1143
144964084370251809 1113
283687154491425 1136
148637557284028738 1088
299140480442416 1150
72640473213186354 1086
148637557031248433 1093
149202714631348514 1124
76579963212415056 1091
76879099363144257 1136
283751848419889 1157
144964032796889620 1142
283687188112179 1115
220695151069311539 1187
283751883096658 1112
292752745106252081 1110
4522429320868418 1083
76580023357809444 1042
76579963228270913 1062
149217064336241203 1141
4538991000961346 1036
148638716907365171 1072
144978382586655026 1062
148637557030396196 1162
300308982022738 1143
283747318575425 1105
148920200761196866 1129
220695151068323876 1106
76863701669589041 1099
283743259472193 1094
148637557031383875 1110
144964088699560226 1094
220695151069180225 1170
149218168395546960 1047
72623915861618737 1061
283751865266754 1098
283687205806627 1102
144964080058372899 1094
4522433884340289 1094
76879159510450512 1099
149217068866155073 1097
1143565410571300 1068
4524576786686499 1119
76579962992468258 1104
300309233677121 1157
76579967305064995 1125
76879099363148098 1047
72906438758961683 1115
4524628343137072 1044
4522433631694897 1075
76579962992469029 1090
283687205942083 1097
221260308870737969 1119
300304669225266 1035
144964080058373152 1070
300244522836530 1056
300244303880740 1148
300244304864307 1138
4522368955524133 1135
4538926559740497 1080
148637557283959362 1121
76580023610454592 1168
76862542012494144 1172
300244540600641 1130
76579962992465174 1099
148920136032658227 1159
149217064335388723 1137
149218168159613235 1141
76579962993324353 1126
283687171331093 1046
76579962993386276 1046
300309234598225 1168
144978382333944113 1041
76879163822264401 1080
148637557249355825 1100
72639378231472691 1108
220977730070585891 1021
72638209495999011 1075
76579962993254962 1089
148920196431688257 1118
148637557284025155 1085
4538926306112308 1078
148637557266195250 1060
73201159448499235 1114
144977283040485936 1090
148637557266199106 1081
283686953030688 1102
72906486020444961 1167
217316347524358192 1149
72638209747726385 1105
220695151068323873 1074
4538926306111809 1110
149219328053494082 1135
149218168377782849 1170
76580027922268482 1125
299140716241443 1116
76580027669619761 1084
299140734005568 1102
148637557030393120 1051
76579963211424304 1110
76862602157961265 1062
76877995320750129 1090
4522433884340818 1102
72623916096565297 1147
293317902891819556 1095
144964032831430946 1068
220695151069307956 1068
221559496562062146 1083
283686953095699 1073
4522433631691825 1068
76579963211493682 1095
4538926558753601 1136
283686953030178 1072
148920196196810817 1078
283687154491939 1078
148920136032657969 1063
76877995574379075 1102
283743022686770 1114
144978382569877810 1147
283687189029426 1088
283687188963618 1077
292752745106252324 1056
76877995573395521 1138
76579962993389874 1057
283747553456177 1084
4538926542897489 1119
4522368955396145 1147
4522368954540851 1099
299140480439317 1093
72638209495081522 1040
72623859975656481 1012
148637557283041858 1100
144977278509720371 1081
149219328035799362 1081
283686953099297 1057
300244303881253 1047
72623859791040787 1094
148637557249421618 1115
76580023357813042 1140
4538926541914449 1102
72640481819898162 1113
221260360410345793 1167
149217064336372546 1050
299140716241457 1145
72623911533093426 1083
4538926306964034 1152
149218168377786690 1169
299140481430082 1110
72919684471792178 1104
300309233680963 1153
73202263271940129 1066
76862597847134771 1146
283687205938227 1082
72638209495933233 1127
72623859975659553 1161
221557241687388723 1115
283743023673650 1103
4524628343137060 1098
4538991236895058 1056
300244557513283 1057
4522368955458355 1140
4522369207185986 1110
76580027669619764 1106
4538991236895073 1136
292752749418848803 1157
72640477508153664 1119
300304670212418 1119
283687154425889 1081
149219328035795779 1136
283686953033761 1103
283747571286353 1115
76579963211428146 1095
283691483075620 1054
284790977860372 1053
4523528831512640 1104
4538926306111552 1069
149202770685079858 1168
217317451348582691 1135
76579962992468001 1096
76877995557539936 1124
144964088900952625 1117
72639313537478962 1090
4522368954541093 1097
221260373547889203 1064
76877995574313282 1175
76580027905421888 1073
283743005843489 1057
283747318505762 1071
283687154556961 1090
220695155599090483 1086
293036427915108899 1104
4522369173562163 1098
217318555373347376 1114
220977730070589504 1113
4538990983266370 1095
76862542011576369 1097
149202766372418099 1149
283686953095969 1118
283743023604274 1106
149219336878375504 1073
144979551052706370 1066
283691483075619 1110
76579962992468004 1101
299140716245313 1184
149219272184377907 1063
221260308853891619 1084
283686952306193 1057
220695151068323875 1127
300248817803811 1125
145259857309868065 1111
364810339144176929 1058
76879099397685570 1097
76862602393764177 1116
283743006830913 1096
72640473195491906 1089
76879164073988177 1063
72639373683864115 1163
144977278510572082 1076
144964080058376240 1099
148638716907369026 1080
72640473195491634 1083
299205157597234 1163
4522433632616513 1112
149217064336241218 1058
73201159448499233 1055
283686952306197 1151
148637557030396452 1069
283686952309013 1152
4522433631691826 1091
220977730070585906 1105
144977278510703411 1154
144979551052706355 1023
148637557266198849 1088
221556133350024244 1089
72623911533097009 1114
144979550834536754 1076
283687205872420 1052
283686953030432 1080
72638209747723059 1090
72640473195491392 1093
76580027922264884 1106
148920196431692113 1088
76862597863846194 1128
283747335348771 1109
72638209730880049 1131
283747318571555 1074
283686953030435 1098
72639378249236816 1111
4522429319881521 1164
72623859975655955 1140
76580023358734401 1097
4522429320806480 1117
4522368955458354 1133
72920788296085553 1053
283743006761250 1015
148637557031318067 1067
4522373485306660 1182
300244557513026 1110
72639373684847169 1103
300244304802355 1145
283687154488098 1093
299205411229777 1101
76862597846151217 1123
145258753486427157 1076
4538990983263028 1091
76879164057141841 1118
149217064336376130 1137
283687188111650 1111
221556137662624050 1121
300244522840385 1103
76877995573396035 1079
217319719360803122 1092
76580027670606658 1029
76579962993258560 1123
300308981887296 1056
221260364723007809 1087
300309233677123 1060
4522433885327441 1086
300244556526146 1052
76863697357775652 1101
148637557267116353 1044
283687204951331 1077
148920135831265570 1146
148920191884075812 1100
284846829278242 1105
72639378231476289 1062
149219328035799106 1099
436867933182104854 1077
299205157593905 1085
76877995338445363 1138
148637557031314226 1098
148920200726655554 1090
144977278509716516 1110
292752745106252323 1078
300304669221682 1158
76877995320750658 1108
283743005844018 1125
145246654546711316 1109
76862602393763905 1087
4522429319881522 1062
300244303880739 1125
283751865262898 1111
221556133350024242 1099
283751865266225 1099
217319659179942435 1073
76579963245965618 1093
149202774996824370 1077
283751630381860 1138
4522368955327280 1135
862090433863715 1132
283747571282497 1074
299205157597490 1097
148637557030396708 1113
283687188111922 1118
76579963228271170 1089
144980641721754419 1082
144964084371038498 1138
4522369173562160 1130
144978382552113712 1059
148637557267185729 1129
72623911532176164 1082
148637557031186481 1026
283687188108322 1147
76879099145044033 1057
148920136032657955 1063
283751848419875 1093
148920196431692098 1070
4522368955326754 1107
848891982517025 1104
4522433632612930 1110
144977278510575680 1135
76579963246101059 1135
149217064336310337 1086
283686952309010 1079
566317494181921 1105
148920196196741441 1064
283687154422291 1168
76877995573396050 1040
148920191884996928 1109
293317902891819568 1047
283686952310038 1113
848891982517024 1111
283743023538738 1141
72623916079722545 1081
72639313537478705 1123
76580023358730561 1022
283751630447653 1119
289655416538993697 1099
76877995320750401 1064
149219332348461378 1115
300244522840370 1122
300309216834099 1144
300308981031973 1096
76580027669622833 1085
4538926307033425 1055
148638716907365168 1083
76579963211490096 1109
72623915844841521 1112
300244304802098 1103
149219272184377921 1122
76879164074905952 1160
72623859975656480 1103
149202766372414259 1126
299140733084465 1104
283686953230883 1044
148637557030396195 1133
300304669221680 1113
72906486020444963 1138
366234271379301413 1083
76877995557536081 1083
148637557030393123 1109
76862541994730034 1102
73482634425209877 1167
76877995321668162 1095
144977278509716513 1094
76579963246100802 1101
300244304868148 1070
862090433864499 1113
220978885433631536 1057
284790977860385 1115
300244304666915 1084
72919684471788578 1092
72623859975655956 1090
299140480442402 1116
299140481294896 1125
76580027670544721 1060
283687171268898 1107
4538926558757201 1112
72639373684851025 1166
283747553452579 1102
148920136050422066 1101
4538926306112323 1049
72639313319305507 1083
292752745106252067 1103
283687154553877 1069
149202775214993986 1060
76580023375507762 1103
220695151068321061 1062
283686952306183 1063
148637557283041586 1100
4522433631695683 1132
300244539679524 1151
76579967523234610 1069
4538990984253793 1105
300308981035057 1109
72623911532109872 1076
300309216834112 1152
299140480442401 1087
72638209748709954 1063
4522429319885106 1148
76579962992468002 1078
283687188108323 1084
283687172255793 1088
72639373683860275 1132
72638209495081008 1087
300309216837969 1098
220695151069246003 1105
220978833877180963 1089
283743258488881 1121
4538990983266626 1165
299140734071362 1137
220695151068324402 1036
148920136050491457 1074
283743022686243 1152
293895202364662821 1138
76862602393760322 1116
72638209748709953 1112
217304248584639266 1069
283751630250274 1141
4538926541914434 1055
149219328035795764 1140
72623911532106531 1136
72623920391532593 1096
76579963211427889 1081
72639378231476304 1078
4522369190339378 1027
4522369190342962 1084
283686953227299 1081
300248616477219 1072
