72623924669653539 680
76580023357813314 728
72623916079722545 769
299144793039138 727
4538926306111794 744
145259857309868065 690
148637557031314212 738
76879159510516306 777
76879099363144256 778
144977278510641458 718
4538991235908163 717
145258753486427170 729
72638209495081764 733
4522369190342977 749
283686953296948 667
4524628343137073 737
145258753486427171 747
299140480443172 720
72623911532172309 711
283687204951332 753
300244556522547 749
283747571216705 738
149218168377782850 718
283687171331105 745
217597822501065749 697
4538926307033425 738
149218168377782849 725
283747318505762 714
76580027670544706 757
283687154422291 761
149219336878375504 756
221260360410346050 774
283686952309010 733
148637557267182131 739
148637557031252289 735
76879164057145425 726
76862597846147876 712
566317494182178 730
299140716241457 771
283747571286353 747
300244540670274 769
76877995574379089 730
299140717228352 784
144964088900952624 730
220977730070585905 723
4522368955524133 750
148920136032661825 786
76579963245110309 695
293883103424946980 722
4522369207182386 729
144978382568960049 734
72623911532106531 726
76579962992468273 719
72623911533097281 676
217316347524358963 732
148637557283038260 731
283687205942083 699
76580027922268754 717
148920136032658227 773
76580027669619761 725
299205157597248 724
72638209747723059 707
283751882961202 744
4522369208103490 727
76862602411524418 755
299140481430082 712
283747553456192 753
566317494178594 651
293600528936608560 720
292756104006476580 726
299140481426212 730
149219328035799377 742
72638214025847344 709
292752745106252324 696
76879159510520146 749
4522369208169268 773
300248834646820 722
283751882105907 730
72640477508153664 705
148637557249352240 736
4522369191260466 737
4538926306108453 696
4538926559674690 719
76862541793337636 741
300309216837712 760
144977278509719842 730
148637557267185986 714
299140481294640 753
72919684471788565 717
4522429337579826 746
4522368954537251 756
76877995321606209 760
4522433632547137 766
76862602158813504 726
149202714815963683 748
149202766372417585 698
862090433863970 714
72623911533093426 700
144977278510575665 740
144977278510571824 710
4538926541910594 713
148920191884075825 772
148637557031252017 763
4538926542901344 729
283687204951333 732
144964080058372899 753
72623911532176164 724
365940697462874916 744
289655416538993700 726
76580027687318067 763
221558340997624114 681
144977278510706994 784
72638209748644146 785
300244557377842 683
217318555390193713 705
72919684471792435 709
284846829282099 746
4538990984184145 761
283743023673907 736
4522429319881508 745
283747318571555 737
4538991236895058 739
220695151068321057 763
72639373683863873 693
72640473195491634 736
220977730088419393 730
566265937728033 745
220695151069111091 725
72623916097483072 764
148920191884079154 674
72638209495081265 736
283743022683171 705
220695151069246003 717
221558341199016499 769
283743023670066 689
217318555373347376 729
76879159509529396 734
76877995321606224 743
72623911532172320 768
72640417344070179 758
220695151069110577 753
220695151068324916 724
149218168159682625 731
148920196448534593 789
221556142175760947 722
217304248584639264 710
283691483075619 765
283743005843504 716
72638209495933233 750
221260364723007794 751
148920136032657969 763
76862597846147888 709
149219272184377907 743
149218168377786690 712
283751883027009 705
283751848419875 770
72623860010197282 740
566317494182193 763
76579962992465187 771
4522433631691826 735
76862606688727618 706
300304670212433 766
361994485553632277 736
283751630447667 737
283751865266225 689
4522369207185986 724
300244540600626 727
4522433632678722 718
72623859993420081 736
300244556526403 767
72623859975656469 790
300244303880497 711
283743005840161 751
72639313572016434 729
299140717228338 749
72639313537475120 755
220977730070589761 697
283751883027010 714
76864796869403428 690
284846829282084 724
221260360428040498 688
299140481360433 781
221260373547889203 752
144978382333944098 726
148637557031383860 754
848891982517024 804
4522368954541108 761
72639377996525888 752
76579962992469044 722
289644417110905620 758
76877995321737810 761
76580023610454594 756
580615458074930 713
149217064335388723 690
283691449455380 748
4538926306111795 755
300308982018868 736
217320810248020772 753
72638209495933232 710
4522368954537250 726
300308981887297 779
283743023538723 742
148920196431688256 668
299140734005569 695
293317902926360882 761
76879164057141842 748
221260369252921921 758
217319710736393009 771
145258753486427168 717
283686953029920 678
220977730088350016 718
72623859993420080 692
217316347542053411 730
76862606705573953 735
862090433860641 760
149217064336372546 714
148920135831265585 728
283686953095714 751
299205157593907 695
293035323907190833 716
76579962992468772 724
4538926306967617 730
221556133350028099 805
72639313537478720 750
148637557031182640 726
76862541793337635 663
76580027670544449 711
221260308853891634 723
76579963229188402 695
293600528936608561 747
76579967523234611 731
220977729869193508 786
4538926559744081 743
299140481294626 739
72623859975656481 750
299140481294641 738
283687171265314 705
283743023538736 728
4522369174483265 759
76580027923255377 702
4524628343137075 740
4522433632612915 709
4522433631691825 743
76877995556549185 674
300244303881268 729
148637557249418034 741
283747318637363 755
283687155413041 740
283747553452593 707
4538926306963762 730
72638209496068659 717
76877995321737538 703
76862602393760320 712
580615457153057 697
72919684471792163 778
300244304798500 700
4522369191326273 748
72639373684851025 722
300308982018882 778
283743006827043 711
299205158514994 723
76579963229254210 755
4522368955327280 731
220695151068323873 740
299140480439332 756
76579963211493440 722
300308981031987 723
144979542210126642 744
144964080058376754 750
221556133350028084 721
76580027670610242 723
4522369191260481 673
300248817803811 739
148637557249418035 725
72640482072609090 741
300308981887282 713
283751629464371 758
283747317650453 748
220695151069242148 758
4538926307033153 734
72639313319305521 690
149218168377786433 709
4522369208169282 676
283686953030164 738
292752753931985700 742
148637557031186496 731
76879099363148113 771
283687204954916 732
283687154491954 751
292752745106252066 712
72638213807677730 704
284846829281585 700
4538926558753603 734
144964084370251809 747
76579962993452083 720
76879159510450498 734
4522433884336962 690
76580027923185986 727
220695151068324145 767
283747317650466 716
148920191885062721 749
220696255093875235 734
72639373684847170 738
283747317653795 697
217304248584639265 715
292752745106248993 711
72639313537475122 728
300244540666433 749
76579962993320483 750
300244304732721 774
149218168395546961 766
76862602393760321 739
221556133350027827 760
4522368954540337 730
220695151068323875 712
221260360410346035 782
149217064336310337 728
4522433884340818 678
76580023358799937 721
293035323906400289 726
76862541994730019 711
580615458074945 746
76579963245114164 715
300308981956673 741
76580023357809456 741
144977278509716514 750
299140734075202 720
144964084371038498 706
76579962993255204 745
76863697357775667 761
293896306188103729 725
283686953293078 726
72638209730883905 782
144977278510707266 703
76579962993254947 741
148920136049569841 695
300308982022466 749
299140716245056 734
283751629463842 757
76877995556549171 750
76879164074905938 733
284790977860372 727
149202770685079858 737
284846829278244 725
73482634425209877 713
4522429319885378 657
4538926306112066 764
72639313318518817 703
72623911532106530 727
76879159509533009 725
149202770685079872 719
76877995320747060 749
283747318637362 733
76580027669619763 739
220977730070586160 722
4522369173499968 711
76862597846151218 749
217317455861719587 745
148920136050422081 731
220695151069307941 728
76879099144974657 748
283687155409186 775
76580023611441488 753
76877995574313297 740
283686953030432 780
299205158580801 749
220695155599090468 713
144964088917798961 731
580619987919409 701
76580027905421888 702
76862597846151232 734
4522433884340546 747
76580027905425488 711
72623859992502305 716
4538926306108468 720
72638209747726657 739
220695151069307956 762
4538926558753588 676
144964032813735969 753
283743259472178 729
76580023611441474 737
283743022686241 729
4538990984249923 726
72623859791040788 710
72623911533097266 715
76580027922264897 728
76877995556553026 735
299140480442673 712
76579963229254195 699
300244522836529 816
283686952306198 728
4538990983266626 738
72640473195491377 713
148637557250342977 694
4538990983266883 708
76580027669623105 705
72920788296016176 734
283687189029425 750
292752745106248996 773
299140480443187 711
299145011208739 751
4538926306112323 771
217304205618123283 761
148920135831265570 741
283743022686242 712
4522369208037682 695
4522369173562160 750
1131466470855444 711
76862541994730291 733
148638716907368754 743
366234271379301413 756
283743006830913 728
76580023610458434 751
148920200508485938 799
149218168377786448 723
4538930836877888 736
221260364723007808 755
144964080058372897 756
76580023358796354 752
283747571286338 762
76580027669623091 810
220977730070586148 712
284846829281570 760
148920136050422080 735
4522433632616513 740
149202766372417586 734
4522368955528003 749
72638209495080995 787
283743259476048 753
72623859975659825 708
283747317650465 728
76579963229254209 722
4522369207185971 731
149217064336376130 735
72638209730883633 717
4522368955527988 767
283686953030692 729
72640417142677794 733
76580023358796353 719
220977730087432241 752
76579963211427904 782
148920200761196866 736
300304669225538 766
300244556526131 757
76877995556553041 674
76580027670610499 707
283687171334434 748
4522369173496370 687
76863645801325091 682
283743023542336 731
284846829278229 731
220697410456920883 748
148920191884079667 743
149219332347609153 769
72623859975659810 718
283686953296933 725
76579962992465184 727
4522369191326259 747
300304670142784 755
221260360410342192 725
283686952306194 744
299140480439329 699
217316347524358449 737
293317902908665905 726
283747335348771 762
283687205938213 765
148637557250339136 747
299140481294883 719
283686953030435 717
283687171334691 689
4538926307029555 745
283751630381875 738
283686953030178 707
283743022683170 744
300304669225009 716
148637557283038259 785
148637557266195251 692
299140733084452 704
76580027922268225 725
72639373683863616 738
217304248584639267 763
149202775249535298 713
76579963245113650 740
283743005840162 760
300244557443650 735
76879159510454368 755
144964032831430946 733
299140480439331 730
76879159509529408 675
76579963246031425 746
217316356350091811 759
76580027670540865 722
299140481360434 732
300244304736562 750
220977729869193507 709
283687188108322 769
144980641721754418 778
148637557267182145 689
283743006830641 717
144979542210130226 711
283751629460773 718
217317451348582705 787
72640473195491649 728
283747571282497 735
148920200726655539 700
144977278509719600 745
283687154491682 771
221260308853891619 724
72919684471788579 744
144964080076071202 724
72906486020444963 726
4522368955326768 733
220695151069110562 730
149219328035795777 713
283686952308768 763
283687155409201 753
4522368955524148 717
76862541994733874 749
76579962993455667 756
149218168159613249 728
76862542029271346 722
283687171265300 802
220696254892482850 723
76579962993390146 749
72638209747726385 747
4522368954540067 743
300244540666434 748
148637557030393123 746
76580027922264884 752
300244304802355 736
300244522840370 721
299140734071362 766
72623859791040800 772
220695151069110819 783
4523528831509284 700
4522433632612929 709
300304670208578 750
76579963246101074 705
76862541793407025 738
220978833877180963 700
148637557250342992 713
72623859975655969 755
4538926307033410 741
76862602158813505 721
283687172252195 745
76877995574313296 734
76580027670606658 740
221556133350024240 764
220977730088350002 668
72623911532172323 741
283686953029907 746
862090433864242 732
4522429319881523 699
217319715048206385 725
220695151069111076 732
4522429320802624 679
221542934898680627 765
149202775214993986 750
299145011208753 722
148920136032661810 766
283747570295603 732
292752745106251810 718
220695151069311539 701
144977278509716501 754
283743006761250 756
217316347524355104 736
299140480442930 694
72638209495937073 747
76877995557539936 778
293035323907121442 738
292752745106248994 717
283751882109748 713
148637557031318067 759
283686953165362 721
148920196431691856 733
76580027670606644 703
76579962993254690 741
72623911549804834 746
76580027923255649 719
4522369190342962 734
149219328035799120 716
299205411225937 707
149219328035799362 750
4522433884340561 711
283687172186417 743
148920200726655554 750
4522433884336961 712
221542943523090738 771
283751647159076 750
148637557249352242 753
580615458136882 677
284846829278241 725
72623920156516642 773
149218168394629185 798
299205410242640 724
283691466232596 682
283686953029908 758
4522429319881520 723
72623859975656484 746
149219336912916818 721
144977278510572080 751
76580023357809457 737
4522368954537248 728
283743023604273 730
580619987919408 744
4538926559744338 736
72639313319374897 707
72639378248319041 732
299140733087793 766
4522369208173123 729
283751865262897 751
76862597847138641 700
148637557283041586 722
220695151068321058 663
72639373684851010 674
76580027905421890 697
72638209748709953 767
76862597847068992 765
148637557030395940 702
76879159509529409 756
4522429319884864 719
76579962992468515 725
76579962992468002 710
148920136049504305 693
72920788295229473 694
217319723873940019 734
76877995321602354 709
76579963211427889 789
299205410239040 700
4522377780273956 748
300244539683394 776
148638716907369011 731
76862602411593809 757
300309234664018 763
72623920409227570 736
149217068866155059 731
220695151068323874 694
76862597847072833 736
72639378231476304 729
148920191884996914 753
4522368955527731 749
72623911532110371 756
144978382334013489 681
220977730070585891 752
144977278509719585 738
144964080058373141 725
300244303880484 711
148637557267116338 744
148637557030396451 727
4523528831512640 750
76877995573396050 775
283691264906004 709
148920191885066305 749
148637557030393122 726
148637557031182641 756
566265753112850 712
283743006765120 703
72623859790385169 719
862094746460450 709
4522429573517393 793
149219336878375505 717
72638209495999011 737
144979542210126628 793
283686952310053 726
283687189095218 774
299205411229777 749
4538926306111537 781
283751865266739 699
76580023611441489 709
300244540670017 701
289655416538993696 718
144964032796889633 725
293895202364662833 717
148637557031248691 780
580615458009152 721
220695151068323876 678
76579962992465188 751
283751883096386 751
76580027922264899 762
4538926541914434 758
580619987919410 721
76879099363147841 742
4522433884340289 743
4522369190343219 727
4522368955462210 718
72906486020444960 725
76579962993455924 709
283686953161749 667
4522429319885121 730
4538926306108464 745
300304670208563 723
76579963211493425 723
566265937728034 701
144964080058376240 720
283687204951318 731
144980641721754416 712
144977278510703396 746
72639377996595265 753
4538926541914449 745
300248834646833 724
285946340906018 743
4538926542901329 748
76580027670540851 693
4522433631691813 785
220977729868472353 743
580615457149973 710
299140733084467 755
148637557031183152 748
283751630385458 775
76879159510519889 703
72640417344070193 710
283686952309282 689
862090433860642 754
4538926306112051 766
221260360410345522 749
283751865266497 767
580615457153058 781
144979546522792242 753
72639313319305506 761
299205410242897 710
284846846976547 747
72640417360916529 782
149218168159613234 766
148637557030396196 762
144977278510707251 725
144964032796889632 743
300304670146640 765
220977730087497777 753
4523528831509297 807
76579963211490098 755
364810339144176932 697
283743022686256 761
144980641721754419 755
300308981956930 772
148920136050491457 717
220977730070589504 677
72639378231476561 734
72623915861618737 687
220977729869193520 729
221559500873875521 771
72623915861549347 688
73201159448499234 737
299140481298481 752
76862541994730289 791
4538926559740483 752
283686952306193 764
72623916079722802 733
144964088935493938 777
149217064335388721 663
292754952938398243 731
283751848419888 763
76580027669623347 736
144979486358708786 746
144979486393250098 713
4522368954540066 718
300244304666928 747
283686953099554 725
4522433867493954 738
72623911532172321 708
221557237174251841 739
283687154422304 753
300244522836528 727
148920191884075812 750
4522433632678708 757
300244303880740 782
144977278509716515 776
144979542210126643 724
283686953227299 765
4522433885327441 722
149218168377786705 777
76580023610458192 685
300244303877411 726
4522369190342705 737
4522369173562162 747
145246654546711316 755
76879159509532752 733
145258753486427157 701
149217064335388993 717
848891982517027 750
148637557031183155 738
72640473195491392 815
220695151068324132 742
283686953096228 791
73201159448499235 721
148637557030396980 692
72638209495937088 710
292752745106248995 727
217317451348582690 674
4522429319885106 747
4522369173566003 765
1143565410571300 758
76579963246097204 713
283687204951331 697
4522368955392547 774
4522369191330129 713
4538926558756929 692
283751630451523 719
283743023538481 741
283687205872434 696
149202766372418099 746
217318555373347377 761
292752749418848803 747
283751629464100 747
72639313319305507 729
283743259476033 742
4522369173496369 750
149217064335385651 745
72919684471791650 717
144977278510571825 754
148637557283959347 713
73201159448499233 765
283751630385730 712
4522369173562148 761
149217064335388978 761
4522433631694897 769
848844721033747 666
4522369173499953 735
76579963229258050 754
76862542012563521 784
4538990984253521 765
283751630381860 771
283686952308756 705
283751882109491 734
144979542210126641 729
145540228463137813 718
149217064336241203 759
283743005844018 758
72919684471788580 722
72639378249306193 737
580615458140723 783
72638209747726899 817
285946340906019 707
76580027670475072 710
76579962993455939 766
283687154556976 728
4522368954540322 708
4522429572530513 769
76579963229258065 721
283687155413056 778
283687205872420 774
149219272184377920 731
217316347524358948 737
283686953096225 725
76862541994730033 740
4522369191329857 715
862090433863728 759
220695151069242162 752
220695155582247459 747
76579967523234596 665
76579963211428161 692
283743023604274 782
148637557283893554 739
76879099363147856 749
4522368954540579 687
76862597846151474 703
72623911532172324 743
283687188108309 721
148637557048091428 723
148637557267185729 727
4522369173566018 715
144979542210129970 692
76580027905421875 786
144977278510571810 732
72906486020444948 702
283687154488084 707
283747318571570 740
72623859975655955 702
221559445005611571 702
283743006765105 738
283743005840163 755
144978382552117297 744
283747317654308 717
4538926541914192 696
217316347524355105 720
148637557030396723 725
283747553452594 728
76862606470558002 700
148637557283041843 691
283686952309011 762
299205157597747 772
1143565410571298 729
299140481364017 710
144977278509720099 707
300304670146625 743
283687205938227 777
72623859975659568 702
293895202364662835 720
76579962992465174 717
148637557267116353 737
72623859975655956 745
76579963246031426 760
220695151068321059 708
148920196196741441 716
148637557284025154 701
221557237174321217 692
148637557031380019 716
72623859975656224 699
299205158515008 780
300244557509428 753
300244304798514 722
283743258485297 754
76580023357813042 755
4538926541914177 747
76877995320750643 736
220696255093875249 717
76862541994733632 709
283743005843746 702
72919684471792420 709
148637557283041858 725
283695778042901 746
300244304666915 764
148920196196741426 711
144964088682783010 743
144978382552117554 702
566265937728019 748
4522369207186228 733
76879163822264401 716
283751883096658 747
300309216834113 702
149217064336376387 745
76579963211428146 761
144977278527414819 734
293035323907121457 740
4522433885327698 700
148638716907365156 769
289656520362434593 764
76579967523234609 738
148920191885066577 684
4522368955458354 725
76862597847138369 698
436867933182104854 696
283743022687012 761
300304669225266 724
293895202364662834 751
300308982018883 719
580619769749794 776
4522368954540851 706
293897410012262706 697
4522433867497809 718
300309233680963 712
4522433884336948 786
283747317653809 750
283687172186416 715
299140716241443 766
144978382333944112 805
299140733084466 747
300308981031986 682
283751629464356 768
76580027905425730 737
76580023357812800 697
144964088900952611 763
283743258488881 681
148637557249421361 797
220695151068324130 707
76579963229188417 738
149217064335385650 779
72623911532109872 716
292752745106248992 745
149218168159613248 728
221260360410345536 721
149217064336310609 741
283686953293093 704
580619987919395 746
283687171331107 758
4538926306964034 683
76863697357775652 728
149217068647985458 714
148638661055947299 779
144977278510637617 707
72639373683860260 729
76580023357812786 745
220695151069110576 779
76879099144974642 684
293898514020250163 755
566317494178580 732
4522429573513552 718
220695155599090481 731
283751629460758 754
4538926558753601 746
300308981031985 693
299205158515009 694
149202766372418114 691
76579963211493954 719
283743258488896 780
300244303877409 751
293317902707204386 769
76879164073988177 756
144964080058376225 744
72623916096565297 722
299205157593904 704
300304669225523 763
76579963228267315 761
299140716245298 709
283751630447653 736
4522369208103475 731
300244303880482 691
148637557283038258 716
76580023610458177 742
580615458071090 716
283687154557732 740
4522369173565490 720
4538926307095348 739
149217064335389250 712
289659879262659364 735
76579962993452069 758
283687188108323 749
283747571282498 712
4522433885323857 746
299140734071361 711
4538926558757201 742
76580027922268482 706
292752745106251812 756
148637557031182883 763
217316347524358435 709
148638716907368769 706
283743022686498 712
221260308853891632 680
300244540600641 735
149218168377782835 697
1143565410571299 727
300304669221668 727
283751630451508 714
72638209495077924 735
300309216837969 718
300308982022738 731
76580027670610514 764
148637557250339137 728
300304669225281 712
149219272201224257 731
4522433885258064 705
4522368955326769 712
72623920391532593 720
73189060508783380 767
149219328053494082 700
283686953030176 785
4538991236895073 777
4522368955458340 725
4538990983266898 725
76862541792616481 752
76877995557536081 711
4522429573517408 763
4522368955327024 737
72639313537478962 771
4538990983266641 734
149219272218919234 718
283687154422563 779
299140733088050 729
293035323907121456 739
300308981953090 754
76580027923251793 731
217318555407888690 717
76879099363144257 733
283751629460772 748
76877995320750401 734
4522429572530256 702
76862602393764177 734
149203865884042020 745
144979546522792257 716
148637557266195250 763
148638716907368512 746
76579963246031411 771
148637557267116352 751
148920191885000784 726
4538926542897488 748
4522433867497794 746
148637557030396466 728
148637557249356082 667
300244303877398 723
283747553456449 722
221559496562062147 743
144977278509716513 783
283743258489138 741
72623911532106529 722
4538991235908178 741
144978382552117312 740
220695151068324402 734
300244321575716 747
580615457153586 765
149217064336306753 765
300309233677121 748
72623859975656480 741
283687189099074 683
4538990983266370 690
76580023358800194 762
4522433885323858 755
76877995321733940 699
4522368955327011 737
299140481364289 725
4522433631695683 759
284846829278242 726
144977278510572082 769
300244540666419 752
221556133350024242 756
148637557284029010 733
283743022686770 775
283687154557747 686
149217068866155072 728
76877995574382945 727
283687171334948 775
283687172256065 744
283751630447668 772
149202766390112562 696
72623916079722817 752
221260369269768257 743
221558341199016512 721
148637557031248434 747
4522368954540324 727
283687171269170 748
4522433632682578 772
72640473195488051 693
72919684471788577 719
72639373684785232 691
300244539679537 764
76862542011641905 724
300244539683379 713
283743259472193 711
283686953161764 739
76580023610458449 738
365658075713053219 720
4522368955330609 716
4538926558753602 754
293035323907121443 760
300244303880739 742
76879163822195010 752
580615458071075 698
1143565410571285 743
149217064336376402 733
292752745106252852 772
72623859993489457 710
848891982517012 719
76580027923186001 727
149219328035795779 726
566317511876898 767
220695151069110832 702
283751882109506 726
4522369207182373 714
76862606688727603 729
144978382552113712 740
4538926307029570 742
221556133350027570 751
72639378231476289 773
4522373485306673 744
72623859975656212 735
76877995321668161 734
72638209730880035 722
76579962992465185 777
148637557031183140 711
149217068866155073 717
144979546521940017 770
76862602393760307 761
283687154422306 698
293600528936608563 734
283686953029906 733
285942029095700 743
4538990983266369 781
76877995320747057 641
145258753486427172 748
149217064335385652 699
299205157593892 754
4522429320802625 681
76877995574379090 675
283686952308754 728
144964080058372884 711
144977278510572067 691
76879159509529410 711
300308981035315 750
283687154426146 762
4522368955396402 754
217304248584639253 740
148920196431688258 690
148637557031248433 743
4522433631691827 735
72638209748713537 719
283743022683172 762
148638660854554914 722
283687205806627 709
4523528831513139 774
283751629460770 726
76579962993320755 748
144978382569877825 729
221260360410345521 729
72638209495999025 666
299205158518849 739
283687204954659 786
283743006827058 694
72640482038067778 730
300304669221681 729
4524628343137074 737
76862597846151731 759
299205158584385 727
283747317654066 704
283686953161492 739
76580027922264898 739
4522429320868403 764
72623911532110129 739
76879099397685570 720
148920196431688243 725
283687172186402 720
76580027669623619 745
72919684471788578 700
4522368954537252 706
149217068866155074 755
144977278509719586 741
149218168159613235 708
72920788296016163 716
76579962993386276 745
4522369208169283 732
148638661055947314 740
293317902891819570 734
283751882105908 755
148920191901774130 726
148920191884075824 740
4538926307029569 779
76862602393764162 750
300308981035843 804
299205157597762 700
76879163822195025 738
221556133350024244 693
76579962993390131 699
76862597846147890 730
72623915844772130 723
148637557030395939 735
217317451347796001 729
148637557249418020 788
221260308853891620 744
221556137662624050 755
283747571216690 738
300309234598225 680
299205158580802 742
283686953099569 712
148637557031314227 726
4522433884336963 736
283686952309781 732
283687172252209 697
284842517467924 760
72639373684781376 767
4522429320806465 711
76879164057141841 747
283747318641203 719
72640417344070192 720
292752745106252837 717
221557237174251826 714
148637557249421890 723
76579962993386291 717
72919684471788576 691
4538990984249938 730
293895202364662832 722
148637557266195249 714
283751630316082 704
4538990983266384 696
580615457153843 721
283743023538738 768
148920196431691841 774
144977278509719843 768
148920191884079153 725
76579963245965618 722
76879159510516305 701
72623920374686243 697
283747570299443 744
72623911532109858 752
76579963211424306 707
4522369207182388 763
1425040387281941 734
4522433632616770 754
144977278509720114 754
148920191884079682 750
72640477507301425 733
72623916079718961 749
148637557249421618 747
283747318575410 712
300244304666914 754
149217064336241218 758
862090433860629 743
300304670142770 732
220695151068321056 691
76579962992468260 783
4523528831512625 719
283686953095956 728
149202714832810033 733
76879099363144243 760
299140480442915 727
300244557513298 701
300308981035586 767
217317451348582691 665
72638209496064819 797
300309233680706 739
72639313537478705 752
4538926307099218 700
144964084371107889 745
283686952310038 744
148920191884075827 719
149202714850505010 686
283743005844003 729
283747570295588 769
72623911533027632 702
221557241687388723 782
149219328035799105 724
148920136032661568 737
72639313555308609 761
76862541994730288 746
76580023358796339 764
148637557249352227 688
580615458140738 739
287045852533781 713
76579963211493682 704
283686952309269 754
283687154556963 768
4522369190339379 729
283747317650467 739
4538991236895072 721
220977730070589746 735
300244539679539 752
283751883092788 705
292752745106252595 778
293317902891819568 724
4522368955392562 783
72623859791040801 748
580615458005296 740
862090433863985 784
284846829281842 720
72919684489486883 771
4538926306963777 741
293600528936608548 717
72623911533031488 730
283743023538480 719
76579963228271155 752
72638209495933490 765
72623911533093411 748
148920196431692113 757
144979542210130498 717
72623916079718962 712
300308998730291 772
283743022683157 714
144978382569877810 714
76877995321602626 697
284842517467938 752
299140481430067 730
283743022686755 747
76579967523234610 730
4538926541910593 704
221260369252921920 761
72638209747723057 762
300248616477219 684
148637557031380020 766
76579962992465189 730
76580027669622833 690
148920191885062722 705
299205158580787 719
283751883092803 699
4538926559674705 765
299140734075217 746
283687171268913 700
283751630381874 731
4522373485306674 715
76579963212411200 731
76877995574379075 719
300244303877410 755
283687189099059 747
4522368954540594 763
4522373267137059 749
149217064335385637 696
72639378249236817 740
299205411225936 728
4522433867493953 749
72638209495077923 708
4522369208172866 806
149217064335385649 713
283687171265313 757
76580023357813299 715
300309234664017 771
148637557031383603 757
72623911532175395 754
76877995573392194 739
299140734074945 670
220695151069111088 719
580615458009137 694
299140481360419 714
148637557031248419 711
72638209496064804 776
76862597863846194 692
217316347524355108 778
283687188112179 720
4522433632547136 705
76862541994730276 756
284790977860385 768
76879159510520161 770
285946340906020 666
76877995320750658 723
76879159509533266 745
221558341233557826 726
4522429319884849 775
144977278510703410 689
76862597847134771 773
76877995321602368 731
300244303877413 700
4538990983263043 727
76862602393763905 683
220695151069245746 772
76877995320750900 729
293600528936608562 747
580615457149988 733
299140481294898 747
299140716241456 760
148920191884079425 754
72906438758961683 698
149219328035795776 748
149202766372417842 729
217316347524355107 748
283747318505776 782
4522429573513553 738
580615457153072 745
220696255093875250 714
4522369173565504 752
4522369191326274 750
149202714815963697 742
4522369190343234 751
76862602411524432 765
862090433863713 763
149202770685079873 746
4522433885258065 767
144964080058376739 784
149202714815963696 728
72623911533031473 733
300309234664003 710
148920196196741440 738
149219328035799634 757
144979542210126640 750
149217064335388736 726
144964032796889620 755
221559496562062145 776
4522429320872258 663
72640473195488048 735
76580023358730561 724
283687188963618 745
76580027670544721 731
4523528849207602 739
566317494182450 701
72639373683863858 762
364810339144176931 758
76579963212415056 698
4522368954540323 760
72639377995673649 722
300244304868163 709
4522368955326754 698
283686953161507 690
144979551052706369 752
149217064335388979 740
283743005840148 741
72919684471791664 727
148637557283042100 776
149202714815963684 685
76580023357809444 720
220695155380920867 715
148638716907368497 714
76862602393763920 726
149217064336244816 754
283687171268898 723
4538926558757458 730
76580027923251794 780
72640473195491906 768
220695151068324388 730
217304248584639252 735
4538930836877875 714
283686953029921 703
221260369034752306 723
144964032796889619 750
283751629464628 713
4522369173500210 728
4522368955326755 736
76862541994730034 658
72639313554321457 714
144980654859301427 734
76862597846151217 739
149219336878375491 736
76579962993254704 780
283687171334963 744
283687154488096 758
4522429320802610 738
76877995320750129 698
299140733088322 717
221556133350027315 714
72623920374686257 741
4522433867497552 734
72639373683864115 718
144979546522861633 750
283686953293092 719
72640417344070194 741
148637557249418032 757
72639378231472704 752
72623915861549360 751
76877995556549184 693
300244304736305 716
148638716907365171 736
299145011208752 695
148638716907365168 693
76879163821342785 727
221542934898680626 749
283743023670052 732
283686952309539 685
4538926306112308 734
76580027670475073 747
76579963229257793 772
299205411229792 738
149202766372417857 730
149218168158826545 741
4538926306111539 705
217317451348582704 755
76863697357775666 712
285946340906017 711
283687171334449 744
217318555373347378 705
300244556522546 732
76580027669623604 744
144964080058376497 730
76879159509529411 753
72623915844841521 694
76877995573396035 675
73201159448499236 732
283687204955173 757
149217064336240961 719
283687154491440 751
283747318637348 692
149218168395616337 722
4538926542897474 731
4522369190339364 726
4538990984253793 764
283743258485296 758
4522429320872273 765
293600481675125283 712
76580027923251779 726
220695151068323888 719
72625011043734292 724
72638209495081779 761
4522368955461938 750
283751630250274 701
4538991236898928 734
4522433631695154 793
284790977860387 739
4538926306964032 745
4522433632612930 707
76579963245114179 729
292752745106248982 753
862090433860640 748
76579963228267300 797
300248834646835 779
72638209495077920 759
4522429572526656 738
76579962992469029 714
221556133350027313 709
299205157597234 753
283743005840160 729
283743006761264 702
283743258485283 703
76580027669619749 742
149217064336372532 720
4538926558757443 747
76579963228270898 689
283751883092802 718
292752745106252580 730
148920136032657955 729
283687189029411 723
4538926541910579 752
144977278509719587 729
144978386847080995 734
72623859975655968 742
283687154422560 775
76579962993258560 788
148920191885066562 738
76879159509532737 725
148920136067199282 721
299205158584642 715
72623911532175393 708
284846829281313 760
148637557249421376 691
72623911532175650 700
217318555373347363 772
293036427915108899 767
299205410242882 708
148637557284025140 806
220695151068324131 726
76877995321602369 789
76879163822195024 708
283686953099297 743
283686953030688 733
221557237174251827 654
299140717232208 737
149219336878375506 704
283747553452592 716
283747318575425 707
76579962992465186 731
283743258489153 749
76862602393760322 732
76877995556549186 731
300308981953075 720
283686953230883 677
76579963245110323 781
72638209496068402 771
283686952309025 722
299205157597505 682
283751865262884 768
4538990984253778 728
221260360410345778 741
580615457149984 703
4522368955462195 724
144979486358708785 740
4538990983263040 734
148638716907368498 790
4522429320806480 716
4538926559740498 761
148920200743501889 695
76579962993386290 725
149202770685149249 773
283686953096213 732
144979542210129984 759
72640473195491891 735
580615457153828 747
283691483075618 657
4538926306108465 727
566265937728032 732
300244304802098 717
289657624186593570 721
76862541793337634 787
76862597847134785 759
300309233680721 710
76877995574313282 745
72623911532175651 693
4524628343137060 749
76580023357812785 735
76580023375507762 680
220977730070585904 761
144979542227824946 717
73201159448499232 793
144964032629051666 704
217304257209049378 726
300304669221680 756
149219332348530769 738
76580023611445344 698
72639377996525874 760
76877995320747056 716
283743023542321 735
4524628343137072 722
149202779509961267 719
4522433884340803 760
72638209730880050 700
862090433863971 767
283687189095204 772
293317902891819555 742
76862602157961265 711
72623911532175408 715
76579962992468530 754
299205158584657 730
148637557284028738 683
148637557031186481 720
149217064335389492 696
144964084371038512 691
4522429572526658 758
220695151069176370 711
148637557031317810 703
283686952309012 727
221260308870737969 790
221559505186472258 734
144979551087247682 717
76862597847072848 715
220695151068324644 697
217316347524358192 715
580615458136883 748
72639373684847169 760
72639373683863601 755
283751882105893 746
220695151069246018 736
283687154556961 699
299140717232193 752
72639313537475121 775
148920191885000769 767
285946340906005 751
283747553456177 727
4522368955392804 693
300308981031988 744
283687189098802 719
862090433863715 732
300308981956945 742
72638209495077921 723
144979486358708771 778
148637557030396209 742
149202766372414256 748
76877995573395521 763
4522433867493939 723
283751848419889 759
72639373683860272 735
76579962993254960 716
4522433631695426 742
848891982517025 767
283686952306183 737
283747570299201 740
72638209731866944 715
72906486020444961 680
4522368954537253 737
76579963212415041 747
149202714631348514 762
149217064336240946 726
76877995320747058 749
72638209747723044 757
283687172252210 747
76862597847068978 748
221260369252921907 697
72638209495081008 704
300304670142785 727
4538930836877889 746
76877995557536066 721
149217064336241216 748
4522429319881522 707
4522369191330114 739
144979542210130483 733
144964080058373153 775
4538926323806771 761
299205175292210 713
144977278510637618 794
220977730070586163 735
148920135831265584 721
144964080058373152 744
149217064336244801 706
221260369252921922 726
72623911533027618 754
283747570299458 694
145258753486427169 718
72623915843919905 772
283747318640946 765
221556133350027328 740
220695151069307955 739
283687171334177 737
76862541994730032 730
76579963212411186 778
148637557266195236 674
76580023611445329 702
4522429572526657 797
283687205938228 733
283687171331108 763
4538990984249937 736
72639373683860275 700
221558341199016514 771
4522433867493952 706
4522433631695668 756
76580027905425473 714
149202714815963698 725
289655416538993699 740
283687188111922 783
300244304666929 772
1143565410571297 730
220695151069180210 725
365375496745132322 772
299140481429810 710
283747317654051 739
220977730088350017 703
148920196195889201 699
76580027922268739 751
72640481819898162 742
300309234667873 785
300244304732722 728
862090451558947 713
4522369173565489 722
300308981953089 750
76579963246097218 761
76579963211490099 748
283686953227300 774
76879164057145440 749
293317902891819556 753
149218168377782848 750
76879159510454353 734
220695151069311796 731
72639377996525889 744
148920196449452354 754
300244556526388 700
72639373684781362 766
72623859975655970 743
221556133350024241 719
221556133350027585 727
221542934898680624 730
72623859992567841 697
221556133350024229 716
72623859975656227 730
283751848419890 746
566317494178595 713
300244556525874 751
292752745106251811 693
144977278510637603 746
300244539683122 746
283747571282483 734
72639313555239232 780
72638209496068674 727
4522429572530241 689
299140734071347 756
566317494178592 751
300244556526146 724
283687154553877 719
144977278510703411 786
580615458005552 763
76862542012494144 762
76579963212411201 718
299140734005568 744
148637557267182146 684
72623911532175907 802
72640482038067763 733
283747553456434 782
300244304864307 688
144964088900952626 768
4522433885327713 757
4522368955327283 725
76879159509533251 708
283751629460771 779
289655416538993698 714
283686952308757 708
300244522840128 753
144978382552113713 736
72623859791040789 766
293319053959897892 712
149202766372414258 754
149217064336306754 710
72638209748713809 729
283751865262899 785
76879159509532994 699
364810339144176930 722
72623915861549361 763
220695151068321061 723
4538926306111552 755
76579962992468258 690
221542934898680612 722
292752745106252338 730
293037578983187236 738
580615458071089 734
221559496562062146 715
144977283040485936 753
144964080058373156 719
4522433632616785 744
220695151069242163 707
4523528831512626 750
220977730105127218 737
4522369173565746 721
299140480442659 707
144979551052706368 722
283747570299186 759
148637557030395938 765
4522373485306675 792
76580027669619762 737
220697410456920881 715
283743023604259 755
76877995321733955 735
300304669225024 775
148638716907365169 733
283686953231155 698
72639373683860274 762
220695155599090482 708
76879159510516291 727
72638209730883648 758
364810339144176929 703
217316351836954914 736
4522433631691828 752
76877995320750386 754
4538990983263042 749
148637557030396452 701
144964080058373154 747
284846829281827 707
148920196449521745 735
76879103658111539 724
300244303881253 715
300244557443635 715
4522433631695169 729
76877995573392193 729
4522369207185714 725
148920191884079410 750
4522369208103489 731
144964080058372896 718
566317494181936 723
148637557031248689 707
217304261722186275 722
220695151069176627 702
76879099380908369 734
300308981887296 717
283743005843761 723
76579971818201892 763
4538991236898913 750
580615458005282 712
76879099144974643 771
283687155409200 742
76579963228267314 680
862090433860643 760
148637557250339122 684
148920136032657968 718
221542887637197347 745
72640482038067776 744
149217064335385648 760
4538926541910592 758
283686953095713 739
76579962993389874 692
148637557266198849 738
4522429319884850 727
72623911532175665 716
72638209731866945 760
145260961134027042 715
76580023357809459 776
217316347524358177 752
148637557030396708 750
149219272184377921 767
4522369207186243 705
220697410456920880 681
300309216834099 711
76579962992468259 698
289655416538993697 762
221558341215862849 679
76877995574382930 741
72638209748644160 772
4523528831509299 723
144964084371038513 740
149219332348461393 764
149219272184377922 745
72639373684785217 741
76879099379990593 714
283687154491426 710
148637557030393125 717
300309216834114 701
72623911533027633 731
4522433867497537 729
144978382586655026 784
76579963211424291 736
862090433860644 755
72639317832442403 752
283686952306196 761
283747318641218 723
148637557031380005 742
76580023358734401 767
292752745123947300 735
76862606723268930 744
76579962993320497 749
149202775214993985 778
283686952309525 768
4522433632682306 768
283747318571569 748
76579962993324338 747
72920788296085553 761
72638209496002609 785
76580027669623090 789
72639373684781377 730
72638209748709954 717
283687204954931 742
72639378249236802 689
4522433649390131 724
4523472980091427 764
76579962993452084 752
149218168395546960 770
72919684471791651 767
283687172255793 721
76879164057141827 744
4522368955396417 732
566317494181921 772
300244557443649 773
221557237173465137 738
220695151069114417 757
144977278510641201 749
217316347524358706 721
76862597847068993 752
283686952309013 768
76879164057145682 737
365092917944328225 760
221260308853891633 751
300244304732707 745
283686952309524 761
72640473195488036 729
72640473195488050 746
4538926542897489 741
72640473213186354 744
283687154553888 758
283687154425889 787
221260308888432946 702
283743022683168 734
300244557509443 739
76580023610454592 741
76579962992468016 782
76862541793337648 729
4538926307098946 660
76877995321668147 720
4522369208173138 711
221556133367722547 721
144977283040485938 774
76879099380908368 697
283751629464114 814
284790961017363 712
76879159510450513 773
149218168395546946 719
148637557030393121 699
300309216837954 729
72638209495999026 715
300304670208577 705
148637557266199091 763
144978382569947201 704
149202775214993971 720
148638716907365170 691
148637557030396194 770
76879164057145697 735
4523472778699042 710
72623911532110114 730
149202775231840321 706
283691483075605 731
72638209731870800 756
76580023610454579 792
4522429319881521 733
76862597846147889 708
289655416538993685 696
72639373684850753 684
72638209731870785 726
220695151069176612 720
76579962993324353 738
148920135831265572 726
76877995574382673 716
283687189095219 733
144977278509720371 739
76877995320750144 741
148637557030396965 696
149202766372417600 761
299140480442401 736
283751883026995 737
76877995321602624 740
72640482054914113 715
73202263271940129 678
76862541994733617 738
283687188108324 743
283747318505777 732
144964080058372898 769
4523528831509298 720
76877995320747059 696
221556133350027842 751
283686953165090 712
76579963245113922 748
4538991235912033 705
283686953161506 804
4523472980091441 732
72638209747726914 729
283686952306195 722
4523472980091440 774
284846829278243 753
283686953296676 738
148920196431688257 780
580615457153315 688
283687188112164 736
300304670212161 737
76863697357775664 718
76877995320750387 735
580615458140466 740
293600537561018674 716
72639378231476546 729
283743259472192 757
76877995321733954 741
144979486375555121 770
149219336660205890 744
4538926306111538 729
76877995321672017 730
149219332348461392 783
72623859975656225 718
300244304868148 753
4522433885258050 773
300244303880754 715
76579962993320753 767
283751629464099 740
148637557031383875 702
76579962993254691 712
72638209495077922 704
283687154488098 713
221260308669276450 726
4522368954540065 732
300244303877412 715
72639373683864130 749
148920200726655553 725
293317902891819569 747
300308981035329 777
217319710736393008 721
76579963245113907 749
283751630316067 778
149202766372414244 696
283751882109234 717
76579963228270913 699
76862602411524433 733
72623915844772144 762
300308982022723 734
283686953033761 753
220695151068324901 711
4522369190339377 785
220696255093875248 773
149219328035795778 724
144979542210129969 728
300309233677108 716
148637557030393110 723
72623916079718960 748
76580023610454593 774
149202766372414257 711
300244304798515 730
144977278509719857 707
148920136050422066 714
148637557031182626 795
220978885433631524 701
220977729869193521 778
72638209495081507 727
148920191885062707 720
300244304802370 714
300309233680978 728
72639378231472691 744
283747317650468 750
283686953161762 738
76580027670540866 748
72638209730880049 750
300309216837697 708
144964093195919907 698
148637557031318082 759
283686970004501 745
148920196196810817 761
72638209495081522 773
283686952309796 726
72623920374686258 753
76579963211490084 716
221260360410342195 743
4538991235908177 815
283687154425904 713
72623859791040786 742
76579967506391587 759
4522433885323843 750
220978889745444913 702
300308981035828 732
580615457153329 736
293600542074155571 766
300244304736577 758
144978382552113714 718
76877995556552784 710
4538926307099203 719
72640477508153650 748
300244304864293 713
283751865262898 704
300304669225010 712
72623859791040787 753
76863697357775665 690
72623916097552449 724
220695151069311811 748
862090433863714 704
149217064335388722 770
148637557031182627 731
580615457153314 723
283687204955188 747
148637557284028995 726
76579962992468787 737
72638209496002881 733
148637557283959361 715
144979551052706355 703
580615457149987 746
144977282822316322 754
76862606688727616 691
144977283040485937 765
4522368954537238 702
144977283040485923 733
76877995557536080 735
4522368955327268 711
144979551052706370 742
72638209495933475 746
299205411225922 740
283687171268641 736
144980590165303843 742
4523528831512897 703
220977730070586161 723
76879099145044033 743
76579963211493939 727
283687189029426 747
300244557513283 699
283686952306197 702
221542934898680625 718
217319659179942435 698
283687171334435 723
72623911533093425 760
283686953165347 716
144978382333944113 723
4522369173496368 720
72638214025847345 761
299205157597233 733
221260360410342180 711
862090433864227 734
76879159510450512 734
4538926306967632 724
76877995321671745 802
220978885433631539 728
72638209495080993 712
220695151069176355 751
148638716907369026 722
283687171265315 728
283743005843489 742
144977278509720356 722
292752745106252068 733
76879099144187953 761
72623915860762657 687
4522368955524147 759
300304669221683 736
76580027905421889 735
4522369173500225 753
76579962993258545 732
300244303881011 697
292752745106252067 687
148637557249356097 706
566317494181922 749
148637557249352241 738
221559496562062132 773
76579963246097219 708
148920196449452368 693
4538991235912018 724
72638209748713794 734
72920788296016162 762
76877995320750130 732
72919684471791907 752
284790977860386 747
76877995573392180 714
299140481298496 723
221542948036227635 718
148920191884996929 739
4522433631695155 747
4538990984184130 726
72638209495081250 726
283686952309267 776
283751882105906 716
149219271982985522 719
300244556522548 711
299205410239042 717
299140480439317 736
148638661055947312 725
284842517467937 754
299140481426226 768
283687154557475 695
299140480442402 715
220695151069176625 673
283686953030420 758
76579967305064995 766
220695151068321060 755
220697410456920868 761
144964088900952625 736
283743022687027 753
149219328035799106 727
300244304732979 702
580615457153571 761
217319710736393010 739
76877995321602611 745
72640482038067777 742
221260360410342194 751
76579962993324081 741
217316347524358691 714
4525727854764836 731
72623916079722560 721
283747570298929 725
72639313555239233 736
72638214025847346 734
148920135831334961 668
300244304732964 760
580615458074673 723
144980646033567793 698
76580027669623362 728
76862602158882881 774
283687154553892 746
148637557031182896 691
283686953033776 718
220978885433631536 693
220695155599090483 731
299205410242625 819
299140480439330 736
76579962993255219 719
149217064336306739 762
283751630385715 704
220695151069114432 780
72640473195491378 722
76579963211493426 730
72639378231472706 736
300244304864308 712
149202774996824370 715
580615457153059 718
293035323907121444 767
144980650346164530 709
72639313555239218 732
300244539679524 718
283686953227285 733
76862606688727617 732
283687154491939 727
72623911533097009 749
148920196449452369 736
283747317653794 737
144977278509716516 719
76879099363148098 714
283743023538466 746
149217064335389235 727
148637557283042115 723
4522368955392819 761
299140733088065 765
76862542012494145 820
299205410239041 789
221558341199016513 783
72623911532109857 710
283747318575153 711
4522369190339378 735
72638209512776227 779
72638209747726642 725
283686953030677 763
148637557030393124 733
221260369287463234 775
4538991235911776 750
144964080058376482 731
4522433632682563 740
76579963228271170 741
364810339144176928 733
148637557030395937 742
221556133350024243 750
76579962992468001 721
567417005806356 719
76579963211490096 729
149202770684227633 725
221542939210494001 748
76877995573395778 774
4522368955392561 672
217316347524358434 704
283686953095969 753
300309233680449 685
76862541793337649 754
144979551069552705 793
283686953095700 742
148920135830544417 759
299140480442416 783
72639313537478977 763
293899665088328500 735
283686952309268 722
72623911532110386 725
283691483075620 733
76580027923255634 755
72623911532106528 793
283747571286081 762
284846829281571 751
148637557030396195 727
148920135831265571 714
76877995556552769 711
283743006761265 748
72919684471791906 714
284842517467939 724
4538930618708274 658
149202766372414259 695
293895202364662821 767
285894784455444 716
72623859992633377 722
76862541994733889 724
4522368954540580 757
217318555171954978 693
148637557267186001 727
862099259597347 743
300244304867891 731
283687154488099 753
364810339144176933 755
4522369174487120 770
300309233677122 736
73201159448499221 725
76579963010163492 738
300308981035057 762
76862597847138626 736
144978382552113699 705
76863701669589041 737
144964084370186273 695
4538990984184144 737
72638209730880048 715
72638209748644161 736
4538926307095363 717
72640477508153665 701
144979486358708784 717
580615458005554 706
300244556522533 756
76579963211424305 717
76879099380908354 745
283687154491425 788
4522368954540080 733
221559496562062144 705
300309233677123 681
300304669221682 735
221559509699609155 754
76579963245110322 738
148920191884075826 684
148920136032658224 734
284790776467987 730
217319710736392996 742
72640477508223041 776
283747317653537 736
72638209747723058 716
4538935131845171 735
4538926306108466 724
76580027670475058 741
299140480442403 711
283686952306192 755
292752745106252323 726
4522368955330624 737
1143565410571296 738
283743023670067 738
144979550834536754 697
4522433632547122 718
292753848930410786 720
144978382569877824 739
72639373683863602 707
4522369207182387 749
76579962992468516 741
76580023358734416 712
300253129614116 728
76862602410606657 719
566317494182435 724
76862542011576369 736
148637557249421362 715
300244303880996 678
72623911532176179 732
72638209495933218 746
76879164074905953 712
300304670212418 765
217317451348652081 749
566265937728020 726
76862597846147891 734
4522369174483250 788
144979486157316386 763
148637557266199106 693
4522369191260480 706
148637557249421875 692
144978382333944099 735
76879099363144258 747
72638209495933488 718
148637557266198834 718
76580027922268497 755
4538926306963776 722
292752745106248997 761
283686953095699 751
4538930836877890 739
76877995321737795 710
221556133350027314 734
72623911532106516 709
4522368955327026 759
300308981035314 754
76579963228270641 708
76879164057141840 708
148637557030393120 703
293895202364662836 681
283743006827057 734
300244539679538 751
283686952308755 765
4538990984187985 762
300308981031973 698
221260360410345793 758
283687205872435 720
217304252896452641 718
4522369173496355 692
220695151069180225 741
76877995573395793 719
72638209495077909 755
72638209495081251 740
4522368972235556 737
283743005843490 763
299140481294896 728
72639378249236816 710
4522369173562163 670
76579963229188416 721
300244522840385 742
283687154553891 750
4522368955458355 737
72639373683860273 653
144977287335453219 749
4522369174487105 718
4522429573513538 716
283687171269155 750
220695151069110563 719
72638214025847331 726
76579962992468003 747
283687172256050 724
221556133350027571 707
144964088699560226 801
72638209495080994 720
72639313537475107 746
220697358900470307 760
221260364723077185 753
149217064336240960 747
300244522840113 771
862090433864499 743
76879159509532738 734
299140717228353 745
220977730070589489 722
299205410239027 759
76877995557539921 728
300309234598210 752
148637557249355840 709
220695151068321046 722
148920191884079168 753
283743023673922 762
4522369174483264 708
72623916097483073 751
72623920374686256 708
72623916097483058 691
149219332348461378 726
283687205942068 763
283751865266482 814
72906490332258337 759
283687154422305 762
72623859975659553 714
848891982517026 732
76580023357813057 770
4522373485306660 704
299140498137635 687
220697410456920882 691
4523528831513154 763
299205157593905 703
76579962993254962 752
4523472980091442 735
364810339144176918 714
72638209730883890 735
76580027905425745 757
4522429320868417 730
283747317654323 763
72919684471792178 747
4538926307095362 702
300309234667858 732
72639378231472705 753
76579962993320498 772
148920136032658225 714
217316347524355093 720
4522429320868418 702
4538926306111809 738
144964080058376226 730
72639313319305520 764
300244557509442 745
292752745106252081 765
76862542012494130 683
299140481426227 719
72623859791110177 735
300244539682865 789
76579963246101059 763
221557237174251840 759
72920788296016177 797
300244557513026 777
72638209496002866 691
299140480439328 782
299145011208754 707
283747570295601 764
4522368954540068 718
300309234667601 740
220977730070585906 695
72623915844772145 708
217316347524355106 717
148637557284025155 751
76877995321672002 733
76579962993255216 703
148920136032658212 785
283687205941811 731
283751630451251 713
299140481364274 731
72623916079718947 756
283747570295602 770
4522429319885363 764
72623915861549346 716
300244303880483 722
299140716245313 730
283687188111907 684
76579962993320740 688
4522373468463651 764
862090433864484 715
148920200726655552 712
144977278509716512 789
149219336895221841 729
4538990983263041 736
299205158518864 698
220695151069110834 740
299140733088307 684
76580027923186000 743
4524576786686499 707
292752745106251809 782
283751882109763 765
76579963211424304 740
4538926559744353 729
4538991235911761 728
76579962992468004 770
76862602158813490 759
220978885433631538 711
283751865266754 673
283687154422548 762
76579963228267313 777
149219328035799619 713
72906486020444962 732
4538926306108467 738
72638209496064818 718
300309216834112 774
217316347524358179 783
4522433632678723 709
72639373684847155 744
4538926559740497 724
76580023358730546 743
144980641721754417 789
4522429320872001 741
299140716241458 715
283743006830898 740
149218168412324162 743
283687154422561 755
149217064336372547 724
144979542210130241 717
283751629464613 720
72640417378611506 726
220977729869193506 770
4522368955392817 707
4538990984188000 664
4522368954537249 724
283686952308753 679
72919684471791921 736
4522368954541093 761
283743258485298 766
144977278510641473 726
144978382552117569 711
148637557283038245 720
76862597846151746 751
283747553452579 703
283751630316081 694
148638661055947313 728
220695151069179953 672
148920136032661553 715
4538926559674704 800
149202775214993984 776
144977278510575680 729
76580023358800209 718
76580027670606659 716
299140480442658 664
217304248584639266 729
149219328035795764 700
148637557266198577 716
217319710736393011 728
76579963245110324 682
148920136032657970 736
76879164074975329 746
220695151069176369 691
144978382333157409 727
300244522836530 728
76879099144974656 765
221260364723007809 744
4522429572526643 746
76877995320747045 738
76877995338445363 731
76877995320750915 737
4523528831509296 736
283751883096643 698
149217064336310594 740
76580023358730560 797
300309234598224 721
220977729869262897 747
148637557031314226 683
148637557249355825 732
144980641721754404 708
72623859993420066 710
299149306176035 784
72920792809153059 731
580615458005539 763
299205157593906 746
217319719360803122 720
72638209748709939 735
283687154426161 766
299140734005554 735
76877995321668162 727
76580023357809458 739
76877995320750131 722
4522429572530498 741
283686953030163 743
148638716925063474 777
580615458136868 738
144964032796889621 708
220695151068324387 688
148920196431692098 687
299140716245041 752
72640473195488049 714
300244303880225 772
4538926558757186 732
76879099380977745 769
4538926306964019 703
221260364722155569 743
300248834646834 735
4522368955396145 764
221260360410342193 773
283686953231140 729
283687188111650 724
299140733084465 723
300244540600640 706
217316347524358178 719
580615458005297 743
283743022686243 710
76877995573392195 764
144964032796889634 723
284842517467936 741
148637557031182898 699
76579963246100802 736
148637557031248676 719
148920191884996928 704
148637557030395952 738
300244540670289 810
76862597847134786 758
283743023673650 746
144979546522792256 743
300308981035571 778
300244522836515 763
220695151068324659 691
72919684471791649 750
76579962993254705 750
220978885433631537 725
566317494178593 727
76862597846151489 733
580615457149985 721
299205157597490 709
4522433631695411 711
283687171331093 720
293600533248421937 718
4538990983263028 705
289658728194581027 763
292752745106251824 739
300244539683137 723
72638209731866930 755
283747571216704 735
148637557283959362 683
148637557031252274 758
4538991235908176 752
4538991000961346 707
76879164074905952 703
283686953095971 717
300244304732977 743
76580027669619764 695
4522368954540836 719
580615457149986 765
4523528831512882 747
149217064335389507 719
