4582285602 31476
8859488787 31979
17834032 31610
8859488802 31550
4329644065 31561
16912673 31787
4329574674 31886
4564525089 31854
16909072 31564
269554195 32254
17834017 31560
8641319186 31664
16912915 31546
269557793 31910
17899825 31933
4564525346 31548
8859488800 31693
16909060 31726
17899553 31743
16912401 31813
8894030114 32152
270541104 31710
269554208 31508
4564525361 31348
17895955 31803
16909073 32031
269558065 31734
4328722449 31709
4581367841 31818
8859488801 32211
269558050 31738
270544945 31714
270544960 31816
4564521505 31598
17899810 31437
16912402 31735
4582285616 31222
13154456083 31651
16912658 31658
17830176 32139
16909075 31547
4564525104 31568
16909074 31625
17895970 31313
17895969 31828
17830162 31875
269554210 31952
4582285617 31913
270541090 31747
8876335137 31995
17830177 31882
34607378 32093
4582354993 31903
4329574688 31951
270541105 31817
4564521491 31615
269554209 31898
4564521504 31601
16912930 31453
4329574689 31745
4564521506 31774
269557808 31682
16912416 31834
