1168517505314 9295
2212194557985 9225
3376165167394 9364
69005877795 9231
1168517505058 9275
1172829315105 9219
1168518426673 9051
69005873954 9338
4329640482 9286
1168518492209 9202
4328722963 9271
1173065114147 9146
4582351409 9347
1108153016353 9285
2268029133362 9342
1173082878273 9240
4329709858 9219
4329644322 9322
1168517501716 9228
1108371120176 9272
3367540757268 9069
4328719379 9184
4328722707 9527
4329574931 9141
1173082878258 9234
2268029133347 9284
4328722721 9181
4581368355 9380
1168517505057 9279
4582351395 9139
4565512241 9379
4329706274 9318
2276871709233 9233
1173065118002 9203
2212177711650 9274
69005873955 9335
1168517505586 9105
69258519090 9241
1168518492466 9311
4328722706 9257
4581364500 9064
4581368370 9409
3367540757280 9417
1172830167344 9306
69006798897 9324
2212177711635 9202
1108371116577 9275
1172830167330 9281
1108387962913 9133
2276906250546 9335
4581367841 9433
4582355265 9328
69258522930 9120
4328719378 9182
3367540757283 9143
1168518488626 9224
4564521491 9138
4581364513 9116
3367540757281 9069
69005873953 9332
1168517501729 9406
69258522673 9314
69258522688 9239
4329710115 9248
69259505970 9250
69005877282 9175
4329640467 9190
1173065117745 9196
1173065114161 9114
4329574944 9461
1108152946962 9247
4581364515 9250
8859488787 9357
1108152946963 9193
69005873952 9215
69258519089 9399
69258522945 9431
2268029133105 9176
4582285617 9323
1173065118017 9228
4329574689 9224
1108152946976 9251
69006864433 9365
1168517505072 9211
4581368098 9071
1168518488611 9230
4329578529 9345
4329578544 9367
4329644337 9153
1112666083859 9399
1108388880689 9367
4564525361 9190
69006795057 9127
3367540757282 9118
1108371120161 9046
1172830167345 9353
69006864690 9228
4564525089 9274
69259509825 9301
4329574674 9119
2268029133090 9304
2268029132834 9165
4329574688 9200
2268046827810 9195
4582351410 9227
4328722464 9142
1173082878272 9250
69005877296 9259
1168518422832 9311
1108388880688 9192
4564521505 9282
2268029132848 9262
1168517501728 9176
1172830236721 9274
1168518488625 9329
2211976319250 9212
2276653539618 9156
4346417683 9274
2276871709219 9214
1108371116563 9294
4467052385044 9296
2268029129505 9376
1108405657890 9266
1108152946977 9261
1168518426688 9395
4328719365 9295
2272341795106 9140
4328722450 9206
1168517501731 9301
69006860849 9188
69005877553 9275
1108371120433 9279
69023572258 9367
1108371120418 9281
4328722451 9441
2276871709232 9141
4328722978 9274
4564521506 9250
4581368113 9268
1168517505329 9173
2276871709234 9220
69006795042 9324
1173082947649 9182
4582355250 9430
1173065117760 9327
1168518492481 9269
69005877281 9170
2272341795120 9386
1108371116578 9131
3315984306707 9495
1108388950065 9373
2268029129504 9327
1173081960497 9296
69006864705 9238
69259509840 9399
69006795056 9286
1173065114160 9431
2268029129507 9353
69006860835 9145
4565508401 9235
2212177711649 9338
2212177711648 9399
8859488802 9206
69005873940 9310
3380678304291 9330
4581364514 9184
4564525104 9192
4329706275 9368
4329644065 9376
69006860850 9159
69258519075 9158
8859488801 9321
13154456083 9141
4328719377 9315
1168518422818 9350
4329640481 9235
1173065114162 9124
8859488800 9166
69258519088 9313
4329706260 9222
4564521504 9181
2268029132833 9333
1168517505571 9215
4565508400 9146
1168517501730 9158
8641319186 9484
69259505984 9276
1108371116576 9093
4328719380 9315
69259505985 9435
4328719376 9257
4565508386 9473
69005877810 9250
2268029129506 9204
4565512256 9227
4328723220 9209
2272340942881 9482
3371852570657 9467
4329574946 9271
2276888555569 9244
1168518422833 9153
4582354993 9096
2268029129492 9130
4328722449 9243
69006798912 9257
4582285602 9264
4582285616 9248
2272341795121 9357
2272341864497 9206
2212212252962 9398
1108388880674 9207
1108152160273 9403
4564525346 9130
4328723235 9111
4329710130 9161
69005877538 9287
