144978382333944099 1117
76580023357809459 1127
76877995574379090 1100
220977730088419393 1093
72639313318518817 1108
283743022686755 1052
283686953030688 1017
148638716907365170 1156
72640473195491377 1094
284846829278242 1113
283687154426161 1065
299140481364274 1081
300244304666915 1047
76579962992465188 1162
76580027670475073 1129
144980590165303843 1101
144964032796889632 1132
283687154553888 1075
148637557249421618 1095
217318555373347377 1141
76862597847072833 1102
149219272184377920 1129
217304205618123283 1076
299205157597248 1074
300244304798514 1085
283687154488098 1101
283687171268898 1100
4522429573517393 1110
72639313319305506 1133
283687204955188 1074
4522369191329857 1097
4522433632678723 1135
76579963245965618 1150
300309234667858 1122
220695155380920867 1073
283687172256065 1079
299140734005554 1158
4538926306963776 1116
76862606688727617 1052
221542939210494001 1102
76877995321668147 1153
220695151069110562 1085
566317494178593 1050
283743022683168 1083
149219328035799106 1082
4538990983263042 1086
4522429320802624 1092
299140480442658 1143
76580023375507762 1147
283687204954931 1127
220695151069114432 1069
4522368955326769 1032
284842517467939 1115
299140733084452 1123
76579967506391587 1142
221556133350027842 1019
149219328035795776 1092
285946340906020 1133
76862541793337648 1138
76879099380908354 1128
148637557284029010 1115
76579963211493440 1084
144977278527414819 1130
76580027923186001 1092
148637557030396723 1101
221260360410345522 1055
76579962992468258 1126
72640482072609090 1112
220695151068321046 1101
73201159448499236 1130
76877995320750386 1149
72623859993420080 1133
76580023357809456 1129
148637557030396466 1112
148637557266195251 1008
293899665088328500 1091
283686952306193 1156
300244556522546 1073
148637557283042100 1102
72623915861549360 1072
862090433863985 1105
148637557266195236 1118
148637557249352242 1089
72640473195488051 1115
4522368954537251 1041
148637557283893554 1051
4538926541914192 1088
148920136049569841 1089
148920200761196866 1033
72623911532109858 1057
148637557266195250 1117
76579962992468260 1116
76579963246101059 1131
293317902891819556 1063
76877995321668161 1066
76579963246097204 1075
283747570295603 1151
76579962993452083 1058
221260308669276450 1094
299205158518849 1134
76877995321602354 1107
283687171269170 1125
300244304868148 1048
4523472980091427 1163
4522368954540580 1153
149202766372414258 1097
293035323907190833 1073
76879099363147841 1095
580615457153059 1089
76580027905421890 1124
365375496745132322 1031
76877995321602368 1131
580615458005552 1026
149202770685079872 1091
300308982018883 1106
144977278509720099 1085
300304670146625 1158
300244303881268 1111
293600528936608563 1128
4522369207185971 1107
284790977860372 1074
4538926306108468 1097
292752745106252580 1129
144964088917798961 1078
144977278509719857 1085
76580023610454593 1118
299205158580802 1079
300244557513026 1098
4538926306111537 1112
144979551052706369 1129
217316347524358706 1121
72920788296016177 1035
76862602158813504 1083
144977278509719843 1067
283691483075605 1097
220695151069242148 1064
220977730070585905 1076
148638716907368769 1096
566317494181921 1095
4522433867497794 1082
72639373684851010 1143
149202766372418099 1084
72919684471791921 1071
4522433884336962 1086
299140480442401 1077
4522369190339378 1122
220978885433631537 1099
283743005843489 1112
299145011208753 1132
149217064336240946 1116
300309216834114 1075
76580023611445329 1096
149202714815963698 1049
144980641721754404 1093
149219336912916818 1100
283687154488099 1131
4538926307095363 1135
293317902707204386 1117
300244557513298 1085
4538926559740498 1104
4522369173565490 1113
283687189099074 1069
220977729869193520 1106
220696254892482850 1124
220695151068323873 1132
4538926541910594 1103
4538926307095348 1131
72638209495999025 1086
72920788296016176 1167
283751865266739 1067
283747570299186 1085
144980641721754417 1062
144977278510572080 1022
149217064336376402 1134
220695151068323874 1071
300308981887296 1145
148637557031252274 1062
72638209748713809 1074
217316356350091811 1080
4522433632682563 1061
76862597847134785 1102
283751883096643 1116
300244303880497 1065
283686953161762 1075
283687154553877 1151
148920136050422081 1170
283751629464099 1099
149219332347609153 1094
76579962993455939 1112
149219328035795764 1062
76879099363144243 1068
220695151069110819 1160
148920136032657955 1057
76579962992465187 1085
148920135830544417 1068
1143565410571300 1107
76579963211490084 1111
1143565410571299 1130
72623859791040787 1131
848891982517012 1082
300304669225009 1099
148637557030396196 1064
76580027670610514 1108
299205158515008 1045
220697410456920880 1142
76877995320747045 1206
149219332348461393 1109
221556133350027313 1154
283751629464114 1111
76863697357775666 1110
4522433631691826 1123
283747318637363 1150
300244539679537 1042
1143565410571285 1144
149217064336240960 1142
284846846976547 1094
283686952309525 1100
217316347524358434 1079
220696255093875235 1105
299140481426212 1057
72639313555239218 1093
76879164074975329 1059
76579963229188402 1051
4522433885323857 1137
72638209730880050 1107
76579962992469029 1113
76877995320747058 1087
217318555407888690 1088
144979542210130483 1072
283686953230883 1129
283743006765120 1093
4538926542901344 1107
848891982517024 1128
862090433860641 1051
283743023538466 1102
4522368954540337 1088
76863697357775652 1110
300308981956673 1045
299205410239042 1092
76580023358796353 1114
144979542210126643 1102
144978382552113699 1096
4522369173565746 1061
144977278509716514 1103
72623911533027633 1079
300308981035843 1073
72623859975659553 1119
283687205872420 1078
148637557030393124 1074
72638209747726385 1163
221260364723077185 1069
4522368954537249 1174
300308981031973 1106
76580027905425745 1115
148637557267185729 1097
300244522840113 1132
299140481294883 1132
72920788295229473 1094
148637557267116353 1120
220695151069176355 1071
72638209730883905 1127
283751865266497 1140
76879103658111539 1090
4522429319885106 1118
300309233680449 1118
148637557249418035 1098
300244304732977 1130
4538926306112051 1107
300304670212433 1108
149202766372414257 1123
300244303880754 1130
76579962993254691 1192
76579963245114164 1103
76879099379990593 1081
300309216834112 1117
4522433867493954 1075
144964080058372896 1134
283686953165347 1087
217316347524358691 1120
283743259472178 1093
300244540666434 1092
72640482038067777 1140
283743006830898 1131
72639373683864115 1097
292752745106252081 1046
300304670146640 1060
4522433632612915 1112
862090433863970 1083
284842517467936 1073
293896306188103729 1085
144978382552117569 1094
72639378248319041 1113
144964080058376754 1099
144977278509719586 1092
580615457153586 1074
293898514020250163 1174
299205157597505 1087
300244539683394 1043
4538930836877875 1152
72623920374686258 1042
148920136032658224 1058
299140716241457 1066
76879159509532738 1073
299205411229777 1109
580615458071090 1115
4523528831509284 1037
4524628343137072 1111
220697410456920883 1092
221557237174251841 1040
4522429319881523 1093
72623911533031488 1063
580615457153828 1100
72639313319374897 1106
299140480442659 1085
76580027905425730 1142
283687171269155 1068
4538926307029570 1159
284790977860387 1071
283751883092788 1106
4538991235908178 1066
300308981953089 1111
220977730070586160 1087
76580027923185986 1063
149202766372418114 1081
300244556522548 1052
300248834646820 1102
148637557250342992 1089
283743022687027 1055
283686953161506 1083
283743023670052 1074
221556133350024229 1075
862099259597347 1092
283751630447667 1118
72640477508153664 1143
72638209748713537 1071
292752745106248993 1082
283751883096386 1157
299140481294896 1077
4522368955327268 1148
283686953293093 1095
365092917944328225 1150
72623915861549361 1084
148920191885062722 1108
144964080058376497 1089
72638209747723057 1139
72623911533097266 1122
283687154491682 1102
148920135831265572 1132
4522433632678722 1100
145540228463137813 1129
76580027669623105 1070
366234271379301413 1087
221260308870737969 1079
4522429320872258 1110
283743259476033 1145
299205157593907 1102
4522369174483265 1115
4538926306111552 1119
76580027670606659 1052
300244557509428 1142
220695151069246003 1113
4522433632612930 1143
4538991236895072 1099
144979546521940017 1074
72638209748709953 1127
299205158518864 1093
283751848419875 1117
148637557250342977 1131
76863697357775665 1128
4522368955327026 1057
148637557030396451 1080
4522433885258064 1073
4538990984187985 1060
76579962993452084 1130
72638209730880049 1141
220695151069114417 1082
72640473195488049 1079
283687189095204 1116
283687188112164 1158
148637557249355840 1028
76580027905425488 1149
148920136050491457 1099
148920136050422080 1125
4522369207186228 1111
284846829278243 1118
148920196431692113 1114
300308981956930 1039
72623911532176179 1180
148637557284028995 1142
72919684471788580 1139
220695151068323875 1087
283751630451251 1094
76580023611441474 1104
72623911533097009 1123
220695151068321058 1097
76579962992465189 1099
300244556522547 1181
4522433632682578 1088
76862542012494144 1059
76862597846147891 1069
72623911532110371 1128
283747317650466 1153
149203865884042020 1102
283687154557475 1077
300304669225281 1093
220695151069311796 1150
283686953029906 1075
144977283040485937 1023
4538926323806771 1132
76877995573395778 1088
300244539683137 1105
292752749418848803 1084
4522373485306673 1119
283747553456449 1068
221556133350027315 1134
76877995573395793 1109
299140480439329 1061
220695151069176612 1096
4522368955462210 1114
76579962993386290 1158
283687171265313 1071
220696255093875250 1114
144977278510706994 1043
300304669221681 1057
299140481364017 1100
283751883026995 1086
284846829281571 1137
72919684489486883 1109
4538926306111794 1131
72623859791040788 1176
283687171334948 1121
299140480439317 1110
283686953030435 1161
4522433867493939 1105
149217064336241218 1141
283743006827043 1136
4522369208173138 1142
283687154488096 1063
300244304732964 1123
283747317654308 1122
76579962993254705 1164
299140481298496 1081
4522368955327011 1147
144978382333157409 1132
283687154491426 1090
148637557030393121 1149
76580027923251779 1072
149217064336241203 1124
220977730087497777 1105
283743022683170 1088
283743006761264 1129
76877995321733954 1129
220695151068323888 1122
144979486358708771 1065
76580027923251793 1082
299140717228353 1067
292752745106252595 1074
862090433860642 1104
299140498137635 1070
4522433631695668 1079
149217064336310594 1137
148637557284025154 1014
221558340997624114 1092
76580027669623090 1101
300308981035828 1136
72623911532110114 1087
144977278509716513 1086
283686952309010 1093
144977278510641201 1061
144964084371038498 1010
76579962992469044 1121
148637557031182898 1112
4538926306108464 1077
220695155599090481 1131
144977282822316322 1168
149217064336376130 1131
293035323907121456 1143
148637557031314226 1156
4538926306108453 1102
283686953165362 1057
144979550834536754 1132
76580023610454592 1057
299205157593905 1129
283747570295588 1063
148920136032661825 1090
76877995321602626 1061
144977278510703396 1095
221556133350024240 1104
148637557031248419 1076
220695151069111088 1051
220695151068324916 1143
4522433884336961 1105
76579967523234611 1155
72623916079722560 1146
283751629460758 1086
76879159510450513 1070
148637557030395938 1048
283747318641203 1031
148920196431691856 1082
148920191884079154 1061
72623911533097281 1093
289655416538993698 1158
144978382552117312 1154
300308982018868 1045
144979542210130498 1110
76862602411593809 1072
221260360410342194 1146
148637557031248434 1076
299140481294898 1128
283747570295601 1077
300244304798500 1069
4522368954540067 1132
4522368954540594 1127
300309234667873 1126
221558341199016499 1080
72623911532106528 1103
283687188108322 1091
72639377996525874 1127
148638660854554914 1080
292752745106248982 1138
283743006827057 1096
4523528831512626 1089
4522369173496370 1120
299140480443187 1127
4522368955392804 1133
4522429573517408 1077
4522429319885121 1089
299140734005568 1128
72920792809153059 1153
220695151068323876 1109
4522368954537252 1130
283751848419888 1058
4538926306112323 1181
283687154491939 1067
4522433884340561 1088
364810339144176932 1150
300309216837954 1115
862090433863728 1081
4522368954537238 1105
283687205938213 1113
72640482038067778 1096
293035323906400289 1073
76862542029271346 1150
4538926306967617 1104
284846829281842 1080
283686953099569 1093
4538926306111795 1104
76579962993386291 1090
148637557283038258 1097
4522369208173123 1076
72919684471791650 1171
144977278510641458 1081
283747571282483 1089
144978382552113714 1051
283686952308757 1100
4522373485306675 1146
76579962993320498 1045
144977278510571824 1112
72638214025847331 1045
149202766390112562 1094
144964080058376225 1048
72638209495081008 1073
4522369191330129 1131
220977730070585891 1090
76862606723268930 1083
285946340906018 1095
149218168394629185 1083
364810339144176930 1082
300244556526403 1074
72623859993420066 1113
76877995573396050 1089
76579963246031411 1069
76580027905421888 1090
76579963229188417 1116
221542934898680612 1090
72919684471788565 1116
299140481360434 1135
300244304868163 1053
149219336660205890 1130
72639378231476561 1089
4538991000961346 1099
149217064336310337 1039
72623911532172309 1061
76862597847068993 1118
148638716907365169 1111
283686953296676 1103
4538926306964034 1061
221260369252921920 1158
72623911532106531 1071
580615458005554 1048
72623911532172323 1156
72638213807677730 1095
72638209496064804 1130
76879159509529411 1114
149219328035795779 1140
300244304736305 1138
72623911532172321 1089
149217064336244816 1144
148637557249418032 1135
289655416538993700 1153
293037578983187236 1082
283751883092802 1057
72919684471791664 1205
149219336878375491 1117
4522369207182373 1116
76862597847134786 1112
76580027669619749 1105
4522433631691828 1093
4538926541910579 1119
283751630447653 1137
76862597846147889 1121
283687154422304 1073
149202714631348514 1037
144964032796889633 1099
220695151069245746 1074
220695151069176627 1043
76862602158813505 1078
221556133350024243 1113
300304670208563 1078
300309234598210 1135
149219328035799634 1133
4522369190342977 1113
76579963245110324 1142
283743005840160 1087
76862597847134771 1108
76580023610454594 1194
283751882109748 1141
300309233680706 1011
4522368955327283 1114
76579962993254962 1110
283686953030432 1107
862090433864227 1188
72639313555308609 1117
148920136032661810 1033
76877995321602611 1056
76579962993254960 1069
283687154553891 1087
299140480442915 1139
300244540666433 1082
300248834646834 1085
72638209495080995 1080
76579962992468515 1067
221558341199016514 1103
76580023611445344 1079
300244304736562 1071
76580023357813057 1080
72638209495081779 1136
76862597847138641 1080
862090433864484 1103
72623920374686256 1091
862090433860644 1137
862094746460450 1096
299140734005569 1068
221557237174251827 1060
72906486020444962 1112
144964088900952626 1100
76879164057145682 1108
1143565410571297 1076
4538926306111809 1116
144964032796889634 1084
300304669225538 1104
283751630381875 1116
217317451348582704 1157
148638661055947314 1090
293600542074155571 1132
293317902891819555 1119
283687189095219 1110
76877995556549186 1081
4522368955396402 1113
220977730070585906 1138
76579963245113922 1050
76862606688727616 1146
72906486020444963 1080
4538990983266384 1132
72623859791040786 1090
72640473195491392 1140
221559496562062144 1075
148637557031380019 1152
144964032796889621 1099
72623915861618737 1146
72623911533027632 1121
76864796869403428 1065
72639313537475120 1027
221260369252921907 1082
149218168395616337 1102
283751882105893 1052
76579963212411200 1098
76879159509533009 1090
149217064335385652 1070
76879159509529409 1039
72638209748644146 1059
72640482054914113 1088
144964088900952625 1070
149202766372417600 1061
283687172186402 1165
283686952309524 1203
144977278510571825 1092
76862602158882881 1117
76877995556552784 1054
149202770685149249 1072
76580023358734416 1091
283687188108323 1146
76580027669623362 1104
220977730087432241 1089
76862602393760307 1144
299140733088322 1116
283743005843504 1129
149218168377786433 1095
148637557030393125 1136
76879099363147856 1158
300304669225523 1069
144980641721754418 1059
217316347524355108 1145
144977278509716512 1075
76879099363148098 1076
283743022683172 1106
72639378231472691 1066
149202714832810033 1061
4524628343137075 1137
566317494182435 1064
364810339144176931 1136
217319710736392996 1034
4522369174487105 1138
283687171334434 1043
76579963246097218 1101
283687171265300 1170
76862597846147888 1117
76580023358730546 1110
76579962993389874 1091
566317494178595 1094
4522429572530498 1140
220695151069179953 1079
217304261722186275 1023
148637557031314227 1084
4538926307099203 1080
300244303880225 1093
220695151069242163 1089
221558341233557826 1075
4522368954540323 1095
76579967305064995 1116
72623911532176164 1084
283686952308754 1059
72638209730883648 1074
283747570299458 1045
4538926307033153 1127
72640473195488036 1110
4538990984249937 1140
4522433649390131 1081
299140480442930 1139
217318555373347376 1087
144964032629051666 1097
283687172252210 1108
299205157593904 1127
580615457153072 1154
221556142175760947 1071
72623859791040801 1126
299205157593892 1088
220977729869193507 1129
300308981887297 1056
4522433631694897 1099
283687188111907 1115
300244539683122 1093
4522433632678708 1133
300309233680963 1136
76879099363148113 1128
76879163822195024 1107
72640482038067763 1058
76862541994730291 1073
76862606705573953 1088
76879159510520161 1007
4522429572526643 1169
72638209495081250 1089
72623924669653539 1179
144978382552117554 1127
4538926542897489 1119
148637557031182883 1042
72919684471792435 1083
4522369190339379 1144
76580027669619764 1093
285942029095700 1111
283686952308768 1123
300248616477219 1122
283747571286081 1131
148638661055947299 1099
4538991235908177 1124
300309216837969 1070
217319719360803122 1032
221559505186472258 1089
76862541994730019 1128
300244304732707 1145
76877995321671745 1116
220695151068324659 1138
283743005844003 1118
300304669221680 1161
148637557031186496 1067
72640473195491378 1054
148637557249352240 1067
283686953096228 1150
72623859790385169 1143
4538926541914449 1060
76580023610458192 1141
364810339144176918 1098
72640473195491891 1109
283751629460773 1064
72623911533093426 1053
293317902908665905 1080
76862541994730034 1066
72623911532175665 1126
72623915844841521 1148
220695151069242162 1098
292752745106248994 1129
148637557030396209 1137
76579963246101074 1100
72639373683863858 1041
221260308853891632 1079
221556133350027570 1140
300244540600626 1091
4522433631695169 1083
76580023357813314 1104
4522369208172866 1086
292752745106251824 1099
299140481294641 1079
364810339144176933 1124
4523528831509299 1132
148920196449452368 1159
76862542011641905 1080
284846829278241 1135
4522368955458340 1158
76579967523234610 1045
283743023670066 1125
293897410012262706 1097
144978382334013489 1093
221556137662624050 1161
283743259476048 1128
283691264906004 1102
76579962993390131 1056
300244556526131 1117
148637557031182896 1159
76877995557536081 1099
580615457153314 1148
76877995557539936 1049
300244304798515 1142
148920196195889201 1051
580619987919395 1083
4522429337579826 1136
4522368955524148 1058
148920196431688258 1142
72638209747723058 1123
76580027670475072 1116
283687189098802 1134
284846829281585 1146
221260308853891619 1115
76579963211428161 1084
4522429320868417 1055
580615457153329 1039
144964080058373152 1060
221559496562062147 1151
221260360410345521 1094
144979551052706355 1161
76879163822195025 1103
283687189029411 1115
221556133350027328 1092
76879164057141842 1106
72623911532110386 1146
4522368955527988 1055
292752745106251811 1129
220977730070589504 1108
72639378249236817 1150
148637557250339122 1090
4522369190343219 1112
4522429320806480 1136
149217068866155072 1157
76877995320747060 1057
300244304802098 1094
76877995320750900 1163
76879099144974657 1032
4538926559744338 1110
148637557031183140 1106
76579962993254690 1103
149217064335389250 1095
4522368954541093 1143
72623911532110129 1084
220695151069180225 1045
149217068647985458 1165
76862597846147890 1096
76879099144974642 1180
283686952306196 1086
4522369207185986 1110
149202770685079873 1134
4538991235911761 1100
144964080058376739 1083
299140716241443 1086
76580027669623619 1114
283686952309781 1078
4522369173566003 1111
76580023357809457 1130
148637557249421890 1154
76579962993452069 1126
4522368955528003 1114
283751883092803 1129
283747317654051 1154
283743023604259 1061
148920191884079410 1101
283743022687012 1091
148920191884996929 1086
148920196196741440 1078
300308981031986 1181
4522369173500210 1147
4522373485306660 1136
144979551052706368 1107
76579962992468787 1066
217319659179942435 1093
283751630316067 1154
862090433860643 1044
149218168395546946 1086
72639373684851025 1136
72639377996595265 1102
4523528831513154 1103
76879164073988177 1065
300244303880740 1110
148920136032658212 1059
148637557249355825 1064
144979551069552705 1092
4522369208103475 1079
221542887637197347 1100
4522369207182387 1048
148637557031183155 1082
76862602157961265 1103
76877995320750131 1133
148638716907369026 1085
4538990984249923 1152
299140716241456 1123
76579963245110323 1221
220695151069307941 1075
76877995573396035 1100
72638209496002866 1070
292752745106248996 1092
149218168377782835 1084
148920191884079168 1107
76580027670544449 1113
848891982517025 1092
148920200726655539 1146
283747553452592 1136
283747318641218 1188
289658728194581027 1058
566317494178592 1125
144964032831430946 1161
144964080058373154 1019
76877995556553026 1086
76862541994730288 1096
300244557443650 1096
221556133367722547 1155
72919684471791906 1085
76862541994730033 1112
148637557283041586 1095
283743258489153 1095
148637557030393110 1049
4522433632616513 1088
72623859975659568 1093
221260360410342193 1043
300244304732979 1044
148920135831265585 1119
283687154422305 1076
76579963229258065 1099
76862542012563521 1128
76580023357809458 990
144978382569947201 1059
283747317653794 1194
299205410239040 1147
283751629464628 1068
76579963211493939 1022
145259857309868065 1088
76877995321737810 1096
300309216837712 1134
72623859975656481 1078
220695151069311539 1052
148920196431692098 1094
76580027670606658 1043
4522369208169283 1120
221559496562062132 1066
144964032796889619 1156
4538990984253793 1078
299140717232208 1136
148637557283038245 1179
4538991235911776 1048
4523528831512897 1099
4522429320868403 1082
285946340906005 1026
4522369191260466 1061
76579963229258050 1091
76579963212415041 1086
4522433885327713 1137
299205158584657 1083
221260369252921921 1160
148920200726655553 1110
299140481294640 1121
4522433885327698 1109
144964080058373153 1051
299140734071361 1095
76580023358800209 1102
299140717232193 1051
72623859975659810 1074
283751629464100 1171
76862541793337649 1079
283687154557747 1134
365940697462874916 1073
220695151068324130 1107
148638716907365168 1051
72639373683860275 1109
72638209731870800 1120
144977278509719585 1101
76862597846151489 1072
4538926559740497 1094
72623916079718961 1142
76862597847068978 1137
72623915860762657 1170
76862597846151731 1096
72623911532175650 1077
220695151068324644 1159
145258753486427168 1127
148637557030395952 1074
72623915844772145 1125
283686953227300 1116
283751630451508 1061
217319710736393009 1042
76862542012494130 1029
76879164074905953 1087
76862597846151474 1090
76580023358730561 1159
217316347524358963 1137
72623916097483073 1123
300244303880996 1124
300244304666914 1076
72639313537478705 1095
4522433867497537 1068
283743022686498 1117
283747553456192 1074
4522369208037682 1070
72623859993489457 1089
221558341199016513 1117
293317902891819568 1101
149217064336310609 1113
72639378249236816 1172
4538991235912018 1075
580615458005539 1086
4522369207186243 1094
72639313537478962 1053
293319053959897892 1065
220978833877180963 1074
217304248584639253 1066
72623859975655970 1082
72623911533093425 1133
76579962993320753 1106
580615458140738 1075
283686953293092 1116
76862541994733632 1133
292752745106252324 1111
4522429572526656 1083
144979546522792242 1075
4522433885323858 1058
283687172186416 1016
76580027670540865 1148
76877995320747057 1161
4522429320802625 1046
144964080058372899 1099
4522369174487120 1095
148637557031383603 1066
299140716245298 1090
76877995573392195 1108
221556133350028099 1111
283687171331107 1100
299140733087793 1021
4538926306963777 1070
284790961017363 1117
364810339144176928 1113
72623859992633377 1151
76580027905425473 1126
283751629463842 1139
144964080058373156 1079
217316347524355105 1162
283743006765105 1130
4522429572530513 1123
300244303877413 1106
289659879262659364 1061
580615458005282 1062
72638209495077924 1116
76579963246097219 1112
284842517467937 1089
300244540600640 1057
283751882105908 1090
76877995321672002 1103
221542934898680625 1043
300309233680978 1087
72920788296085553 1073
283751630250274 1113
283747318571555 1179
149202770684227633 1168
289657624186593570 1196
144980641721754416 1093
292752745106252068 1022
149217064335389492 1079
149202774996824370 1075
300244539679538 1121
4538926307029555 1141
284846829278229 1055
283747570299201 1101
76579971818201892 1165
148920136032657970 1128
72639373683864130 1132
76580023610454579 1127
148637557030396195 1141
76579962993324338 1180
148637557030393122 1108
76579963246031426 1091
566265937728034 1115
283686953033776 1035
283686953095713 1105
4522368955462195 1113
580615457149985 1077
72623911532172320 1023
283751882105907 1098
149219336878375505 1084
283743022683171 1145
144978386847080995 1107
149219332348461392 1080
148638716907365171 1090
283751630385730 1078
580615458005296 1073
283751629460770 1102
299140733084466 1095
76862541793407025 1109
144979486358708786 1097
217304248584639252 1099
149218168159613248 1070
148637557283038260 1142
566265937728020 1078
76863697357775664 1123
4538926559674705 1087
220695151069111076 1089
144964088682783010 1094
4522429320802610 1065
76877995574382930 1078
292752745106251812 1133
72638209495077923 1042
76879159510454368 1058
292752745106251810 1088
72639313319305507 1082
4524576786686499 1071
76579962993258560 1084
72906486020444961 1110
284790977860385 1109
221260360410342192 1103
4523528831512882 1125
283687154553892 1083
299205175292210 1040
4522369174483264 1093
76879099145044033 1091
300304669225010 1118
293035323907121444 1115
76579962992468003 1148
76862541793337634 1077
580615458074930 1069
283747571216704 1060
148920136049504305 1088
72639313319305521 1055
4522369173566018 1069
72640417344070192 1097
149218168159613234 1090
144979546522792257 1103
4522433884340289 1077
300308981035586 1075
76877995321733940 1098
76579962993254704 1107
300309233677121 1086
72639373684785232 1107
144978382569877810 1142
72638209747726914 1031
144964084370186273 1075
76879159509533266 1125
1131466470855444 1088
283687205942068 1082
76580027669622833 1064
149217064336244801 1076
580615458136882 1101
4522369191326259 1143
4538935131845171 1045
580619769749794 1091
76877995321602624 1092
144964088900952624 1107
72623916097483058 1101
76579963228270913 1075
76879099363144258 1134
300308982022738 1086
283743023604273 1129
72639373684847170 1071
300308981035329 1125
4538926307098946 1107
283686953161749 1121
4522369173496369 1108
148920196431691841 1103
299140481426226 1130
148637557249352241 1079
144979551087247682 1107
299205411225922 1079
144977283040485936 1155
283751865262897 1118
283687188108324 1082
283687155413056 1117
300244556522533 1105
149202766372414244 1122
283687189099059 1108
217304257209049378 1138
283743006761250 1106
72639313572016434 1119
76579963246100802 1126
299140734074945 1084
283687204951333 1026
76862597846151746 1107
76877995321606209 1136
149202766372417585 1126
293600533248421937 1104
566317494182178 1067
72920788296016162 1052
217316347524358948 1120
144979542210126641 1101
283691483075620 1100
4522368954537253 1097
217316347524355106 1139
148637557031380020 1082
293600481675125283 1069
4522433867497809 1137
283687154422561 1114
72638214025847344 1059
76580027923251794 1076
76579962993455667 1089
148920136032657968 1146
4522369190339364 1126
283747571282497 1101
148638716925063474 1057
4522368954540324 1093
4522433632616785 1090
4522429573513552 1078
72919684471792420 1128
144978382333944112 1141
73201159448499232 1099
76877995556549171 1091
283687172252209 1078
4522429320806465 1118
76580027922268225 1097
144979542210129984 1110
283751882109234 1039
72638209748709954 1134
148638716907365156 1099
300308982022723 1114
72623859992567841 1095
217319723873940019 1020
289655416538993685 1051
283687171265314 1144
283687205938227 1077
299205410242897 1173
76580023358799937 1087
76877995320750144 1133
4522369191260480 1071
221559496562062145 1098
283747553452593 1103
221260308853891620 1134
217316347524358449 1111
76579963211427904 1108
72639313537475122 1065
76580027669619762 1102
148920191885066562 1144
4522433631691825 1064
144979542210129969 1107
4522368954540080 1037
300308982018882 1014
283743023542336 1065
148637557031182627 1116
76877995321733955 1136
283747317650465 1137
299140716245056 1055
580615458140466 1055
145258753486427170 1102
76879099380977745 1101
4522368955392562 1064
4538990984188000 1138
72639373683863616 1039
283687155409186 1087
220695151068324132 1074
76580027922264897 1087
300309234664003 1109
149219272218919234 1071
4538990984184144 1115
283751883027010 1116
220978885433631536 1160
72623859791040800 1076
862090433864499 1127
148638661055947313 1059
149202779509961267 1073
220695151069111091 1085
300308981953075 1044
283687154425889 1058
217304248584639265 1094
76877995574382945 1125
4522368955458355 1119
72638209495077909 1094
72623920374686257 1096
149202714815963684 1086
149202775249535298 1155
217304248584639267 1136
4522433867493952 1103
299205410239027 1104
220697410456920881 1146
283747571286338 1044
299205157597747 1128
72623915861549346 1085
72639313537475121 1084
217318555373347378 1118
300244522836530 1102
76579963211428146 1107
580615457153843 1069
292752753931985700 1120
76580027669623347 1080
72906486020444960 1077
72640477508153665 1104
283691449455380 1096
76579962992468002 1176
76877995574379075 1102
4522368954540851 1057
148637557283042115 1113
4522369173565489 1111
220695151069176370 1070
149218168158826545 1148
148637557031182641 1117
283686953030163 1108
4524628343137074 1097
148637557283041858 1121
220695151068321061 1141
73201159448499235 1140
4522429319885363 1069
4538990984249938 1150
76862542011576369 1134
148637557284025140 1086
72906486020444948 1085
149217064336240961 1056
580615457153571 1141
4523528831512625 1100
580615458071089 1168
862090433860629 1066
4538926542897474 1122
283686952309268 1111
4538930836877888 1126
4522429572526658 1109
76580023358734401 1081
4522433867497552 1148
283686953095700 1162
148637557284025155 1068
73482634425209877 1069
76579963245110322 1084
566317494181936 1114
72638209496068402 1104
300304670208578 1112
76879159510520146 1117
72638209731866945 1083
283687205942083 1058
283687154557732 1097
4538926307095362 1085
300253129614116 1066
148637557031317810 1138
283747571282498 1116
76862541793337635 1094
299140481426227 1111
144977278509719587 1038
76879099363144256 1138
566317494181922 1097
76579963229188416 1126
72638209512776227 1152
580615458136883 1136
299205410242882 1113
148638716907368498 1126
144964080058376226 1008
144978382333944113 1087
76579963229254209 1085
283686952309539 1099
72623911532175651 1098
862090433863714 1126
4522429573513538 1055
580619987919410 1071
76879164057145697 1177
848891982517027 1104
72919684471791651 1030
149217064335385649 1177
283751882961202 1131
72623859975659825 1056
4538926307033410 1106
283747318571570 1121
4522429320872273 1138
72639378231476304 1082
149218168395546961 1063
4538991235908163 1112
300304669221668 1092
149218168377786448 1098
72639378231476546 1089
76580023358800194 1079
580619987919409 1095
283747571216705 1089
148637557249418034 1110
285894784455444 1103
76879159510450498 1136
149202714815963696 1143
283743005840162 1161
148637557267182131 1144
148920196431688256 1138
220977730070589761 1136
76580027669619761 1130
72623911533031473 1109
144964084371038512 1103
848891982517026 1095
72639373684785217 1105
283747317654323 1100
283743258485296 1073
148637557031248433 1100
217319710736393010 1060
283687204951318 1083
72640417344070194 1067
72623859975656484 1092
283686953161492 1051
148637557284028738 1051
4525727854764836 1076
72639313554321457 1146
292752745106252338 1124
221260364723007794 1055
73189060508783380 1105
580615457153058 1112
76879159509529408 1125
292752745106252067 1075
149217064335385651 1109
283751630385458 1071
580615458071075 1096
283686953033761 1088
149217064335385650 1041
148920200743501889 1102
283687171334449 1090
72623859791040789 1094
144977278510637617 1051
299140481298481 1076
4522369173496355 1059
72906490332258337 1144
283747317650453 1091
283747318575410 1159
4538990983263041 1096
76862541994733889 1056
148637557030393120 1143
4522368954540065 1091
299140480442416 1077
220695151068321060 1155
220977729869193506 1055
283686953029920 1157
4522369208169268 1089
300244557377842 1151
76579963211427889 1071
299145011208752 1106
149219336878375506 1087
76579962993255216 1105
4522429319881522 1130
284842517467938 1013
4538926307029569 1071
144978382569877824 1075
76879159509529396 1131
144977278510707251 1119
566317494182193 1119
4538990984184130 1137
220977730088350016 1030
4522369207185714 1129
72638209495933475 1135
72623911532175408 1137
148637557267182146 1106
149217064336241216 1105
4538930836877890 1022
149219272201224257 1141
76862541793337636 1080
289655416538993699 1105
300244540600641 1008
149217064335388736 1083
220978885433631524 1099
283751865262899 1114
283751630385715 1099
4522368955392819 1137
72639317832442403 1020
144977278510641473 1092
283687189029425 1114
76579963228270641 1045
283743023673922 1111
148920191884079667 1114
283687171268641 1069
76579962992468530 1169
149219328035799619 1035
76879159509532752 1104
4538990983263043 1117
72638209747723059 1105
4522433885327441 1091
283686953296948 1066
4538926542901329 1092
76579962993320483 1054
283747335348771 1128
76862541994733874 1071
72640473195488050 1096
283747318575153 1159
148920136067199282 1107
283686952308756 1119
76879099144974656 1068
283751882109491 1152
300244522840370 1149
299205158580801 1067
283686952310038 1071
72639378249306193 1087
299205157597762 1086
299145011208739 1107
4522373485306674 1088
283747318575425 1095
149202766372414259 1120
4538991236895073 1068
76879159509532737 1117
73202263271940129 1061
300309233677122 1065
217316347524358178 1100
300244304666929 1168
293600537561018674 1126
72906438758961683 1143
76862606688727603 1022
221260369034752306 1135
76879159510450512 1066
144979486358708785 1104
148637557249421376 1074
76862602393763905 1109
283743258489138 1117
76579962993255204 1119
283686953095956 1117
4522429319884849 1039
4522368955396145 1126
221260360410345778 1139
283687154491425 1098
283747317650467 1119
76580027669623091 1098
4522377780273956 1117
144977278510637618 1133
4522368955326768 1178
72638209747726657 1070
580615457149984 1075
4538926558753588 1152
76879099144974643 1104
300308981031985 1116
300244522836515 1122
4538990983266883 1091
4522433632682306 1124
72638209730880035 1107
144964032813735969 1077
299140481294626 1153
148637557031186481 1154
220695151069180210 1109
72623911549804834 1056
76579963211490098 1108
283751629464613 1137
149202775214993985 1121
300309234664017 1137
300309234667601 1144
144977278510637603 1119
217304248584639266 1062
72640473195488048 1086
4522369190343234 1087
300244304736577 1105
299140480442673 1085
365658075713053219 1069
300244539679539 1067
299205158515009 1208
148920191884079682 1127
4522429572530256 1055
144978382552113712 1120
283686953096225 1121
300308981035571 1147
72638209748713794 1139
300244303877409 1070
76579963229254210 1008
4522369173562163 1138
149219272184377922 1084
76877995321602369 1068
580615457149973 1052
221542934898680626 1047
144980654859301427 1087
4522433884340818 1091
72638209747726642 1093
4538991236898928 1089
72638209496064819 1105
144977278510703411 1130
580615457149988 1073
144977278510571810 1069
283743005843746 1073
300244539682865 1057
221557237173465137 1164
221542934898680624 1100
76579962993255219 1125
221559500873875521 1103
217317451348582705 1149
148638716907369011 1113
76580027670606644 1116
148637557249356097 1145
4522433632547122 1091
4523528831509298 1116
76580027923186000 1071
4538926558757201 1093
299205157597234 1100
76579963211424306 1117
145258753486427171 1132
283686953030164 1096
300244304732722 1120
149217064336372547 1135
283686952306195 1102
149202766372417857 1067
283686952309025 1123
299140734071347 1175
76579967523234609 1099
283747317654066 1152
148920196431688257 1093
149218168412324162 1157
72919684471788578 1076
221260360410345793 1107
72638209495933490 1136
293317902891819570 1113
4538926542897488 1093
148637557266198834 1095
4522433631691813 1140
148920196196741441 1128
283743023538723 1062
72639373684847155 1124
76579963228267314 1123
72638209496002881 1086
72639313537475107 1110
283686953030692 1076
283743006830641 1118
283687205938228 1128
283751882109763 1178
283743258485297 1089
76580027670540866 1079
300308981887282 1068
76862597863846194 1111
283751865266225 1029
862090433860640 1109
72639373684850753 1113
4522369173496368 1104
299140481360433 1165
284846829282099 1094
76862541994730289 1095
76879164057145425 1116
72639378231472706 1109
220977730070586161 1075
283687154556976 1162
580615458140723 1052
284846829278244 1064
283686952309282 1077
72623911533027618 1076
283743258485283 1171
283743022686241 1111
283687154556963 1141
299140716241458 1109
300309233677123 1097
217316347524355093 1115
149218168159682625 1095
148637557031252017 1131
76862602393760320 1112
862090433863971 1073
300244304864293 1134
4538926559744353 1059
300304669221683 1163
76862597847138626 1126
148637557249356082 1121
300308981035057 1084
72639373684781362 1095
76862602158813490 1049
4522368955327280 1115
148637557031182626 1060
221556133350027585 1081
4522433631695411 1094
4522433867493953 1078
293317902891819569 1151
76862541994733617 1040
76579963246031425 1034
76877995556549184 1097
300309233677108 1123
283687155409200 1109
283687154422548 1113
4522369173499968 1058
72638209495937088 1087
300309216834099 1085
283687188112179 1061
283687172252195 1082
144964080076071202 1089
76580023357813042 1061
73201159448499234 1100
149218168395546960 1110
72638209731866930 1094
76877995573395521 1112
76579962992468001 1087
283751630381860 1077
221260364722155569 1064
148920136032658227 1082
1425040387281941 1138
148637557283041843 1078
283687171334435 1083
4522368955524147 1170
292752745106248995 1099
76579963010163492 1163
285946340906019 1070
217317451348652081 1084
299140480439328 1091
283747553452579 1128
221556133350024242 1150
283743005840148 1129
221542934898680627 1058
4538926306108466 1160
299205157597233 1162
300309234598225 1134
283747318505762 1070
4538990983263028 1117
283687205941811 1124
221557237174321217 1074
289655416538993697 1126
72639378231472705 1082
149218168159613249 1146
566317511876898 1109
300244303881011 1108
300244556525874 1094
300248834646833 1135
72640417344070193 1164
4522368955327024 1101
76862541994730276 1111
4538926306108467 1128
144977278509720114 1053
283687205872434 1104
221260360410346035 1118
4538926306964019 1077
220695151068321059 1068
4538990984253521 1115
149217064336376387 1093
149219328035799377 1089
299205158580787 1062
76879163821342785 1093
285946340906017 1093
293035323907121457 1125
76862597847068992 1126
283747318505777 1132
283686953161507 1087
148920136032657969 1145
217318555171954978 1098
283687172186417 1088
149217064336372546 1079
4522433884336948 1147
145246654546711316 1085
4522368954540068 1098
4522429320872001 1116
148920191884075826 1097
72623860010197282 1145
283751848419889 1036
299140481430082 1088
76579963211493426 1073
283687171334177 1105
149218168377782848 1158
283686953030677 1054
148638716907368512 1106
283687154425904 1105
4538926558757186 1070
283686953030176 1137
221260373547889203 1131
293035323907121442 1135
300304670142784 1093
220695151068324388 1098
293895202364662836 1131
76579962993320497 1147
289644417110905620 1090
72639377995673649 1071
76579962993320755 1065
148637557266199091 1129
4538926559740483 1140
217318555373347363 1066
289656520362434593 1090
149202775214993971 1056
148637557030396708 1148
76580023610458177 1003
4522369173562148 1080
72639313555239233 1100
76879164057141840 1183
283687204954916 1132
76879159509532994 1109
580615457149987 1104
283687188963618 1126
4538930836877889 1118
283686952306194 1090
76879164074905952 1088
299140480443172 1126
76862602411524432 1133
144964084371107889 1131
4522429319881520 1035
220977729869193521 1102
283686953231140 1170
149202775231840321 1110
4522368955326755 1057
300309234598224 1110
76877995574313296 1048
4523472980091441 1082
76579963211490096 1091
4522433631695426 1093
72623859992502305 1116
300244303881253 1081
76579963211493425 1066
72638209495081251 1117
217317451348582690 1065
148920191885000784 1078
76862542012494145 1114
221260308853891633 1102
221260308853891634 1034
283687154422560 1102
220695151069110576 1052
149217064336306754 1113
221542948036227635 1124
283686953029908 1115
72638209496068659 1085
4522368954540836 1078
284842517467924 1128
148637557031182640 1073
4522433631695155 1069
580615458009137 1012
300304670208577 1136
72623920409227570 1106
72639378249236802 1087
76877995557536080 1119
148920191884996914 1149
149202766372414256 1088
76580027669619763 1118
283691483075618 1130
148920200726655554 1130
144964032796889620 1107
72639313537478720 1047
283687155413041 1148
144977278510572067 1124
149219336895221841 1094
149219328035799362 1134
144978382586655026 1139
76580023610458449 1084
76580027922268754 1140
862090433863715 1110
72638209495077922 1137
300304670212418 1092
221559445005611571 1114
220977730070586163 1085
217317451347796001 1115
144979486358708784 1119
300308981953090 1100
4522369190342705 1090
299140717228338 1100
144977278509719600 1084
4538926541914177 1138
76580027922268497 1088
300244557443649 1048
299140733084465 1088
4538926306108465 1151
220977729869193508 1142
76580027905421889 1063
300248817803811 1064
72623916079718960 1091
580615457149986 1114
283687155409201 1127
299205411225936 1092
300308981031987 1081
299205158584642 1085
283747317653537 1137
76879159510454353 1104
283686953095971 1080
4522369208103490 1136
148637557249421875 1096
862090451558947 1107
76862597846151232 1051
72623911532175395 1050
148637557283959347 1113
149218168377782850 1038
283687189095218 1085
72623859975655969 1125
76580027923255634 1163
299140480442403 1056
4522368955326754 1088
76862597847072848 1108
144979486393250098 1145
220695151068324901 1114
144980641721754419 1127
299140480439331 1084
300244556526388 1116
217316347524358192 1068
76579963228271170 1129
4523472980091440 1108
300309233680721 1089
283751629464356 1083
76877995320750387 1121
4522369191326274 1090
300244540670289 1109
76862602393760322 1121
221556133350028084 1113
76862606470558002 1130
4522429320868418 1057
148920191885062707 1126
144977278509716501 1072
72638209731870785 1092
76579963228267313 1071
292752745106252852 1091
300244303877398 1090
149217064335388722 1086
4522433885258050 1099
76579963211424304 1099
72640481819898162 1111
148920191884075827 1115
220695151069110577 1125
292752745106248992 1082
76879159509533251 1111
299140716245041 1080
72625011043734292 1107
76877995320750401 1124
76580027923255649 1146
76879099397685570 1094
4522368955458354 1177
221260360410342180 1101
72638209495080993 1117
221559496562062146 1085
72639373683863601 1080
148637557267182145 1125
299205158514994 1137
149219332348461378 1070
76579962992465186 1099
144964080058372884 1105
72623916079718947 1158
76879099363144257 1060
220695151068321056 1122
300244540666419 1143
4522433632547136 1100
283743023673907 1107
72638209496068674 1138
72919684471792163 1084
220695151069311811 1128
1143565410571298 1153
149219336878375504 1046
299205410242625 1069
220695151069176625 1096
283743005843490 1105
283743023604274 1073
283687154491440 1098
76579963228267300 1075
283751647159076 1084
144978382568960049 1120
4522368955461938 1076
299140481429810 1098
292754952938398243 1050
76862597846147876 1157
76579963245114179 1078
72623916079722802 1104
221260360428040498 1082
72638209730880048 1097
148637557030396965 1081
566265753112850 1083
300308981035314 1051
283687188108309 1038
283687172255793 1076
292752745106248997 1116
283687154556961 1112
72623916079722817 1052
283686953227299 1066
283743258488896 1141
76579962993390146 1100
144979542210129970 1113
76877995320750643 1167
283747553452594 1057
283686952308755 1097
72640477508153650 1072
148637557267116352 1053
72639378231472704 1102
580615457153057 1128
76863701669589041 1121
72623911532175907 1115
293883103424946980 1073
149217064335389235 1093
4538926306964032 1125
217304248584639264 1144
217316347524355107 1044
580615458009152 1086
283686953096213 1146
299140480439330 1139
283687154426146 1148
144964088935493938 1186
76877995574313297 1048
76580027687318067 1130
4523528831513139 1109
300244303877411 1129
76580027923255377 1108
76579963229254195 1068
72638209748644160 1164
221558341215862849 1093
4538990983266898 1141
283687171334691 1067
299205410239041 1106
300244304802355 1064
283743022686242 1059
4538991236895058 1115
4522368954540579 1164
580615458005297 1059
221260369287463234 1068
76877995320750130 1120
76580023358796339 1087
76579963245113907 1075
221260360410346050 1108
283687154422291 1125
76580027670544706 1097
4538926559674690 1107
292752745106251809 1139
283686953029907 1062
72638209495081507 1060
4538926306112066 1131
76579963229257793 1054
283743006761265 1105
283686953293078 1100
221542943523090738 1037
144977278510575665 1073
72640417360916529 1104
283687171331108 1128
76862602411524433 1122
220695155599090483 1121
148920191884075825 1129
72623916096565297 1045
292752745106252323 1070
862090433864242 1124
283751883027009 1106
76877995573392194 1089
149217064335385637 1027
4522433632612929 1068
217320810248020772 1135
283686953099554 1098
284846829282084 1122
149217064336372532 1105
283687205872435 1062
4522369173565504 1113
300244522836528 1069
76879159510519889 1078
4522429319884850 1097
72623859975656469 1085
4538926558756929 1061
283743022683157 1099
149202714815963683 1089
148920200508485938 1069
72623859975656227 1142
72623920156516642 1067
220697358900470307 1101
220695151068321057 1123
76580027922264898 1135
220695151069176369 1128
4523528831509296 1172
148637557031248676 1098
72919684471791649 1052
293600528936608548 1101
72639378231476289 1073
220977730070586148 1126
76879164057141841 1082
217317451348582691 1136
299205157597490 1139
72638214025847346 1049
283751630316081 1120
220697410456920882 1059
217319715048206385 1087
566265937728019 1135
217319710736393008 1078
76877995574313282 1059
300244304864307 1068
76579962992465185 1175
76879159510516306 1121
220695151069246018 1074
283747318505776 1118
299140481360419 1074
220695151069110834 1139
4538926306963762 1101
76877995321606224 1076
220695151069307956 1115
144980650346164530 1114
144977278510703410 1011
72638209495081265 1094
4522368955330609 1128
76877995574382673 1145
293895202364662835 1075
299145011208754 1094
4522369173562162 1122
76877995574379089 1143
221260308888432946 1123
220696255093875248 1141
76879163822264401 1164
72638209495999026 1039
148637557031318082 1116
148637557030396194 1172
144978382333944098 1113
293600528936608560 1113
76879159509529410 1170
148637557031383875 1086
76579962993324081 1119
283686953165090 1112
76579963228267315 1122
149218168377786705 1070
144964080058372898 1060
148637557030393123 1152
217316351836954914 1074
293035323907121443 1122
148920191885062721 1127
148637557031383860 1135
149219328053494082 1107
300244304802370 1083
4522369173562160 1093
283687188111650 1177
217316347524358177 1094
72640477507301425 1141
148920196431688243 1098
144977283040485938 1115
299140717228352 1116
4522429319881521 1175
4522368972235556 1076
283686952306197 1137
148637557266198849 1090
221556133350027571 1106
292752745123947300 1132
144964080058376482 1142
148637557048091428 1162
149217068866155073 1119
148637557031248691 1038
76579962992465174 1089
72638209731866944 1079
300304670212161 1063
300244304666928 1087
149217064336306739 1118
4538990983263040 1108
72623916097483072 1146
148920191884079425 1074
4538926306111538 1055
72639373683860272 1047
283743258488881 1103
72639373684781377 1110
144978382552117297 1104
283686952309011 1129
76580023357809444 1084
144964080058373141 1047
283686952306192 1180
283687189029426 1131
300244304864308 1143
220695155582247459 1128
144977278510575680 1082
292752745106252837 1108
4538926558753603 1124
76877995557539921 1095
283743006827058 1045
76579962993386276 1112
144979546522861633 1078
149217064335385648 1099
4522368955524133 1082
149219328035795778 1045
300308981031988 1100
283751629464371 1119
4522429573513553 1157
148637557030395939 1125
283687154491954 1150
361994485553632277 1127
283686953095699 1109
4522433632616770 1124
284846829281827 1131
283751865262898 1072
283686952309269 1097
72919684471791907 1146
148920191901774130 1072
217317455861719587 1087
76580027670540851 1062
300248834646835 1107
144977278509720356 1054
4522368954537250 1133
76877995320747056 1110
4538926307099218 1056
76579962992468772 1127
149217068866155074 1185
76877995320750658 1084
76879159510516305 1125
580615458136868 1050
300244304732721 1105
148637557249418020 1128
300304669221682 1129
148920191884996928 1066
4522433884336963 1131
4522369190339377 1094
220977730070589746 1070
283743259472192 1136
144978382569877825 1159
283687171331105 1020
300304669225266 1087
144979542210126642 1126
283687204951332 1106
76579963245110309 1105
4538990983266626 1116
72638209730883633 1052
149217064335389507 1105
283687154422306 1113
76862597846151217 1076
72920788296016163 1063
76862602393760321 1122
283747318571569 1091
72623859993420081 1076
4538926558757458 1069
283686953029921 1114
299205410242640 1114
72638209748709939 1134
144979546522792256 1112
217316347524358179 1086
283691483075619 1126
4523528831509297 1118
149202775214993986 1163
76579962992468004 1117
300244321575716 1157
300244539679524 1096
72623859975655955 1068
862090433863713 1156
299140733088307 1072
300244522836529 1095
4523472778699042 1086
148920191885000769 1061
283751865262884 1104
220696255093875249 1129
284846829281570 1127
284790977860386 1093
4522369191330114 1100
76579962992468273 1070
4538926559674704 1167
293317902926360882 1112
4523472980091442 1115
144977278510572082 1084
283686952309012 1095
299140716245313 1136
72623859975656224 1103
148637557266198577 1082
76862541994730032 1042
144978382552113713 1125
4522433884340546 1150
300308981956945 1078
4524628343137073 1079
220695151068324402 1125
283743022686256 1094
300309216837697 1089
4524628343137060 1156
76580023611441489 1101
144977278509720371 1179
4538926306111539 1145
300244556526146 1065
148637557031314212 1112
72623859975655968 1129
76862602393764177 1106
283687205806627 1110
4522368955392547 1167
72638209495999011 1115
300244303877412 1065
283751848419890 1091
72639373683863602 1076
72623859975656212 1097
283747571286353 1093
4523528849207602 1189
149219272184377921 1136
283747317653795 1036
4522369173500225 1112
299140734071362 1147
283747553456434 1146
566317494182450 1110
284790776467987 1071
567417005806356 1138
76580023358796354 1122
72640473195491649 1104
148637557267116338 1162
76580027669623604 1094
283686952310053 1096
221558341199016512 1052
283747570299443 1082
300308981035315 1086
76877995556549185 1079
283747318637362 1068
4538990984184145 1069
72623915861549347 1124
76580027922264899 1119
72919684471788577 1102
4538926559744081 1056
76579963212411201 1082
299140480439332 1092
220695151069307955 1116
299205411225937 1064
4522433631691827 1110
72638209748644161 1150
283686953231155 1140
76579967523234596 1138
283695778042901 1056
221260360410342195 1128
436867933182104854 1073
76879099144187953 1075
72638214025847345 1100
76877995573392180 1131
300244557443635 1110
283686953227285 1123
299140481430067 1070
76579962993320740 1124
283747318637348 1108
4522433631695154 1065
149217064335388979 1066
4522369191260481 1086
76877995320750915 1074
299140733088050 1055
72623911532175393 1072
72640473195491634 1104
283743023538481 1061
4538930618708274 1092
283743022686770 1054
4522429319881508 1092
72638209495933218 1121
72623911532106516 1079
76863697357775667 1081
144977278509719842 1088
220977730105127218 1083
72638209496002609 1143
221556133350024241 1102
4522368955392817 1166
76580027670610499 1072
148638716907368497 1129
220695151068324131 1104
144977278510707266 1108
144977283040485923 1104
299144793039138 1105
76579963211424291 1105
76579963245113650 1136
300244540670274 1079
283743006830913 1133
73201159448499233 1067
221260360410345536 1085
4522368955392561 1101
848844721033747 1065
300244522840385 1060
283686953095969 1162
221557237174251826 1144
283751883096658 1063
4522429572526657 1084
4522369191326273 1076
148920196449521745 1072
217316347542053411 1148
148637557030395940 1107
76579962992468259 1090
4538991236898913 1086
148638716907368754 1104
76580027905421875 1119
217316347524355104 1070
4522433885323843 1128
72639373683860273 1120
144979542210126640 1027
148637557030396452 1085
76579963211493954 1097
283743022686243 1087
76580023357813299 1129
73201159448499221 1118
144964093195919907 1098
283743005840161 1045
144964088900952611 1097
76580027670610242 1127
283686952308753 1137
283743023538480 1093
149218168377782849 1121
220695155599090482 1079
283687204951331 1167
299140733088065 1071
299205158584385 1109
283747570298929 1119
4522369190342962 1123
220977730070585904 1122
220977729868472353 1086
220977730088350017 1050
300308998730291 1141
283747317650468 1017
72638209495933232 1096
148637557030395937 1083
580615457153315 1115
148637557283959361 1070
144977287335453219 1099
293036427915108899 1103
300244303880483 1120
283751630316082 1086
144979542227824946 1073
217597822501065749 1061
148637557283038259 1100
148637557283959362 1128
72623859791110177 1060
4522433885258065 1110
72623911532109872 1135
283751629460771 1125
76579962993455924 1089
283687171331093 1113
148920136032658225 1079
4522433632547137 1052
217316347524358435 1086
145260961134027042 1101
220695151068324145 1078
76863645801325091 1063
76879164074905938 1128
287045852533781 1073
566317494178594 1049
283686953099297 1130
300244539683379 1069
148637557249421361 1104
221557241687388723 1089
76879164057145440 1110
148920191884075812 1088
148920196448534593 1080
221260369269768257 1074
76579962992465184 1093
300308982022466 1132
149202766372417586 1103
72638209495081522 1100
220978885433631538 1105
300244303877410 1086
72623915843919905 1111
4522369207182386 1089
145258753486427172 1075
72639373683860260 1090
72639373684847169 1030
293895202364662833 1136
148637557031248689 1110
144964084371038513 1102
283687171265315 1095
76879099380908368 1144
283743258485298 1131
283686953095714 1090
148920191884075824 1101
4522368955527731 1135
283751630451523 1101
283747317653809 1093
283743023538736 1073
72623911532106530 1143
299140734075217 1145
220695151068324387 1100
76579963228270898 1124
72640417142677794 1127
299140734075202 1123
293600528936608562 1060
148920135831334961 1109
149217064335388723 1082
76579962993258545 1060
72638209496064818 1093
4538990984253778 1133
4522368955330624 1066
566265937728033 1048
4522429319884864 1127
4522368954537248 1162
364810339144176929 1065
221559509699609155 1092
283743023670067 1139
300244522840128 1086
72623920391532593 1121
76877995321672017 1086
217318555390193713 1053
72640417378611506 1097
76877995320750129 1049
76580023357812786 1117
72640482038067776 1092
76579963211424305 1117
149218168377786690 1084
220977729869262897 1143
299140733084467 1106
76580023357812800 1088
283743023673650 1116
72640417344070179 1061
289655416538993696 1074
72638209747726899 1115
283743005843761 1048
76580023357812785 1071
4538926541910592 1081
221556133350024244 1026
4522369173499953 1062
300304670142785 1072
72623916097552449 1081
4522429319885378 1096
76580023610458434 1086
149218168159613235 1077
283686952309267 1080
300244540670017 1056
293895202364662821 1131
148637557250339137 1103
283751882105906 1108
283743005840163 1206
72623911532109857 1085
283686952309796 1077
72639377996525889 1110
283751865266482 1063
300244557509442 1087
4538990983266641 1116
220978885433631539 1083
566265937728032 1075
300309216834113 1161
144979542210130241 1084
4522369174483250 1090
283747553456177 1062
76579962993254947 1078
72638209495937073 1097
4522369208103489 1152
148637557249352227 1114
72623916079718962 1072
72640473213186354 1057
76877995321668162 1123
148920135831265584 1099
72919684471788576 1041
283687204954659 1076
300304670142770 1106
149217064336306753 1134
299140480442402 1115
300244303880739 1082
76579962993324353 1142
580615458074673 1096
148637557250339136 1087
4538926307033425 1119
4522368954541108 1057
221260369252921922 1149
76579963212415056 1115
300244303880482 1106
148920136050422066 1097
72638209495933233 1089
283686953030178 1077
148637557267186001 1082
4522369207182388 1092
76877995573392193 1087
76862602411524418 1135
221260364723007809 1096
148920200726655552 1143
220977730070589489 1068
149219328035799105 1108
148920136032661553 1130
76862597847138369 1077
149202770685079858 1090
580619987919408 1049
148637557031380005 1118
72638209730883890 1128
283743023542321 1095
221260364723007808 1142
148637557267185986 1124
76877995321737538 1115
293895202364662834 1069
4523528831512640 1107
284846829281313 1112
144977278509716515 998
148920135831265571 1083
144980646033567793 1117
144964088699560226 1065
4538926541914434 1080
299149306176035 1104
283751865266754 1175
76877995320747059 1119
580615458074945 1075
283687171268913 1039
76862602393763920 1082
283751629460772 1102
149217064335388721 1103
72640473195491906 1086
4522429572530241 1090
72638209495077920 1069
148637557031183152 1174
76579963212411186 1155
221557237174251840 1072
220977730088350002 1107
149217064335388978 1138
72639373683863873 1041
76579963228271155 1050
4538926558753601 1084
72638209495081764 1106
283686952306183 1060
72623859975655956 1117
4522433631695683 1096
72639377996525888 1086
4522368955396417 1093
72623859975656225 1141
149219332348530769 1108
144979486375555121 1157
148637557249421362 1122
72623915844772144 1086
4538991235912033 1172
221556133350027314 1100
4522373468463651 1137
220695155599090468 1070
72639313555239232 1135
148920196449452369 1102
4522368954540066 1069
144979542210130226 1111
76580027922268739 1120
76877995321737795 1030
4522433884340803 1105
4522369208169282 1095
220697410456920868 1106
148920196449452354 1131
76579963211493682 1123
76579962992468516 1094
283687204955173 1163
283747570295602 1114
76579962992468016 1091
76879164057141827 1147
300244557513283 1088
283687171334963 1122
149202714850505010 1077
72623916079722545 1109
4538991235908176 1087
292756104006476580 1080
148637557030396980 1090
72623911532106529 1140
149219272184377907 1153
283751882109506 1115
76580027670544721 1068
149219328035799120 1094
283743023538738 1085
217319710736393011 1064
283747571216690 1059
299205411229792 1142
148638661055947312 1068
144979542210126628 1081
76580023358730560 1105
72623859975656480 1114
76879099380908369 1129
144979551052706370 1139
72639373684781376 1095
144964080058372897 1067
4522373267137059 1088
221556133350027827 1115
76580023611441488 1066
283687172256050 1105
148637557031252289 1121
76580027922268482 1090
220695151069110563 1095
72638209495077921 1099
76862602410606657 1093
144964080058376240 1073
72623915844772130 1117
76862541792616481 1109
149202766372417842 1099
4538990983266370 1180
4538926306112308 1124
76877995557536066 1089
300244304867891 1054
72638209747723044 1111
283687188111922 1097
148637557031318067 1065
76879163822195010 1071
76580027922264884 1105
72623911532172324 1076
72638209495933488 1122
292752745106252066 1099
148920196196741426 1153
144979486157316386 1148
4538926306967632 1101
566317494178580 1070
72640477508223041 1068
149217068866155059 1088
76862606688727618 1140
299205157593906 1072
300244557509443 1095
299140481364289 1082
283743005844018 1074
72919684471788579 1087
149219328035795777 1084
144964084370251809 1094
72638209495080994 1109
148920191885066577 1125
283686953161764 1054
283687154422563 1100
149202775214993984 1104
76579963211490099 1157
283686952309013 1086
300309234664018 1086
293600528936608561 1112
76877995556552769 1127
283686953296933 1104
292753848930410786 1068
148637557266195249 1164
72919684471792178 1074
4538926558757443 1085
76862597846151218 1123
220695151069110832 1090
145258753486427157 1072
293895202364662832 1061
76580027670475058 1090
76877995556553041 1120
283687154488084 1163
1143565410571296 1081
144977278509716516 1109
149219271982985522 1105
72623911533093411 1078
283747318640946 1118
283686952306198 1090
283686970004501 1066
72639313537478977 1105
76879159510516291 1128
72623920374686243 1126
283743259472193 1080
149202714815963697 1050
4538990983266369 1126
300244303880484 1072
72639313319305520 1056
283751630381874 1127
4538926541910593 1140
145258753486427169 1058
220978889745444913 1112
4522368954540322 1119
148920191885066305 1054
148920135831265570 1136
76862602393764162 1157
283686953030420 1126
76877995338445363 1082
283751630447668 1164
148637557266199106 1093
148920196196810817 1059
148920136032661568 1062
148920191884079153 1071
217304252896452641 1107
72639373683860274 1180
283691466232596 1072
4538926558753602 1076
300304669225024 1158
149217064335388993 1109
