4564525104 31587
270541104 31895
4329644065 31915
4564521504 32059
270544945 31838
8876335137 31489
4582285616 31715
17895955 31589
17899553 31772
4329574674 31571
270541090 31424
8859488800 31805
269558065 31459
8859488801 31723
8859488802 32016
16912930 31591
16909073 31928
16912402 31779
8859488787 31852
16909060 31584
4582285617 31866
13154456083 31738
4564525089 31677
269554209 31672
4328722449 31999
4564521491 31871
4581367841 31751
16912673 31691
270541105 31717
269557808 31692
4582354993 31782
4564525346 31586
17834032 31935
4329574688 31782
269554210 31842
4564521505 31666
17895970 31670
269554208 31530
17830162 31823
4329574689 31483
16912658 31598
34607378 32089
17899825 31819
4582285602 31629
16912416 31665
269557793 31572
17899810 31822
4564525361 32013
17895969 31883
16909072 31669
17830176 31692
4564521506 31667
8641319186 31843
17830177 32014
269558050 31735
16909074 31878
16909075 31729
16912915 31821
8894030114 31713
17834017 31594
16912401 31714
269554195 31591
270544960 31886
