221557237174321217 1466
72639373683864115 1416
283751629464356 1467
76879159509529396 1468
283687154557475 1427
72638209496068659 1504
300244304798515 1500
144979486375555121 1474
283743022687012 1443
220697358900470307 1435
144964080058376754 1490
4522429319881522 1424
283751630381874 1473
144979542210130226 1462
221558341199016514 1446
144979542210129969 1412
148920191884079154 1547
76862541793337648 1509
149218168377786433 1429
283751883092788 1422
283687154422561 1487
283687188111907 1477
580615457153057 1497
76877995320750130 1468
72639313537475120 1499
283747318571570 1503
299205410239041 1442
148637557031186496 1492
292752745106252068 1427
144964032831430946 1430
283747571286353 1445
72638209748713537 1500
283687188963618 1474
148637557284029010 1425
76862602411524433 1478
4522433884336963 1477
72919684471791651 1474
217304252896452641 1444
293895202364662821 1533
76579962993390131 1504
293897410012262706 1442
76863697357775666 1520
72623859975656224 1466
220695151068323875 1449
76879159509529410 1429
72638209512776227 1483
4522369191330129 1468
283743023538723 1468
76579963228267300 1465
299205158580787 1467
149202766372418099 1497
72623916079722802 1446
283686952309011 1465
217317451348652081 1458
4522429319884864 1467
76879163822264401 1454
148637557048091428 1439
283695778042901 1512
220695151069307955 1441
289644417110905620 1490
283687171331093 1459
580615458071089 1445
148637557030396723 1502
283747318640946 1459
221557237174251827 1396
76580023357809458 1427
300244556526388 1438
299205157597490 1464
148920196195889201 1440
76877995321737538 1458
220695151069307941 1473
148637557284028995 1481
148637557266198849 1515
76879164057145425 1451
299140481294626 1429
76879099380908368 1473
72623859791110177 1446
76862597847068993 1488
220695151068321058 1500
566317511876898 1465
76580027669619764 1481
72623859975655970 1476
4522369207186228 1421
72623920156516642 1468
283691264906004 1523
283747571216704 1438
72639378249236802 1373
283747571282483 1461
283747571282498 1472
283687188108309 1418
149217064336306739 1470
144980646033567793 1508
76862541994733632 1488
72639373684847155 1492
76877995321672017 1485
76580027669619762 1447
300244540600626 1477
283743005840161 1518
4522369208037682 1453
300309216834099 1493
566317494181922 1432
300244303880754 1487
220695151069110563 1528
76879159510516291 1477
149202714850505010 1466
76877995556552769 1457
144964088900952625 1560
4522429319881508 1452
148637557284025140 1464
283747553456449 1460
221260308669276450 1490
4522369191326274 1426
283751848419890 1478
4522433867493952 1527
76879163822195024 1470
4522368954540323 1465
144964080058373154 1483
76580023358730561 1489
148637557030396196 1442
76580027922264884 1500
283687172256050 1523
72638209730880049 1463
283743006830641 1470
283687189098802 1476
148920136032661568 1416
299140733087793 1542
4538990983263043 1472
72638209747726385 1455
580615457149986 1466
72640481819898162 1406
293895202364662832 1539
148637557267182146 1483
76862597847138626 1459
148637557283041586 1431
862090433863714 1499
283747318505777 1454
300304669225010 1402
76879099144974657 1405
220977730070586160 1429
4522429319881520 1487
76579962993254705 1462
149202770684227633 1541
283743006761250 1437
284842517467924 1462
4523528831513154 1450
300308982022466 1456
4522369208103475 1458
4538926307033410 1461
292752745106252595 1465
72638209495077924 1568
4522369174483265 1421
76580027669623362 1494
4522369173562163 1478
72638209495081522 1490
283686953099569 1457
76877995573392194 1405
283686953165347 1435
580615458074673 1430
221542934898680612 1458
283743005843504 1444
72623859791040800 1428
76579962992465189 1480
72639313537475121 1488
299140733084466 1501
217317451348582691 1458
283743022687027 1534
72625011043734292 1552
148920191885066305 1486
72623915861549360 1474
76580023611445344 1492
4522433631695683 1468
283751882105893 1383
72638209748709939 1475
148638716907365169 1386
72639373684850753 1372
148920136050491457 1501
283686953099297 1458
283747335348771 1415
293317902926360882 1440
76877995320750915 1424
148637557030396451 1435
148637557031183152 1403
283686952308755 1439
299205158584642 1437
76580023610454579 1546
4522433631691813 1456
76879099363147841 1463
220696255093875249 1513
76879099363144258 1453
283743022686498 1443
76877995557539921 1476
149217064335389492 1486
149218168377782849 1421
76863701669589041 1411
148637557031182627 1487
283743259476048 1466
148920135831265584 1514
4538926558753601 1498
4522433884336948 1462
148637557249356082 1537
144964084371107889 1481
76580023358730546 1456
300244557443635 1519
283686953029920 1495
299205411225922 1463
4538926307029555 1444
144978382333944113 1443
4522369191260466 1547
299140481430067 1453
72623911532172323 1467
300309234664003 1500
76877995557536080 1477
76877995573396035 1431
76579963228267315 1537
4522368955462210 1461
72640473195488036 1456
283687154557747 1503
283687204951318 1490
300308981031987 1463
72639373684847169 1433
72638209748713794 1417
76862597847072833 1453
300244557513283 1502
76877995321668161 1465
220977730070585891 1454
283687205872420 1517
221260360410345793 1344
4522369190342977 1452
149219336878375505 1457
148638716907369026 1524
283751848419875 1535
144979546522792257 1496
300308982022738 1427
4522369191326273 1525
72623911532106516 1523
4522429572530513 1477
283686953030164 1462
72623911532109857 1510
76579962992468001 1477
217304248584639267 1414
299140481360434 1429
220977729869193506 1534
283751629460758 1473
220695151068323876 1438
300244522836530 1495
4522369173499968 1439
76580023358799937 1466
220695151069110577 1489
72623911532106531 1485
145258753486427171 1469
300304669221668 1425
221260364722155569 1496
148920136032661825 1457
299140481294641 1424
148920191884079425 1515
283751629460773 1444
148637557284028738 1440
72638209495081250 1510
284790977860386 1512
72638209496064804 1504
299205411229792 1496
76580027670540851 1507
76879099397685570 1478
283687205942068 1479
221260308870737969 1537
144977278509720114 1488
4538926541910579 1479
4522368955327283 1501
220695155599090483 1452
76580023611441489 1456
148637557031248691 1457
283743259472178 1432
72640473195488049 1439
72638209495077921 1480
283751882105908 1501
283686953030435 1516
76877995320750387 1453
4522429320802624 1467
72639373684851010 1379
4538926307095348 1442
76862602410606657 1378
4522433632678722 1432
73482634425209877 1493
580615458009137 1414
299140480442930 1468
148920191901774130 1457
283747317654323 1499
72639313319374897 1407
149219336878375506 1499
4522369173496368 1439
76862602411524432 1566
283743006765120 1480
283687171331108 1402
72623859975659825 1513
76580023358796354 1413
220695151068321060 1501
4538990984249937 1484
148637557031248419 1502
300244321575716 1431
149217064336306753 1477
72623911533031473 1513
289659879262659364 1408
4538990983266641 1488
283743006761264 1448
217317451348582690 1452
76879099363144256 1527
72639373683860273 1534
299205157597505 1491
144978382569877825 1413
299205158584385 1408
144978382334013489 1511
300244303877413 1465
283686952309525 1498
76877995321602626 1459
4522368955330609 1428
299140481426212 1413
4522429573513553 1497
4522369191329857 1417
149219332348461392 1473
76580027669619763 1416
76579963246100802 1426
4538930836877889 1486
220977730070585904 1451
76862597846151217 1441
144977278510571824 1465
148920191885066562 1481
144980641721754404 1527
4538991235908163 1458
4538926306111552 1486
4538990984188000 1510
76580027905425488 1430
283687171265300 1442
283743022686242 1431
283687154422548 1470
283686953030432 1495
144964080058376497 1480
148920191885062707 1468
221556133350027842 1455
566317494182450 1592
221559509699609155 1508
4522368954540068 1492
76877995321602624 1435
149217064336372547 1448
144964084371038512 1471
76862602157961265 1442
149218168395546961 1437
148637557283042115 1528
4538926306111539 1438
148637557283959347 1466
4522369208169282 1490
4522368955392817 1404
72638209495081008 1468
217304248584639253 1518
848844721033747 1496
149217064336244801 1453
283687171265313 1453
4522429572530256 1489
292752753931985700 1445
148638716907369011 1497
76863697357775667 1381
72623859975655956 1472
76579962993389874 1489
4522433632547136 1389
220695151069246003 1447
72623911533093425 1484
4522433632682563 1456
76877995320750129 1478
221556133350028099 1404
144964084371038498 1487
72638209730883890 1492
283687205938213 1493
4524576786686499 1485
4522368955326768 1423
221556133350027313 1433
144964080058373152 1498
144964080058376482 1492
76579963229188402 1476
72638209496068402 1492
148637557283893554 1459
148637557266195250 1432
144978382568960049 1476
283751630316081 1485
4522368954537238 1554
283743023604259 1442
72638209747723057 1463
580619987919409 1461
148637557031380020 1498
283687154556976 1460
300248834646833 1467
4522369191330114 1432
4522369173562148 1470
76579962993320497 1485
76862597846147888 1516
300309234667601 1496
4522433884340561 1504
580615458140466 1423
4522369173565504 1445
144977278510637617 1471
220695151068321061 1467
76580027669619761 1420
4522368955458354 1426
144978382333157409 1464
4538926323806771 1432
283751630385458 1486
300244522836529 1447
300309216837712 1431
284790776467987 1525
148637557283959361 1461
580615458005554 1474
144964080058372896 1464
149218168158826545 1431
148637557030393125 1407
148637557267182145 1445
4522429572526657 1481
289658728194581027 1512
299140734071347 1498
4522429319881521 1508
4538990983263041 1495
299140480442659 1459
149219328035799634 1457
148637557030396466 1481
4538930836877890 1515
72638209496064818 1478
4522373468463651 1448
76877995320750131 1455
300309233677122 1450
76579963229258065 1442
300244304867891 1508
76879099380908354 1441
299140480442658 1542
300308982018882 1449
76862541994733889 1450
149217064336244816 1374
4538926306964034 1423
76877995321606224 1508
300308981953075 1449
148637557249421875 1503
149219336895221841 1451
76579962992468003 1474
4522368955458355 1466
364810339144176932 1437
4538926559740483 1466
300244304736305 1500
283751848419889 1542
4522433867497794 1491
299140733088050 1459
72919684489486883 1466
148920191884075812 1431
300304669225009 1459
4522369191260481 1474
4522433884340803 1486
72639373683863873 1532
300308981887297 1428
580615458071090 1434
148637557031380019 1468
300244556526403 1408
436867933182104854 1514
300244557509443 1446
72919684471788578 1488
284842517467936 1469
76877995556553026 1449
283751865262899 1433
76580023357813299 1472
149202779509961267 1475
72639313319305506 1487
4538990983263042 1485
4538990983266369 1456
220695151069110562 1487
76879159509532738 1507
283751882105907 1502
4538926559744081 1482
220695151069176369 1451
76877995321733954 1445
149202775214993971 1466
283686953161506 1486
72638209747723059 1474
72623859975656227 1489
72638209748644161 1461
300308981035057 1522
149217064335389235 1489
4522369173566018 1495
283751883092803 1492
299140717228353 1409
283743006765105 1375
364810339144176933 1403
72638209496002881 1489
300308981035314 1545
299140481426227 1459
144979542227824946 1386
300309233677121 1491
217316347524358179 1537
72623915861549347 1455
76579963212411186 1534
72638209495081265 1506
283686952308757 1538
72623860010197282 1467
220977730070589504 1439
283687205872434 1523
76879164057141841 1485
292752745106251812 1518
72623911532172320 1445
283747318637348 1434
299140481364289 1495
566317494182178 1465
72638214025847344 1529
283751865262897 1448
76877995321671745 1477
149217068866155074 1475
76579962993254704 1452
300309216834114 1472
72640477508223041 1538
283751629464628 1430
149217064336310594 1411
283687155409200 1497
283687189029426 1527
4522433867493953 1463
292752745106251809 1512
144964080076071202 1461
72640417344070179 1437
76862541793337634 1425
221260364723007808 1520
149218168377782835 1476
299140716245298 1472
76579963211490084 1427
299140716241458 1459
300248834646835 1443
283751882109748 1497
283686952309012 1462
580615458005539 1529
149203865884042020 1465
4538990984253521 1510
283687189095204 1524
4522368954540594 1500
144977278510703411 1453
283687171268898 1484
580615457153828 1552
283686952309524 1523
300304670146640 1485
144977287335453219 1510
72623920374686243 1440
300244303880484 1515
76879159509532737 1388
4522429320868403 1508
72638209495081251 1381
73201159448499234 1483
4522429573513552 1459
285946340906017 1507
4522369174483264 1494
76862542011576369 1461
4522369207185714 1486
148638716907368498 1475
72623859975656481 1451
4538990984249938 1441
76579963211490099 1491
283686952306196 1517
72623911533093426 1488
4522368954540324 1409
283747317650453 1480
76877995574313296 1431
76580027669623105 1453
4522429320872258 1479
4538926307099203 1470
300244522840128 1445
76877995321733955 1450
144977278509719842 1463
72638209730883905 1487
149202766372418114 1422
299140733088307 1493
300304670146625 1509
76580027670606658 1483
148920196431691841 1498
299140481364017 1468
148637557030395939 1463
283751630447653 1546
283686953296948 1521
283751630385715 1461
283743005844003 1543
217320810248020772 1412
72638209495080994 1443
76579962993254947 1499
283686952310038 1406
299205158518849 1505
76879163821342785 1426
283687204954916 1479
299205410242625 1469
149202714631348514 1469
148638716907365168 1490
283687154491939 1438
4522368955396417 1477
72638209495933475 1491
283687189029411 1398
148637557249352227 1501
217319710736393008 1440
283687171268913 1492
76877995321737795 1507
72623920374686257 1442
149217064335385648 1446
76579963245110324 1419
4538926306963762 1434
72638209730880035 1436
220695151069311811 1395
76579962993255219 1504
283747317653794 1477
145259857309868065 1429
289655416538993700 1389
283687154553888 1461
300308981953089 1498
299140716241457 1521
300309233680978 1436
4538990984187985 1449
148920136032658224 1457
220695151069242148 1500
72639377996595265 1435
4522369208169283 1465
283687154422304 1431
76579963211427889 1522
149218168377782850 1417
566317494178595 1349
566265937728032 1423
144978382552117297 1526
76579963211424305 1501
149219328035795778 1542
149202766372414256 1404
293317902891819555 1467
566265937728019 1493
148637557283038245 1472
862090433860643 1479
144978382552113714 1515
148920135830544417 1421
300309216837954 1471
300244304736577 1429
4538990983266626 1478
149219336660205890 1526
300308981956673 1487
283751883026995 1460
148637557249418020 1439
283751629460770 1440
300308981031985 1372
76877995338445363 1513
72639313537478977 1491
4538926559674704 1433
299140717228352 1448
283686953296676 1478
76579963246031425 1486
580615458136882 1522
299140481298496 1432
148920136049504305 1508
76879099144974656 1462
148638660854554914 1509
283686953161749 1402
148637557249421618 1490
149202766372414259 1419
76580027923186001 1434
76877995320750900 1527
299205157593892 1494
148637557030396195 1434
148637557031182640 1506
144979546521940017 1460
76579967506391587 1469
72639378231472706 1480
293895202364662834 1499
72640482038067776 1491
4522368955527988 1450
76580023610458177 1408
72638209731866945 1457
149202766372414258 1476
148920200726655553 1461
300244304802370 1439
283743023670066 1499
862090433863985 1481
149218168159613235 1436
293898514020250163 1469
283687154557732 1508
300308981031973 1393
72920788296016176 1506
76579967523234609 1399
148920196449452369 1456
299140481294896 1516
148637557030393110 1392
4522429320802610 1412
76862602158882881 1519
76862602393760320 1441
283687189029425 1483
284790977860385 1419
76879099144974643 1485
149218168395616337 1485
293035323907121444 1442
300304670212161 1541
221556133350024229 1452
4538926306108465 1432
148637557250342977 1484
566317494182193 1490
221260308888432946 1472
300244304666915 1509
299140734005554 1492
300244540666419 1515
4522369207182387 1571
299140733088322 1373
300244304798500 1453
148920196431692113 1461
76877995574382673 1415
72639378249236817 1489
283686953231155 1413
76879159510450512 1469
76862597846151731 1415
145258753486427170 1465
148638661055947299 1384
76579962993320753 1510
76580027670610499 1550
76579962992468273 1435
148638661055947314 1408
144964032629051666 1413
144964080058376226 1475
144979486358708785 1518
283686953030688 1468
4522368954540836 1451
283743023670067 1490
220695151069311796 1497
580615457149973 1522
72638209495937073 1409
144979542210126628 1427
72639313537475107 1457
293317902891819570 1455
76862597846147891 1476
4522369173500210 1454
4522369207182373 1529
144978382333944098 1455
221260360410346035 1468
289655416538993698 1488
4538926306108468 1411
76580027669619749 1489
72639378231476546 1513
144978382333944112 1432
361994485553632277 1444
292753848930410786 1512
76862602411524418 1488
217318555373347376 1469
4524628343137074 1462
76580027923255377 1404
144977278510637618 1492
220695151069110832 1471
73201159448499233 1532
144979546522792242 1450
144964080058372897 1523
72638209730883648 1478
148637557031252289 1427
144964084370251809 1412
220695151069180225 1445
862090433863971 1443
220695151069110834 1471
144979542210130241 1462
144977283040485938 1479
221542948036227635 1433
300304669221680 1523
293035323907190833 1520
4522429319884850 1469
284790977860387 1474
283686952309025 1483
4538926307033153 1521
76580023357812800 1481
72639373683863602 1424
220695151068324387 1493
217316347524355106 1450
221559496562062145 1432
76879159509533266 1460
76877995556549186 1452
283747318505776 1478
76579962992468787 1403
217317451348582704 1484
300244304868148 1489
220978833877180963 1422
283747317653537 1442
4523528831512626 1471
283687154491440 1441
76579963246097218 1449
76579963211490096 1452
4522429337579826 1449
72623859975656469 1480
76862597846147889 1473
299140716241456 1489
76879159509533009 1432
144964088935493938 1508
283747318641203 1470
76580027669622833 1422
76579963245110323 1560
4524628343137060 1492
149219272184377921 1454
292752745106248982 1477
283686953096225 1516
285894784455444 1537
144980654859301427 1507
76877995320747045 1525
848891982517026 1448
300244303877398 1504
72919684471791649 1431
289655416538993697 1525
4522433867497552 1559
76579963245113907 1477
220977730088419393 1478
4522369190339377 1450
148920191884079682 1363
220695151069114432 1489
4522369208172866 1465
72623859791040786 1507
283687205942083 1497
283687188108324 1411
76862597847068978 1489
4522368955326769 1461
144977283040485923 1432
4522368954537248 1501
76862606688727616 1475
284846829278244 1443
220695151069176625 1486
72639373683860275 1497
4522368954540322 1561
283747570295601 1551
284846829278242 1413
148920200508485938 1449
220977730070586161 1508
580615458005297 1444
4522433632682306 1494
293600481675125283 1377
72640473195491906 1445
300304670142785 1512
149217064335388721 1555
145246654546711316 1394
283686953029908 1439
144979542210130483 1414
72623859975655955 1474
76862541793407025 1557
300309216837969 1454
220977730070586163 1441
72638214025847345 1463
580615457153058 1462
144977278509719857 1496
145258753486427169 1534
76580027670610514 1517
76579963211424306 1442
4522369174487105 1532
283743023542336 1499
148637557031317810 1462
4523472980091440 1452
4538926306111537 1408
76879159510454368 1421
4522369173566003 1455
283687171268641 1526
283687155409201 1481
283687154553891 1500
293036427915108899 1499
144977278509719586 1507
217304248584639265 1479
4522433631695668 1463
220977730070589761 1504
4538926306108466 1495
221260360410345521 1476
283687188108323 1478
217319710736392996 1431
148920191884079410 1515
148637557267116338 1470
283687154488098 1400
148637557284025155 1488
76579962992468004 1510
293600528936608560 1473
149219332347609153 1504
299140717232193 1379
283686953230883 1393
283751865262884 1413
300304669221683 1442
283687154553877 1490
283686953033761 1527
148637557030396209 1386
76862602158813505 1404
283747571286081 1415
4522433884340818 1446
220695151069179953 1450
144964080058373156 1486
72638209495077923 1453
4522433632612929 1467
144980641721754416 1536
144964032796889634 1429
72623915861549361 1548
299205410239040 1415
76580023611441488 1522
283687171265315 1470
149218168377786448 1436
72638209747723058 1449
283687154488099 1442
72640473195491891 1416
220697410456920882 1545
4522368954540851 1437
4522433631691825 1496
220695151068321057 1492
76862597847134786 1502
283686953095971 1476
72640482038067778 1453
72638209495933488 1450
300309234598210 1406
283686952306193 1468
300244304732979 1520
76579963245110322 1502
221559496562062132 1425
217316347524355108 1487
221260308853891620 1446
148920196448534593 1486
72639378248319041 1484
283686952309282 1518
4524628343137073 1473
4538926306964032 1460
862099259597347 1466
221556142175760947 1519
4538991235908178 1405
76879159509533251 1478
72623911532172321 1435
220695151068324901 1464
300244304732964 1533
300309233680963 1458
580615458005282 1467
72640477508153650 1513
220695151069176370 1446
220695151068324130 1481
4522368955396145 1472
221558340997624114 1548
76580027923251793 1469
149217068866155072 1449
283743023604274 1477
144977278510571810 1397
148637557031182626 1468
221260360410342192 1467
144979486393250098 1457
72623859791040789 1494
293600537561018674 1491
221556133350028084 1448
220695155380920867 1449
4538926306108467 1434
220978885433631538 1472
72639373684785232 1499
4538926306112066 1477
283687171269155 1505
300244303881268 1479
299149306176035 1510
4522369208103490 1487
4525727854764836 1431
72639378231476304 1505
72906438758961683 1491
220695151068321056 1496
149217064336306754 1504
76862541994730019 1472
149217064336376402 1427
220977730105127218 1410
217316347524355093 1507
76877995320750386 1465
300309233680449 1446
364810339144176928 1495
293895202364662836 1474
76862541793337636 1434
144979486358708771 1439
221556133350027315 1448
283747570299443 1435
217319715048206385 1469
300244303877411 1530
4523528831512640 1407
293895202364662833 1494
4522373485306675 1485
283687154422563 1469
283686952310053 1541
283686953293078 1517
283743023673650 1510
76879099144974642 1394
283687155413041 1525
4538926558753588 1503
300244557377842 1459
76862597847134785 1474
4538926307095363 1472
283747317650467 1440
72623920391532593 1500
76879099363148113 1522
4522369207182388 1470
76579963211493425 1348
4522368972235556 1402
144964084370186273 1493
72623915844772145 1472
72639313319305507 1455
148920196449452354 1476
220977730087497777 1433
76580023610458434 1459
221556133350024241 1493
76579962993254962 1484
283686953296933 1378
76879163822195010 1457
4522429572526643 1477
4538926558757458 1557
76877995556552784 1457
566265753112850 1550
292752745106252081 1506
4522368954537250 1435
148920136032658212 1480
4522433885327713 1363
72623911532175665 1454
76579963010163492 1437
283687188111650 1448
144978382569877810 1462
4522368955461938 1428
217316347524358435 1488
144964032796889620 1494
149218168159613234 1493
220977729869262897 1520
299205157597747 1417
283691483075605 1470
72640477507301425 1456
72623916079718947 1465
72638209495080995 1427
148920196196741441 1480
148637557030393123 1479
148637557267186001 1465
76862541793337649 1455
149217064335385650 1411
4538926542897488 1507
220977730070589746 1424
293037578983187236 1449
283687171265314 1425
76877995321672002 1459
76877995574379089 1512
300309234667873 1481
285946340906020 1474
76877995574382945 1445
4538991235911761 1384
145258753486427172 1486
72640473195491634 1405
76579963211428161 1415
4522369208169268 1456
580619769749794 1496
4538991000961346 1433
72623920374686258 1444
299205158584657 1513
283687204951332 1556
580615458140723 1584
73201159448499232 1461
72623859975655969 1473
4538926306967632 1494
144979486358708784 1515
300244304732721 1492
144978382552113699 1409
283686952306183 1454
76862597846151232 1517
148637557030393124 1449
148637557249421376 1457
221556133350024244 1474
4538991235912033 1429
220695151068324402 1424
283691483075619 1451
220695155582247459 1449
148637557249355825 1422
72638209748644146 1473
144979486358708786 1524
4538990984253793 1419
300304670208563 1458
220695151068323888 1473
76862542012563521 1478
283687188112179 1505
283686953033776 1385
283743005843746 1491
76579962992469029 1516
4538926558757443 1473
221556133350027328 1386
144977278510703410 1430
76863697357775664 1430
76580027922264897 1461
300244304802098 1499
76579962992468260 1516
76579967305064995 1497
76862541994730288 1461
299140480439330 1454
145260961134027042 1469
72638209748644160 1518
76579963245113650 1458
144977283040485937 1505
300244304864308 1445
299140480439329 1454
148920200761196866 1464
72639313537478705 1425
76580023357812786 1461
300253129614116 1505
148637557266195249 1453
148920196449521745 1466
283687204951331 1480
293895202364662835 1430
4538991235912018 1470
149219336912916818 1383
283686952309268 1458
283743023538736 1493
4522368954540580 1436
148637557249355840 1444
300244304666914 1484
300244556526131 1500
4538926306112051 1522
145258753486427168 1451
293035323907121443 1474
72639313555308609 1456
220695151068324916 1472
283686953161762 1510
283686953095956 1455
4538926541914192 1458
299205411229777 1518
221260360410345778 1399
299140481298481 1544
148637557250342992 1460
217304248584639252 1454
76862597863846194 1374
283743022683172 1376
72920792809153059 1461
283687155413056 1453
76579963246101059 1454
292752745106248992 1411
148920135831265570 1462
283747570295588 1476
148637557031248434 1453
283687189099059 1398
221559505186472258 1492
221558341233557826 1460
144977278509716501 1547
76877995573395778 1440
299140733088065 1440
4522433631695155 1450
76879159510454353 1513
149202766372417585 1365
76877995574379090 1440
4538990984184130 1494
4522433631695411 1412
283743006830913 1441
283751865262898 1430
72638209747726914 1466
4522368955330624 1452
76579963229188416 1414
76580027922264899 1479
4522433884340546 1458
566317494178592 1506
284846829281585 1457
76580027923251794 1513
580615458140738 1472
300244557509442 1504
72623859993420081 1467
72638209730880050 1520
72623916079718960 1455
4522369208173123 1459
283743006830898 1448
76862541994733617 1410
76879099363148098 1495
293899665088328500 1443
148920200726655552 1497
76579962992468530 1425
148637557031314226 1436
220695151068324132 1482
220977730070589489 1471
76877995557536066 1488
76579962993452084 1469
300244557513298 1470
293600533248421937 1516
283687171334449 1502
72640482038067777 1462
862090451558947 1449
76579962993324338 1460
72623911533027633 1432
148637557031248676 1431
220977729869193508 1486
72639313318518817 1548
144978386847080995 1485
4538990983266370 1463
580615457153586 1508
149217064336376387 1484
76862597847138641 1510
220696255093875250 1424
283687171334963 1472
4522369207185986 1510
221556133367722547 1529
862090433863715 1411
76877995321606209 1459
144978382586655026 1350
283687188108322 1482
72639313319305520 1515
72906486020444962 1519
220695151069110819 1419
76580023358734416 1520
217316347524358706 1447
283743022686241 1452
76579963229258050 1402
4522433885327441 1451
221260360410345536 1526
283743006827043 1469
149202766372417857 1522
283747553452593 1480
285946340906018 1433
283743005840163 1538
299140480439331 1480
300309233680721 1463
72638209496064819 1471
76879159510516306 1499
221559496562062146 1471
76877995320747058 1526
300304670142770 1507
144964080058372884 1550
148637557266198577 1438
148638716907368512 1519
220695151069242162 1503
149202714832810033 1380
580615458005552 1483
144977278509716516 1492
300244539683137 1423
283687205872435 1439
149219272184377922 1460
76862606688727617 1435
72640477508153664 1518
72919684471791907 1479
72639373683860260 1440
283686953161492 1425
4523528831512897 1390
72623859791040787 1463
4522368955392804 1528
299205410239027 1485
283747318505762 1443
76877995557536081 1532
4522368955327268 1496
76580027922268497 1502
220695151069176612 1457
148637557031383875 1509
144979542210129984 1498
149219328035799619 1491
148637557030395937 1447
300304670212433 1441
76580027923255649 1425
76580027905421889 1425
289655416538993699 1397
73189060508783380 1499
283751865266497 1485
4522369190339379 1484
148637557267185729 1469
220977729869193520 1381
221542934898680627 1497
283686953095969 1492
72639313555239232 1465
76580023358800194 1458
220978885433631536 1520
72639373683863601 1487
4538926306112308 1456
567417005806356 1468
283751882109506 1450
300244303877409 1468
300308981956945 1484
283686952309781 1497
148637557249421361 1471
148920191885000784 1450
72638209495077909 1576
221556133350027314 1459
4538926559674690 1485
4522433885258064 1480
4523472980091442 1452
4538926542901329 1454
72623915843919905 1514
283686952309539 1429
862090433864227 1502
283686952309796 1476
72623911532175408 1432
293600542074155571 1402
76862542012494145 1472
149202714815963683 1396
4522369173562160 1557
72623911532110371 1475
4522368955326754 1472
72623911532175650 1456
149217064335389507 1506
72623915844772130 1410
76862542012494144 1420
148920196431688258 1429
148638716907365171 1445
283751883092802 1442
284846829281827 1448
220696255093875248 1549
72638209495081779 1442
72623916096565297 1478
4523528831513139 1471
72639378231476289 1469
72639378249236816 1474
284790977860372 1464
72639313555239218 1488
76877995321602354 1476
72623916097552449 1479
283686953029907 1400
72640473195491377 1465
148637557031248433 1487
285946340906005 1532
300304669221681 1424
4538926559740498 1481
144978382552117554 1435
72623859975656480 1424
300244556525874 1474
149202775249535298 1515
299140481364274 1503
217317455861719587 1476
144979550834536754 1423
72639377996525889 1445
283743258485297 1508
293035323907121442 1442
144979551052706369 1424
300308981035586 1411
293317902891819569 1431
4522433631695169 1485
148920135831334961 1450
4538926559744338 1453
217304248584639264 1536
292752745106248995 1409
283743022683168 1385
299140717228338 1433
300248834646820 1393
72639377996525874 1442
76579963211493939 1363
149219328035795764 1443
299140716245041 1450
283751883096658 1435
283687204955173 1459
221556133350024242 1513
283687204954659 1482
283743258489153 1466
76579963211490098 1480
76879164074905953 1423
72919684471792435 1438
300244539679539 1415
1143565410571300 1450
848891982517027 1497
76579962993254960 1505
72623916079722817 1478
221557237174251826 1497
217316356350091811 1475
300308982018868 1459
76580027669623619 1481
580619987919408 1408
72623916079718962 1406
148920200726655554 1466
72623859993420080 1533
76862597846151218 1414
4522368954541093 1469
144980650346164530 1500
148637557267182131 1480
76580023358796339 1463
76879099363144243 1489
76862602158813490 1473
72623916097483058 1469
149202770685079858 1444
148637557031314227 1495
149202766372414257 1414
4538926306108453 1469
283687172256065 1436
76579962993390146 1423
76579962993455924 1439
284846829281571 1462
217318555390193713 1394
221260360410345522 1539
364810339144176930 1450
72639313572016434 1378
221260360410342180 1398
293600528936608548 1545
76877995556549171 1440
283743258485283 1495
149218168377782848 1431
72623911532110386 1418
4522429573517408 1440
149202766372414244 1486
149219332348461393 1497
76862541994730034 1447
284842517467937 1508
76579963228270641 1493
76862602393764177 1507
144964080058376240 1505
72623916079722560 1443
76580023358796353 1536
144977278510706994 1479
299140734074945 1497
4522368955524147 1458
283686953030692 1434
72623911533097266 1464
4538926559740497 1497
4538991236895073 1427
1425040387281941 1524
283686953030178 1432
299205157593906 1436
148637557031183155 1453
284790961017363 1497
144979551052706355 1451
76579963212415056 1452
148637557249352240 1448
365940697462874916 1474
76579963229254209 1493
221260360410346050 1499
76580027670610242 1463
148637557249418035 1510
144964032796889621 1477
76580027905421888 1464
299140481360433 1524
76580023610458192 1475
4523528831509299 1415
4538991235908176 1493
72639373684781377 1465
220695151069110576 1437
148637557030396708 1493
4538926307095362 1449
4522369190342705 1480
300308981956930 1458
148920135831265571 1487
220977730070585905 1486
148637557031182898 1488
72640417378611506 1435
299140481294883 1459
72623911532106530 1457
300308981031988 1491
4538990983263028 1397
283747553452594 1450
72623920409227570 1441
1143565410571297 1519
221557237174251840 1511
76579962993386276 1476
283743258488881 1571
300308981035828 1446
76579962992468772 1415
4522368955392547 1450
148920191884996929 1416
149218168395546946 1428
4538926541910593 1441
300308981887296 1458
149219328035799120 1435
299140480442402 1453
862090433863713 1446
217304248584639266 1505
283687189095218 1421
148637557283038260 1434
283747570295602 1443
217319719360803122 1468
72920788296016177 1450
149217064335388722 1422
299205158514994 1515
76879159509529411 1445
148637557031252017 1456
217316351836954914 1486
283687172186416 1490
72623911532110129 1448
220695151069245746 1473
72638209495933232 1512
148920136049569841 1540
76580023357813042 1502
300244304736562 1499
76579962992465187 1483
76580027670540866 1504
4522429320806480 1485
4522368955458340 1516
72640473213186354 1481
149218168412324162 1403
4538991235908177 1495
283687154425889 1562
299205410242640 1504
284842517467939 1536
76579967523234596 1486
144977278510575665 1483
293035323907121456 1463
4538926307029569 1500
283747570299458 1559
283686952306197 1505
220695155599090468 1434
148637557249421890 1494
221260369034752306 1455
299205411225937 1558
283686953029921 1412
221260308853891632 1519
76580027922268482 1388
283747570299186 1507
4522429320872273 1484
299140480439332 1508
220977730070585906 1456
283686952309267 1492
76877995320750144 1544
283691483075618 1412
283687171334948 1472
4522433632616785 1458
72638209748709953 1464
149219328035795777 1435
220977730088350002 1443
76879163822195025 1414
76877995573392195 1466
144979542210129970 1480
4522368954540067 1484
72623859975656212 1393
221260369269768257 1467
580615457153329 1499
300244557509428 1409
283743022683171 1518
299205157593905 1472
293317902891819568 1459
283743022686755 1520
220695151069246018 1441
72639373684785217 1490
862090433864242 1455
76580023357812785 1459
148637557030393120 1525
299140716245056 1457
72638209495999026 1453
73201159448499235 1498
283687171334691 1432
72638209495080993 1434
76580027669623090 1447
76879159510516305 1482
148920135831265585 1502
149202766372417842 1475
76862597847134771 1460
221260360410342193 1464
217316347524355104 1479
300244303881011 1421
72640482054914113 1448
76862597847068992 1497
221260308853891634 1496
293317902707204386 1511
148637557266199091 1515
220977729869193507 1493
566317494182435 1482
144964080058372898 1376
220696254892482850 1478
144979486157316386 1457
4522373485306673 1421
76579962993258560 1458
144977278510571825 1445
1143565410571285 1449
148637557249421362 1452
149217064336310337 1432
72640473195488048 1408
149217068866155073 1496
299140480442401 1418
76579962993386290 1473
76862541793337635 1468
72639373684851025 1454
221542943523090738 1525
283743258489138 1430
220695151069176355 1462
287045852533781 1483
217316347524358434 1444
300309234664018 1485
283687188112164 1438
148637557031182896 1482
300244303880225 1460
148637557266199106 1459
149217064336310609 1510
284846829281570 1545
220695151069114417 1551
149217064335385649 1451
283686952308754 1464
580615457149988 1446
4522429319885121 1491
4522368955327280 1511
283687204951333 1481
292752745106248994 1518
217319710736393011 1481
220977730088350016 1491
4538926306963776 1528
217319710736393010 1446
283751629464114 1448
4522368955327024 1477
4538926306112323 1469
72639313319305521 1463
148920191884075826 1510
4538990984184144 1481
4538926541910594 1519
364810339144176918 1488
299140480443187 1438
72640473195488051 1447
283686952309269 1485
76580027687318067 1374
283751883027009 1490
72623911532175651 1445
299205157597233 1589
283747317650468 1417
4522369208103489 1501
149219271982985522 1461
76879099380908369 1424
220695151069242163 1486
144979551052706368 1475
148637557030396194 1389
283687154422305 1502
299140717232208 1484
148637557283041858 1462
293035323907121457 1476
72623911532176164 1418
283751629464099 1498
293896306188103729 1538
300244556522533 1464
72639378231472704 1417
221558341199016513 1442
300244303877410 1462
4538926306108464 1444
4538926306963777 1548
300304669225538 1412
299140734075217 1479
292752745106251811 1392
76862606688727618 1417
283686953095713 1507
148637557266195251 1515
283743023673907 1513
144964032796889619 1501
292754952938398243 1533
76580027905425730 1472
300304670208577 1407
76579962992468516 1445
283747317654308 1452
72920788296016163 1448
217316347542053411 1416
148638661055947313 1454
72640482038067763 1484
76579963246097204 1416
76877995556549184 1456
283747553456192 1396
283686953096228 1491
283751630381875 1470
148637557030396452 1478
148920191885062722 1470
76580027670540865 1414
300244304864307 1422
217318555373347377 1434
4522369190339364 1448
283687204954931 1450
220695151068324131 1456
283747318571555 1494
4523472980091427 1437
283751630451251 1436
4522368955462195 1504
76877995321602368 1461
4522369173565746 1500
76579963212411201 1486
4522433885323857 1476
76580023358800209 1461
4538991236898928 1502
292752745106248997 1500
148637557267116353 1502
293035323906400289 1393
366234271379301413 1551
217319659179942435 1510
76579963212411200 1453
580619987919395 1418
72623916079722545 1462
148920136032657955 1468
4522429320868417 1508
4522369173565489 1461
72638209731866944 1470
76879099363147856 1444
72640477508153665 1468
76579962992465188 1454
283687154491954 1472
72638209496002866 1487
76580027670475072 1522
4522433867497537 1486
149217064335385651 1435
4522433632547122 1483
283686953030420 1504
72919684471791921 1436
300309233677108 1445
300244556526146 1445
76579963246101074 1464
4538926559674705 1516
283691483075620 1392
220695155599090481 1444
283751630250274 1442
4522433632612930 1411
283687154556963 1472
148637557249418034 1476
76862602158813504 1515
283747318575425 1500
299205158580801 1446
144978382552113713 1458
76580027923251779 1496
283687172252209 1495
72638209731870800 1478
4522368954541108 1491
4538926306111795 1483
283751848419888 1466
284846829278241 1521
300244303877412 1468
72638209496002609 1473
4522369190342962 1452
76879159509529408 1470
217318555373347363 1500
148920196431688256 1467
76580023357813314 1523
148637557030393121 1458
148920191884079153 1443
283687171334177 1439
283747553456434 1462
283687188111922 1426
4522429572526658 1435
220977729868472353 1502
76579967523234610 1491
283687189095219 1442
76877995573396050 1504
283686953165090 1484
283686952308756 1455
76579971818201892 1486
217318555171954978 1467
76862602393760321 1479
4522429319885363 1453
566317494178594 1529
283743258485298 1396
283747571216705 1456
4522433885258065 1429
144980641721754418 1512
148638716907368754 1424
862090433860642 1415
217318555373347378 1479
149202766372417586 1495
300308981035843 1408
4523528831509298 1468
365658075713053219 1422
4522429319885378 1475
283743022683157 1425
580619987919410 1401
283743023538481 1469
148637557031252274 1550
4538935131845171 1453
76862602393764162 1472
4522368955524148 1465
4522433631694897 1496
4522429572530241 1427
76579963246031426 1487
1143565410571299 1411
299140481426226 1433
283686953096213 1492
292752745106252324 1481
299140481294898 1488
72640473195488050 1530
220695151068321046 1496
4538990983263040 1493
148637557283038258 1421
220697410456920883 1498
76579963211493954 1554
220697410456920880 1443
220978889745444913 1506
76579962993255216 1398
4522368954537251 1423
848891982517012 1501
217316347524358691 1485
217316347524358948 1541
580615457153571 1467
300244304864293 1428
76862541792616481 1499
149217064336240961 1442
72623911532110114 1467
4538926541914449 1481
76877995573392180 1467
149217064336376130 1481
221557241687388723 1402
76579963229254195 1471
4524628343137072 1403
283686953227299 1415
220977729869193521 1474
72920788295229473 1428
221260364723007809 1451
283686953030677 1460
148637557249352242 1463
300244539679538 1504
149219336878375491 1454
283751883096643 1468
299205158518864 1437
862090433860640 1485
76862606688727603 1538
149219328035799106 1406
144977278509720356 1478
148637557266195236 1475
148637557031182883 1463
300304669225523 1386
72638213807677730 1518
4522368955392819 1417
148637557250339122 1400
283751882109234 1440
144977278510572080 1458
283743259472192 1509
221260369252921922 1423
4538926559744353 1452
76579963211493440 1382
76877995320747056 1435
72919684471791664 1509
72623915861618737 1424
4522368954537253 1461
76579962992468258 1533
300309233677123 1375
283687171334435 1515
149217064335389250 1488
72640473195491378 1481
283743006827058 1532
76580023358734401 1405
145540228463137813 1511
76862597846147876 1530
76579962992468002 1537
220977730070586148 1471
283686952306198 1459
148920191884075824 1480
76580023610454593 1513
148637557031380005 1481
148920136032657969 1420
149202714815963696 1488
148637557267116352 1471
220695151069176627 1456
4538926307033425 1415
144964088917798961 1475
149218168377786705 1425
4522368955392562 1487
4538926558753602 1391
580615458074930 1444
76862597846147890 1480
566265937728034 1436
76579963211427904 1479
76877995321602611 1409
76579962993254690 1412
217319723873940019 1451
283747318637363 1477
4522368955327026 1540
283743023538738 1470
283747571286338 1490
4522369173496369 1514
149202770685079872 1416
76862602393763905 1416
300308981031986 1548
220695151068321059 1456
148637557031182641 1463
76877995320750643 1495
72919684471792163 1504
285946340906019 1467
72638209747726899 1422
148638716907368769 1466
76862602393760307 1412
76580027922268225 1497
144977278510575680 1429
144977278510641473 1444
76579963246097219 1490
72640417142677794 1481
300309216837697 1440
148920136032661810 1452
300308981953090 1473
76579962992468016 1493
148637557030395938 1539
144977278510641458 1466
144977283040485936 1485
148920191884079168 1470
76579963211428146 1457
149217064335385652 1496
300309216834112 1463
283747317654066 1466
221542887637197347 1440
4538990983266883 1526
144964093195919907 1473
4522433631695154 1473
300308981887282 1403
300244522840370 1497
76579962993455939 1419
4522368954540066 1535
4522369190343234 1474
72919684471788579 1493
148637557031248689 1421
4538991236898913 1555
76879099363144257 1499
299205410242897 1504
365092917944328225 1502
72623911532175907 1405
144977278510572082 1424
76877995574313297 1465
76579963212415041 1440
220695151069311539 1441
299145011208753 1415
149217068647985458 1546
580615457149987 1512
76877995320747059 1488
292752745106252338 1507
76579963246031411 1382
566317494178593 1510
76862602393763920 1476
148920196196741440 1428
300309233680706 1441
148920191884075827 1446
4522369191326259 1486
76877995321668162 1469
76580027923186000 1474
72638209495933233 1505
76580023357809459 1461
76862542012494130 1565
284846829281842 1451
144979546522861633 1484
292752745106248993 1472
72639373684781362 1462
76579962992468259 1448
217316347524358449 1461
283751630447667 1486
283686953293093 1483
72639373683860272 1421
300244304802355 1480
72639373683860274 1429
283743022686256 1461
221260369252921920 1460
149219328053494082 1417
299140481294640 1534
4522368954540337 1450
299140733084467 1431
283751630451523 1516
76580027670544449 1445
300244557443649 1473
221260360428040498 1447
299205158515009 1461
299205175292210 1443
76579962993320740 1511
293600528936608562 1462
72640417360916529 1448
283743005843761 1416
76579963228267313 1400
144964088900952611 1470
220977730088350017 1477
144977278509716513 1455
364810339144176929 1535
4522368955396402 1461
283686953161507 1472
300304670142784 1441
292752745106251824 1446
76580023610458449 1452
580615458009152 1466
149217064336372532 1500
4523528831509297 1491
283747318575153 1509
76877995320750401 1468
4538930836877888 1464
76579962993255204 1493
149219336878375504 1494
217316347524358178 1527
76580027670475058 1453
76580027670475073 1439
4538926558757201 1476
566265937728033 1585
72638209495933490 1429
76877995320747057 1498
4522373485306674 1501
149217064336372546 1491
149219328035799362 1416
300244304732707 1453
72623859975659810 1514
580615457153059 1539
283687154425904 1475
4523528831509296 1454
72623915844841521 1461
4523528849207602 1379
221557237173465137 1525
283687154553892 1456
72623859975659553 1444
283687205938228 1502
284846829278229 1527
283686970004501 1417
4522433649390131 1467
144964080058376225 1423
72639313554321457 1446
144979546522792256 1315
300304669225281 1513
76580023611441474 1426
148637557031383603 1468
76580023357809457 1407
76579963245110309 1419
149217064336240946 1518
289655416538993685 1473
283743006827057 1459
4522369173499953 1470
300244303880482 1467
148920136050422081 1483
283686953030176 1537
149217064336241203 1480
72638209731870785 1496
283686952306192 1544
72639377996525888 1468
76580023357809456 1491
283687205941811 1430
76879103658111539 1458
144964032813735969 1458
4522373485306660 1394
862090433860629 1519
220695151069111088 1491
221559496562062144 1450
221542934898680626 1451
149219328035799105 1422
283743005844018 1492
300244539683394 1469
300309234598224 1465
149202775231840321 1455
72638209495081764 1444
148637557250339136 1479
72640417344070194 1459
217316347524358192 1480
4522429320872001 1434
76579963245114179 1548
144978382552117312 1496
221559445005611571 1474
284846829282084 1469
144979542210130498 1462
283687172255793 1501
4522433867493939 1471
4538990983266384 1408
292752745106252852 1447
220695151069180210 1426
300244522836528 1473
148637557030396965 1474
76879164057141827 1457
283743005840160 1494
300244539683379 1453
72623916097483073 1524
221556133350027585 1457
72639313537478720 1436
283743023670052 1478
4522433867497809 1433
283687154491425 1496
76579963228270898 1405
72623911532106529 1413
76579962993258545 1464
144979542210126642 1468
300304669225024 1535
4538926541914434 1422
76579962993452069 1471
283751630385730 1459
299140481429810 1416
299205157597234 1501
72906486020444960 1503
149202775214993985 1464
76580027669623091 1458
72638214025847346 1466
4522368955524133 1429
76579963228267314 1415
300244304666928 1484
221260360410342194 1426
76877995321668147 1526
220978885433631524 1457
299140734071361 1458
76879099380977745 1474
299140480442673 1496
72638209495933218 1487
73201159448499221 1501
76579962993455667 1504
76879164074905938 1451
580615457149984 1466
4522429572526656 1471
299140480443172 1455
221542934898680625 1431
300244556522547 1476
144977278509716512 1447
285942029095700 1461
76879159509532994 1417
149217064335388993 1397
76877995321602369 1421
300308982022723 1444
300244539682865 1453
300244540670274 1483
299205157593907 1456
283743022686770 1490
580615457153315 1494
148637557266198834 1489
76877995573392193 1517
4538926306111538 1471
76877995573395793 1399
283686952306194 1520
144977278509716515 1472
4522368954540579 1487
72623911532109872 1475
299140734005568 1439
76579963211493682 1461
4522433885323843 1366
300244540666434 1448
566317494181936 1474
300309216834113 1490
149219328035799377 1465
72623911532176179 1443
4538991235911776 1519
72623911532172309 1512
220695151069307956 1516
4538926307098946 1492
148637557031318082 1494
283751882109763 1470
300309234667858 1530
72623911532106528 1482
72639313537475122 1498
300304669225266 1467
76862606470558002 1455
4522369174483250 1441
221260364723077185 1485
283751882961202 1504
220695151068324644 1407
72919684471792420 1429
580615457153072 1526
148637557031186481 1482
148638716907365170 1446
299145011208739 1411
566265937728020 1456
76580027922268754 1473
217316347524355107 1462
289656520362434593 1458
76579962993452083 1418
72623859975659568 1422
292752745106252066 1529
4538990984249923 1427
283687171331105 1501
4522433631691826 1470
220697410456920868 1480
72638209495999025 1403
300244540666433 1472
76879159509532752 1405
4522429572530498 1423
149217064335388979 1474
220695151069111076 1495
299205158580802 1432
76877995556549185 1456
292752745106252323 1427
148637557249418032 1492
299140733084452 1529
4522369174487120 1472
283687154426146 1453
144964080058376739 1462
299205157597762 1461
149202766390112562 1450
144977278509716514 1438
144964084371038513 1434
4523528831512625 1477
72623920374686256 1481
289655416538993696 1497
148920136032657968 1408
283751865266225 1472
300248817803811 1420
72623911533097009 1483
144978382569947201 1490
299140734075202 1476
76877995574313282 1402
148637557267185986 1516
76580027905425473 1420
72919684471788577 1457
148920136032658225 1517
144964088900952624 1521
72638209495077920 1512
149219272184377907 1466
580615457153314 1492
76580027670544706 1450
283743023538480 1459
72623859975656484 1421
76879099379990593 1510
862090433860641 1439
283743005843490 1455
283751882109491 1462
300244557513026 1460
144964080058373153 1512
283747317653795 1489
148920191884996914 1469
76879164074905952 1404
76864796869403428 1490
283687205938227 1461
292752745106252067 1482
76579963245965618 1492
1143565410571298 1473
4538926306967617 1554
76579963245114164 1428
72919684471791650 1438
221260308853891619 1469
299205410242882 1434
283686953293092 1510
299205410239042 1541
148637557031183140 1461
4522429320802625 1459
220978885433631539 1438
72639378231476561 1445
72639313555239233 1470
220978885433631537 1431
221559500873875521 1445
72638209730883633 1441
283743259476033 1456
148920191884079667 1426
299144793039138 1483
300244303880483 1504
4538926306111794 1487
148637557283038259 1536
76579963228271155 1521
72638209495077922 1458
148637557249356097 1463
76862541994733874 1430
148637557030395952 1533
72639378249306193 1432
283686952308753 1454
299140733084465 1503
76579963211424304 1412
299140480439328 1476
72920788296016162 1461
149218168159613249 1441
4522433632616513 1439
72623915861549346 1486
4522433885327698 1452
300308981035315 1482
283686952306195 1492
148637557283959362 1539
299205158515008 1412
4522433884340289 1472
145258753486427157 1449
76579963211493426 1405
76862602411593809 1456
149202770685079873 1478
76862597846151474 1441
217316347524355105 1383
72638209495937088 1511
283687154422306 1519
72640473195491649 1476
72920788296085553 1393
148920136050422080 1530
144978382569877824 1481
148637557250339137 1528
76877995574379075 1445
76879164057141840 1504
72919684471791906 1516
76862597846151489 1398
580615457153843 1453
72638209495081507 1452
217304261722186275 1498
148920191885062721 1460
862094746460450 1444
4522369207185971 1403
144977278510707251 1458
364810339144176931 1435
292752745123947300 1411
283751882105906 1478
300244539683122 1489
4538926306111809 1497
149219332348461378 1471
144964088682783010 1439
221260364723007794 1467
299140480442416 1462
4538990983266898 1480
4522368955326755 1452
862090433864499 1436
144978382552117569 1574
299205157593904 1518
283747318637362 1529
220977730087432241 1425
76862541994730276 1483
72638209748709954 1455
1131466470855444 1450
283747570295603 1413
300244303880740 1483
4522429320806465 1436
76877995573395521 1481
144979542210126640 1487
299140716241443 1433
283751629460772 1453
283747553452579 1446
76863697357775652 1505
144977278509719587 1446
4522433632616770 1426
4538926307029570 1451
76877995320747060 1464
72623911533093411 1470
76580027922268739 1408
76580027905421875 1442
217304205618123283 1518
4538926542897474 1443
4522368954537249 1489
283687154488096 1508
283687171334434 1499
300244556522546 1479
292752745106252837 1489
72639317832442403 1383
862090433860644 1566
76580023610454592 1538
220695151068323873 1463
144978382552113712 1469
300308998730291 1437
299145011208754 1416
283691449455380 1456
284846829281313 1476
284846829278243 1461
221260369252921921 1457
149218168395546960 1473
76862606723268930 1454
299205411225936 1477
217318555407888690 1428
76580027670606659 1456
4522433885258050 1437
283747553456177 1463
220695155599090482 1397
72906486020444963 1493
292752745106248996 1474
283751865266754 1480
221558341215862849 1479
144964088699560226 1430
76877995320750658 1507
299140734071362 1485
4523472778699042 1488
283743023673922 1467
283743005840148 1504
72623911533097281 1493
72623859791040801 1477
148920135831265572 1426
76877995574382930 1518
283686953030163 1500
148920136032657970 1453
283747318571569 1498
299140716245313 1405
4522433632682578 1560
72638209496068674 1436
300244539679524 1504
148637557031318067 1441
144980590165303843 1475
76863645801325091 1447
300308982018883 1497
76862541994730033 1462
283751630381860 1494
283747317653809 1432
149217064336241216 1417
862090433864484 1436
221260308853891633 1445
283687154426161 1452
300244522840113 1409
300244540600640 1488
4522368955327011 1441
283686953095714 1491
72623916097483072 1539
292752745106251810 1435
292756104006476580 1459
300304669221682 1481
72906486020444961 1461
76579962992465174 1473
144977282822316322 1491
4538991236895072 1481
76877995557539936 1440
76580027905425745 1471
283691466232596 1447
76879099144187953 1528
4538930836877875 1412
148920196431688243 1487
4538926306964019 1458
4522369207182386 1479
221556133350027571 1484
4522369208173138 1428
283747571216690 1395
144977278509720371 1476
221260360410342195 1497
283743006761265 1477
4522368955527731 1496
293600528936608561 1430
300304670208578 1403
149219328035795776 1411
4522433631691827 1457
300244304868163 1490
148920196431691856 1478
293317902891819556 1453
300244522840385 1435
4522369173565490 1403
283743258488896 1420
72623915844772144 1559
144979542210126641 1424
76580027670544721 1484
300244540600641 1431
283687154491682 1469
72623911532175395 1482
144964032796889633 1422
144977278509719585 1467
76579963229188417 1438
300244303881253 1476
148920196196810817 1407
72639378231472705 1468
283751865266482 1453
76879164073988177 1447
148920196431692098 1398
148920196449452368 1452
144980641721754419 1472
148637557030396980 1451
220695151069111091 1472
76579962992468515 1532
76879159509529409 1472
149217064335388736 1499
72919684471788580 1511
300244539679537 1457
283743259472193 1458
76580027670606644 1518
72640417344070192 1437
72640417344070193 1456
566317494181921 1481
283687204955188 1491
76579962992465185 1543
580615458136868 1550
76579963228271170 1461
144979551069552705 1441
4522429319885106 1449
283743022686243 1489
72919684471792178 1479
73202263271940129 1480
72623859975655968 1500
149219272218919234 1480
148638661055947312 1508
72623924669653539 1449
72623859992633377 1463
72639377995673649 1444
72623915860762657 1397
283743022683170 1427
4522433632678723 1478
148920200726655539 1411
148637557031314212 1452
848891982517024 1507
76879159510519889 1410
76862602393760322 1475
72638209747723044 1498
4522429320868418 1565
72639373683864130 1507
4538991236895058 1483
76579962992465184 1417
283687154556961 1419
220696255093875235 1506
4538926558756929 1507
76580023611445329 1530
72638209730880048 1435
283686953231140 1430
76862597847072848 1428
221556137662624050 1483
149202774996824370 1445
4522429573517393 1481
149202775214993986 1479
580615458136883 1492
299145011208752 1478
289657624186593570 1481
299140480442403 1469
148920136067199282 1495
76579962993320755 1447
283751629464371 1524
149202770685149249 1525
148638716907368497 1496
149202714815963697 1470
580615458005296 1510
283687172252210 1449
283743023542321 1484
4522377780273956 1458
76579963228270913 1537
72623911533031488 1454
221260369287463234 1491
283751883027010 1478
149217064336241218 1502
76579962992469044 1402
72623911549804834 1511
72638209747726642 1496
76580027923255634 1492
144979551052706370 1419
149218168377786690 1460
300309234664017 1508
76879099145044033 1513
299140498137635 1452
72640473195491392 1461
76580023357809444 1352
220695151068324659 1513
76580027905421890 1540
76862541994730032 1473
300244304666929 1436
72623859790385169 1392
144977278510707266 1404
76862606705573953 1430
144964088900952626 1499
365375496745132322 1402
220697410456920881 1527
76879164057141842 1478
76579962993320483 1450
283751647159076 1473
4522369191260480 1507
76579967523234611 1391
4522368955392561 1445
4538926541914177 1486
149202714815963698 1497
4523528831509284 1425
144979551087247682 1493
4538926558757186 1471
4524628343137075 1488
221558341199016499 1493
76579963229254210 1439
72623911532172324 1503
283686953227300 1475
221556133350027570 1454
283686953029906 1493
4538990984253778 1392
221556133350024243 1475
76877995321733940 1449
283751629464100 1501
148920136032661553 1409
4538926542897489 1429
4522369173496355 1483
1143565410571296 1463
299140481430082 1497
72639313537478962 1482
149219272201224257 1557
76579962993320498 1536
221260369252921907 1524
4522429573513538 1476
283687154488084 1495
76579962993386291 1427
292752745106252580 1471
4522368955528003 1510
148637557030393122 1465
4522433631691828 1482
76579963245113922 1437
72623911532109858 1511
283686953095699 1488
300244304732722 1428
299140480442915 1434
144977278510641201 1532
300244304798514 1437
76879159510520161 1431
300244557443650 1454
149217064335385637 1452
4522368954540080 1408
76879159510450513 1479
4522433632612915 1505
283751630447668 1481
4522369173500225 1398
284842517467938 1483
148920191884996928 1418
76862597846151746 1446
148920191885000769 1504
4538926542901344 1507
283743005843489 1458
580615458071075 1499
300244303880996 1460
4522429319884849 1445
217316347524358963 1531
300244303880739 1458
300304670212418 1462
148637557031383860 1409
148637557284025154 1456
220695151068324145 1462
283747571282497 1447
299205157597248 1513
4522368954537252 1463
144977278509719600 1451
300244304732977 1422
76580023610454594 1466
4538990984184145 1469
72639373683863616 1446
4538926558753603 1519
148920191885066577 1439
72638209731866930 1479
283686953161764 1436
283747317654051 1428
300244303880497 1400
149219328035795779 1394
217317451347796001 1415
283686952309013 1441
144977278509720099 1493
76580027922264898 1504
221542939210494001 1548
149218168159682625 1526
4522369173562162 1485
72623911533027618 1465
283747570299201 1376
76580027669623604 1461
76579962993254691 1502
283687154491426 1475
72623859992502305 1407
293883103424946980 1449
73201159448499236 1564
144979542210126643 1479
148920191884075825 1483
4522429319881523 1441
72623859992567841 1437
283686952308768 1454
72638214025847331 1495
149219332348530769 1496
72906486020444948 1444
148637557030395940 1512
149218168394629185 1420
283751630316067 1442
283747318641218 1513
76580023357813057 1481
72638209747726657 1526
76580023358730560 1468
72638209495999011 1486
149202714815963684 1496
283747317650465 1495
148637557283041843 1437
72640482072609090 1461
217304257209049378 1504
72639373683863858 1541
283743005840162 1472
284846846976547 1474
4522369190343219 1431
283751629463842 1517
4522369190339378 1426
4522369173496370 1482
72919684471788576 1470
283751630316082 1519
76862542029271346 1481
220695151068324388 1489
4523472980091441 1419
72623859975656225 1474
148637557249352241 1498
293319053959897892 1479
76862597847138369 1479
149217064335388723 1444
76862542011641905 1489
149202766372417600 1447
72639378231472691 1451
217317451348582705 1464
144977278510703396 1486
76877995321737810 1414
144964032796889632 1476
144977278510637603 1523
283747317650466 1523
848891982517025 1415
283686953095700 1429
283686953165362 1553
149202775214993984 1515
293600528936608563 1483
566317494178580 1442
221556133350024240 1448
283687171269170 1422
300308981035571 1542
76579963211424291 1500
148637557283042100 1454
4522369207186243 1485
862090433863970 1498
4538926541910592 1458
76879164057145697 1531
283686952309010 1540
283687205806627 1518
148638716907365156 1451
148920136032658227 1432
76862541994730289 1471
300244540670017 1454
862090433863728 1419
76862541994730291 1406
580615458074945 1496
283743258485296 1448
300248834646834 1463
76579963229257793 1442
144978382333944099 1514
300244522836515 1452
299140480439317 1497
283751629460771 1449
72623916079718961 1509
283686953099554 1557
72623859791040788 1467
72623859993489457 1500
144980641721754417 1499
4522373267137059 1437
217316347524358177 1512
76579962992465186 1481
144977278527414819 1468
72623859993420066 1465
148920200743501889 1532
72639373684847170 1410
76580027669623347 1413
144964080058373141 1480
284846829282099 1458
580615457149985 1406
292752749418848803 1528
149217064336240960 1471
300244556522548 1490
149219272184377920 1486
76879164057145440 1474
283751883096386 1479
217319710736393009 1463
72639373684781376 1483
149218168159613248 1422
283747553452592 1471
72638209748713809 1470
221559496562062147 1469
144977278510572067 1532
148920136050422066 1460
283751629464613 1474
293317902908665905 1430
217597822501065749 1458
76863697357775665 1430
4538930618708274 1434
4522433884336962 1486
283747318575410 1434
283751865266739 1454
4538926307099218 1503
300309234598225 1441
221557237174251841 1403
300248616477219 1416
4523528831512882 1472
148638716925063474 1414
299140734005569 1440
4522368954540065 1518
283686953227285 1454
76580027923185986 1461
72623911532175393 1590
4522433884336961 1538
72919684471788565 1508
283747570298929 1521
4522433632678708 1446
300244540670289 1502
283687155409186 1509
149217068866155059 1463
221260373547889203 1405
148920196196741426 1449
299140481360419 1461
76580023375507762 1418
76879159510520146 1455
283687172186417 1453
76879164057145682 1514
283743023604273 1497
4522433867493954 1503
283687189099074 1485
283687154422560 1540
149217064335388978 1420
283751630451508 1455
148920196431688257 1454
283687154422291 1370
283687172252195 1482
4522433631695426 1495
4522433885323858 1471
76879159510450498 1504
4522433632547137 1533
283687172186402 1404
220695151068323874 1491
72623911533027632 1523
76879164074975329 1474
72906490332258337 1535
144977278509719843 1472
76579962993324081 1552
221558341199016512 1472
76579962993324353 1486
283743023538466 1468
283687171331107 1486
221556133350027827 1472
76877995556553041 1380
144964080058372899 1492
300308981035329 1561
221542934898680624 1512
