8859488802 31592
270544945 31966
269554209 31533
270541105 31545
17895970 31898
8859488801 31728
4564525361 31926
16912915 31987
269558065 31926
17830177 31969
4564521505 31550
17834017 31683
4564525346 31629
8859488787 32055
8859488800 31400
4582285602 31355
4564525089 31659
269554210 31751
16912401 31665
269557808 32196
16912402 31748
4581367841 31691
4564525104 31679
269554195 31377
17899553 31632
17830176 32045
8876335137 31507
17830162 31415
13154456083 31800
16912416 31797
4329574688 31766
270541104 31651
4329644065 31802
16912930 31930
270544960 32070
4564521504 31485
269558050 32070
269557793 31786
34607378 31983
4328722449 31690
8641319186 31925
4582285616 31674
17899810 31581
16909075 31866
8894030114 31939
16909074 31787
16912673 31373
16909060 31983
16909073 31592
17895955 32005
4582354993 31415
4582285617 31767
270541090 31715
4329574674 31705
4564521506 31923
4329574689 31933
16909072 31495
17895969 31460
269554208 32049
4564521491 31661
17899825 31767
16912658 31873
17834032 31575
