8859488800 9290
4329644337 9247
4565508386 9227
1168518488611 9356
1108152160273 9153
69258522930 9245
2268029133105 9299
1108387962913 9259
1108371120418 9191
4329710115 9269
69258522673 9258
2268029129505 9191
1108388880688 9259
69259509840 9164
69258519088 9244
1172829315105 9315
1173065118002 9095
2268029133362 9268
2268029129507 9365
4329574946 9211
1173082878258 9284
4564521505 9300
2268029133090 9070
4328722963 9151
69006795057 9212
4329644065 9350
4328719376 9262
4582351409 9094
4329710130 9326
69006798897 9282
1173065114162 9230
3367540757283 9152
1168517505072 9242
1108371116577 9163
4329640481 9314
1172830167330 9166
4329574674 9261
4581368370 9243
69005877553 9281
4582351410 9369
2268029132834 9238
4329706260 9360
1168517505586 9518
4565508400 9279
2276906250546 9363
1168517505329 9191
69006860850 9175
1172830167345 9395
4582285617 9169
4328722451 9226
4328719378 9357
4328723235 9222
4328719365 9400
1173065114160 9171
4329644322 9218
1168518422833 9415
4329640467 9384
3367540757268 9360
69006860835 9076
1108371120176 9120
4329574688 9098
4582285602 9338
2272341795121 9151
4346417683 9438
1112666083859 9335
1108388950065 9348
1173065117760 9335
1168517505571 9313
69006795042 9297
4564525346 9483
1168517501729 9284
1173065118017 9352
1168518488625 9227
69005877810 9335
4329574689 9280
4581368113 9143
69259505984 9208
4328722706 9329
69005877282 9442
2212177711649 9227
69005877795 9129
4328723220 9213
4328722464 9293
4582355265 9371
4581364513 9205
2268029129492 9413
1173065114161 9107
1172830167344 9336
2212177711648 9314
1108371120161 9379
2211976319250 9190
3315984306707 9076
69258519089 9206
4565512241 9283
3367540757280 9252
4328719380 9145
69023572258 9349
2212177711650 9114
4581364515 9152
4564521506 9145
4582351395 9011
1168517501728 9318
1168518488626 9244
69006864433 9289
1108405657890 9349
69258522945 9328
1168517501730 9117
4564525361 9232
8859488801 9263
4329578529 9161
8859488802 9198
1168518426673 9112
8641319186 9343
1173082878272 9327
1168518492209 9217
4329640482 9468
1108152946977 9447
4582285616 9284
1108153016353 9337
2268029132848 9342
69005877296 9249
1168517501731 9382
13154456083 9214
2276871709234 9216
4564521504 9160
1173082878273 9347
4581364500 9147
69005877538 9336
4328722721 9360
4565508401 9024
2212177711635 9278
2272341795120 9278
4328722978 9319
69005873940 9096
2276653539618 9277
69005873953 9351
69259505985 9224
4565512256 9248
3367540757281 9364
3376165167394 9212
2276871709219 9177
4328722449 9312
3371852570657 9381
2276871709233 9387
4328722450 9461
2276888555569 9193
69005873955 9396
69005873954 9390
1168518422818 9141
4582354993 9201
4582355250 9266
4329709858 9405
1168518492466 9285
69259509825 9191
1108152946976 9221
1168517505058 9228
4328719377 9321
69006864690 9268
1168518426688 9284
2272341864497 9287
69259505970 9186
69006798912 9212
2268029129504 9226
1168517501716 9238
1172830236721 9208
1173065114147 9187
1108371116578 9188
69258519090 9220
1168518422832 9415
2268046827810 9148
1173081960497 9476
69258522688 9249
4581367841 9232
4329706275 9270
69006864705 9394
8859488787 9286
69006860849 9188
4581368098 9098
2268029129506 8990
3380678304291 9368
4564525089 9316
69006795056 9363
1168517505057 9171
1108388880689 9225
4564525104 9120
1168517505314 9210
1108371116576 9172
2268029132833 9336
2272340942881 9214
1108371116563 9137
2268029133347 9374
1168518492481 9153
69258519075 9460
4581364514 9271
4329574931 9133
4328722707 9162
2272341795106 9194
1108388880674 9202
1173065117745 9476
1108371120433 9063
69005873952 9228
3367540757282 9267
4467052385044 9343
4329574944 9308
1108152946962 9289
4329706274 9265
4328719379 9093
4329578544 9320
2276871709232 9335
2212212252962 9334
2212194557985 9021
69005877281 9263
1108152946963 9378
1173082947649 9245
4581368355 9343
4564521491 9243
