455 540
485 502
418 319
469 553
330 610
366 366
404 657
385 306
455 375
374 334
361 623
330 413
608 567
454 668
346 599
572 565
432 666
604 556
375 350
444 687
380 310
356 614
584 578
322 604
457 695
616 566
333 611
374 395
400 402
574 570
453 273
422 367
406 311
366 344
364 387
386 311
346 384
446 373
352 606
446 338
362 613
365 330
410 319
508 499
332 608
364 330
436 286
384 401
454 356
550 574
623 555
405 658
571 541
420 615
557 519
502 499
416 629
523 507
409 653
444 291
412 311
386 603
443 482
461 269
411 370
383 329
440 669
499 485
386 591
446 360
431 348
389 601
372 652
381 303
570 549
615 558
365 342
619 560
332 382
408 303
384 658
580 500
431 330
412 241
442 331
426 610
622 550
410 303
467 506
420 308
440 671
625 553
415 669
331 610
447 373
428 267
390 665
413 673
341 603
415 613
388 651
403 674
337 389
433 270
443 337
443 259
358 631
389 602
402 323
492 485
586 569
587 508
455 338
446 688
359 400
566 504
391 242
319 616
406 652
435 661
566 519
417 632
378 353
463 275
365 612
585 574
338 409
328 397
420 357
383 320
436 669
433 256
386 314
562 506
402 252
452 686
470 538
383 660
452 360
348 589
439 349
568 531
456 270
552 574
406 612
416 639
485 501
321 613
476 682
321 380
367 664
413 366
407 618
557 543
447 369
439 292
322 621
420 637
446 358
580 578
384 666
404 675
383 314
494 478
606 603
455 692
476 262
410 367
558 507
374 358
345 625
462 362
442 293
472 518
575 571
585 509
341 600
419 367
471 539
460 674
536 517
575 567
372 321
421 333
456 683
448 676
443 669
604 566
587 573
476 497
348 388
483 502
387 396
446 681
580 511
404 615
367 386
368 655
449 373
423 299
585 515
556 507
479 493
493 478
371 649
333 613
415 376
411 311
504 501
567 526
584 496
502 482
369 380
370 345
595 572
446 654
508 488
479 517
557 505
467 541
522 512
363 398
324 620
364 394
437 336
369 369
461 277
571 499
331 389
454 362
390 433
375 360
439 251
388 589
403 663
401 321
429 420
602 552
577 545
527 515
603 555
355 398
426 329
418 358
329 609
580 589
437 332
368 324
379 303
494 494
455 339
364 656
384 650
394 605
453 663
429 611
563 517
465 278
333 423
438 338
358 608
564 576
524 508
386 656
444 373
414 252
390 313
339 618
437 294
469 501
606 575
428 345
368 666
508 505
422 272
362 653
442 337
458 689
347 598
434 352
411 305
414 240
408 390
473 681
347 590
413 609
400 666
382 602
406 322
557 574
371 304
488 509
580 576
370 400
417 633
415 633
402 659
400 668
428 342
426 331
412 666
539 570
457 338
331 386
384 611
564 501
421 361
368 349
367 334
559 573
398 376
463 679
622 556
433 324
408 387
434 252
347 597
412 240
400 318
374 362
383 596
337 607
328 392
365 390
391 314
570 498
430 302
389 605
425 343
497 496
457 272
576 563
388 329
437 252
476 273
389 319
384 320
505 505
503 505
354 401
354 618
418 328
554 574
458 669
341 621
387 312
441 666
620 556
386 664
345 600
391 432
408 321
473 515
372 356
328 407
446 660
462 680
472 684
376 303
486 484
453 270
441 288
464 680
396 322
480 495
427 316
367 599
449 361
477 517
421 638
431 358
445 654
576 498
400 651
568 541
473 497
455 530
543 568
365 611
488 507
336 409
457 274
417 356
433 271
381 596
402 316
428 257
425 258
456 662
566 523
575 594
423 305
524 514
390 317
557 520
388 305
395 388
575 570
390 655
482 535
428 321
374 601
362 395
448 342
600 609
371 651
500 499
509 481
471 507
445 366
362 330
430 281
407 325
416 627
457 698
368 662
408 319
578 542
351 586
365 650
381 597
444 285
379 664
407 381
456 542
439 283
481 492
385 666
499 482
432 661
366 606
559 522
417 253
338 411
386 239
505 480
434 348
443 256
617 568
409 392
397 400
342 617
347 614
352 631
558 570
493 485
383 597
403 315
490 493
563 525
406 670
385 325
574 503
476 277
517 501
429 264
416 357
475 262
450 357
511 502
343 625
426 262
396 319
446 296
377 602
389 328
608 600
447 365
410 305
438 280
378 667
425 324
477 490
546 513
417 378
444 297
394 249
440 278
422 368
426 330
475 521
421 367
613 571
475 495
411 252
601 580
409 305
401 375
325 375
353 587
577 558
462 502
509 482
507 497
399 377
539 515
602 578
423 321
455 539
432 343
380 652
364 647
402 674
329 390
385 396
412 606
453 526
402 320
453 362
570 565
432 299
348 620
437 257
396 669
481 497
423 610
327 380
457 365
416 635
401 656
398 377
451 277
320 612
343 597
485 500
604 559
462 665
335 614
430 252
340 401
409 387
520 505
459 675
474 535
576 554
385 318
457 535
370 402
401 372
574 564
474 494
417 619
360 614
378 612
421 308
475 538
422 327
405 323
379 598
367 648
607 562
412 300
429 344
490 485
395 599
433 353
377 604
327 604
386 322
455 363
405 312
390 387
432 356
416 373
371 323
418 609
408 306
446 356
440 371
473 277
404 671
497 493
533 503
422 611
423 671
347 623
362 620
575 550
428 276
430 348
467 505
427 301
425 613
385 599
458 275
443 366
429 299
489 493
460 662
506 499
360 400
540 514
605 592
453 274
449 362
572 570
376 603
393 389
376 606
432 283
604 557
569 540
416 634
410 614
356 632
602 613
445 341
387 320
406 649
419 673
622 551
417 640
411 666
328 401
440 257
472 506
379 398
582 574
473 684
410 655
569 528
546 512
348 601
455 273
361 632
488 490
387 327
387 589
412 665
324 618
566 505
433 672
393 241
474 682
371 382
448 681
363 670
459 268
391 394
319 613
568 510
382 654
560 576
447 362
565 564
603 608
429 266
439 299
437 287
361 639
410 618
574 508
322 619
365 672
511 495
319 379
421 360
393 246
606 567
412 626
349 595
352 334
396 400
571 532
344 614
528 506
329 385
493 483
463 497
413 324
363 668
511 500
410 671
421 273
524 507
338 597
513 497
361 610
437 334
439 294
551 564
356 394
417 639
598 571
431 343
350 606
519 504
372 601
417 620
454 692
366 673
459 690
595 571
360 631
604 577
392 604
357 631
601 590
420 359
422 251
372 651
491 501
474 496
432 298
622 555
603 567
443 666
576 586
421 362
446 687
605 556
445 284
457 676
596 587
394 672
399 602
440 280
599 585
389 238
431 283
600 582
338 410
399 386
371 352
438 357
459 668
443 367
574 558
611 569
391 312
585 495
324 609
354 617
564 502
506 500
447 689
562 534
602 595
326 605
439 667
444 662
578 504
469 536
577 547
323 374
436 323
334 387
576 527
385 321
561 511
484 277
451 352
405 614
448 362
600 551
365 666
577 582
450 279
543 513
447 681
400 248
428 265
401 373
331 606
362 646
399 322
456 272
579 579
329 382
580 499
401 322
395 400
441 357
585 576
387 309
332 607
538 518
405 310
586 572
339 404
456 665
607 566
395 602
583 510
336 407
589 572
561 567
348 614
472 520
371 302
381 611
605 596
407 671
384 648
502 477
423 255
419 252
333 402
406 650
579 572
544 511
366 363
561 575
418 368
396 376
407 308
509 505
426 332
438 346
443 359
414 366
596 609
395 386
347 601
617 570
577 496
450 356
460 664
420 613
473 527
468 545
619 554
417 627
473 513
554 567
483 492
387 319
387 668
466 546
436 281
323 375
511 496
504 502
423 335
579 509
617 561
411 672
553 574
358 638
370 665
602 568
363 649
428 269
368 392
349 613
465 666
566 521
438 299
340 600
506 479
599 551
374 667
337 401
398 669
424 255
359 336
572 555
382 393
399 382
343 623
417 320
423 271
332 387
323 380
462 668
383 601
603 563
459 671
410 308
568 529
374 651
573 550
409 357
547 507
330 380
343 385
438 251
347 593
338 604
332 412
458 663
454 268
364 327
479 499
461 692
427 671
366 603
468 550
573 556
375 305
451 351
341 400
460 673
379 667
433 667
385 659
449 680
374 602
415 252
409 654
396 321
524 513
577 592
512 489
571 542
374 673
550 513
370 326
446 674
478 519
400 403
339 403
376 309
598 561
437 344
601 592
459 536
424 671
591 574
415 246
454 684
604 560
359 608
441 342
336 382
578 558
457 545
559 520
421 629
584 549
360 630
419 315
418 627
412 605
396 391
427 320
414 323
325 620
589 493
572 509
406 651
498 500
347 390
469 498
477 499
424 616
419 632
615 556
470 542
338 413
385 595
411 371
569 551
575 566
480 534
376 356
452 682
424 322
437 355
381 615
446 368
376 607
434 301
466 276
342 599
558 519
382 667
398 374
432 663
396 389
493 477
590 571
430 299
557 521
559 524
486 505
602 574
357 335
455 679
469 542
371 358
509 488
576 549
418 249
526 509
382 666
402 661
411 313
379 400
331 419
379 612
557 534
419 253
400 375
556 542
558 512
603 613
335 384
478 521
417 319
409 385
414 658
415 627
403 658
487 502
419 633
355 639
562 548
443 656
330 381
584 511
394 671
563 513
498 503
366 324
364 668
358 639
461 665
404 389
415 358
472 508
588 492
560 575
455 671
397 246
454 374
500 501
480 536
601 568
397 668
576 555
601 610
334 403
478 493
564 518
474 278
616 570
625 551
562 560
324 379
368 364
529 517
423 306
416 356
420 360
444 366
501 506
443 336
569 521
581 498
419 638
401 318
422 363
366 385
563 565
458 521
574 549
352 398
569 541
337 417
357 334
362 344
602 600
588 570
343 624
602 611
452 687
453 275
431 328
603 578
457 699
504 504
389 655
361 331
460 663
618 566
562 514
358 341
586 509
423 344
454 690
390 328
439 293
413 666
433 666
545 509
332 423
392 251
574 500
434 276
472 678
467 671
367 347
419 617
321 615
469 500
359 398
409 384
462 276
473 529
497 486
376 670
474 681
345 385
377 610
422 337
425 300
456 664
438 249
426 265
439 287
382 307
446 281
409 321
321 616
563 515
450 662
444 672
436 661
613 572
399 603
389 401
383 393
448 675
397 378
528 507
413 323
418 624
373 394
442 666
407 390
371 344
471 516
433 664
402 656
450 660
405 321
497 497
450 278
432 671
616 561
462 545
600 589
385 591
411 671
342 604
457 275
459 694
410 300
409 615
576 571
507 496
438 332
420 333
355 607
369 326
435 250
552 510
458 531
472 521
413 315
601 569
580 549
357 393
380 397
399 651
387 655
439 289
329 400
485 480
464 507
406 653
387 652
433 286
499 495
363 671
445 339
385 305
582 495
453 666
334 614
466 679
452 274
416 311
534 517
446 283
427 670
381 662
426 255
358 340
407 307
457 534
458 694
329 424
563 505
333 386
565 538
361 337
564 514
441 295
333 385
406 671
455 531
447 661
557 522
345 623
474 529
419 314
434 299
579 590
354 337
426 333
342 596
327 379
591 571
420 671
423 359
435 269
575 593
367 356
432 354
429 331
561 560
586 495
576 541
348 607
359 644
411 309
436 299
570 511
445 295
574 501
405 664
351 588
574 494
364 329
339 389
502 481
360 341
412 314
422 335
471 509
455 347
360 609
414 375
443 671
323 611
580 510
346 613
382 316
579 547
465 272
461 361
598 607
449 349
463 504
434 302
362 648
483 535
453 679
415 368
427 361
360 388
478 534
320 604
463 499
418 277
338 603
414 239
470 276
389 388
426 261
470 530
577 567
551 515
373 360
447 366
382 669
417 618
493 480
472 529
456 544
547 513
449 357
415 315
591 491
367 345
413 321
397 390
321 612
614 567
407 365
450 360
474 512
563 551
447 683
412 664
525 512
601 559
334 618
515 505
427 614
385 597
389 399
562 566
372 359
379 314
404 250
342 625
411 656
422 670
479 494
566 522
479 497
417 309
578 559
558 542
405 622
425 619
460 505
435 251
388 652
438 281
322 610
469 504
369 366
572 541
402 375
421 366
331 416
582 511
415 614
565 501
390 329
394 399
564 579
352 632
407 306
442 667
589 507
370 401
420 368
480 517
566 550
604 591
499 494
361 643
347 600
557 542
472 512
387 666
587 512
370 396
321 604
408 653
365 344
426 359
396 671
573 553
416 605
583 495
457 538
345 615
407 364
383 658
412 368
456 279
389 664
398 244
405 649
335 414
365 651
326 611
396 670
374 313
449 336
476 515
565 504
564 577
384 304
436 352
576 530
421 250
367 394
554 560
532 518
420 303
467 670
377 354
448 357
604 597
326 609
326 621
419 624
450 663
552 512
470 277
581 495
621 556
508 482
449 664
489 491
553 567
379 654
462 278
401 378
579 548
560 542
412 370
418 330
420 250
365 326
457 536
425 320
404 382
604 612
330 402
431 264
582 571
377 605
376 604
578 545
411 662
605 578
413 611
553 508
405 325
332 406
462 509
447 278
349 589
361 634
349 637
410 389
448 279
378 607
497 484
448 365
606 601
385 602
550 507
446 680
436 322
561 574
409 389
408 671
406 357
359 639
364 654
564 565
406 323
355 633
393 247
602 615
459 363
427 358
525 507
367 363
522 511
362 668
464 547
474 275
369 367
438 336
461 664
361 641
428 256
566 543
356 618
413 668
492 503
563 564
480 520
496 504
502 501
420 256
373 667
459 507
449 346
331 382
443 673
421 672
439 347
397 321
332 421
602 562
437 301
388 400
538 515
562 546
322 605
384 651
389 591
336 609
598 570
565 537
425 612
599 550
432 357
474 515
423 264
396 386
434 274
485 508
508 497
431 284
619 555
443 674
532 504
477 278
556 519
565 532
408 308
460 362
378 601
427 432
562 512
458 539
398 243
584 575
445 655
472 536
468 544
392 249
353 632
383 654
605 601
394 247
436 668
445 660
474 279
375 667
411 301
475 516
578 590
563 538
463 500
360 644
591 489
614 557
449 368
554 512
555 563
471 504
517 504
602 591
473 525
447 336
451 682
345 595
420 319
576 593
469 552
573 540
483 509
478 277
466 275
491 486
480 266
385 593
329 393
472 500
378 600
466 273
576 558
415 632
456 523
336 413
438 258
322 380
341 629
457 279
443 369
397 664
421 363
476 512
348 385
561 565
370 399
575 500
431 263
426 327
400 244
395 248
565 565
602 553
483 506
401 320
399 402
565 535
432 342
431 347
365 341
467 503
354 636
337 408
577 565
551 575
365 387
407 315
383 303
457 543
561 535
405 657
368 657
371 601
495 481
365 668
467 278
442 358
469 539
579 545
616 564
511 498
333 405
426 666
385 397
385 317
411 611
345 593
330 384
411 306
402 324
420 617
490 491
495 495
319 605
337 604
376 669
477 267
614 565
449 345
473 278
521 507
444 664
351 590
446 365
337 598
450 374
365 609
413 667
460 671
435 286
489 501
366 612
461 276
449 347
363 610
519 505
339 411
417 311
598 601
430 329
441 281
435 322
601 573
498 485
475 268
330 613
409 314
599 603
598 608
465 551
369 361
419 319
367 603
453 358
383 397
390 319
371 664
577 549
473 512
561 547
434 663
490 503
424 301
528 516
323 607
498 482
567 543
428 667
580 498
492 476
610 567
510 496
427 666
466 668
468 502
383 595
426 254
464 692
606 599
357 392
442 289
400 669
577 525
358 626
449 344
413 311
358 398
472 676
602 571
424 612
391 319
600 606
443 260
580 572
384 654
464 546
479 536
393 432
525 514
468 507
434 332
435 252
543 566
412 658
460 269
369 373
378 606
561 504
625 554
552 511
468 678
362 619
479 520
554 504
382 397
475 263
600 573
402 325
429 343
421 630
585 510
436 319
411 659
403 650
602 608
440 342
465 672
384 397
457 544
451 683
355 617
573 570
370 674
377 612
455 664
365 607
338 617
345 384
460 685
466 670
342 600
360 629
423 607
457 522
431 663
453 359
323 618
339 603
366 601
358 342
406 388
409 670
390 663
601 600
425 256
411 357
412 673
603 592
360 613
460 690
365 601
453 523
423 254
628 547
334 406
585 573
616 567
408 318
456 541
537 519
395 376
336 604
370 321
579 497
602 599
606 566
380 306
385 329
574 556
416 374
424 615
417 672
426 268
398 248
465 546
507 482
351 639
594 573
424 319
354 638
422 672
391 395
366 365
560 503
395 252
391 317
414 358
408 305
349 598
432 322
374 321
491 494
431 665
366 334
405 652
450 347
522 505
440 332
460 684
373 322
525 508
394 250
603 566
435 349
421 371
529 507
419 250
456 699
397 665
323 610
335 612
513 489
500 496
562 508
477 519
373 323
371 606
453 684
563 548
365 392
442 332
333 607
431 280
360 628
525 510
607 579
448 278
347 384
458 279
442 280
418 634
409 390
573 554
381 315
370 355
439 290
391 389
360 619
464 679
478 272
597 570
419 616
384 399
330 414
615 567
403 656
434 333
566 563
333 413
514 507
404 669
484 512
354 609
482 492
599 579
476 519
344 595
481 536
597 588
568 508
624 551
432 300
395 663
477 272
423 369
477 273
454 524
414 637
609 579
575 544
454 336
512 507
448 353
361 644
345 614
560 562
387 306
348 588
557 513
575 590
467 545
419 308
491 504
409 612
380 316
553 513
329 399
486 491
512 499
472 279
455 335
378 615
599 588
381 305
367 614
418 273
564 508
382 395
368 600
369 647
580 577
558 544
454 663
539 518
374 396
372 320
385 327
563 576
387 310
544 566
399 318
366 610
586 577
405 313
609 561
421 299
406 363
584 510
408 618
496 494
454 691
350 598
436 294
451 660
392 246
556 574
454 269
467 498
399 316
403 321
471 529
356 398
455 277
412 610
451 681
449 661
540 568
460 540
563 511
368 390
417 366
423 327
456 277
465 674
393 433
382 600
510 497
540 569
504 498
405 669
501 477
434 300
503 482
356 615
442 256
554 561
456 663
450 373
404 320
493 504
570 509
510 498
513 495
435 671
362 610
458 544
466 278
472 278
365 394
576 508
389 651
405 319
454 689
460 507
378 398
578 585
586 578
425 269
411 242
366 604
562 509
384 595
598 587
578 505
485 506
405 381
602 556
331 420
543 511
552 515
343 617
446 689
457 533
425 315
423 317
394 248
342 601
415 379
361 342
423 615
389 431
337 414
420 318
451 659
600 605
603 612
385 315
573 568
338 402
601 577
427 262
389 667
403 648
412 254
475 536
470 533
563 516
559 525
393 401
427 342
470 531
604 569
559 503
417 612
421 274
361 398
459 674
437 353
612 569
402 676
418 620
517 503
514 506
619 567
332 411
476 492
504 485
372 394
386 657
438 294
477 489
364 655
600 583
502 505
405 314
376 652
513 490
413 672
575 558
385 651
385 652
597 610
324 376
456 366
340 594
402 318
494 492
554 507
443 372
372 306
507 505
430 301
577 529
450 349
487 505
376 358
432 271
477 268
364 401
408 612
587 507
392 387
329 381
428 348
368 394
416 672
442 288
437 327
380 651
373 349
442 361
453 363
543 569
559 574
372 667
479 262
365 667
446 683
429 358
499 500
346 595
439 257
371 328
343 631
465 552
622 554
413 612
456 696
388 605
450 336
362 644
449 352
422 307
397 247
487 503
436 350
616 558
576 566
417 605
452 338
357 614
359 397
465 667
558 573
479 263
381 661
374 650
567 523
474 678
412 662
456 278
443 371
596 588
451 360
446 361
561 542
332 611
526 515
564 524
398 651
363 400
581 497
499 498
367 608
485 489
335 387
364 325
477 680
576 545
425 306
439 354
434 324
416 378
417 249
416 619
422 610
556 560
600 580
375 356
326 380
371 400
468 534
368 380
447 342
422 614
574 565
335 406
404 383
472 511
423 315
362 645
392 241
407 357
383 398
363 326
406 362
394 321
405 311
446 684
385 658
360 612
452 679
540 567
336 406
487 509
432 254
486 502
466 498
375 397
448 336
571 538
438 284
469 543
387 400
574 568
484 509
459 669
324 377
369 355
365 606
377 603
321 619
602 614
484 510
458 363
427 612
363 397
526 511
373 313
355 399
572 510
411 614
332 405
375 671
557 511
446 353
468 681
456 540
420 672
447 357
576 551
353 631
500 482
603 556
570 531
468 672
572 492
609 600
389 661
431 329
360 608
608 566
399 385
626 555
587 577
414 321
369 348
475 278
566 542
572 504
562 543
359 631
412 660
376 650
431 256
456 669
434 320
455 271
351 597
461 683
455 687
337 400
595 607
432 268
413 607
570 550
558 567
338 385
409 315
454 349
380 612
436 326
407 321
430 269
354 610
365 603
576 544
425 615
417 615
387 664
451 347
610 568
420 640
362 398
450 361
366 384
598 585
410 612
336 607
599 604
335 607
430 279
489 494
444 656
486 500
336 387
440 344
587 506
371 662
361 388
395 671
458 523
452 350
613 566
501 493
467 537
443 658
474 684
571 504
411 368
330 379
452 684
413 627
427 668
423 302
422 671
478 263
399 321
360 397
461 541
457 669
400 652
392 662
361 631
487 491
414 320
338 392
560 561
562 504
374 355
401 669
368 382
600 570
576 543
351 636
576 587
619 556
446 673
404 673
461 360
455 527
455 685
418 315
581 578
539 566
553 565
341 620
416 320
369 363
400 664
449 681
331 384
511 501
321 614
577 526
383 304
447 680
339 388
431 252
331 611
427 667
404 672
364 328
375 361
433 668
497 495
433 322
411 372
403 317
570 538
496 501
589 491
474 263
606 596
437 292
416 658
445 335
511 505
472 510
333 387
456 274
505 501
472 523
599 609
582 578
382 320
360 610
328 619
416 249
329 608
468 508
384 659
458 524
351 631
458 685
443 295
415 251
419 625
328 380
437 286
365 361
356 397
577 583
458 364
393 319
360 611
363 399
414 615
423 360
473 516
438 337
509 497
548 563
485 484
607 600
578 506
485 490
467 542
427 669
577 564
563 522
337 605
556 504
587 578
581 583
355 616
372 355
382 651
424 610
507 483
434 269
554 575
555 546
435 353
423 363
600 574
405 621
452 662
472 498
385 594
328 406
329 386
570 504
548 506
606 565
386 308
416 314
440 246
589 494
417 621
415 375
330 606
439 291
385 400
338 598
354 398
392 314
408 379
457 367
372 323
421 359
369 652
581 547
432 286
387 391
492 477
346 614
476 489
413 674
401 382
562 511
475 681
496 495
489 487
478 494
349 604
511 504
482 516
438 297
365 673
401 666
474 274
585 569
371 666
572 507
394 663
357 618
419 639
369 601
488 491
567 524
592 571
419 626
375 306
558 534
472 535
387 307
387 318
343 630
445 674
376 357
333 616
459 275
448 344
465 497
404 313
380 667
369 672
529 506
439 342
413 314
453 269
406 647
388 655
553 564
468 497
366 387
403 661
369 374
365 325
328 386
391 388
599 601
409 322
383 315
504 505
458 662
322 616
369 602
371 305
390 666
603 562
428 361
438 330
428 301
546 507
368 652
457 694
430 280
378 354
560 560
518 505
455 357
597 572
389 668
387 246
603 569
376 651
336 414
416 248
573 494
489 502
441 257
539 514
468 679
398 375
445 675
454 338
564 542
465 279
425 617
451 349
490 492
478 538
418 359
576 528
347 594
433 665
559 513
562 507
513 507
452 681
399 388
603 560
581 591
369 400
568 528
389 402
415 377
423 298
412 250
422 299
371 350
469 548
573 542
566 564
391 662
407 391
395 401
420 367
385 386
404 648
370 385
585 572
467 499
523 514
464 548
413 658
416 633
382 396
445 686
416 637
628 548
612 571
462 510
553 566
417 617
373 303
391 402
535 517
379 668
478 492
395 600
428 347
333 612
398 381
368 381
573 541
386 396
352 591
366 397
362 628
423 370
444 354
600 592
570 551
456 529
413 610
599 589
463 507
339 406
382 394
383 611
384 613
482 499
405 618
365 395
566 531
494 483
433 351
443 368
475 497
329 389
431 342
361 622
374 670
451 692
375 358
453 662
454 696
584 548
383 400
402 677
583 509
352 633
361 667
379 613
549 577
471 276
400 667
445 353
602 567
387 401
439 337
330 385
385 312
416 674
484 278
446 686
561 508
581 572
478 261
512 494
479 277
416 606
442 373
346 594
473 276
473 682
417 357
407 653
370 358
459 524
381 669
454 357
564 538
330 407
333 619
398 373
406 387
377 314
412 614
419 640
460 670
421 335
438 290
395 318
515 506
418 623
464 506
455 334
432 349
461 268
411 307
439 279
354 608
414 614
447 364
379 599
558 572
511 489
585 494
460 271
446 653
564 550
335 415
436 671
431 349
328 608
371 650
380 307
512 500
433 257
412 323
588 507
420 327
411 654
404 619
421 319
418 632
462 499
383 661
625 550
550 564
432 329
355 632
431 255
371 321
506 480
456 362
439 336
365 362
500 494
473 524
470 678
605 599
438 342
372 301
387 602
379 652
578 592
406 310
401 252
349 612
556 512
467 681
602 555
544 514
600 603
393 671
429 332
332 413
414 313
323 608
553 563
360 340
476 513
424 302
429 267
436 332
409 652
584 512
502 479
326 412
388 328
443 339
615 571
601 601
375 319
496 485
382 610
446 659
368 649
345 624
393 604
455 525
577 497
570 522
380 597
441 341
571 497
327 609
420 314
411 618
350 604
532 516
359 387
446 282
605 591
388 394
389 392
362 388
605 595
573 492
371 360
576 592
565 521
445 661
596 585
576 559
375 651
375 303
421 256
403 664
381 654
552 577
360 623
439 348
445 370
580 550
432 355
578 543
360 653
367 388
389 666
376 308
597 568
381 651
568 523
456 338
413 628
615 557
339 408
419 618
426 665
480 513
483 512
375 601
478 490
423 356
453 268
358 332
438 356
453 356
468 498
421 307
371 604
455 544
426 342
413 376
562 564
474 525
409 301
390 238
441 290
470 505
423 304
378 312
560 566
509 486
557 523
469 507
574 531
448 373
435 324
470 507
330 399
406 324
459 535
424 335
461 684
583 578
558 568
438 285
529 509
462 694
457 678
389 433
418 613
434 280
360 615
492 502
478 516
421 633
455 374
580 585
428 332
322 613
450 348
429 345
434 322
373 354
360 640
577 527
359 615
434 669
396 248
561 536
429 321
450 369
377 397
438 565
402 322
440 373
529 505
324 378
433 358
387 328
528 517
506 484
441 371
480 262
571 540
376 608
410 656
457 685
563 534
367 366
406 614
459 269
587 516
411 369
467 547
604 596
438 670
424 254
453 543
485 491
626 550
497 498
490 504
606 559
605 575
377 651
456 524
456 271
358 385
576 590
417 622
428 299
372 349
342 592
365 339
439 249
346 620
370 302
598 549
479 498
425 330
501 482
563 540
613 565
424 251
560 547
559 502
460 686
559 514
418 275
579 510
375 304
465 679
381 668
319 604
461 663
411 312
458 688
407 392
596 605
567 525
406 648
440 668
365 627
367 649
598 604
368 668
578 563
382 597
357 398
588 494
551 566
462 669
408 324
575 496
464 505
457 542
408 317
567 521
455 683
614 571
434 275
446 672
381 665
378 314
369 653
433 329
405 613
592 572
464 500
439 356
461 546
365 323
607 560
579 578
438 329
442 290
588 493
414 669
454 273
378 599
427 258
490 488
361 620
564 578
538 519
426 320
458 361
467 548
442 257
541 513
345 617
578 508
456 668
435 280
365 610
384 598
360 385
374 357
410 301
373 601
364 334
597 582
344 617
388 431
446 366
598 550
603 564
394 319
450 661
599 578
583 549
389 245
373 316
417 358
595 605
455 662
424 327
574 496
403 671
443 373
375 311
458 271
472 516
463 681
439 670
371 361
384 602
528 509
582 592
373 651
344 630
476 520
368 393
380 308
466 505
352 641
616 565
555 564
453 667
490 487
414 241
344 596
320 380
573 565
392 311
472 524
451 522
370 605
460 363
374 316
459 540
505 481
370 650
407 613
602 570
351 638
441 287
352 590
400 321
395 399
571 509
429 342
502 500
392 245
417 637
428 615
569 537
568 549
444 666
469 534
458 672
560 502
432 264
405 662
459 662
437 335
476 268
331 413
446 355
505 502
560 514
377 668
438 282
421 370
438 331
373 306
399 244
447 335
573 491
421 254
580 592
579 508
447 679
409 617
585 493
371 397
593 571
429 329
433 331
366 648
483 511
556 546
577 507
423 616
498 498
411 626
398 242
452 270
402 662
457 531
432 273
382 310
408 611
553 514
470 278
564 504
385 246
364 657
545 506
453 348
463 508
576 550
376 610
370 382
441 289
369 663
336 384
572 531
442 338
415 247
405 363
580 547
366 394
398 602
415 367
455 686
425 618
369 371
361 666
451 691
486 504
388 242
412 251
383 313
366 609
399 666
451 357
475 520
346 598
576 507
342 616
386 394
470 532
442 360
450 681
415 617
593 572
369 393
466 272
382 303
502 502
330 378
561 522
372 316
323 605
459 273
431 262
416 313
473 679
433 332
365 657
440 670
389 604
388 327
377 316
398 403
472 505
443 280
421 302
453 668
485 507
558 569
388 246
370 349
446 342
413 372
380 654
568 509
575 554
388 601
585 570
368 395
399 420
505 484
347 621
397 383
422 250
564 534
326 618
409 303
452 522
467 536
443 668
441 282
581 511
409 616
569 525
425 319
605 557
460 273
436 280
497 485
337 616
626 549
382 315
576 591
435 663
617 557
469 535
349 596
377 307
429 268
402 376
464 504
481 491
485 280
405 620
425 268
497 483
437 298
557 512
573 551
598 582
566 544
353 630
439 250
576 588
423 263
396 390
374 398
579 546
335 383
474 677
401 668
510 505
600 553
384 310
337 403
415 610
343 629
551 513
332 614
412 369
382 611
413 240
390 243
387 388
395 247
359 389
554 564
480 493
452 685
464 667
438 255
401 650
414 626
440 667
417 251
517 500
545 566
568 526
559 547
442 668
386 320
368 608
435 253
475 493
426 328
492 481
424 323
425 334
359 628
464 275
601 553
476 538
495 504
354 400
457 362
385 324
502 478
432 274
431 261
363 396
485 279
573 508
467 497
426 334
409 320
563 550
508 485
329 405
445 338
582 572
372 304
532 517
336 408
388 306
340 618
618 557
323 378
392 434
601 591
459 270
350 590
561 537
574 504
371 605
444 286
431 327
456 373
374 363
445 682
376 312
478 513
471 676
400 379
431 268
480 489
463 505
562 541
453 361
430 358
455 668
587 572
492 494
446 372
390 312
575 541
567 510
468 680
395 432
569 508
383 602
404 664
416 312
412 310
399 383
585 512
557 504
368 366
359 640
605 568
468 533
453 338
430 278
449 372
489 504
369 655
432 662
360 618
554 510
468 551
370 398
503 503
363 648
386 403
424 306
501 501
385 649
402 658
453 692
442 339
446 652
376 305
361 625
563 508
333 382
440 279
506 504
586 571
552 567
467 679
460 270
416 636
577 572
422 473
330 424
364 669
436 670
449 663
415 670
383 310
370 666
459 539
391 433
365 391
428 254
436 348
433 330
404 251
471 482
380 615
606 579
430 298
323 606
439 345
522 507
446 682
618 567
586 507
410 357
448 347
532 502
463 694
433 671
375 318
385 322
428 614
385 596
513 496
452 351
397 666
567 530
476 491
371 674
419 335
459 506
470 500
569 522
406 613
349 603
510 488
384 599
398 322
449 677
388 657
463 669
416 354
475 494
371 667
430 355
390 392
560 574
454 688
351 587
567 531
331 401
590 491
428 358
381 316
613 567
565 534
415 668
573 495
539 513
567 519
368 383
383 603
418 607
440 281
370 673
420 364
365 324
464 272
405 364
348 599
435 333
459 701
424 299
405 663
444 660
373 321
329 391
563 520
582 590
352 635
339 604
402 250
401 653
404 319
413 375
462 691
488 487
337 402
324 607
471 508
339 617
568 527
469 678
426 670
458 678
437 326
336 617
378 652
455 362
480 488
348 387
334 612
336 608
579 581
565 518
368 369
494 481
331 403
484 491
457 532
468 549
380 398
405 612
341 401
404 649
422 254
467 507
425 264
364 400
434 279
371 322
377 608
338 384
428 666
444 287
407 386
450 338
517 502
397 385
626 552
510 489
402 374
582 548
438 254
475 492
400 401
457 523
540 572
419 327
435 325
473 514
432 351
580 591
453 374
420 636
348 587
486 508
368 371
399 384
578 497
557 567
334 402
484 534
341 604
549 506
387 390
445 652
456 670
562 542
414 374
358 618
598 609
383 328
439 355
617 558
419 249
371 602
414 324
441 337
560 534
578 562
432 272
396 664
618 560
572 532
625 552
428 612
474 683
448 346
412 372
408 304
372 361
526 507
602 596
341 602
473 678
461 691
551 574
420 273
372 357
454 523
606 592
369 327
567 550
359 385
563 514
470 521
448 349
378 609
444 665
419 273
565 531
445 687
430 262
406 312
337 415
376 316
360 338
467 546
477 494
565 566
382 400
602 610
322 620
422 336
437 254
420 625
331 415
359 627
390 315
625 555
568 550
438 328
475 261
604 599
430 268
324 375
406 303
412 357
350 337
441 356
473 528
389 600
375 605
415 609
392 252
462 682
344 628
452 365
329 407
602 597
382 601
405 615
585 514
449 343
399 380
557 507
331 381
418 369
573 497
605 569
437 354
481 493
362 647
465 500
477 262
562 535
571 511
337 411
404 317
401 665
322 618
387 394
402 675
425 669
433 357
538 566
448 677
422 302
417 613
426 253
389 662
480 512
560 521
584 569
455 523
372 354
512 497
424 264
399 387
437 253
370 649
410 323
569 506
379 615
443 357
399 243
539 520
568 504
368 607
562 547
352 634
401 244
335 617
571 505
565 523
578 510
580 509
446 371
595 610
402 663
360 387
422 273
483 513
386 401
344 621
355 618
361 613
418 253
507 503
398 400
369 603
446 352
607 567
361 619
362 651
364 653
602 598
403 670
426 362
505 483
543 512
420 616
431 253
502 498
543 510
341 594
398 401
359 342
447 281
471 519
557 535
359 653
590 572
552 566
496 482
422 252
453 272
423 668
392 328
563 535
436 296
383 399
588 578
442 295
379 308
407 319
445 342
374 671
370 306
446 297
351 398
453 339
482 266
461 668
439 344
458 276
389 653
393 603
370 607
371 395
513 488
601 578
419 672
418 329
492 504
511 490
438 257
605 559
419 254
457 687
328 391
364 628
391 431
511 506
468 530
556 544
418 308
557 544
430 666
556 561
423 368
563 549
399 605
416 613
388 313
582 549
423 273
607 563
439 327
573 569
424 343
574 550
422 323
441 358
390 316
445 343
412 252
420 633
603 590
577 591
409 313
415 316
454 440
428 262
357 607
458 676
603 611
455 364
372 300
445 336
431 300
418 614
380 599
603 599
324 610
418 366
568 505
542 513
370 348
374 349
469 502
473 526
332 418
332 420
457 697
407 312
423 303
488 506
356 607
340 406
451 270
408 366
469 538
558 513
565 536
348 590
583 511
415 374
440 292
570 530
548 564
440 357
570 503
421 255
586 576
342 593
329 401
375 315
422 319
572 493
527 507
394 251
325 380
333 401
429 274
469 672
418 606
384 652
559 523
576 529
421 327
371 353
573 555
330 619
432 270
588 491
381 663
446 295
428 255
387 596
401 403
426 613
402 669
365 396
524 511
420 630
345 618
460 361
400 653
405 320
387 403
438 327
376 667
368 672
339 600
561 523
569 529
356 638
342 602
369 397
436 257
564 519
432 350
459 531
501 505
376 605
387 667
446 678
406 325
591 490
456 679
368 325
381 309
384 329
483 510
559 566
387 238
456 374
360 607
342 595
569 523
454 348
364 671
411 660
484 502
427 254
331 387
450 337
565 541
363 328
367 613
457 696
587 492
484 506
617 567
422 300
425 666
452 362
416 670
405 666
331 411
333 420
353 637
328 413
605 593
565 548
444 336
392 319
342 594
385 590
388 653
387 313
576 497
390 654
428 302
605 600
334 619
328 398
429 256
416 628
433 274
389 389
426 315
353 609
330 389
443 660
405 619
489 509
412 663
508 503
566 538
412 618
398 249
372 303
414 373
372 674
604 561
334 405
471 498
361 338
429 265
423 357
358 644
359 396
414 367
553 507
452 269
388 330
452 275
602 554
435 354
345 598
320 379
494 504
575 497
551 565
569 524
368 370
469 503
454 538
457 366
327 618
455 528
487 504
402 317
374 335
386 387
367 668
350 588
506 501
330 401
385 403
600 552
612 570
448 674
446 284
600 584
330 609
408 357
411 612
442 356
432 256
464 550
334 616
375 317
459 279
357 394
472 517
454 679
319 606
337 412
439 331
363 652
432 269
353 606
577 510
562 522
401 374
477 277
475 273
585 571
466 672
386 310
463 551
506 481
449 270
413 669
567 540
436 298
418 618
418 251
395 319
602 609
392 329
429 263
604 574
397 391
567 505
469 540
386 602
403 383
418 307
354 399
398 666
425 325
462 270
408 367
553 509
330 420
470 519
453 522
359 386
392 402
603 615
573 504
443 293
551 514
523 511
346 587
358 395
545 507
368 350
495 494
418 356
330 614
525 509
439 245
606 578
434 323
431 274
376 302
387 591
409 311
454 347
574 571
418 622
329 387
452 526
489 495
601 598
436 321
334 617
436 349
397 384
562 540
407 379
559 540
441 354
561 514
429 330
417 354
445 676
458 675
348 623
365 671
420 670
578 547
604 572
381 397
405 665
432 281
416 617
606 600
488 508
435 300
350 636
427 300
407 309
334 414
501 492
470 516
570 508
482 515
576 572
365 364
430 321
367 326
419 251
397 669
361 621
453 360
551 577
550 565
586 492
386 386
352 588
387 649
602 557
559 567
426 258
423 316
615 570
375 604
408 386
331 405
327 413
436 300
353 635
387 308
411 314
384 653
453 690
555 574
430 661
454 358
382 670
369 648
360 389
353 639
434 671
435 270
476 514
418 635
577 573
335 613
395 253
424 269
437 348
424 257
337 413
603 572
369 322
441 669
441 668
454 526
573 543
575 549
369 606
360 398
406 385
369 356
358 333
347 622
368 663
445 672
454 662
508 486
579 559
421 610
572 506
365 389
398 317
457 691
371 394
434 250
423 358
513 494
556 567
441 373
530 505
384 589
368 675
574 530
458 273
585 492
488 502
429 277
384 315
390 314
412 661
354 330
457 686
369 664
437 670
368 614
401 667
462 275
417 355
601 561
617 569
416 618
441 332
382 661
565 503
410 654
386 599
402 650
499 496
504 480
370 354
412 603
427 255
376 668
579 549
578 509
490 490
455 349
462 667
444 661
371 359
386 312
341 618
436 353
385 401
331 422
326 620
331 619
480 264
595 570
388 654
365 328
356 616
483 266
499 501
434 268
399 315
339 402
368 664
427 315
581 496
595 606
357 632
395 664
443 257
358 617
348 598
350 637
576 584
558 571
353 633
485 488
503 504
447 352
482 534
461 267
530 517
422 370
389 242
354 632
412 659
573 498
458 268
459 537
571 498
421 300
577 503
366 667
333 414
448 661
457 692
418 327
397 431
546 566
370 359
388 319
550 577
579 498
318 613
449 363
329 392
443 291
413 373
412 374
500 498
460 544
389 606
429 269
458 700
414 357
403 649
426 259
389 603
439 282
425 359
381 319
446 656
403 654
326 619
472 519
352 587
563 539
410 652
447 279
471 277
452 276
359 654
540 513
427 302
334 607
433 349
392 250
559 534
426 361
478 517
431 272
388 390
462 544
496 481
603 576
531 516
405 390
528 515
424 256
429 347
480 263
481 516
420 302
424 252
398 320
330 405
617 560
375 603
437 333
506 497
605 566
383 327
601 605
359 334
379 614
381 664
459 670
602 612
344 598
565 502
381 306
423 669
396 665
381 666
360 639
385 391
431 259
569 566
349 601
367 387
386 395
407 380
430 347
438 671
408 365
477 682
457 688
423 320
398 390
568 551
479 260
335 611
507 481
394 432
563 542
373 361
434 254
444 342
393 605
347 596
564 548
397 603
579 563
394 606
406 319
598 586
415 615
414 315
555 547
574 502
331 613
374 348
415 658
389 660
562 545
345 594
388 318
426 256
413 670
502 480
369 323
527 506
474 276
603 568
395 665
603 597
391 241
428 333
418 608
331 423
409 302
471 535
458 677
405 315
384 313
462 361
468 506
607 561
570 523
468 543
502 503
404 666
576 564
385 316
444 339
425 265
374 397
403 376
323 615
383 659
416 319
444 372
450 277
423 249
370 346
341 628
371 351
361 330
409 388
586 516
348 386
412 375
578 586
464 497
436 292
329 607
579 584
334 385
375 313
382 668
440 672
563 545
369 649
358 654
456 365
415 248
469 551
481 495
462 508
408 325
571 544
431 666
377 609
395 251
600 590
496 497
470 539
383 309
396 385
558 505
366 650
473 517
397 601
338 408
558 520
485 277
424 258
409 383
577 585
432 280
576 499
574 544
406 622
388 243
449 369
422 607
454 274
452 271
443 356
331 380
562 544
408 392
569 511
373 673
574 545
398 246
400 378
421 272
431 355
472 675
395 389
498 501
562 576
601 614
521 505
456 671
446 336
561 521
497 501
587 576
380 668
602 561
409 386
599 587
439 343
572 497
386 246
596 571
569 531
455 696
456 276
565 540
478 495
413 357
474 536
378 307
436 325
368 323
532 503
599 606
348 384
349 611
466 667
378 669
378 313
350 605
450 370
494 486
384 306
597 571
461 540
425 323
482 267
549 513
364 606
501 502
475 274
507 487
363 394
530 504
424 253
559 541
522 513
507 479
368 356
466 277
623 551
447 674
428 611
369 383
385 326
440 343
585 578
497 504
386 400
578 503
342 597
388 241
406 384
332 407
429 301
477 271
402 660
411 300
334 388
375 316
415 365
569 536
437 331
574 567
413 614
545 511
402 321
348 389
463 550
481 500
420 363
436 282
501 500
475 514
344 597
422 322
495 501
390 401
568 540
599 549
358 396
478 499
471 506
577 502
553 510
458 272
468 278
570 540
563 524
578 591
376 359
615 555
446 671
397 605
401 249
349 614
459 544
468 496
578 564
407 612
358 615
427 265
342 598
429 275
566 514
599 582
331 421
357 637
361 389
426 343
389 432
480 499
392 603
372 358
371 362
425 614
391 320
440 333
381 606
369 347
396 604
349 389
353 607
575 564
455 688
331 402
405 388
409 611
366 668
441 245
352 639
330 425
363 387
477 518
573 496
389 657
375 600
412 607
413 613
406 306
389 663
390 605
365 397
367 346
419 306
456 538
410 311
442 294
494 482
419 615
396 320
560 563
477 681
505 498
330 423
568 506
575 553
432 282
444 295
424 344
435 352
437 281
361 647
560 535
604 576
539 519
570 539
360 625
479 534
409 618
607 559
363 395
413 608
601 560
508 504
390 389
438 298
485 481
438 353
415 320
444 686
480 535
361 630
481 266
339 401
540 571
351 606
416 607
362 387
576 496
579 580
516 505
578 507
403 657
441 258
492 475
602 572
440 290
543 567
368 656
474 497
407 303
564 517
446 661
443 258
470 520
329 619
364 389
434 349
419 620
414 242
582 570
566 532
485 479
366 392
370 672
571 522
469 537
433 287
478 520
597 583
363 628
381 310
547 512
444 663
484 535
364 605
443 657
384 597
340 604
577 566
573 530
367 342
406 618
374 603
370 361
601 597
400 650
444 353
566 530
408 672
470 499
381 396
404 315
368 665
483 507
419 369
375 312
555 561
331 383
409 365
325 610
471 505
376 307
582 573
354 331
354 637
475 537
350 638
493 503
482 513
356 639
417 673
412 366
607 558
487 508
597 569
580 548
369 354
340 622
561 564
574 490
351 633
416 366
368 673
362 654
400 654
448 683
536 518
347 383
550 506
446 685
330 406
358 628
487 277
453 277
548 513
611 571
334 615
433 352
431 298
408 315
352 399
507 485
419 630
453 364
399 421
385 320
426 260
438 355
438 287
377 611
436 301
379 306
359 625
477 492
388 668
482 514
456 531
586 513
344 631
507 484
433 354
494 493
466 669
386 324
551 576
365 393
411 308
459 700
553 575
460 672
555 512
378 397
494 503
445 340
575 561
442 359
368 399
424 669
367 371
582 591
507 499
423 270
420 632
432 260
341 617
438 256
342 628
466 271
397 248
417 638
363 334
561 507
586 573
363 327
326 610
447 678
559 507
466 274
475 275
388 591
358 607
627 548
393 662
479 265
339 405
460 268
433 280
366 602
427 267
463 667
456 678
392 605
379 399
376 397
540 570
430 263
344 624
420 631
366 343
445 369
430 300
520 507
363 370
331 410
571 555
566 565
568 565
552 514
414 322
324 619
420 628
401 664
526 514
381 321
545 508
463 692
435 332
383 396
368 397
443 288
338 607
381 600
470 535
360 654
377 357
426 669
470 502
436 663
549 514
459 538
601 608
479 495
575 530
430 284
434 256
324 608
424 611
592 575
431 260
604 593
564 541
388 312
442 291
397 602
438 252
415 323
361 653
333 415
429 666
398 603
463 546
438 279
535 518
406 381
556 522
366 364
341 622
419 629
536 520
441 372
441 280
361 642
403 377
619 561
447 371
439 338
368 326
569 565
477 500
460 668
453 664
418 639
338 390
354 639
580 583
422 359
365 649
432 246
417 634
542 567
506 503
404 311
608 579
372 315
421 301
427 359
465 498
390 664
418 367
455 529
618 556
415 637
404 658
571 543
607 601
421 358
506 498
423 319
445 680
374 319
384 312
563 519
321 603
399 375
327 608
363 343
432 259
369 646
359 618
610 569
425 299
424 359
376 671
381 320
452 683
362 326
476 493
399 242
462 271
489 503
332 619
392 315
576 542
411 310
365 652
576 500
345 622
326 413
461 682
347 620
424 273
574 505
412 604
370 384
547 506
506 485
402 373
368 321
416 321
366 652
427 321
419 330
498 494
381 598
584 495
342 626
597 608
452 356
616 571
370 397
469 530
385 304
375 310
347 587
388 317
371 663
579 583
452 692
429 247
555 562
573 490
361 633
578 549
367 392
599 605
555 560
603 591
367 384
543 514
461 693
479 513
390 245
484 508
478 537
586 515
438 292
461 508
597 587
445 371
465 547
432 284
562 505
455 274
463 501
541 567
468 548
456 367
334 613
365 329
347 592
617 559
458 671
420 607
397 600
416 251
442 296
412 301
444 288
460 691
605 577
555 567
403 384
426 302
460 683
499 497
463 272
368 357
431 254
600 608
399 249
351 605
451 338
398 316
390 393
353 605
600 581
450 692
385 588
389 312
365 648
557 573
369 306
336 410
536 519
481 515
408 388
456 337
456 545
437 299
584 576
491 487
456 688
409 312
357 342
465 673
423 322
476 683
409 319
353 634
479 261
440 336
335 610
531 504
577 571
444 658
609 560
413 313
413 629
474 492
419 328
419 607
370 383
512 496
331 417
402 654
364 610
389 246
431 247
421 670
394 662
345 619
357 638
551 507
493 481
436 297
397 376
380 314
360 641
408 316
596 569
506 502
363 329
570 499
522 506
598 578
481 496
576 583
572 494
444 292
473 498
368 667
457 546
450 680
434 255
320 613
372 360
333 381
464 278
470 498
420 254
477 279
462 681
566 536
574 553
563 521
382 671
510 495
453 337
368 601
390 667
387 665
459 365
407 310
617 563
458 365
455 526
370 604
379 312
365 386
338 600
472 515
562 575
381 304
399 419
401 655
368 384
452 364
398 402
575 508
576 562
404 674
572 508
604 562
500 500
416 673
429 357
621 555
467 504
585 513
576 560
481 513
359 626
345 616
552 578
481 499
371 315
368 653
462 666
457 662
443 672
369 302
413 604
421 607
435 275
435 320
384 667
566 540
454 337
503 502
426 300
454 527
474 513
426 614
487 490
618 554
361 668
463 276
492 501
558 522
377 652
338 391
372 602
460 665
387 590
446 357
362 625
585 507
461 544
442 259
539 516
327 619
565 533
438 344
453 682
549 564
452 668
605 558
571 550
401 654
602 573
438 333
453 544
380 611
467 672
358 394
434 330
451 275
434 270
450 270
413 300
600 578
493 484
345 627
440 337
496 483
328 399
416 616
425 326
469 541
367 652
344 622
350 589
335 385
464 551
539 572
385 592
386 649
345 628
416 315
371 327
400 380
364 627
389 306
431 357
397 670
488 505
567 565
582 498
361 645
430 662
374 320
588 572
569 504
736 595
605 594
475 515
547 565
490 489
599 570
366 607
332 613
368 391
464 270
447 368
433 299
366 613
600 585
398 318
603 565
358 397
518 502
387 314
491 490
608 568
398 605
627 549
449 279
355 609
424 298
571 565
374 361
422 328
565 520
523 508
384 246
386 658
463 498
464 549
330 607
546 565
539 517
560 504
457 700
364 672
584 574
562 510
480 497
364 652
618 563
443 665
493 494
603 574
606 602
570 510
421 614
435 662
553 512
445 287
604 575
444 403
371 607
390 402
462 540
555 504
343 628
386 327
539 567
426 612
338 599
377 607
481 262
417 609
553 573
444 657
419 627
573 558
412 669
463 278
404 384
361 628
343 622
423 297
592 573
384 311
511 507
581 548
416 358
467 543
438 295
514 494
450 276
448 352
447 338
363 371
447 370
425 610
430 274
391 434
416 671
462 692
367 600
472 509
446 354
471 530
368 674
347 591
419 359
545 512
503 480
407 622
596 608
486 277
389 317
367 673
459 686
572 530
423 272
363 656
588 571
379 616
333 404
452 374
371 354
401 376
454 441
369 671
371 349
457 693
477 266
353 636
338 389
393 434
577 498
586 508
395 321
568 507
556 563
459 685
423 307
331 608
429 262
422 669
394 401
574 569
617 562
381 599
482 536
376 354
370 601
432 285
444 284
498 492
463 693
321 602
380 302
440 352
422 612
418 274
387 399
472 276
584 572
523 513
418 673
599 561
423 614
370 395
410 662
330 615
395 601
497 503
434 321
576 585
473 535
375 355
364 648
378 602
414 673
420 335
498 493
480 516
453 349
366 600
454 544
484 507
449 276
322 617
508 487
451 523
371 306
368 363
385 328
462 500
368 354
503 481
434 286
458 699
596 586
379 307
438 283
606 597
565 514
384 400
338 387
469 278
477 539
591 488
390 242
558 506
477 513
447 280
419 634
594 572
602 576
400 249
599 580
385 657
372 395
477 261
391 245
464 271
414 609
331 418
349 607
461 507
450 275
530 516
408 356
370 664
446 343
505 485
452 680
578 571
422 249
412 253
375 314
446 362
601 570
391 387
596 606
389 400
499 503
563 504
330 416
419 307
454 525
369 654
430 261
360 334
401 250
396 377
398 386
327 607
331 388
560 564
417 669
451 348
484 279
459 271
626 553
499 502
413 626
348 637
459 689
387 384
385 589
559 542
384 647
369 395
420 365
406 669
569 498
365 366
451 356
327 606
453 350
434 329
391 605
371 603
429 278
573 552
566 566
388 397
448 678
578 572
437 349
379 310
391 390
395 604
348 596
418 605
411 323
378 303
370 305
409 323
396 672
624 555
596 610
449 679
430 663
465 505
417 315
384 612
587 579
413 252
402 382
562 513
440 331
364 658
345 626
471 678
443 670
327 398
374 306
434 303
458 535
330 387
428 330
369 362
483 491
399 669
346 600
407 389
617 564
328 381
350 635
364 323
578 582
526 508
433 663
345 621
452 272
439 357
403 250
457 539
430 342
600 601
533 517
517 505
413 671
366 608
445 355
415 366
388 656
380 400
435 669
432 247
369 372
431 359
580 495
374 354
600 602
439 288
547 564
337 416
536 521
381 307
444 355
424 315
587 513
473 520
474 495
386 323
457 270
436 320
579 582
592 574
609 567
460 682
452 349
383 666
473 680
427 268
412 657
427 341
451 359
472 497
398 378
411 655
322 602
583 572
366 362
346 385
371 384
445 297
512 498
366 386
369 399
453 340
458 277
469 533
567 542
406 304
491 493
339 407
386 655
459 505
560 520
464 681
380 303
350 612
337 606
438 349
471 677
360 624
598 606
337 617
344 615
501 494
393 402
575 531
424 617
482 493
472 522
445 656
456 692
441 246
603 554
363 645
340 408
578 544
568 542
378 603
329 413
429 359
565 519
402 251
425 327
337 384
439 330
424 270
327 401
352 640
333 403
443 659
391 329
567 529
416 669
444 356
405 389
375 307
450 352
328 408
476 494
386 652
377 315
574 543
415 626
353 398
561 566
458 362
491 485
475 683
351 598
379 653
411 367
412 367
458 522
415 378
364 670
369 667
369 368
380 664
390 607
376 602
614 568
336 383
456 275
472 499
432 258
449 351
408 323
472 539
391 311
398 245
365 388
620 555
608 561
451 374
367 655
397 604
475 269
372 302
571 531
576 589
398 664
338 388
417 310
398 383
344 600
403 320
369 349
387 397
456 534
579 585
408 616
354 607
362 634
478 536
603 577
480 265
560 507
455 336
332 401
424 250
443 292
451 375
462 269
436 295
395 605
468 536
416 609
362 652
455 272
349 606
324 380
362 331
393 251
337 387
357 615
434 253
448 368
477 534
322 615
440 354
422 297
349 602
477 520
447 363
368 606
387 402
597 589
398 321
451 526
429 276
388 607
416 615
332 415
364 326
396 601
565 550
370 606
569 538
405 384
421 334
424 334
430 256
597 606
453 276
565 524
545 510
366 323
493 486
476 498
497 481
386 666
477 498
524 506
420 638
378 668
345 620
477 538
403 669
384 649
423 318
412 612
367 323
440 353
335 609
385 384
409 671
475 277
412 672
374 672
476 490
327 605
556 545
374 356
558 521
418 309
476 681
463 270
576 561
362 649
341 619
462 546
389 607
573 545
572 553
390 244
501 478
378 605
455 538
600 561
418 276
372 352
449 342
320 616
455 684
426 667
366 326
413 369
398 319
360 343
379 309
391 663
369 321
410 615
484 488
483 488
484 487
482 488
580 590
484 486
481 488
482 489
427 330
484 485
574 557
411 657
484 484
420 358
498 481
525 511
484 483
493 479
527 509
484 482
375 354
420 614
483 482
484 481
465 275
480 487
436 347
428 346
407 363
409 367
427 360
439 346
479 487
478 487
477 487
478 488
477 486
476 486
475 486
476 485
474 486
475 485
474 485
473 485
473 484
472 484
473 483
471 484
473 482
470 484
473 481
470 483
474 481
472 481
471 481
472 480
472 479
472 478
471 478
472 477
470 478
472 476
469 478
473 476
468 478
469 477
474 476
473 475
467 478
469 476
475 476
467 479
469 475
476 476
475 477
466 479
468 475
469 474
475 478
467 475
469 473
476 478
466 475
469 472
476 479
470 472
468 472
477 479
471 472
467 472
478 479
472 472
466 472
479 479
473 472
465 472
466 471
479 480
479 478
464 472
465 471
480 480
479 477
463 472
464 473
464 471
480 481
479 476
462 472
463 473
464 470
481 481
480 476
461 472
464 469
461 473
461 471
460 473
460 471
461 470
459 471
461 469
458 471
460 469
457 471
458 470
460 468
457 472
460 467
456 472
461 467
460 466
456 473
462 467
459 466
455 473
456 474
463 467
462 466
459 465
454 473
457 474
464 467
458 465
459 464
457 475
465 467
458 464
459 463
458 475
457 476
466 467
465 468
460 463
459 462
456 476
457 477
466 468
466 466
459 461
455 476
457 478
467 468
467 466
466 465
458 461
459 460
456 478
457 479
468 468
466 464
458 460
459 459
457 480
468 469
468 467
467 464
466 463
457 460
459 458
458 480
469 469
469 467
468 464
465 463
466 462
456 460
458 458
469 470
470 467
469 464
468 465
466 461
456 461
456 459
457 458
471 467
470 466
469 463
467 461
466 460
455 459
456 458
471 468
470 465
469 462
467 460
455 458
456 457
472 468
470 462
467 459
454 458
456 456
471 462
457 456
471 463
457 455
458 455
457 454
457 453
456 453
457 452
455 453
457 451
455 454
455 452
454 454
454 452
453 454
454 451
453 455
454 450
452 455
455 450
454 449
452 456
456 450
453 449
454 448
452 457
452 449
455 448
452 458
451 449
452 448
456 448
455 447
450 449
451 450
457 448
449 449
450 450
458 448
449 450
458 447
449 451
459 447
458 446
449 452
460 447
459 446
457 446
448 452
449 453
461 447
460 446
459 445
456 446
457 445
447 452
448 453
449 454
462 447
459 444
446 452
449 455
460 444
459 443
445 452
446 451
450 455
461 444
459 442
444 452
450 456
461 443
458 442
459 441
443 452
444 453
444 451
462 443
457 442
443 453
444 454
462 442
457 441
442 453
457 440
441 453
442 454
457 439
440 453
441 454
442 455
458 439
456 439
440 454
440 452
442 456
458 438
456 438
444 371
443 456
459 438
455 438
377 305
443 457
460 438
459 437
454 438
450 442
444 457
443 458
461 438
459 436
453 438
445 457
442 458
462 438
461 439
461 437
460 436
458 436
459 435
452 438
453 437
445 458
441 458
462 439
462 437
459 434
451 438
452 439
453 436
445 459
441 459
463 439
463 437
451 437
452 440
453 435
440 459
441 460
464 439
450 437
429 635
454 435
439 459
465 439
464 440
449 437
450 436
428 635
454 434
438 459
439 460
465 438
449 436
427 636
428 636
454 433
437 459
439 461
448 436
428 637
429 637
430 637
455 433
453 433
437 460
437 458
440 461
439 462
447 436
431 637
455 432
453 432
436 458
440 462
439 463
446 436
447 437
431 638
455 431
453 431
435 458
441 462
440 463
439 464
446 437
446 435
447 438
453 430
434 458
435 457
441 463
438 464
439 465
445 435
448 438
447 439
452 430
435 456
442 463
437 464
440 465
448 439
446 439
447 440
451 430
434 456
435 455
443 463
436 464
437 465
441 465
440 466
445 439
447 441
451 429
433 456
435 454
443 462
435 464
442 465
441 466
445 440
445 438
447 442
451 428
432 456
435 453
434 464
442 466
444 440
444 438
451 427
431 456
432 457
436 453
434 453
434 465
443 466
442 467
443 438
450 427
451 426
431 455
432 458
433 453
433 465
444 466
442 468
442 438
449 427
450 426
452 426
431 454
432 459
433 466
445 466
442 469
441 438
448 427
450 425
452 425
430 454
432 460
433 467
445 467
442 470
440 438
447 427
449 425
450 424
429 454
431 460
434 467
433 468
446 467
443 470
441 470
442 471
440 439
440 437
446 427
447 428
447 426
450 423
430 460
431 461
432 468
446 468
444 470
440 440
440 436
445 427
431 462
432 469
445 470
444 471
444 469
440 441
439 436
440 435
445 428
430 462
431 463
432 470
445 471
444 472
438 436
441 435
440 434
444 428
429 462
433 470
432 471
445 472
444 473
437 436
439 434
444 429
431 471
443 473
444 474
436 436
443 429
430 471
431 472
442 473
444 475
436 437
429 471
431 473
441 473
442 474
443 475
444 476
435 437
428 471
429 472
429 470
432 473
443 476
445 476
434 437
435 438
427 471
429 473
429 469
433 473
442 476
434 436
435 439
426 471
427 470
428 473
428 469
434 473
441 476
436 439
434 439
426 472
426 470
427 473
435 473
434 474
440 476
441 477
433 439
425 472
435 474
435 472
439 476
441 478
432 439
424 472
435 475
436 472
435 471
438 476
440 478
431 439
432 440
423 472
424 471
435 476
430 439
431 440
431 438
423 473
423 471
435 477
430 440
431 437
423 474
422 471
423 470
434 477
435 478
432 437
431 436
424 474
422 474
423 469
434 478
436 478
430 436
425 474
424 469
423 468
433 478
434 479
436 479
429 436
430 435
425 475
425 469
423 467
437 479
428 436
430 434
426 475
424 467
422 467
437 480
428 437
429 434
430 433
427 475
422 466
437 481
427 437
428 434
430 432
428 475
427 476
421 466
422 465
436 481
437 482
426 437
428 433
431 432
430 431
429 475
427 477
420 466
423 465
436 482
438 482
426 438
427 433
430 475
426 477
419 466
420 467
435 482
439 482
426 433
430 476
426 478
419 467
434 482
435 483
439 483
425 433
426 434
426 432
425 478
426 479
418 467
419 468
433 482
434 481
440 483
424 433
425 434
426 431
424 478
417 467
418 468
419 469
433 483
441 483
423 433
426 430
417 466
418 469
441 484
441 482
423 434
427 430
426 429
416 466
441 485
421 365
423 435
426 428
415 466
442 485
440 485
419 365
423 436
425 428
426 427
415 467
423 437
424 428
414 467
415 468
424 437
423 438
423 428
415 469
423 439
422 428
415 470
424 439
421 428
422 427
425 439
420 428
421 429
425 440
419 428
420 427
425 441
419 429
420 426
426 441
419 430
420 425
426 442
419 431
419 425
420 424
426 443
418 431
418 425
420 423
426 444
418 432
418 424
420 422
426 445
418 433
421 422
420 421
426 446
418 434
420 420
427 446
420 419
427 447
421 419
419 419
428 447
427 448
422 419
421 418
418 419
429 447
428 448
423 419
422 418
421 417
417 419
424 419
422 417
420 417
421 416
417 420
425 419
423 417
422 416
419 417
416 420
426 419
424 417
422 415
419 416
415 420
416 421
426 420
425 417
415 421
427 420
426 417
425 416
415 422
428 420
426 416
428 421
428 419
426 415
429 419
426 414
430 419
427 414
426 413
431 419
428 414
426 412
432 419
431 420
431 418
425 412
433 419
431 417
424 412
434 419
431 416
424 413
424 411
434 420
434 418
432 416
430 416
423 411
435 420
434 417
430 415
423 410
436 420
434 416
430 414
422 410
437 420
436 421
431 414
430 413
421 410
438 420
431 413
420 410
421 409
438 421
432 413
431 412
419 410
421 408
439 421
431 411
418 410
557 570
421 407
440 421
431 410
417 410
418 409
440 422
432 410
431 409
416 410
417 411
433 410
431 408
416 411
434 410
430 408
416 412
434 411
434 409
429 408
430 407
415 412
428 408
429 407
430 406
414 412
429 406
431 406
414 413
414 411
429 405
431 405
414 414
414 410
428 405
432 405
431 404
414 415
414 409
428 404
433 405
413 415
415 409
413 409
428 403
434 405
433 406
433 404
412 415
429 403
428 402
435 405
434 404
411 415
412 416
412 414
430 403
427 402
428 401
436 405
434 403
412 417
412 413
427 401
437 405
436 406
434 402
413 417
412 418
426 401
427 400
438 405
437 406
434 401
412 419
425 401
426 400
427 399
439 405
438 404
435 401
433 401
412 420
425 400
428 399
439 406
438 403
436 401
411 420
428 398
440 406
439 403
437 403
436 400
410 420
429 398
441 406
440 407
440 403
436 399
409 420
410 421
441 405
440 408
441 403
409 419
442 405
441 404
439 408
440 409
408 419
443 405
442 404
438 408
439 409
441 409
407 419
443 404
442 409
441 410
406 419
407 420
443 403
441 411
406 420
406 418
443 402
442 411
405 420
405 418
406 417
443 401
404 420
405 417
407 417
444 401
443 400
403 420
404 421
404 417
405 416
445 401
402 420
404 416
446 401
445 400
402 421
402 419
404 415
446 402
446 400
445 399
402 422
404 414
446 403
445 398
403 422
401 422
404 413
446 404
444 398
400 422
404 412
446 405
444 397
400 423
400 421
404 411
446 406
444 396
400 424
412 249
404 410
447 406
444 395
401 424
442 482
403 410
447 407
445 395
444 394
402 424
420 366
402 410
403 409
446 395
444 393
401 410
403 408
447 395
444 392
400 410
403 407
447 396
447 394
444 391
399 410
404 407
447 397
448 394
447 393
444 390
398 410
405 407
404 406
446 397
448 393
444 389
397 410
406 407
405 406
404 405
449 393
443 389
396 410
404 404
450 393
442 389
443 388
395 410
405 404
403 404
441 389
443 387
394 410
395 409
406 404
402 404
403 403
440 389
443 386
393 410
394 411
395 408
401 404
402 405
439 389
440 388
442 386
443 385
392 410
393 411
394 412
437 454
402 406
439 388
442 385
443 384
391 410
392 411
392 409
438 454
401 406
438 388
441 385
444 384
391 411
439 454
400 406
445 384
444 383
391 412
453 443
454 442
446 384
444 382
390 412
391 413
451 442
446 385
446 383
445 382
443 382
444 381
389 412
391 414
453 442
452 442
447 383
446 382
444 380
388 412
392 414
390 414
452 441
448 383
447 382
443 380
444 379
392 415
429 639
449 383
447 381
443 379
444 378
392 416
431 639
449 384
443 378
445 378
444 377
391 416
430 639
450 384
446 378
444 376
390 416
430 640
428 643
451 384
450 385
447 378
445 376
444 375
389 416
390 417
430 641
427 643
451 385
450 386
447 379
444 374
390 418
429 641
451 386
449 386
420 408
390 419
427 642
448 386
397 430
437 565
389 419
390 420
428 641
447 386
448 387
438 564
437 564
383 609
389 420
423 641
448 388
382 609
362 329
364 393
389 421
427 641
447 388
448 389
362 400
406 386
370 327
371 326
356 399
389 422
428 640
425 642
449 389
369 325
373 395
361 400
405 382
400 377
389 423
424 641
449 390
402 383
399 381
400 382
386 384
390 423
389 424
426 641
450 390
385 385
395 387
394 389
389 425
427 640
425 641
451 390
450 391
384 391
386 388
392 389
389 426
426 640
452 390
451 391
451 389
386 391
388 388
389 390
389 391
389 427
425 640
425 637
425 639
453 390
388 392
390 394
389 394
366 333
389 428
425 638
424 638
423 638
454 390
365 334
359 335
358 334
390 428
388 428
422 638
350 398
351 397
455 390
362 334
361 334
361 335
361 336
391 428
387 428
354 402
371 385
369 385
372 382
456 390
455 389
357 341
360 339
359 340
391 542
392 428
391 429
386 428
360 384
354 332
351 337
456 389
360 345
360 342
360 344
393 428
391 430
385 428
367 339
362 345
361 343
394 428
393 427
390 430
442 292
384 428
385 429
367 327
369 342
365 340
395 428
394 427
461 503
383 428
384 427
373 335
350 399
350 397
362 343
368 342
364 343
367 343
396 428
395 429
462 503
382 428
383 429
384 426
355 402
371 386
373 382
365 343
366 345
419 628
368 345
396 429
462 504
387 239
382 429
382 427
384 425
360 383
354 333
352 337
371 345
369 346
368 347
397 429
389 239
388 239
381 429
382 430
381 427
382 426
385 425
351 336
368 339
349 399
367 350
398 429
433 669
386 243
393 242
380 429
380 427
381 426
385 424
350 400
349 397
350 396
356 402
374 347
398 428
437 563
394 241
384 247
379 429
380 430
381 425
385 423
371 387
374 382
373 383
360 382
367 328
375 349
399 428
398 427
383 246
388 240
378 429
381 424
386 423
385 422
372 335
373 332
353 333
353 337
379 357
378 357
400 428
397 427
387 241
377 429
382 424
387 423
352 336
369 339
350 401
379 352
400 429
400 427
397 426
387 243
376 429
382 423
348 397
349 396
378 352
321 373
401 429
400 430
401 427
397 425
376 430
382 422
350 395
356 403
322 373
322 374
400 431
402 427
398 425
397 424
376 431
383 422
356 401
372 387
374 383
410 252
435 249
414 246
415 245
477 270
400 432
403 427
402 426
399 425
377 431
376 432
360 381
367 329
369 329
370 330
433 250
477 280
479 276
400 433
404 427
399 426
378 431
376 433
371 331
347 397
436 249
435 248
414 245
413 246
433 300
401 433
404 426
379 431
378 432
377 433
375 433
357 401
372 388
359 381
411 250
409 252
478 270
476 270
402 433
401 434
404 425
377 434
374 433
372 334
373 333
353 334
432 250
476 280
402 434
402 432
374 434
374 432
353 336
369 338
367 330
369 330
479 275
480 276
408 252
403 432
374 435
374 431
347 396
373 388
358 381
359 380
370 331
409 253
435 247
409 251
413 249
404 432
403 431
452 358
373 431
372 333
353 335
369 337
368 330
369 331
411 249
410 250
479 270
413 245
405 432
404 431
373 430
370 332
346 396
347 395
358 380
359 379
371 333
355 334
432 249
479 274
481 276
435 246
405 431
372 430
354 335
368 337
368 331
370 333
355 335
345 396
358 379
359 378
436 247
409 254
407 252
413 248
405 430
367 337
368 332
369 333
345 395
359 377
355 336
367 336
345 394
358 377
410 249
479 269
413 244
481 277
359 376
368 333
345 393
359 375
368 335
346 393
344 393
482 276
436 246
437 247
431 249
360 375
356 336
367 335
347 393
343 393
361 375
360 374
368 334
342 393
362 375
407 251
407 253
412 244
361 374
360 373
359 332
341 393
342 394
342 392
363 375
362 376
360 372
408 254
357 336
342 395
342 391
364 375
359 372
343 395
341 395
343 391
483 276
479 268
342 390
365 375
358 372
341 396
341 390
342 389
366 375
430 249
482 277
365 374
357 372
358 373
340 396
340 390
341 389
406 251
438 247
483 275
479 267
343 389
342 388
367 375
480 268
412 243
429 249
366 374
365 373
356 372
358 374
482 278
430 248
411 243
339 396
340 397
341 388
344 389
405 251
438 248
439 247
342 387
367 374
364 373
356 373
339 397
339 395
478 267
412 242
483 278
340 398
341 387
345 389
342 386
367 373
363 373
364 372
479 266
429 248
428 249
338 395
341 398
340 399
340 387
341 386
346 389
343 386
367 372
364 371
340 400
439 246
430 247
439 248
339 387
347 389
455 534
454 534
453 534
452 534
452 535
451 535
450 535
449 535
450 534
448 535
449 534
447 535
449 533
446 535
448 533
446 536
447 533
445 536
446 537
444 536
445 537
443 536
445 538
443 535
444 538
445 539
443 534
443 538
446 539
445 540
443 533
442 538
447 539
445 541
443 532
447 540
446 541
444 541
445 542
444 532
442 532
443 531
448 540
443 541
445 543
441 532
446 543
444 543
440 532
446 544
444 544
440 531
446 545
443 544
439 531
447 545
442 544
438 531
439 530
447 546
441 544
438 530
447 547
440 544
441 545
441 543
447 548
439 544
440 545
440 543
441 542
446 548
438 544
442 542
445 548
437 544
444 548
445 549
436 544
437 543
443 548
444 547
436 545
436 543
437 542
443 549
444 546
436 546
435 543
442 549
437 546
435 546
435 542
442 550
437 547
434 546
442 551
437 548
433 546
434 545
441 551
436 548
437 549
432 546
437 550
432 547
432 545
438 550
437 551
431 547
431 545
439 550
437 552
430 547
431 548
430 545
439 551
439 549
437 553
429 545
437 554
428 545
437 555
427 545
428 546
428 544
438 555
437 556
426 545
439 555
438 556
437 557
426 544
439 556
436 557
426 543
440 556
439 557
435 557
427 543
426 542
441 556
440 557
434 557
435 556
426 541
442 556
441 557
434 558
435 555
425 541
426 540
443 556
442 557
434 559
434 555
424 541
427 540
426 539
443 555
433 559
434 560
434 554
423 541
424 540
427 539
444 555
433 560
434 561
434 553
422 541
423 542
434 562
434 552
422 540
423 543
433 562
434 563
435 552
433 552
422 539
423 544
432 562
434 564
433 551
421 539
424 544
431 562
432 561
435 564
420 539
421 538
424 545
430 562
431 563
436 564
419 539
420 540
421 537
424 546
430 563
599 592
418 539
422 537
420 537
423 546
424 547
429 563
381 607
381 608
384 609
417 539
423 537
422 536
419 537
424 548
428 563
381 609
417 538
422 535
418 537
419 536
423 548
427 563
428 564
428 562
416 538
418 536
423 549
426 563
416 537
418 535
425 563
426 562
415 537
418 534
425 562
426 561
414 537
417 534
424 562
427 561
413 537
416 534
423 562
415 534
416 533
423 563
415 535
416 532
423 564
414 535
417 532
415 532
423 565
413 535
418 532
417 531
415 531
424 565
422 565
423 566
413 534
418 531
417 530
415 530
421 565
422 566
412 534
418 530
416 530
417 529
414 530
420 565
422 567
411 534
416 529
414 529
420 564
421 567
414 528
419 564
420 567
414 527
418 564
413 527
417 564
412 527
416 564
417 563
411 527
412 528
415 564
416 563
417 562
411 528
411 526
414 564
415 563
416 562
417 561
410 528
410 526
413 564
414 565
414 563
415 562
410 525
413 565
409 525
413 566
408 525
412 566
408 524
412 567
407 524
408 523
411 567
412 568
408 522
412 569
411 569
410 569
411 570
410 570
411 571
410 571
411 572
409 571
411 573
408 571
412 573
407 571
412 574
406 571
413 574
406 572
406 570
414 574
405 572
405 570
406 569
415 574
406 568
416 574
500 478
407 568
405 568
417 574
404 568
418 574
417 573
403 568
404 569
417 572
402 568
403 569
403 567
418 572
417 571
402 569
403 570
403 566
419 572
401 569
403 571
402 566
403 565
420 572
401 570
403 572
401 566
402 565
421 572
420 573
400 570
400 566
401 567
402 564
420 574
400 571
400 565
402 563
420 575
400 572
402 562
421 575
420 576
400 573
402 561
422 575
419 576
401 573
399 573
400 574
403 561
402 560
423 575
398 573
400 575
404 561
403 560
401 560
402 559
423 574
397 573
398 572
400 576
405 561
404 562
402 558
396 573
397 574
398 571
400 577
405 562
405 560
404 563
401 558
397 575
400 578
406 560
401 557
398 575
396 575
401 578
400 579
407 560
401 556
402 578
401 579
399 579
408 560
407 559
400 556
402 579
402 577
398 579
399 580
408 559
399 556
403 579
402 580
403 577
402 576
409 559
408 558
399 555
402 581
404 577
403 576
399 554
401 581
405 577
404 578
398 554
401 582
406 577
398 553
400 582
401 583
407 577
406 576
397 553
400 583
402 583
408 577
397 552
399 583
402 584
409 577
396 552
397 551
402 585
396 551
397 550
402 586
395 551
403 586
394 551
404 586
394 550
405 586
404 587
394 549
405 585
404 588
395 549
394 548
406 585
405 584
404 589
396 549
395 548
393 548
406 584
405 583
404 590
392 548
405 582
403 590
404 591
391 548
392 549
406 582
402 590
403 591
405 591
404 592
391 549
391 547
392 550
407 582
401 590
402 589
406 591
404 593
390 547
391 546
407 581
401 591
407 591
403 593
404 594
389 547
391 545
401 592
403 594
405 594
388 547
390 545
400 592
403 595
388 546
389 545
399 592
403 596
387 546
389 544
398 592
399 591
404 596
403 597
389 543
398 593
399 590
405 596
403 598
390 543
388 543
389 542
398 594
403 599
391 543
387 543
397 594
403 600
387 542
396 594
402 600
403 601
387 541
395 594
396 593
403 602
387 540
394 594
396 592
404 602
386 540
387 539
393 594
394 593
396 591
405 602
385 540
387 538
393 595
394 592
396 590
406 602
405 603
388 538
387 537
392 595
393 596
396 589
406 601
405 604
389 538
387 536
391 595
393 597
397 589
396 588
407 601
405 605
389 539
386 536
390 595
391 594
392 597
393 598
396 587
408 601
407 600
404 605
405 606
389 540
385 536
391 593
391 597
393 599
395 587
409 601
407 599
403 605
405 607
390 593
390 597
391 598
395 586
409 602
408 599
403 604
406 607
389 597
390 598
410 602
408 598
407 607
388 597
390 599
411 602
408 597
408 607
387 597
390 600
412 602
443 370
386 597
610 600
610 601
611 601
610 602
612 601
609 602
612 602
612 600
612 603
612 599
613 603
612 604
612 598
612 605
613 598
612 597
611 605
612 606
613 597
610 605
611 606
612 607
613 596
609 605
610 606
613 607
612 608
614 596
609 606
614 607
614 595
608 606
615 595
607 606
616 595
607 605
616 594
617 594
618 594
619 594
618 593
618 592
619 592
620 592
619 591
621 592
622 592
623 592
623 591
624 591
623 590
625 591
623 589
626 591
622 589
623 588
626 590
621 589
627 590
626 589
620 589
626 588
619 589
627 588
625 588
626 587
618 589
627 587
626 586
617 589
625 586
626 585
616 589
624 586
625 585
627 585
616 590
616 588
628 585
616 591
616 587
629 585
615 591
615 587
616 586
630 585
616 585
630 584
617 585
615 585
616 584
631 584
617 584
614 585
632 584
618 584
613 585
614 584
633 584
632 585
632 583
619 584
618 583
612 585
633 585
633 583
632 586
619 583
633 582
632 587
619 582
633 581
633 587
620 582
619 581
634 581
633 580
633 588
621 582
618 581
619 580
634 580
634 588
621 581
617 581
635 580
635 588
622 581
616 581
636 580
635 579
635 587
623 581
636 579
635 578
636 587
635 586
634 578
637 587
633 578
638 587
637 588
632 578
633 577
639 587
638 586
632 577
633 576
640 587
638 585
632 576
634 576
641 587
640 586
631 576
634 575
642 587
640 585
630 576
635 575
634 574
643 587
642 588
642 586
630 577
630 575
636 575
634 573
642 589
642 585
629 575
637 575
636 576
635 573
641 589
638 575
636 573
635 572
641 590
638 576
638 574
635 571
641 591
639 576
638 577
638 573
636 571
634 571
635 570
642 591
640 591
640 576
639 577
637 577
638 572
635 569
643 591
642 592
639 591
641 576
638 571
634 569
643 592
638 591
639 592
638 570
633 569
644 592
643 593
637 591
638 590
639 593
637 570
638 569
632 569
645 592
637 592
640 593
638 568
631 569
646 592
636 592
641 593
639 568
631 570
631 568
647 592
646 591
635 592
641 594
640 568
631 571
631 567
648 592
647 591
635 593
635 591
640 569
630 571
631 572
631 566
648 593
634 593
635 594
634 591
640 570
629 571
630 572
649 593
635 595
633 591
641 570
628 571
629 572
650 593
634 595
635 596
642 570
627 571
628 570
650 592
633 595
642 571
626 571
628 569
651 592
632 595
633 594
626 572
626 570
652 592
632 596
626 569
652 593
652 591
653 593
652 594
652 590
653 594
652 589
654 594
653 589
651 589
652 588
655 594
650 589
652 587
656 594
649 589
653 587
657 594
656 595
648 589
649 588
657 593
656 596
647 589
658 593
656 597
647 588
658 592
657 597
656 598
647 587
658 597
656 599
659 597
658 598
656 600
660 597
655 600
656 601
661 597
655 601
657 601
662 597
654 601
657 602
663 597
653 601
657 603
664 597
663 598
652 601
658 603
656 603
665 597
663 599
651 601
659 603
658 604
666 597
662 599
650 601
651 602
659 602
667 597
666 596
649 601
651 603
668 597
666 595
648 601
649 600
668 596
666 594
647 601
649 599
669 596
666 593
647 602
650 599
669 595
667 593
665 593
647 603
651 599
668 593
667 592
665 592
646 603
651 598
669 593
668 594
668 592
665 591
645 603
669 592
666 591
664 591
645 604
645 602
670 592
669 591
663 591
644 604
645 605
669 590
662 591
643 604
645 606
670 590
642 604
643 603
646 606
644 606
671 590
647 606
643 606
672 590
671 591
671 589
643 607
673 590
671 588
643 608
674 590
673 591
673 589
643 609
675 590
674 589
673 588
644 609
643 610
676 590
674 588
673 587
645 609
643 611
677 590
676 589
674 587
646 609
642 611
677 591
675 587
647 609
646 610
641 611
678 591
677 592
675 586
648 609
646 611
640 611
676 592
677 593
676 586
648 610
646 612
639 611
678 593
677 586
649 610
646 613
679 593
678 586
650 610
645 613
678 587
678 585
650 609
645 614
678 584
645 615
679 584
678 583
646 615
645 616
679 583
678 582
647 615
644 616
645 617
680 583
679 582
678 581
648 615
647 614
645 618
677 581
678 580
648 614
646 618
645 619
676 581
677 580
678 579
648 613
647 618
675 581
676 580
679 579
678 578
648 618
674 581
676 579
680 579
649 618
674 582
676 578
681 579
680 578
649 619
674 583
676 577
681 580
680 577
649 620
673 583
676 576
682 580
681 577
650 620
648 620
672 583
677 576
675 576
676 575
682 577
651 620
671 583
672 584
672 582
678 576
674 576
676 574
652 620
671 582
672 581
674 575
677 574
652 621
670 582
673 575
678 574
677 573
653 621
669 582
672 575
673 574
677 572
654 621
668 582
671 575
673 573
678 572
676 572
677 571
654 622
654 620
668 581
672 573
679 572
675 572
655 622
654 619
667 581
671 573
680 572
679 571
675 573
675 571
655 623
654 618
666 581
681 572
674 571
675 570
655 624
655 618
653 618
681 573
675 569
655 625
655 617
653 617
682 573
676 569
656 625
655 616
652 617
683 573
682 574
676 568
657 625
656 626
656 616
655 615
651 617
684 573
682 575
677 568
676 567
658 625
657 624
656 627
657 616
684 574
676 566
658 626
658 624
656 628
658 616
685 574
684 575
677 566
659 626
659 624
655 628
658 615
686 574
678 566
659 627
655 629
659 615
686 575
679 566
678 565
659 628
660 615
659 614
686 576
680 566
678 564
658 628
659 629
661 615
660 614
659 613
686 577
680 567
678 563
660 629
659 630
662 615
661 616
659 612
686 578
681 567
678 562
661 629
659 631
663 615
662 616
661 617
660 612
659 611
686 579
681 568
678 561
661 630
661 628
660 631
664 615
663 614
661 618
661 612
685 579
686 580
682 568
679 561
677 561
661 631
662 628
665 615
662 618
661 611
687 580
683 568
677 560
661 632
662 627
666 615
662 619
661 610
688 580
683 567
676 560
662 632
661 633
663 627
667 615
666 614
662 620
661 609
689 580
683 566
675 560
676 559
661 634
664 627
668 615
661 620
662 609
661 608
689 581
689 579
684 566
674 560
675 561
676 558
660 634
661 635
664 626
669 615
668 616
663 609
661 607
689 582
690 579
689 578
685 566
673 560
677 558
676 557
662 635
669 614
664 609
663 608
662 607
660 607
689 583
691 579
690 578
689 577
686 566
685 565
672 560
673 559
675 557
676 556
663 635
669 613
665 609
664 608
663 607
659 607
689 584
691 578
686 567
671 560
672 561
672 559
673 558
677 556
664 635
670 613
666 609
658 607
690 584
689 585
692 578
686 568
670 560
671 559
673 557
678 556
677 555
665 635
664 636
671 613
670 612
666 608
688 585
689 586
693 578
687 568
686 569
669 560
670 561
672 557
673 556
679 556
678 557
677 554
666 635
664 637
671 612
687 585
690 586
689 587
693 577
688 568
687 569
686 570
669 561
669 559
673 555
677 553
666 634
665 637
663 637
672 612
671 611
686 585
687 586
687 584
689 588
694 577
688 567
668 561
669 562
668 559
669 558
673 554
678 553
667 634
665 638
663 638
673 612
672 611
686 586
687 587
695 577
688 566
669 563
668 558
674 554
678 552
668 634
667 633
665 639
674 612
687 588
695 578
688 565
669 564
674 553
679 552
669 634
674 613
687 589
696 578
695 579
669 565
675 553
680 552
670 634
669 635
669 633
675 613
674 614
686 589
687 590
695 580
669 566
675 552
680 553
680 551
669 636
676 613
673 614
685 589
688 590
687 591
696 580
694 580
695 581
670 566
681 551
680 550
670 636
669 637
677 613
673 615
684 589
689 590
687 592
696 581
670 567
682 551
679 550
670 637
678 613
672 615
684 588
690 590
687 593
696 582
671 567
683 551
682 552
679 549
671 637
679 613
671 615
684 587
691 590
690 591
687 594
696 583
672 567
684 551
683 550
679 548
671 638
680 613
679 612
671 616
691 589
688 594
686 594
687 595
697 583
673 567
685 551
684 550
679 547
672 638
671 639
681 613
670 616
692 589
688 595
686 595
686 551
685 552
680 547
679 546
672 639
671 640
682 613
681 612
689 595
688 596
687 551
686 550
680 546
679 545
673 639
690 595
689 596
687 552
687 550
686 549
681 546
680 545
678 545
679 544
691 595
690 596
688 552
687 553
685 549
682 546
677 545
679 543
690 597
689 552
685 548
676 545
677 546
679 542
690 598
689 553
685 547
676 546
676 544
690 599
690 553
689 554
685 546
691 599
691 553
690 554
688 554
689 555
685 545
692 599
691 600
692 553
691 554
688 555
689 556
684 545
685 544
693 599
692 600
692 598
691 601
693 553
687 555
688 556
684 544
686 544
694 599
693 598
692 601
690 601
691 602
693 552
686 555
688 557
683 544
686 543
694 598
693 601
692 602
693 551
685 555
686 554
688 558
687 543
695 598
694 551
692 551
693 550
684 555
685 554
688 559
687 542
696 598
695 551
693 549
684 556
687 559
687 541
697 598
696 599
696 551
695 552
695 550
693 548
684 557
686 559
698 598
696 600
695 553
695 549
683 557
699 598
698 597
696 601
695 554
696 549
682 557
700 598
696 602
696 554
695 555
697 549
696 548
701 598
700 597
697 602
696 555
694 555
697 548
696 547
702 598
700 596
697 603
697 555
696 556
694 556
697 547
696 546
703 598
702 599
701 596
699 596
698 603
697 604
697 556
698 547
697 546
696 545
704 598
703 599
703 597
702 600
699 603
697 605
698 556
697 557
699 547
698 546
697 545
696 544
704 597
700 603
697 606
697 558
700 547
699 546
695 544
696 543
705 597
704 596
701 603
698 606
697 607
697 559
700 546
694 544
695 543
706 597
702 603
697 608
698 559
697 560
700 545
693 544
694 543
695 542
706 598
702 604
698 608
696 608
699 559
696 560
697 561
701 545
700 544
693 545
693 543
694 542
695 541
706 599
702 605
699 608
698 609
695 608
699 558
695 560
698 561
697 562
702 545
693 546
692 543
695 540
705 599
706 600
701 605
699 609
698 610
694 608
695 609
694 560
699 561
702 546
702 544
694 546
692 546
691 543
695 539
706 601
700 605
700 609
697 610
695 610
693 560
694 559
700 561
702 547
703 544
702 543
691 542
696 539
707 601
701 609
697 611
695 611
693 559
700 562
702 548
704 544
702 542
691 541
697 539
708 601
702 609
701 610
701 608
697 612
694 611
700 563
702 549
704 545
703 542
691 540
697 540
708 600
701 611
701 607
698 612
693 611
701 563
700 564
701 549
705 545
704 542
691 539
709 600
701 612
700 607
698 613
692 611
693 610
702 563
699 564
700 565
701 550
706 545
704 541
692 539
710 600
702 612
691 611
703 563
700 566
707 545
705 541
693 539
710 599
703 612
690 611
691 612
703 564
701 566
699 566
708 545
706 541
711 599
710 598
703 611
690 610
691 613
704 564
703 565
698 566
709 545
708 546
707 541
706 540
712 599
703 610
690 613
705 564
702 565
703 566
698 565
709 546
708 541
712 600
712 598
704 610
705 565
705 563
697 565
709 547
708 540
712 601
705 610
706 565
706 563
705 562
696 565
709 548
708 539
713 601
711 601
712 602
705 611
705 609
706 566
707 563
706 562
695 565
709 549
709 539
714 601
713 602
706 611
706 567
707 562
710 549
709 550
709 538
715 601
707 611
706 612
707 567
705 567
708 562
711 549
710 538
709 537
715 602
715 600
707 612
707 610
706 613
704 567
705 568
709 562
708 561
712 549
708 537
709 536
715 603
716 600
715 599
708 610
705 613
706 614
704 568
705 569
708 560
713 549
707 537
710 536
709 535
716 603
714 603
716 599
714 599
709 610
708 609
706 615
704 569
706 569
709 560
707 560
713 550
713 548
706 537
709 534
716 604
714 604
717 599
714 598
710 610
709 611
708 608
706 616
704 570
709 559
713 551
713 547
705 537
716 605
713 604
717 598
714 597
711 610
707 616
705 616
704 571
709 558
714 551
712 547
713 546
704 537
705 536
716 606
712 604
717 597
714 596
711 611
708 616
704 616
703 571
704 572
709 557
715 551
713 545
703 537
717 606
716 607
712 605
716 597
713 596
714 595
711 612
709 616
708 617
708 615
704 617
705 572
709 556
715 552
713 544
702 537
717 607
715 607
716 608
712 596
715 595
714 594
712 612
710 616
705 573
710 556
708 556
709 555
716 552
714 544
713 543
701 537
702 538
717 608
714 607
716 609
712 595
713 594
713 612
710 617
706 573
711 556
710 555
717 552
714 543
713 542
701 536
702 539
718 608
714 608
716 610
713 593
713 613
710 618
707 573
706 574
718 552
715 543
700 536
701 535
719 608
718 609
717 610
713 592
714 613
709 618
708 573
706 575
718 553
716 543
699 536
700 535
719 609
719 607
718 610
714 592
713 591
715 613
709 619
709 573
708 574
705 575
718 554
716 544
699 535
720 607
719 606
715 592
714 591
713 590
715 612
708 619
709 572
708 575
704 575
698 535
721 607
719 605
715 593
716 612
708 620
710 572
709 571
709 575
708 576
703 575
704 576
697 535
722 607
721 608
720 605
708 621
709 576
707 576
708 577
704 577
697 536
697 534
723 607
722 608
721 605
707 621
708 622
710 576
704 578
696 534
723 608
722 609
706 621
709 622
710 577
703 578
723 609
722 610
706 622
706 620
710 622
711 577
710 578
702 578
724 609
723 610
721 610
722 611
706 623
706 619
710 623
701 578
724 610
721 611
722 612
707 623
701 577
725 610
724 611
722 613
707 624
700 577
701 576
726 610
725 611
723 613
708 624
699 577
726 609
725 612
724 613
708 625
698 577
727 609
725 613
709 625
708 626
698 578
698 576
728 609
725 614
708 627
729 609
726 614
725 615
708 628
729 608
726 615
724 615
725 616
708 629
729 607
726 616
723 615
725 617
707 629
708 630
730 607
729 606
727 616
726 617
722 615
724 617
725 618
709 630
731 607
729 605
728 616
722 616
725 619
709 631
732 607
731 608
731 606
729 604
729 616
728 617
721 616
726 619
725 620
710 631
709 632
732 606
731 609
728 604
730 616
728 618
720 616
727 619
711 631
733 606
732 605
727 604
728 603
731 616
730 615
719 616
727 620
711 632
711 630
726 604
728 602
732 616
730 614
727 621
712 632
711 633
711 629
728 601
732 615
727 622
710 633
711 634
712 629
728 600
726 622
727 623
710 634
711 635
713 629
729 600
727 600
727 624
710 635
714 629
713 630
713 628
726 600
727 625
714 628
725 600
726 601
727 626
715 628
724 600
725 599
726 602
728 626
726 626
727 627
723 600
725 598
727 628
723 599
725 597
728 628
726 628
723 598
724 597
725 596
729 628
725 628
725 595
730 628
725 629
724 595
730 629
724 594
730 630
723 594
724 593
730 631
724 592
731 631
729 631
724 591
732 631
728 631
729 632
725 591
723 591
733 631
727 631
728 630
729 633
726 591
725 590
722 591
733 630
728 633
727 591
726 590
721 591
727 633
728 591
726 589
720 591
726 633
728 592
719 591
725 633
729 592
719 590
724 633
725 634
730 592
719 589
724 632
730 591
719 588
724 631
731 591
718 588
732 591
718 587
732 592
717 587
733 592
732 593
732 594
733 594
733 595
734 595
734 596
735 596
734 597
736 596
733 597
737 596
736 597
428 349
