388 446
572 325
437 464
505 628
545 609
403 429
509 590
368 528
568 327
380 460
364 389
372 521
378 512
366 527
389 498
496 646
571 428
585 448
562 344
673 431
675 430
389 398
521 630
441 476
631 423
584 413
383 410
370 463
578 415
540 566
599 427
386 480
502 634
540 609
439 460
510 575
432 452
542 367
650 424
393 400
575 483
452 437
563 476
385 498
539 406
398 402
594 423
391 507
398 529
464 443
397 520
383 403
548 345
402 415
566 372
389 527
536 590
517 566
376 508
532 392
378 405
526 409
392 531
376 413
612 423
579 467
568 489
438 462
595 475
594 417
366 392
363 494
507 628
558 493
532 395
535 628
541 372
448 512
542 400
553 339
544 591
432 530
421 459
401 535
589 445
384 419
383 529
609 427
543 370
534 611
427 538
567 371
389 471
611 427
505 629
425 464
446 469
411 546
427 472
432 453
385 492
675 439
551 363
386 492
597 413
414 404
517 620
671 431
424 466
561 340
535 568
427 467
503 637
573 323
520 607
367 455
505 627
589 430
656 421
462 460
546 488
673 426
595 437
372 471
494 647
365 488
584 475
362 389
561 342
527 402
576 486
410 543
397 391
508 578
452 456
397 527
546 362
457 448
383 447
388 393
343 542
545 585
396 545
418 517
501 645
578 411
377 464
599 463
397 515
357 536
603 463
547 363
358 387
588 480
456 448
450 463
623 424
383 552
388 396
563 357
574 460
564 369
369 413
365 463
376 530
344 538
579 492
590 481
426 477
601 426
569 418
540 617
572 415
417 526
524 406
628 425
554 588
405 409
384 485
571 410
537 571
660 423
571 490
501 635
661 425
495 646
464 437
434 516
510 582
595 439
414 411
564 477
386 557
569 363
430 518
397 536
378 531
390 498
636 426
571 427
376 509
381 402
505 638
625 426
594 450
399 545
669 430
364 533
413 420
540 395
367 533
569 478
567 376
373 465
390 506
589 481
390 473
389 524
414 410
564 330
535 596
643 426
563 395
415 406
372 405
536 571
596 435
568 328
573 327
526 586
382 456
604 469
449 513
635 429
609 424
394 522
440 465
391 400
542 398
535 582
574 490
570 486
454 456
399 525
551 328
375 401
590 492
535 579
428 481
427 470
591 448
384 387
364 390
536 390
520 573
469 444
369 447
529 395
597 423
580 453
360 451
388 501
536 588
591 435
411 544
536 360
527 358
594 464
542 615
424 513
587 494
586 492
675 438
514 630
369 476
661 424
513 617
345 537
674 433
586 482
368 455
533 612
548 353
383 554
502 637
643 423
449 464
528 610
528 409
374 443
570 427
393 503
534 570
360 447
543 401
429 532
427 475
536 362
360 388
453 452
416 525
367 463
369 453
588 487
524 637
409 545
363 389
575 484
535 633
613 424
571 482
536 584
454 450
378 494
552 371
387 409
445 467
638 427
532 586
572 487
417 408
362 386
462 458
565 397
520 617
384 547
617 426
603 472
427 536
502 653
534 612
523 606
553 586
587 416
649 424
502 511
384 445
405 551
378 464
370 477
638 426
374 525
516 624
452 455
594 479
464 441
396 526
444 468
397 403
590 411
382 531
673 424
372 447
371 448
567 483
375 498
397 517
366 453
387 496
606 492
429 521
546 588
561 372
620 426
400 535
584 401
373 523
380 408
527 584
573 418
591 443
541 618
516 625
508 585
396 444
389 532
590 430
507 633
461 441
536 604
375 408
450 441
604 406
431 518
631 417
373 506
372 480
390 514
362 481
378 503
366 532
593 446
582 480
546 609
503 628
546 585
532 629
563 354
535 632
516 607
558 497
438 456
378 524
545 617
407 421
356 475
602 490
410 421
535 636
506 650
378 408
586 481
365 392
621 422
653 422
377 444
589 416
394 471
449 456
544 619
534 574
451 436
569 456
633 429
423 537
394 523
370 461
585 412
566 455
425 542
430 461
365 446
575 491
563 474
628 428
553 329
535 630
400 424
395 502
411 409
564 367
628 433
586 414
375 495
532 561
462 441
359 450
455 448
470 446
535 361
432 517
560 389
517 630
364 391
526 608
350 537
383 390
569 487
607 474
571 364
546 353
578 455
520 616
554 323
665 426
534 608
391 554
371 491
369 473
595 456
550 333
562 396
565 478
375 465
402 533
436 464
602 409
399 528
652 420
381 555
458 443
373 421
602 491
635 423
390 398
543 584
436 466
417 396
404 419
440 466
365 533
502 512
424 512
408 546
503 638
355 472
367 482
585 491
524 610
363 391
611 426
619 427
567 356
420 536
382 413
380 528
372 491
581 406
392 552
396 534
376 507
435 455
524 410
594 434
455 452
573 482
571 487
451 456
531 407
395 471
433 460
414 421
587 487
569 433
621 539
604 426
522 588
554 321
507 639
396 438
399 533
356 473
413 405
426 539
404 548
563 397
518 562
564 492
440 472
587 449
587 411
522 399
412 402
414 420
378 444
463 462
386 451
382 416
520 565
562 471
534 609
466 453
573 324
640 430
392 512
402 538
415 522
597 428
389 505
504 645
597 459
592 420
568 479
382 553
388 476
420 521
525 636
573 432
373 496
409 408
374 461
551 342
422 545
517 575
595 460
568 487
546 368
615 423
528 588
391 562
398 500
354 474
561 354
508 628
396 551
388 484
533 574
502 648
526 606
583 401
589 442
562 479
392 532
578 453
598 461
527 608
674 426
384 554
371 411
596 425
471 445
532 630
419 393
427 477
413 407
508 576
568 488
560 345
570 421
529 630
365 464
371 395
532 614
422 546
410 544
596 412
388 397
504 649
541 613
384 484
388 514
396 402
643 427
531 565
501 626
580 492
622 424
453 439
591 442
628 421
385 490
517 589
422 469
561 405
526 630
528 633
377 494
400 492
520 410
536 389
422 536
563 338
641 430
559 331
521 567
383 521
588 442
397 533
403 543
384 495
538 600
381 412
388 475
401 406
603 430
375 417
385 493
397 421
426 480
570 320
573 328
507 561
390 532
389 475
536 395
402 424
384 482
593 445
546 589
355 392
504 620
672 430
379 523
543 367
520 401
378 522
383 524
553 328
397 557
565 359
598 462
404 536
566 475
396 497
372 533
579 412
523 589
404 422
592 489
497 646
369 493
542 399
382 521
563 387
354 531
590 491
520 564
516 610
440 519
553 322
387 555
568 374
395 438
606 472
427 514
574 432
652 419
386 552
458 448
374 499
538 567
591 434
392 443
394 393
538 580
343 543
384 487
670 431
605 436
391 508
537 598
591 408
543 613
586 494
519 629
602 486
367 476
375 470
454 459
586 485
544 377
574 483
395 436
548 367
454 458
562 364
396 507
378 410
573 489
437 456
384 488
378 418
352 393
397 498
376 511
569 403
450 437
439 455
504 639
521 409
389 484
621 427
409 409
427 478
367 529
533 591
358 450
527 587
384 463
502 626
585 487
564 390
504 651
551 590
377 408
449 515
420 458
674 437
393 506
525 406
464 457
561 491
402 419
573 325
410 403
516 622
390 524
402 548
540 616
426 467
541 363
625 425
369 446
533 361
354 536
519 410
544 612
506 629
564 399
578 322
391 449
418 532
376 464
377 505
398 397
534 569
579 466
417 407
599 410
436 481
565 491
635 424
574 429
416 410
525 588
571 320
393 392
400 543
510 587
400 524
359 532
392 521
402 525
510 588
425 514
565 471
413 409
386 479
623 423
578 413
393 511
424 535
541 394
503 512
573 417
357 479
499 648
538 590
405 419
526 636
431 455
425 539
631 425
375 471
584 480
536 626
531 625
535 593
622 422
579 403
398 530
522 571
368 463
562 370
399 502
389 408
450 514
595 412
386 482
639 427
594 453
538 587
580 407
403 430
425 513
611 424
357 389
562 361
383 402
552 345
383 546
380 416
573 412
560 406
533 392
526 502
387 480
512 587
416 541
514 620
561 480
374 421
393 453
373 443
419 537
387 553
358 479
417 537
578 328
380 404
634 425
375 494
552 320
540 402
375 505
508 583
428 521
365 492
357 470
428 536
567 453
624 431
552 494
537 585
397 445
381 529
450 457
562 336
514 616
574 323
429 460
384 531
396 555
540 400
355 468
645 427
570 362
380 412
562 490
372 492
562 374
380 409
458 452
518 575
674 432
571 492
534 586
567 472
390 557
569 480
367 462
552 335
577 456
563 332
446 468
418 523
594 452
527 572
572 412
381 443
422 516
415 525
465 450
627 435
586 449
542 572
408 420
576 460
402 536
553 336
535 634
368 475
381 460
414 405
364 446
397 505
561 373
530 400
564 472
542 401
572 322
428 470
383 520
354 470
564 476
594 422
372 446
413 538
425 467
451 457
378 404
541 609
390 400
594 431
531 629
560 330
526 609
350 536
573 490
448 467
406 411
442 472
577 455
431 532
374 479
357 534
536 636
558 498
398 427
376 505
537 597
581 409
450 469
391 515
519 630
655 420
462 437
527 413
464 462
597 492
608 494
381 496
371 477
554 492
383 408
545 593
449 436
373 495
417 535
502 513
421 519
567 328
585 453
604 463
604 492
430 480
571 368
519 608
534 395
594 451
635 425
560 498
415 521
368 529
371 488
603 429
602 472
677 439
517 609
383 457
403 407
380 530
514 578
594 461
562 342
567 402
531 570
393 509
405 407
425 462
529 570
401 415
547 586
565 362
514 591
437 462
585 475
458 444
543 604
628 422
375 463
399 501
597 463
584 446
569 366
362 387
429 462
600 426
366 463
667 438
567 478
395 507
542 366
420 535
416 527
395 497
360 454
517 626
370 490
565 372
344 540
595 457
564 366
553 503
542 379
519 586
387 493
584 476
467 435
415 399
425 476
547 347
388 527
346 541
396 443
416 532
423 458
418 525
545 355
523 631
395 527
519 613
357 471
429 514
625 433
535 635
575 458
394 422
644 428
429 469
584 410
511 578
543 585
512 618
531 398
592 491
396 500
374 458
408 419
516 567
373 494
627 433
551 591
356 472
428 532
574 462
364 493
417 533
538 609
538 396
539 360
511 583
531 588
427 457
382 410
397 501
374 413
438 460
400 429
569 402
507 620
572 320
439 517
361 388
385 512
406 544
408 408
596 494
568 356
379 418
584 444
632 424
375 462
519 580
388 389
375 506
462 454
508 636
452 445
516 611
542 362
396 391
645 426
369 440
535 566
540 607
603 473
387 473
399 391
554 500
514 590
428 474
539 362
420 518
581 405
543 408
600 462
675 431
465 436
541 607
599 495
603 475
585 484
569 367
462 436
427 466
434 451
385 389
516 589
384 511
438 518
362 460
379 401
366 489
382 418
459 461
596 434
503 627
359 479
502 510
519 610
375 493
424 482
568 492
393 421
437 466
427 468
588 410
630 417
433 470
555 498
532 626
603 493
377 507
530 570
341 544
599 480
550 327
527 356
528 356
566 328
362 453
598 480
563 328
515 620
372 528
376 510
516 577
419 543
370 491
562 372
451 443
372 496
595 431
546 621
379 415
369 445
421 545
571 423
399 418
388 557
505 649
572 492
527 633
554 367
416 409
412 544
405 532
466 450
604 467
585 476
528 589
402 526
596 457
499 626
412 540
373 476
395 537
358 389
373 530
376 549
415 543
599 409
374 497
562 354
625 434
355 391
593 431
534 607
598 431
375 445
597 475
447 467
594 436
503 640
580 399
386 474
413 424
375 419
392 400
517 564
452 471
582 491
380 462
642 429
388 507
397 526
543 404
588 479
373 412
379 508
546 357
543 402
370 448
649 423
453 445
377 445
372 402
542 608
456 462
462 444
535 395
469 452
423 462
542 570
363 446
594 419
558 492
591 459
515 610
386 511
404 544
591 461
399 526
402 409
518 624
401 396
425 538
586 450
541 586
391 516
380 461
459 459
455 442
534 573
415 527
378 409
460 457
512 577
435 465
514 581
553 337
531 397
374 403
562 480
396 445
429 480
427 469
383 387
570 423
517 409
547 585
602 410
502 636
411 421
366 414
399 495
561 355
533 563
586 476
430 516
369 486
542 409
390 552
522 408
397 534
565 366
412 541
369 455
500 648
384 525
576 466
384 481
562 397
526 587
564 405
421 458
387 448
552 503
567 491
453 442
374 531
555 588
549 345
367 444
546 593
544 583
389 499
520 589
590 435
402 408
669 427
567 360
393 402
549 337
593 466
601 400
575 412
536 570
567 408
417 395
539 601
362 480
570 360
571 325
523 590
373 521
434 456
600 473
555 499
675 437
573 466
593 413
651 420
401 423
609 492
589 449
371 523
518 613
541 566
561 493
380 414
543 616
341 540
393 508
573 423
400 407
519 588
542 607
382 460
558 329
423 460
574 428
563 477
356 478
643 431
391 511
431 516
428 541
398 394
375 414
571 416
467 441
394 534
556 496
523 569
428 519
606 474
400 433
461 443
510 578
465 452
395 551
418 459
381 442
399 509
609 493
604 470
395 561
553 493
584 490
584 488
643 422
365 388
539 628
539 577
593 417
388 398
389 389
602 401
542 378
624 425
593 447
540 571
573 427
402 524
353 469
420 517
611 493
527 610
592 490
556 497
515 591
552 334
397 550
369 461
590 429
548 351
561 330
365 493
593 449
563 475
574 321
450 443
570 424
520 610
628 435
562 468
434 459
460 462
522 569
522 405
426 473
405 540
575 466
535 608
522 406
459 457
603 428
585 416
579 452
564 357
437 463
425 477
414 537
459 460
562 355
525 607
395 535
551 336
422 509
600 493
420 459
394 498
542 408
623 427
531 614
544 617
538 360
392 390
393 449
548 338
554 322
425 509
385 477
564 478
379 495
670 430
557 366
552 590
607 494
405 412
374 442
527 585
670 436
509 588
374 441
532 562
369 485
524 607
548 588
389 557
505 622
374 445
580 409
393 471
374 414
539 404
563 403
505 650
551 492
551 588
403 410
382 415
398 532
581 456
390 562
604 407
521 402
568 483
410 545
386 409
646 427
426 458
582 492
534 595
512 625
418 398
561 475
373 479
467 445
356 389
371 524
579 410
548 349
363 453
391 453
386 555
428 518
598 475
391 563
405 541
392 471
534 572
396 550
365 529
519 624
570 426
380 464
594 444
384 546
586 479
417 525
526 570
607 428
574 328
652 422
586 454
543 609
537 408
537 627
585 414
677 440
624 424
543 612
552 492
565 451
388 477
416 542
582 400
413 402
395 552
421 537
400 434
401 544
422 466
514 619
628 434
418 530
378 417
568 363
435 532
585 446
429 472
457 443
368 448
414 545
392 408
571 486
543 593
380 405
534 567
414 534
565 407
392 503
410 408
363 462
584 414
461 437
515 578
380 524
552 587
354 393
385 454
371 464
572 432
553 492
385 481
546 354
569 483
539 580
592 459
503 621
400 417
428 543
638 430
426 512
501 649
421 534
528 401
461 457
597 410
604 432
537 577
561 472
573 320
564 402
393 393
529 362
563 334
583 490
429 519
510 621
554 365
392 506
387 525
416 545
416 412
551 323
564 360
384 462
553 366
669 436
589 419
535 629
529 407
424 463
382 528
535 586
572 427
514 588
395 533
598 457
372 441
546 356
566 487
363 464
359 466
524 587
393 398
545 591
460 440
397 521
384 520
411 545
563 345
562 357
599 464
545 365
533 613
541 364
412 409
390 518
375 407
633 425
540 570
591 413
507 589
415 398
533 630
577 403
605 471
540 368
565 328
360 468
394 507
381 417
401 421
364 535
587 482
439 463
576 468
602 462
519 402
408 421
428 512
629 426
402 417
448 511
552 362
468 451
398 495
671 436
559 472
527 631
354 469
373 403
511 582
379 496
419 534
538 626
368 480
593 480
379 417
398 391
520 614
394 562
399 439
383 531
521 403
379 550
373 404
426 482
422 547
391 553
531 610
548 339
365 530
508 582
428 471
430 468
467 436
440 478
382 482
542 616
405 542
624 427
522 611
402 529
509 626
453 443
391 389
343 540
396 403
541 396
381 419
429 520
389 473
670 429
417 542
543 610
585 447
540 358
408 545
505 653
463 463
553 330
566 371
438 466
601 409
377 495
396 560
379 463
382 530
397 559
520 400
536 596
594 420
508 575
514 618
457 455
383 400
602 400
537 581
369 528
564 363
555 492
598 408
604 403
379 413
604 408
583 413
391 393
622 427
358 451
415 532
513 622
418 400
547 348
408 544
562 403
570 490
527 403
400 397
560 405
537 586
576 485
562 499
602 471
672 428
369 443
533 590
370 485
605 428
542 585
584 445
380 400
560 404
439 518
459 495
359 449
368 392
359 389
395 526
566 471
428 513
380 403
364 463
406 422
519 611
610 426
644 429
564 397
598 413
526 588
548 361
584 491
603 474
534 593
449 437
458 463
384 518
593 464
507 582
564 403
560 333
586 453
636 430
502 633
527 409
516 628
566 472
672 434
387 498
657 420
595 463
548 370
615 426
393 394
423 459
357 474
582 399
379 521
393 501
562 329
561 490
598 433
394 402
370 489
569 421
588 492
517 579
368 411
572 489
387 477
370 523
571 361
580 410
391 390
533 570
401 416
669 431
549 491
514 583
537 404
563 472
504 632
502 629
369 477
397 502
525 410
359 461
559 330
592 488
557 365
571 411
364 482
404 547
567 482
359 480
370 411
407 545
571 432
539 400
384 517
576 411
365 491
384 549
575 460
603 408
507 638
565 390
387 511
449 465
391 445
370 439
420 532
550 332
520 409
423 538
593 437
601 467
603 427
602 399
372 479
565 402
565 476
592 436
460 445
468 435
470 441
555 493
371 412
616 426
522 568
575 410
385 525
386 477
573 433
594 480
551 320
375 464
417 527
543 588
563 400
448 436
399 436
353 541
600 410
362 454
569 423
396 393
368 474
577 322
348 468
586 416
447 469
501 628
363 536
508 579
596 480
591 430
447 512
632 425
520 402
372 397
378 509
430 534
374 420
532 394
601 496
435 468
565 405
519 587
564 479
424 516
505 652
542 605
394 521
385 480
387 494
532 590
568 373
553 587
392 523
418 395
561 366
397 545
566 491
422 460
425 465
582 410
589 407
449 455
395 512
539 395
512 629
540 601
585 445
532 362
539 396
360 450
387 481
568 491
607 497
592 446
377 416
552 336
664 426
565 356
525 587
357 533
425 475
399 524
394 442
442 475
403 419
386 490
599 457
543 611
569 489
412 424
388 497
538 390
546 620
370 395
530 356
394 441
517 565
551 369
390 399
551 344
404 545
468 446
564 393
453 457
566 327
574 431
606 429
426 510
379 494
409 541
513 608
605 427
551 491
574 412
372 527
517 587
563 330
417 456
403 548
541 571
553 323
530 630
389 393
548 360
397 497
565 492
561 397
434 458
373 445
377 404
391 392
520 619
389 525
557 498
363 461
402 392
357 466
628 418
513 607
563 469
369 444
513 587
541 408
503 620
372 398
398 422
574 433
470 445
519 569
566 403
632 422
597 462
592 438
402 551
588 449
376 506
513 623
379 464
502 631
374 501
437 469
646 422
594 448
452 438
448 513
398 507
546 360
403 411
520 608
520 403
406 408
519 619
498 644
593 424
515 592
516 576
376 491
572 483
454 448
395 437
379 552
364 392
513 627
383 445
419 544
375 469
402 391
568 360
547 349
436 455
655 421
389 515
555 320
413 544
378 400
504 637
523 408
461 438
624 428
526 610
461 440
548 350
467 484
387 478
386 471
592 492
507 575
596 453
419 523
399 429
424 475
443 470
424 542
561 499
578 414
535 627
586 415
495 645
464 452
441 474
453 436
365 411
583 453
358 464
599 453
551 365
412 407
592 494
514 579
369 393
605 472
380 415
551 332
563 373
439 519
603 491
392 534
398 441
400 544
419 532
644 420
590 409
416 543
540 586
374 503
395 392
422 463
369 526
552 493
534 360
374 466
359 467
390 390
425 482
543 406
405 422
638 431
605 406
409 539
368 412
355 476
398 439
399 503
561 492
563 368
403 421
391 524
532 399
508 588
590 408
518 614
528 611
383 407
603 402
657 421
404 421
417 397
388 526
520 571
675 436
561 358
413 406
589 417
377 496
563 341
561 474
565 479
629 418
539 361
369 483
594 465
398 518
448 466
395 435
430 532
423 482
549 333
599 491
463 446
386 499
385 398
399 427
369 411
449 472
442 474
383 409
419 535
358 465
546 404
550 492
569 415
576 467
362 536
450 446
423 510
502 630
583 445
545 367
628 424
520 563
374 401
511 625
536 587
423 512
538 589
422 465
570 479
386 525
535 363
566 476
405 535
530 397
569 409
393 444
597 426
401 391
424 469
515 621
363 495
514 580
379 507
526 410
520 575
428 533
395 514
670 437
668 427
341 541
568 372
405 411
534 393
523 403
418 524
513 629
520 572
645 420
463 461
382 417
604 490
451 446
347 541
560 493
388 525
376 498
449 463
385 520
524 409
344 537
438 459
423 511
429 479
574 485
361 533
371 396
546 376
529 359
520 624
414 406
456 443
361 478
371 526
401 424
563 388
521 408
550 370
534 568
378 507
366 445
370 488
349 468
521 568
466 436
572 318
543 365
369 527
532 628
432 470
451 447
352 537
395 434
383 486
637 430
368 482
374 502
365 460
367 459
526 633
373 463
519 563
449 466
356 536
542 368
372 472
503 511
522 609
522 407
407 407
550 336
382 407
398 396
362 482
385 531
453 456
538 395
568 401
421 395
595 476
597 476
539 566
396 390
521 631
362 447
567 369
459 462
370 446
563 399
462 457
519 409
532 605
386 450
380 549
442 467
513 618
582 408
591 449
568 493
368 398
450 444
417 529
576 457
427 537
423 513
553 327
672 432
513 620
372 530
535 563
581 407
595 416
546 365
580 451
431 533
398 533
533 363
465 451
562 393
401 427
521 607
372 406
603 470
588 420
506 621
361 480
535 390
604 491
585 449
536 602
534 361
561 343
544 616
401 549
374 463
402 537
396 559
401 430
390 393
614 426
594 437
418 399
393 447
591 441
390 407
452 447
564 327
420 520
526 632
533 562
537 589
385 476
554 332
647 420
388 470
520 587
568 402
381 410
563 396
429 470
508 638
368 461
545 362
539 571
539 363
392 555
617 425
509 621
570 417
419 458
638 428
592 493
626 430
390 474
367 460
384 418
530 629
604 404
529 627
385 455
542 586
580 328
506 630
560 365
628 423
396 513
678 441
391 513
508 622
436 468
431 471
531 566
517 588
369 484
352 469
676 439
464 442
600 491
430 455
511 584
388 552
363 535
397 523
436 467
599 474
518 579
541 371
366 528
644 422
366 457
424 508
341 539
387 449
551 330
377 463
415 537
359 451
453 441
567 327
565 480
399 543
402 549
528 357
537 567
561 338
637 425
510 576
530 628
670 438
465 457
372 456
555 501
381 403
402 535
564 354
574 466
369 525
449 459
394 504
412 422
521 566
607 475
550 335
401 419
571 417
567 477
540 408
582 456
448 514
356 474
374 513
503 646
598 414
574 427
419 542
402 440
387 557
374 511
527 354
395 554
563 389
428 482
426 541
537 603
415 400
618 427
590 412
398 531
566 408
394 500
390 504
594 493
398 543
432 532
564 387
383 533
602 461
586 451
562 492
604 462
587 477
604 405
502 647
541 404
531 611
589 418
530 357
515 589
561 359
414 409
375 418
666 426
369 475
384 399
565 361
428 480
549 336
529 396
469 443
394 511
396 441
575 328
558 343
358 471
437 531
412 420
530 588
531 609
400 439
376 408
567 476
670 427
600 472
401 433
597 412
504 647
643 425
592 460
508 634
536 392
572 365
533 583
435 459
403 413
392 508
374 521
459 444
582 453
381 554
598 409
520 569
349 537
546 591
390 454
453 460
540 359
596 476
511 575
547 359
621 428
567 409
584 482
521 405
341 543
537 596
440 464
650 423
535 607
521 404
564 371
611 423
378 511
390 408
593 415
566 366
444 469
577 323
551 329
550 490
376 527
398 437
541 367
527 411
374 460
580 404
579 413
417 458
527 410
552 322
386 478
394 421
596 419
588 444
378 406
387 452
567 452
365 444
576 414
349 467
347 469
604 433
532 588
423 536
564 392
627 426
540 403
372 493
424 537
499 649
549 338
365 482
383 482
517 410
543 376
623 434
367 453
348 539
438 463
561 473
534 594
382 419
623 433
398 510
523 410
402 543
433 455
443 471
599 462
398 496
378 505
537 601
620 427
394 394
538 601
438 467
574 317
427 460
518 604
595 419
535 393
354 475
404 417
491 532
581 489
571 485
374 399
413 536
532 361
549 367
546 489
554 330
516 627
579 411
383 484
414 543
400 405
514 608
383 551
546 347
529 397
463 444
371 533
592 481
418 518
573 483
599 428
373 472
672 436
526 411
564 389
370 440
642 431
563 492
393 523
363 447
388 474
555 496
584 443
414 400
553 371
608 493
536 578
350 538
384 461
514 592
510 627
498 645
429 515
570 418
577 466
402 407
391 500
516 626
564 328
517 581
435 460
547 491
559 364
562 341
417 409
574 430
642 427
381 552
562 366
596 463
432 518
399 437
557 331
503 639
536 582
542 613
530 399
573 326
389 507
586 478
454 457
365 453
397 506
375 403
595 435
571 369
430 469
364 464
564 341
448 461
372 522
571 489
361 451
398 536
418 519
388 410
461 462
367 480
365 461
376 529
573 366
562 373
452 443
581 454
368 393
372 442
467 451
375 461
522 612
389 446
582 489
420 537
581 492
523 607
384 454
372 391
594 463
582 452
523 409
573 322
499 628
400 414
550 493
440 456
365 389
604 475
504 648
386 473
451 470
596 416
601 494
429 461
517 563
369 442
545 610
554 366
359 535
518 582
427 532
607 495
403 545
402 430
341 542
606 475
371 397
546 590
564 340
610 423
534 605
544 404
399 417
385 555
425 515
535 571
596 492
602 427
391 497
369 492
390 450
391 555
525 570
594 432
421 394
541 606
366 491
506 647
513 630
634 426
525 569
408 541
599 472
575 323
358 449
392 518
400 422
371 455
401 425
627 418
533 395
553 338
426 537
631 418
598 465
646 428
385 497
550 495
559 374
387 552
554 498
359 534
539 365
601 490
559 365
571 412
517 614
415 524
587 493
573 321
595 458
519 573
640 426
460 444
386 398
425 468
358 466
514 617
597 427
416 455
533 362
366 490
369 397
545 376
551 321
660 422
540 568
392 401
541 362
567 487
580 494
508 620
385 411
444 466
563 371
541 405
580 454
535 605
562 333
557 499
452 462
395 538
625 430
370 402
543 373
467 442
372 478
536 577
525 572
354 392
540 401
568 375
452 439
569 372
383 549
428 459
560 390
525 411
567 490
394 499
521 400
391 506
543 368
592 414
533 592
368 486
418 457
604 434
398 545
399 390
596 423
551 345
546 377
569 416
522 572
454 452
513 588
367 475
543 372
380 511
529 610
589 443
548 333
400 430
383 496
532 593
587 479
398 395
435 457
559 493
583 415
629 427
498 649
571 409
438 464
527 355
424 468
416 398
568 476
438 461
517 608
548 347
559 345
580 405
379 509
399 404
391 399
378 525
378 550
404 552
397 543
572 319
572 482
654 422
586 486
570 454
601 466
384 519
392 393
598 492
639 430
406 421
581 404
543 371
392 450
405 547
551 324
425 463
420 522
605 437
355 469
449 457
377 493
562 477
348 542
461 444
589 410
561 337
462 462
540 587
425 458
549 363
594 445
516 630
449 469
400 432
370 398
567 375
392 394
386 389
366 529
392 562
609 491
529 628
603 401
385 446
537 602
453 437
597 453
577 411
540 608
594 466
563 333
395 510
390 513
359 463
603 485
609 428
588 417
375 510
672 427
429 543
377 531
366 452
379 524
570 422
403 409
403 432
536 603
394 439
644 426
537 587
671 432
519 604
420 395
553 502
566 473
564 398
463 452
374 478
565 452
369 398
542 614
500 649
570 367
378 416
453 459
404 532
389 553
402 413
381 525
358 452
600 496
658 423
569 455
564 359
391 514
517 567
545 621
526 354
383 463
366 456
560 373
400 440
458 462
599 426
561 361
425 541
569 493
409 538
455 443
413 545
545 353
434 461
560 407
399 422
391 564
550 338
428 479
433 516
368 399
435 461
569 432
589 480
400 428
585 495
531 362
568 478
538 402
560 472
441 475
449 470
637 532
462 463
395 560
380 401
550 330
505 654
556 492
409 546
451 462
522 403
372 440
593 420
588 450
380 552
393 438
548 352
392 520
643 424
366 526
531 561
453 440
575 462
571 408
513 578
372 529
552 361
421 457
591 446
455 449
393 399
521 610
382 414
356 390
514 593
542 404
576 322
580 450
568 326
555 319
611 422
415 541
389 531
548 346
356 532
602 426
598 491
427 511
538 391
508 561
422 457
675 432
396 546
536 394
647 424
390 503
537 591
558 331
581 411
575 485
366 530
561 333
392 513
548 491
448 468
400 427
528 587
364 453
364 481
663 426
357 532
498 646
584 450
504 619
574 458
585 452
376 416
374 526
382 445
452 461
654 420
384 388
539 609
395 555
603 484
356 477
662 426
398 498
416 397
368 532
585 451
592 437
607 433
545 620
372 449
572 414
533 396
548 362
624 429
591 407
559 366
391 408
561 478
377 525
515 630
402 421
366 482
602 402
429 477
376 445
548 363
366 458
516 587
363 386
423 461
593 461
416 526
637 426
433 532
430 521
546 355
426 466
424 465
454 442
521 589
535 637
368 442
535 591
553 345
465 448
501 627
594 418
429 542
525 610
588 419
444 470
609 490
357 464
539 408
436 461
401 440
371 527
397 496
402 550
601 485
592 442
450 447
559 398
598 454
424 458
508 562
562 343
470 447
521 563
402 431
550 366
601 488
519 612
374 527
428 475
570 419
434 455
359 387
359 462
546 358
391 447
526 573
561 468
632 421
369 479
549 380
518 569
549 349
501 633
465 461
581 493
398 535
384 494
373 444
541 365
533 593
374 500
380 417
597 431
563 473
466 441
516 620
564 391
371 450
516 608
419 400
367 456
412 421
395 503
537 600
562 330
495 647
387 514
369 487
558 472
401 543
503 632
502 645
424 477
432 454
538 603
572 364
509 582
512 622
528 402
447 470
555 328
427 482
544 618
598 479
535 580
520 405
398 445
465 449
536 583
358 532
568 409
603 492
416 456
368 449
516 586
595 433
584 481
518 574
378 504
354 471
368 491
384 486
509 633
561 345
528 636
566 492
390 515
399 438
380 527
401 422
556 498
565 404
354 395
563 365
387 447
534 363
375 415
391 498
383 415
392 511
416 535
378 530
553 362
541 379
569 482
503 641
427 473
540 367
364 534
569 417
383 416
423 516
395 534
381 531
585 490
529 588
374 419
516 588
351 536
649 425
385 453
383 490
637 533
582 481
363 537
397 500
594 433
582 490
551 362
392 519
555 346
399 508
595 423
436 531
580 452
526 629
407 541
365 531
565 406
530 614
368 440
389 552
563 336
391 518
563 393
591 406
450 436
365 489
533 584
429 478
372 443
565 472
372 454
393 518
369 394
548 380
544 584
595 436
418 542
439 467
469 451
385 491
457 444
372 531
536 591
391 552
359 448
533 565
525 637
427 510
413 408
562 400
525 631
626 427
506 638
526 605
522 608
592 441
587 492
388 483
550 368
454 460
547 587
560 355
461 442
503 651
387 497
502 650
555 500
534 606
369 391
441 472
586 480
513 579
507 588
433 515
562 356
382 401
395 521
452 441
396 557
348 469
398 506
375 530
385 410
539 402
396 512
400 408
374 510
602 487
402 420
386 545
386 447
542 372
468 444
393 495
431 470
395 498
430 460
359 447
395 500
599 414
537 359
540 577
529 609
397 392
507 625
384 553
667 427
559 329
584 412
573 416
532 407
356 535
396 422
514 631
631 422
637 433
542 617
542 397
558 345
429 473
360 449
597 458
532 589
388 473
515 608
519 404
538 577
390 512
427 461
394 503
394 440
371 457
400 494
592 440
403 551
620 424
542 569
458 451
553 361
371 493
373 477
375 466
360 479
386 497
360 452
419 538
463 456
499 647
342 539
564 368
537 390
523 571
514 621
421 517
393 555
362 462
587 442
614 423
590 414
392 447
569 486
431 460
379 444
522 607
393 450
356 476
564 409
384 522
345 541
518 620
579 453
436 465
565 453
433 457
400 423
542 396
533 585
592 408
578 403
370 391
572 416
565 391
595 454
595 459
590 413
369 474
595 453
368 479
624 433
360 461
380 550
550 342
427 459
397 422
641 427
570 364
526 413
434 457
599 465
452 436
543 608
532 397
636 429
526 407
427 480
593 481
458 445
518 586
390 389
570 432
527 401
678 440
534 610
580 400
470 442
537 626
507 623
597 433
605 467
432 455
585 482
570 363
390 452
636 425
515 575
566 453
535 587
621 423
606 473
520 630
560 475
360 534
549 588
451 469
426 515
375 416
586 487
563 329
653 423
547 368
534 563
465 447
393 403
518 581
539 587
540 404
360 460
526 607
608 428
550 339
376 504
583 416
381 528
376 414
376 494
355 536
401 523
527 630
500 650
453 444
372 523
372 494
564 373
541 612
356 466
625 427
376 461
500 626
587 478
392 449
542 604
590 419
355 475
603 465
416 537
651 423
544 585
365 454
564 356
597 432
448 469
513 581
390 446
340 539
593 491
353 538
372 455
600 464
384 545
597 480
512 620
464 447
510 581
428 467
604 471
537 595
597 416
507 587
428 534
560 403
449 471
582 401
452 470
354 472
439 456
518 573
397 518
629 428
383 525
387 396
555 365
387 556
540 569
530 609
380 444
551 490
394 561
431 480
620 425
575 457
661 426
458 453
497 647
545 366
527 570
583 410
375 525
357 473
648 420
601 484
379 462
370 462
543 587
593 448
397 549
368 490
596 437
581 401
454 454
597 495
417 398
524 631
535 604
353 540
384 533
515 627
405 533
575 465
547 377
431 469
589 409
366 461
604 430
353 539
399 523
371 440
557 332
461 454
554 495
672 433
636 428
416 544
394 554
552 372
591 445
607 436
591 444
564 408
454 461
392 500
526 406
543 582
517 569
519 615
397 546
537 396
531 630
404 411
435 511
383 522
609 426
518 619
554 346
384 490
369 448
585 489
526 412
582 409
394 438
551 371
598 427
428 458
537 584
551 366
384 550
563 394
512 583
563 401
522 566
395 511
532 587
428 473
508 621
554 587
524 611
546 364
503 653
607 435
605 463
566 402
442 473
418 543
361 454
363 493
398 393
361 536
528 400
355 537
410 540
537 569
566 356
462 439
647 421
533 398
591 419
433 452
533 614
537 580
461 456
566 361
500 645
560 473
512 588
396 506
384 492
519 605
666 438
646 420
396 502
555 332
550 494
549 330
449 460
459 455
599 494
521 615
548 368
540 405
450 445
341 538
536 361
415 545
517 610
418 544
368 445
421 544
392 453
463 441
382 550
660 424
580 401
361 449
657 422
359 533
343 541
376 531
543 583
506 620
604 493
595 415
544 365
574 411
597 424
512 621
560 375
370 442
510 579
405 534
600 409
374 459
582 454
356 534
592 431
524 588
603 403
567 363
384 483
570 408
570 484
464 436
373 399
546 359
370 455
594 492
463 445
505 651
534 566
390 453
374 480
582 445
465 462
594 491
546 490
356 479
387 389
391 443
374 530
374 412
449 517
388 499
628 419
537 360
556 364
364 531
561 365
602 485
372 503
431 468
539 608
388 512
392 533
509 587
642 430
543 369
466 451
404 418
542 395
412 538
590 445
507 634
397 393
405 552
423 535
375 492
549 490
378 491
538 566
370 397
427 479
392 498
375 472
399 440
386 452
417 532
608 490
398 440
393 521
532 592
540 406
518 563
371 472
368 459
568 481
446 467
644 421
637 432
426 475
371 534
601 427
388 500
602 488
591 421
414 403
401 417
516 621
359 388
406 542
534 364
374 498
550 367
533 564
546 491
514 589
364 462
379 525
547 378
572 423
632 423
556 365
585 483
363 482
647 423
561 389
368 531
391 503
459 451
422 537
602 484
427 541
602 465
409 543
669 428
388 394
423 466
600 466
551 370
522 589
394 437
457 451
451 441
526 404
361 532
594 449
547 588
544 582
568 490
387 398
561 403
415 410
577 457
600 474
608 492
392 563
571 488
564 361
369 482
435 470
576 328
580 398
417 534
626 435
595 438
392 448
430 515
528 628
384 456
597 414
354 394
532 584
379 522
451 513
511 586
381 444
604 465
534 630
618 426
544 586
580 402
355 473
653 421
398 524
357 476
534 579
603 467
595 477
393 401
629 420
577 324
641 426
520 566
576 412
383 495
371 391
400 391
564 331
449 458
437 461
369 491
395 393
443 466
538 568
547 379
423 509
402 414
378 465
646 423
520 625
397 547
450 513
593 488
508 633
361 460
591 411
552 338
603 464
399 434
373 405
433 461
435 469
528 630
383 418
380 443
501 642
516 578
377 549
466 442
527 586
405 545
511 585
539 610
591 447
523 406
504 622
562 478
436 532
536 568
575 322
503 626
501 644
529 398
663 427
569 481
400 536
537 389
496 647
370 444
391 391
375 500
390 449
601 495
353 537
425 516
366 459
379 511
602 460
573 413
417 457
393 517
570 489
668 437
523 501
604 431
550 345
424 459
344 541
552 366
596 409
563 364
544 613
580 411
533 626
389 472
543 374
552 321
375 496
411 540
426 542
587 495
596 495
555 321
507 624
395 443
538 628
673 436
403 412
384 493
440 467
529 360
591 431
596 431
565 475
520 615
399 403
399 527
396 558
538 408
527 636
628 436
400 404
384 447
621 424
610 493
565 363
591 405
404 543
594 454
668 438
427 456
463 437
589 444
373 446
546 363
597 493
632 418
366 412
382 523
542 365
391 446
377 406
385 388
590 449
607 496
380 496
591 481
544 376
584 416
604 436
531 399
385 409
537 568
528 408
562 345
565 360
541 617
545 404
412 423
465 453
563 363
585 494
371 402
423 463
537 610
516 623
460 443
550 341
451 461
391 531
418 407
374 496
565 369
454 453
416 411
421 535
545 590
589 492
355 531
595 478
351 538
427 531
553 346
362 388
535 394
569 476
371 405
538 404
593 457
534 636
569 479
415 523
630 418
399 435
369 524
417 530
541 395
666 425
589 487
509 589
551 368
417 411
401 528
370 487
389 409
370 394
524 571
543 398
443 472
374 472
570 483
502 642
605 466
462 453
540 360
598 453
554 331
624 432
361 531
406 541
402 418
372 444
363 481
371 447
382 463
375 508
520 570
366 411
370 399
552 589
606 428
506 632
417 394
426 457
594 481
508 625
395 553
369 441
592 466
401 524
394 506
606 436
384 409
381 401
528 570
612 424
368 462
422 461
597 409
375 459
558 471
371 525
518 409
443 467
532 627
393 496
432 531
562 338
577 327
385 463
377 407
544 593
372 504
603 432
508 635
575 490
415 544
383 526
561 339
580 493
533 397
387 495
419 457
572 321
350 469
539 390
571 415
529 361
405 539
394 555
383 456
375 504
400 493
380 525
533 594
400 437
533 586
571 421
551 325
673 432
387 499
630 422
364 491
501 643
560 388
519 565
549 370
594 413
510 580
528 396
602 496
377 526
601 472
444 467
522 587
342 540
550 363
362 385
386 553
367 411
409 542
508 627
380 526
424 467
362 463
355 532
400 495
646 426
367 490
522 610
571 326
393 510
442 468
426 459
372 458
378 510
528 358
410 409
461 455
519 603
505 620
385 495
414 533
373 458
522 615
595 430
401 432
591 491
391 517
391 561
568 482
373 504
359 468
589 411
393 443
572 366
555 327
598 434
379 531
592 439
369 392
360 478
554 496
502 632
554 493
561 331
651 422
597 425
594 455
565 408
601 408
382 457
455 450
355 535
425 510
578 466
427 512
466 452
378 490
383 488
377 492
564 401
454 447
609 494
599 493
448 458
562 472
374 409
544 609
571 493
540 576
412 419
387 554
459 456
355 467
378 399
551 327
405 536
510 625
536 581
428 520
401 426
554 328
502 649
526 572
451 463
522 631
376 459
537 609
601 493
612 426
369 478
428 472
526 405
653 419
569 326
426 540
427 483
433 451
593 416
361 447
562 493
373 533
419 519
508 637
395 504
597 430
585 411
540 397
562 371
361 479
529 608
549 589
503 629
536 608
429 459
462 456
449 461
536 579
428 514
362 461
391 470
628 426
465 441
387 471
436 469
590 446
552 333
528 635
570 420
500 628
432 516
384 555
502 646
351 469
538 565
593 423
669 437
404 546
533 605
590 407
394 524
373 401
398 509
571 407
382 462
653 420
398 544
392 501
535 392
537 572
569 360
599 408
428 461
534 571
470 451
419 394
427 481
368 454
399 510
517 624
639 429
530 359
360 453
425 508
589 406
389 514
610 424
533 393
666 427
384 389
382 555
534 565
374 506
426 474
586 484
547 360
433 533
378 549
462 452
591 436
532 606
380 531
391 499
356 391
518 630
559 397
403 536
384 464
649 420
576 413
385 511
356 467
367 392
364 447
563 353
594 421
599 466
544 620
398 403
399 535
535 626
530 626
538 604
449 462
649 426
422 517
382 496
599 454
428 542
398 525
604 427
598 495
672 426
659 423
563 331
551 343
387 513
455 451
404 551
420 519
626 434
519 625
408 407
576 410
585 492
523 605
516 575
650 420
412 539
569 408
376 418
423 475
392 442
597 457
376 525
428 535
430 467
459 458
399 544
503 645
371 463
602 408
580 489
393 532
517 578
388 395
562 469
571 484
400 396
505 647
562 389
383 401
370 472
403 532
593 414
397 516
514 582
353 394
530 362
585 450
575 463
369 390
553 499
391 565
397 441
539 364
538 627
645 423
373 464
402 432
395 441
540 365
352 394
542 402
577 328
529 408
520 588
369 412
441 519
595 450
562 360
386 476
537 579
436 482
398 528
457 462
519 405
601 399
366 446
597 429
391 398
502 635
570 425
382 556
391 471
360 533
569 320
671 427
601 464
644 423
419 395
514 627
382 461
366 413
503 648
380 529
551 587
383 446
643 428
673 437
517 408
507 585
371 503
379 532
594 424
509 575
506 622
396 521
545 368
560 374
585 410
543 586
373 442
404 412
580 403
610 425
638 433
439 465
395 536
393 498
600 490
657 423
380 551
628 429
562 359
379 419
543 395
543 407
392 530
409 421
639 426
381 445
542 619
417 528
453 447
432 460
386 520
430 519
384 398
398 534
536 391
390 451
392 524
564 358
398 508
394 443
368 530
379 503
422 458
386 397
379 400
560 499
517 407
562 331
402 528
386 449
453 458
390 471
361 535
629 422
569 454
543 375
520 618
387 446
395 513
575 459
602 467
391 532
511 621
552 330
383 527
628 420
593 490
561 367
600 465
401 392
374 512
528 359
365 532
397 522
566 454
544 369
405 538
547 350
552 363
582 407
532 565
516 614
410 404
566 370
515 607
552 342
348 541
621 429
407 408
394 497
634 429
358 476
397 524
596 493
387 512
349 539
570 361
561 470
411 403
527 635
604 435
385 452
587 410
420 523
520 606
602 430
461 439
353 470
444 472
398 438
595 461
413 537
638 432
583 480
541 401
372 457
595 434
570 493
562 358
383 550
353 536
569 425
550 340
551 326
516 629
614 424
586 442
427 515
417 536
386 446
553 334
409 540
371 451
536 396
506 628
562 337
509 627
508 577
405 410
372 463
582 455
518 610
406 547
437 465
603 462
418 535
498 647
383 523
564 339
603 471
394 505
607 492
525 571
624 430
403 414
364 461
461 463
573 414
391 566
468 442
553 500
550 334
369 523
564 338
542 571
441 467
356 471
541 397
360 535
537 599
389 506
586 410
532 570
369 472
570 326
530 358
382 552
571 367
396 556
441 478
546 592
458 454
349 538
435 510
502 639
567 361
554 494
538 571
441 477
452 457
458 455
503 652
467 437
395 402
400 406
384 455
504 627
526 403
596 479
595 493
587 417
551 589
558 365
591 420
553 501
533 611
542 606
363 454
536 609
599 481
405 537
530 407
598 474
370 410
365 483
670 428
345 538
387 482
585 488
560 397
671 430
361 446
420 544
564 404
464 446
503 642
524 632
383 399
395 422
421 466
541 619
531 626
582 402
529 400
463 460
509 579
397 519
367 445
512 578
403 531
352 539
541 407
417 459
402 534
458 442
600 414
376 404
592 415
572 367
352 538
514 629
518 580
535 631
390 500
401 408
400 415
506 633
387 524
414 402
449 514
519 575
625 428
535 595
559 498
368 453
343 538
462 440
509 625
595 417
384 548
366 533
553 367
627 427
602 429
388 409
390 444
521 569
370 483
385 447
562 470
526 631
536 589
406 545
371 449
388 471
592 461
414 532
394 496
397 548
391 444
521 399
637 428
359 464
578 454
562 399
557 492
544 607
434 532
672 435
385 483
507 586
382 388
566 407
584 453
571 483
376 526
594 457
377 491
512 623
552 323
549 364
613 426
348 540
374 504
468 445
437 455
595 455
382 554
547 404
590 428
520 605
588 430
397 528
405 408
385 510
393 452
414 401
538 407
431 534
408 542
599 425
662 427
394 449
372 412
373 398
543 607
402 523
506 623
388 531
383 489
547 353
411 402
372 477
380 411
550 588
605 492
597 411
440 460
594 412
455 454
469 442
369 460
526 574
531 589
349 469
425 537
595 479
533 636
519 614
399 500
469 445
563 335
387 483
602 489
563 366
379 404
595 462
372 532
673 425
528 634
366 444
551 331
379 506
382 389
393 534
418 531
385 545
606 427
383 528
538 586
539 407
384 532
463 457
604 468
554 502
587 476
432 468
367 481
402 527
423 469
511 587
537 394
414 542
556 332
524 589
546 403
605 465
390 555
505 639
393 562
602 403
565 470
565 469
566 469
566 468
566 467
565 467
566 466
565 466
566 465
564 466
567 465
566 464
563 466
564 465
566 463
564 464
567 463
565 463
567 462
568 462
569 462
568 461
570 462
569 461
568 460
571 462
567 460
568 459
571 463
569 459
568 458
571 464
570 459
567 458
572 464
571 459
567 457
573 464
572 459
567 456
574 464
572 460
572 458
567 455
575 464
573 460
572 457
568 455
559 475
559 474
558 474
557 474
557 475
557 476
556 476
557 477
555 476
554 476
553 476
552 476
552 477
552 475
552 478
552 474
551 478
551 474
550 478
551 473
550 477
549 477
550 476
548 477
549 476
547 477
546 477
545 477
546 476
544 477
544 478
544 476
543 478
544 479
543 476
544 480
543 475
545 480
543 480
544 481
542 475
543 474
546 480
542 480
542 474
544 474
547 480
546 481
541 480
544 473
548 480
547 481
547 479
540 480
541 481
541 479
544 472
549 480
547 482
539 480
541 482
541 478
545 472
544 471
547 483
539 481
542 482
541 477
545 471
543 471
547 484
542 483
546 471
548 484
542 484
547 471
546 470
548 485
542 485
546 469
548 486
543 485
541 485
549 486
547 486
540 485
550 486
547 487
539 485
550 487
538 485
550 488
537 485
549 488
537 486
537 484
548 488
536 486
537 487
536 484
535 486
536 487
537 488
534 486
536 488
534 487
536 489
536 490
537 490
536 491
538 490
535 491
539 490
534 491
535 492
540 490
533 491
535 493
541 490
532 491
536 493
541 491
541 489
531 491
532 490
536 494
542 491
541 492
541 488
530 491
532 489
536 495
541 493
530 492
533 489
532 488
540 493
529 492
531 488
539 493
529 493
530 488
539 494
528 493
529 494
529 488
528 494
528 488
528 495
528 489
527 495
528 496
527 489
526 495
528 497
526 489
526 496
528 498
526 488
525 496
529 498
525 488
525 497
529 499
525 498
529 500
526 498
524 498
528 500
523 498
527 500
528 501
523 499
526 500
527 499
528 502
525 500
526 501
387 492
525 501
564 372
524 501
525 502
567 372
528 503
528 504
527 504
528 505
526 504
527 505
528 506
525 504
526 505
528 507
524 504
526 506
523 504
524 503
525 506
522 504
523 505
525 507
521 504
524 507
525 508
521 503
524 508
520 503
521 502
523 508
519 503
521 501
523 509
518 503
519 504
521 500
523 510
518 502
519 505
522 500
520 500
523 511
517 502
519 506
519 500
524 511
519 507
519 499
525 511
524 512
518 499
526 511
524 513
517 499
527 511
526 512
523 513
517 500
528 511
522 513
516 500
529 511
521 513
515 500
529 512
529 510
514 500
515 499
529 513
529 509
514 501
515 498
529 514
529 508
513 501
514 498
530 514
530 508
512 501
513 498
531 508
530 507
511 501
513 499
513 497
531 509
511 502
511 500
513 496
511 503
512 496
512 503
511 504
511 496
512 504
511 505
511 497
513 504
512 505
510 505
509 505
508 505
509 504
507 505
509 503
506 505
507 506
509 502
505 505
506 504
507 507
508 502
504 505
507 508
507 502
506 508
507 509
506 502
507 501
508 509
507 510
505 502
507 500
509 509
507 511
508 500
506 500
509 508
507 512
508 499
509 507
506 512
507 513
509 499
508 498
505 512
508 513
507 514
510 499
508 497
505 513
509 513
508 514
506 514
507 497
508 496
504 513
505 514
510 513
509 514
508 495
504 514
505 515
510 514
510 512
507 495
503 514
505 516
510 515
506 495
503 515
506 516
505 517
510 516
505 495
506 496
502 515
507 516
505 518
511 516
504 495
505 494
501 515
502 516
505 519
511 517
503 495
504 496
505 493
500 515
501 514
502 517
503 496
505 492
499 515
502 518
503 497
505 491
499 514
501 518
503 498
504 491
499 513
501 519
502 498
503 499
503 491
500 513
498 513
500 519
502 499
502 491
500 512
497 513
499 519
501 499
501 491
502 490
501 512
497 514
497 512
498 519
500 499
501 500
502 489
390 537
497 515
496 512
498 520
499 499
500 498
501 489
391 537
391 538
392 538
495 512
498 521
499 500
501 488
393 538
394 538
494 512
499 521
497 521
501 487
494 513
500 521
496 521
497 522
500 487
501 486
496 522
497 523
500 486
501 485
495 522
499 486
502 485
494 522
495 523
499 485
503 485
494 523
498 485
499 484
504 485
503 486
503 484
493 523
497 485
505 485
504 486
503 483
492 523
493 524
496 485
504 487
492 522
493 525
496 486
496 484
505 487
492 525
493 526
495 484
506 487
492 526
494 526
493 527
494 484
506 488
491 526
492 527
495 526
494 527
494 483
506 489
490 526
496 526
494 482
507 489
490 527
496 527
493 482
507 490
490 528
496 528
492 482
508 490
507 491
489 528
496 529
492 483
492 481
509 490
488 528
496 530
492 484
491 481
492 480
509 491
509 489
487 528
488 529
488 527
497 530
495 530
496 531
490 481
492 479
509 492
486 528
487 527
496 532
493 479
485 528
486 527
487 526
495 532
496 533
494 479
493 478
484 528
486 526
494 532
496 534
494 480
494 478
493 477
483 528
485 526
493 532
496 535
493 476
482 528
485 525
492 532
493 533
497 535
495 535
496 536
494 476
492 476
481 528
482 529
566 369
498 535
495 536
496 537
495 476
491 476
480 528
481 527
482 530
498 536
498 534
495 537
497 537
495 477
490 476
479 528
480 529
483 530
499 536
499 534
495 538
497 538
496 477
489 476
479 527
480 530
484 530
499 537
499 533
495 539
497 539
497 477
571 424
489 477
489 475
478 527
479 530
499 538
494 539
495 540
498 539
497 478
489 478
489 474
478 526
479 531
500 538
496 540
495 541
488 478
489 473
477 526
479 532
500 539
494 541
487 478
489 472
476 526
477 525
479 533
493 541
486 478
490 472
489 471
476 525
480 533
479 534
492 541
486 479
486 477
491 472
476 524
481 533
480 534
478 534
492 542
486 480
491 471
475 524
478 535
491 542
492 543
485 480
492 471
474 524
475 523
491 543
492 544
485 481
493 471
473 524
474 525
492 545
484 481
494 471
493 470
473 523
474 526
491 545
492 546
483 481
484 482
495 471
494 470
472 523
473 522
491 546
493 546
483 480
471 523
473 521
491 547
494 546
482 480
470 523
471 522
490 547
491 548
481 480
469 523
470 524
471 521
492 548
491 549
480 480
481 479
468 523
470 525
470 521
491 550
479 480
480 481
467 523
468 524
471 525
469 525
469 521
470 520
491 551
478 480
479 479
466 523
467 524
471 526
469 520
470 519
491 552
465 523
466 524
471 527
471 519
492 552
490 552
465 524
471 528
471 518
493 552
490 553
464 524
465 525
471 529
471 517
494 552
489 553
490 554
463 524
472 529
470 529
472 517
470 517
471 516
495 552
489 554
491 554
463 523
473 529
472 530
469 529
473 517
472 516
469 517
496 552
488 554
473 530
473 528
472 531
468 529
474 517
473 518
473 516
469 516
497 552
496 553
487 554
474 528
471 531
475 517
474 516
498 552
497 553
486 554
487 553
471 532
475 518
475 516
499 552
498 553
485 554
486 555
486 553
471 533
476 516
475 515
498 554
484 554
485 555
486 556
486 552
471 534
477 516
475 514
499 554
498 555
483 554
485 552
486 551
472 534
470 534
478 516
474 514
475 513
500 554
499 555
498 556
484 552
473 534
469 534
470 535
479 516
478 515
474 513
476 513
501 554
500 553
498 557
473 535
474 512
476 512
499 557
497 557
474 511
477 512
500 557
499 558
496 557
473 511
478 512
501 557
499 559
473 510
479 512
478 513
502 557
501 558
501 556
499 560
472 510
479 511
503 557
501 559
472 509
479 510
503 556
502 559
501 560
471 509
479 509
504 556
503 555
501 561
470 509
505 556
503 554
502 561
501 562
469 509
470 508
503 553
502 562
500 562
469 508
470 507
504 553
499 562
468 508
471 507
470 506
505 553
504 552
498 562
499 563
471 506
470 505
506 553
505 554
498 561
499 564
469 505
470 504
507 553
506 552
497 561
498 564
499 565
468 505
469 504
470 503
508 553
507 554
496 561
497 564
498 565
499 566
470 502
509 553
495 561
497 563
499 567
470 501
510 553
509 554
509 552
496 563
499 568
471 501
469 501
470 500
511 553
510 554
500 568
472 501
468 501
470 499
511 554
511 552
501 568
500 569
468 502
468 500
471 499
512 554
511 551
501 567
500 570
467 502
472 499
512 555
511 550
502 567
499 570
500 571
467 503
472 498
512 556
512 550
502 566
498 570
501 571
466 503
472 497
512 557
512 549
502 565
497 570
498 571
502 571
501 572
466 504
473 497
471 497
513 557
512 558
512 548
502 564
496 570
498 572
503 571
502 572
465 504
471 496
513 558
511 558
513 548
511 548
512 547
503 564
495 570
496 571
496 569
504 571
503 570
502 573
470 496
471 495
510 558
511 559
514 548
510 548
504 564
494 570
495 571
495 569
496 568
505 571
472 495
471 494
509 558
510 559
509 548
504 563
493 570
494 571
495 572
473 495
471 493
509 557
510 560
508 548
509 547
505 563
492 570
494 572
495 573
474 495
472 493
470 493
509 556
509 560
510 561
507 548
508 549
509 546
506 563
492 571
492 569
493 572
496 573
474 496
474 494
472 492
469 493
470 492
510 556
510 562
506 548
507 549
508 550
510 546
506 564
492 572
492 568
475 496
473 492
472 491
468 493
509 562
510 563
505 548
506 547
510 545
507 564
491 572
492 573
493 568
491 568
474 492
473 491
472 490
467 493
468 492
436 534
510 544
507 565
490 572
492 574
475 492
473 490
472 489
466 493
467 492
468 491
435 534
489 572
492 575
474 490
468 490
435 533
489 571
492 576
475 490
469 490
468 489
488 571
492 577
467 489
487 571
493 577
466 489
467 488
486 571
487 572
487 570
494 577
466 488
467 487
485 571
495 577
494 578
468 487
467 486
495 578
494 579
469 487
467 485
496 578
495 579
493 579
470 487
468 485
466 485
497 578
495 580
492 579
493 580
471 487
465 485
466 484
498 578
496 580
495 581
492 580
472 487
464 485
466 483
499 578
498 579
497 580
494 581
491 580
492 581
463 485
466 482
499 577
498 580
491 581
463 486
463 484
467 482
499 576
499 580
491 582
462 484
467 481
500 576
498 576
500 580
499 581
490 582
461 484
462 483
500 575
498 575
501 580
490 583
461 485
462 482
500 574
497 575
501 581
490 584
461 486
462 481
502 581
501 582
489 584
461 487
463 481
461 481
500 582
501 583
488 584
464 481
463 480
460 481
461 480
500 583
502 583
488 585
464 482
459 481
460 482
461 479
500 584
503 583
487 585
459 482
462 479
500 585
503 582
486 585
487 586
458 482
501 585
499 585
486 586
486 584
487 587
458 483
499 586
485 586
485 584
486 583
487 588
457 483
458 484
498 586
499 587
487 583
486 582
486 588
487 589
458 485
500 587
499 588
486 581
485 588
487 590
457 485
458 486
500 588
498 588
485 581
485 589
487 591
456 485
501 588
500 589
498 589
484 589
487 592
456 486
501 589
488 592
486 592
456 487
501 590
489 592
488 593
457 487
455 487
502 590
490 592
454 487
455 488
503 590
502 591
491 592
490 591
453 487
455 489
503 591
492 592
490 590
452 487
456 489
455 490
503 592
492 593
452 488
452 486
456 490
503 593
492 594
451 488
451 486
456 491
504 593
502 593
492 595
450 486
457 491
456 492
504 594
501 593
493 595
491 595
450 485
458 491
455 492
504 595
500 593
491 596
450 484
458 490
455 493
505 595
499 593
491 597
449 484
450 483
454 493
455 494
506 595
499 594
499 592
492 597
490 597
491 598
448 484
451 483
455 495
507 595
506 596
499 595
498 592
499 591
493 597
492 598
490 598
448 485
448 483
454 495
455 496
507 594
506 597
498 591
500 591
490 599
447 485
448 486
448 482
453 495
456 496
507 593
506 598
490 600
446 485
448 487
448 481
452 495
453 494
456 497
507 592
506 599
491 600
489 600
445 485
448 488
449 481
447 481
448 480
452 496
457 497
456 498
508 592
507 591
507 599
492 600
491 601
445 486
447 488
450 481
449 480
447 480
451 496
452 497
458 497
456 499
509 592
493 600
491 602
444 486
447 489
451 481
450 480
446 480
447 479
453 497
452 498
459 497
458 496
509 591
490 602
491 603
443 486
446 489
447 490
452 481
450 479
445 480
446 479
447 478
454 497
452 499
458 495
380 413
490 603
492 603
442 486
446 490
453 481
450 478
444 480
454 498
451 499
452 500
374 444
375 404
493 603
492 604
442 487
445 490
453 482
453 480
450 477
444 481
451 500
453 500
380 410
494 603
493 604
492 605
441 487
442 488
454 482
454 480
451 477
443 481
444 482
451 501
399 396
370 401
379 411
494 602
493 605
491 605
440 487
441 488
443 488
455 480
451 476
442 481
444 483
451 502
383 389
375 402
494 601
494 605
490 605
491 606
439 487
443 489
455 479
452 476
451 475
441 481
442 482
443 483
451 503
373 400
378 411
372 403
495 605
439 488
444 489
456 479
455 478
453 476
452 475
440 481
451 504
374 408
565 387
560 387
495 606
439 489
455 477
454 476
452 474
439 481
440 480
450 504
451 505
566 387
565 388
565 386
559 387
495 607
439 490
456 477
454 475
438 481
440 479
449 504
452 505
451 506
560 386
566 386
560 385
495 608
438 490
457 477
455 475
438 480
439 479
580 335
448 504
449 503
453 505
452 506
450 506
567 386
559 385
496 608
494 608
438 491
458 477
457 476
437 480
583 335
447 504
454 505
453 504
450 507
560 384
568 386
567 385
496 609
438 492
457 475
436 480
437 479
581 335
446 504
454 506
454 504
449 507
560 383
569 386
568 387
496 610
437 492
438 493
596 456
436 479
437 478
580 334
446 505
455 504
449 508
567 384
559 383
568 388
559 382
496 611
436 492
439 493
438 494
607 434
435 479
437 477
582 335
445 505
446 506
456 504
455 503
449 509
568 389
558 382
559 381
569 389
568 390
557 382
496 612
435 492
436 493
440 493
518 588
434 479
436 477
581 334
569 317
444 505
447 506
456 505
456 503
449 510
567 390
556 382
567 391
555 382
556 383
555 383
555 381
497 612
495 612
435 493
435 491
436 494
440 494
434 478
436 476
568 316
443 505
457 505
450 510
554 383
554 381
555 380
554 384
556 380
498 612
494 612
495 613
436 495
441 494
433 478
436 475
581 321
442 505
458 505
457 506
451 510
553 384
556 379
552 384
498 613
493 612
435 495
436 496
432 478
433 477
435 475
436 474
582 322
442 506
442 504
459 505
458 506
457 507
452 510
451 509
553 385
556 378
553 386
556 377
554 386
498 614
492 612
493 611
434 495
435 496
432 479
434 475
437 474
582 334
569 316
442 507
441 504
442 503
460 505
456 507
552 386
557 377
555 377
554 387
551 386
552 387
497 614
491 612
492 613
492 611
493 610
433 495
435 497
433 475
434 476
437 473
581 322
580 323
582 333
443 507
441 507
440 504
441 503
443 503
456 508
554 377
555 376
550 386
552 388
554 376
549 386
497 615
490 612
492 610
494 610
433 496
435 498
432 475
433 474
438 473
584 325
440 507
441 502
444 503
455 508
456 509
550 387
551 388
552 389
554 375
497 616
489 612
490 613
434 498
435 499
431 475
433 473
585 326
439 507
441 501
457 509
456 510
548 386
549 385
550 388
551 389
552 390
553 375
498 616
497 617
489 613
434 499
570 316
439 508
458 509
455 510
554 374
549 384
549 388
551 390
552 391
555 374
554 373
499 616
498 617
497 618
489 614
433 499
581 323
439 509
458 510
455 511
549 383
548 388
553 391
556 374
554 372
550 383
549 382
500 616
496 618
497 619
489 615
432 499
433 500
582 332
439 510
458 511
455 512
547 388
553 392
555 372
551 383
550 382
500 617
495 618
496 619
498 619
497 620
489 616
431 499
584 326
571 314
571 316
438 510
455 513
548 382
546 388
547 389
553 393
555 371
501 617
500 618
495 619
497 621
488 616
489 617
431 500
581 324
580 331
582 331
438 511
455 514
551 382
550 381
547 382
545 388
502 617
500 619
495 620
498 621
487 616
490 617
430 500
583 326
584 327
571 315
575 315
437 511
454 514
455 515
546 389
546 387
556 371
551 381
546 382
544 388
502 616
501 619
498 622
486 616
392 469
430 501
581 325
581 331
583 327
437 512
453 514
456 515
455 516
545 382
543 388
544 387
544 382
503 616
502 615
499 622
498 623
429 501
430 502
583 329
572 315
574 315
580 325
579 326
437 513
453 515
453 513
455 517
542 388
544 383
544 381
504 616
503 615
498 624
429 502
430 503
581 330
582 327
583 328
573 315
580 326
436 513
437 514
453 516
453 512
456 517
546 586
541 388
544 380
540 388
545 380
499 624
497 624
428 502
431 503
581 329
582 328
558 342
573 316
466 461
435 513
438 514
452 516
453 517
457 517
544 379
539 388
497 625
431 504
580 327
581 328
508 580
556 345
434 513
438 515
451 516
458 517
457 518
457 516
546 380
544 378
497 626
573 317
569 319
393 469
558 344
557 345
434 514
434 512
438 516
450 516
451 517
459 517
539 389
547 380
543 378
498 626
497 627
572 317
573 318
393 470
540 567
578 329
579 328
559 346
433 514
434 511
438 517
449 516
450 517
459 518
612 493
613 493
612 494
614 493
613 494
613 492
615 493
614 494
614 492
613 495
614 495
613 496
613 497
612 497
613 498
614 498
615 498
615 499
615 497
615 500
616 497
615 501
617 497
615 502
618 497
617 496
616 502
614 502
619 497
614 503
620 497
619 498
613 503
620 498
612 503
613 504
620 499
611 503
612 502
613 505
621 499
611 504
612 501
613 506
612 500
613 507
613 500
612 507
612 508
612 509
613 509
614 509
614 510
614 508
614 511
615 511
613 511
616 511
613 512
616 510
613 513
617 510
612 513
613 514
611 513
613 515
611 514
613 516
610 514
611 515
614 516
611 516
614 517
610 516
615 517
609 516
610 517
616 517
615 518
609 515
610 518
616 518
615 519
608 515
610 519
617 518
616 519
614 519
610 520
616 520
614 520
610 521
614 521
609 521
610 522
613 521
614 522
608 521
612 521
615 522
607 521
608 520
612 520
616 522
615 523
607 522
607 520
617 522
606 520
607 519
618 522
617 523
617 521
619 522
618 521
617 524
619 523
617 525
620 523
617 526
621 523
616 526
617 527
622 523
621 522
615 526
622 522
614 526
623 522
613 526
624 522
613 527
613 525
625 522
624 521
613 528
625 523
624 520
613 529
626 523
623 520
612 529
613 530
626 524
612 530
626 525
611 530
627 525
625 525
626 526
610 530
611 531
625 526
610 531
610 529
610 532
609 529
610 533
609 528
610 534
608 528
609 527
610 535
607 528
611 535
609 535
610 536
606 528
607 529
523 570
611 536
608 535
606 529
607 530
608 536
608 534
607 531
607 536
608 537
607 534
606 531
607 532
606 536
608 538
606 534
605 531
609 538
604 531
605 532
605 530
609 539
605 533
610 539
609 540
604 533
611 539
610 540
608 540
603 533
612 539
610 541
607 540
602 533
613 539
612 540
612 538
610 542
607 539
601 533
602 534
602 532
614 539
613 540
613 538
611 542
602 535
602 531
615 539
613 537
612 542
603 535
601 535
616 539
615 540
613 542
612 543
601 536
616 538
601 537
617 538
602 537
601 538
618 538
617 537
603 537
601 539
619 538
618 537
620 538
619 539
618 536
621 538
619 536
437 482
619 535
620 535
621 535
622 535
622 536
622 534
623 536
624 536
624 537
624 535
625 537
624 534
625 538
624 533
625 539
624 532
625 540
625 532
624 531
626 540
624 540
454 455
626 532
627 540
624 541
628 540
627 541
623 541
629 540
627 542
623 542
629 539
628 542
629 538
629 542
629 537
630 542
629 543
630 537
631 542
630 543
630 536
632 542
630 535
633 542
632 541
631 535
629 535
632 535
632 534
633 534
634 534
633 533
635 534
636 534
635 535
637 534
342 538
637 535
637 536
638 536
639 536
640 536
639 537
640 537
639 538
640 538
638 538
639 539
640 539
637 538
638 539
640 540
636 538
637 539
641 540
635 538
637 540
642 540
634 538
635 537
636 540
642 541
633 538
643 541
633 539
643 542
632 539
633 540
643 543
643 544
643 545
644 545
642 545
645 545
644 546
641 545
646 545
645 544
644 547
641 546
647 545
645 543
640 546
641 547
648 545
647 544
646 543
645 542
639 546
642 547
641 548
649 545
638 546
641 549
650 545
637 546
638 547
638 545
642 549
651 545
650 546
637 547
638 544
643 549
642 550
652 545
651 544
650 547
636 547
643 550
653 545
651 547
649 547
635 547
636 548
644 550
643 551
653 546
653 544
648 547
649 548
634 547
635 546
636 549
653 547
633 547
637 549
654 547
637 550
655 547
638 550
656 547
638 551
657 547
638 552
658 547
657 548
639 552
637 552
638 553
658 548
658 546
639 553
636 552
638 554
659 548
658 549
658 545
636 553
636 551
638 555
660 548
658 550
658 544
635 553
635 551
638 556
660 549
659 544
658 543
634 553
638 557
660 550
657 543
658 542
633 553
638 558
660 551
659 542
632 553
633 554
661 551
659 541
632 552
633 555
661 552
660 541
659 540
632 551
632 555
661 553
661 541
658 540
631 551
631 555
632 556
662 553
662 541
657 540
630 551
630 555
662 554
663 541
662 542
656 540
629 551
630 556
663 554
664 541
663 540
656 539
628 551
629 556
664 554
663 555
664 542
663 539
628 550
628 556
629 557
664 555
664 553
663 556
665 542
664 539
662 539
663 538
627 550
627 556
628 557
629 558
665 555
665 553
662 556
663 557
665 543
665 539
661 539
663 537
627 549
627 557
629 559
666 553
661 556
663 558
666 543
665 544
665 540
665 538
660 539
626 557
627 558
630 559
667 553
660 556
661 555
663 559
667 543
664 544
666 540
666 538
665 537
625 557
627 559
668 553
667 554
667 552
660 555
664 559
667 544
667 542
666 537
665 536
625 558
625 556
669 553
668 554
667 555
667 551
660 554
664 560
667 545
667 537
666 536
624 558
624 556
625 555
670 553
659 554
664 561
666 545
667 546
668 537
623 558
626 555
671 553
670 554
658 554
659 553
663 561
669 537
668 538
626 554
672 553
657 554
662 561
669 538
673 553
656 554
657 555
670 538
673 552
655 554
656 555
671 538
673 551
654 554
655 553
656 556
671 539
674 551
653 554
671 540
675 551
653 555
672 540
671 541
675 552
675 550
653 556
673 540
671 542
675 553
675 549
652 556
674 540
672 542
676 553
675 554
676 549
674 549
675 548
652 557
675 540
674 539
677 553
674 554
675 555
677 549
676 548
674 548
652 558
675 539
678 553
677 554
677 548
676 547
673 548
651 558
676 539
675 538
679 553
677 555
677 547
672 548
673 547
650 558
677 539
675 537
680 553
679 554
679 552
677 556
677 546
671 548
672 549
672 547
673 546
650 559
650 557
677 538
675 536
681 553
680 554
678 556
676 556
677 545
670 548
672 546
673 545
649 559
650 560
678 538
676 536
674 536
681 554
681 552
680 555
676 557
673 544
648 559
649 560
679 538
673 536
682 554
682 552
676 558
647 559
648 560
672 536
682 551
677 558
647 560
671 536
683 551
682 550
677 559
646 560
670 536
671 535
684 551
681 550
677 560
645 560
670 535
671 534
685 551
684 550
676 560
677 561
645 561
645 559
670 534
672 534
686 551
685 552
675 560
676 561
645 562
645 558
673 534
687 551
675 559
676 562
646 562
644 562
645 563
646 558
688 551
676 563
644 563
646 557
688 552
677 563
675 563
676 564
644 564
688 553
675 564
676 565
644 565
689 553
675 565
677 565
676 566
643 565
690 553
689 554
674 565
677 566
676 567
642 565
691 553
689 555
642 566
692 553
691 554
641 566
642 567
693 553
691 555
640 566
643 567
694 553
693 554
692 555
644 567
643 568
694 554
694 552
692 556
643 569
695 552
694 551
693 556
692 557
644 569
643 570
696 552
694 550
694 556
691 557
644 570
642 570
697 552
696 553
695 550
694 557
690 557
645 570
644 571
641 570
642 571
697 553
695 549
694 558
690 558
645 571
644 572
640 570
698 553
696 549
695 558
690 559
646 571
643 572
639 570
699 553
696 548
695 559
690 560
646 572
643 573
638 570
639 571
699 552
696 547
696 559
695 560
691 560
689 560
647 572
646 573
642 573
643 574
637 570
700 552
695 547
697 559
695 561
688 560
689 561
648 572
644 574
643 575
637 571
637 569
701 552
695 546
698 559
697 560
695 562
688 561
688 559
689 562
649 572
584 741
644 575
637 572
637 568
702 552
701 553
701 551
695 545
699 559
698 558
695 563
687 561
649 573
649 571
644 576
636 572
636 568
637 567
701 554
701 550
694 545
700 559
698 557
695 564
686 561
650 573
649 574
649 570
645 576
644 577
702 554
701 555
702 550
700 550
693 545
701 559
700 560
695 565
685 561
686 562
648 574
649 575
650 570
643 577
700 555
702 549
702 559
700 561
695 566
685 560
648 575
651 570
650 569
699 555
700 556
702 548
702 560
702 558
701 561
696 566
694 566
648 576
651 571
650 568
698 555
702 547
701 562
697 566
693 566
648 577
651 572
651 568
701 547
702 562
701 563
698 566
697 565
692 566
649 577
648 578
652 572
700 547
701 546
702 563
700 563
699 566
698 565
692 567
692 565
647 578
648 579
653 572
701 545
700 566
692 568
692 564
648 580
653 573
700 545
701 544
701 566
700 565
691 568
649 580
647 580
654 573
699 545
700 544
702 544
701 567
691 569
649 581
646 580
655 573
699 544
700 543
703 544
702 543
701 568
690 569
649 582
646 579
655 574
655 572
699 543
704 544
689 569
690 570
650 582
649 583
645 579
699 542
705 544
689 570
689 568
690 571
651 582
649 584
644 579
706 544
689 571
688 568
691 571
651 583
651 581
643 579
644 580
707 544
706 543
688 571
687 568
691 572
652 583
651 580
644 581
708 544
706 542
686 568
687 567
692 572
691 573
652 584
651 579
643 581
644 582
708 545
707 542
705 542
686 569
686 567
687 566
693 572
692 573
691 574
653 584
652 585
652 579
644 583
708 542
704 542
685 569
686 570
694 572
692 574
690 574
654 584
653 579
645 583
643 583
708 541
704 541
692 575
690 575
655 584
646 583
709 541
708 540
703 541
704 540
692 576
690 576
655 585
647 583
646 582
710 541
707 540
703 540
691 576
689 576
655 586
710 542
703 539
691 577
688 576
689 577
656 586
711 542
710 543
702 539
703 538
691 578
687 576
688 577
656 587
711 543
701 539
702 538
704 538
692 578
691 579
686 576
657 587
702 537
704 537
692 579
691 580
658 587
701 537
691 581
658 588
701 536
690 581
659 588
658 589
700 536
701 535
660 588
700 535
702 535
701 534
660 589
703 535
661 589
662 589
661 590
663 589
661 591
664 589
663 590
665 589
664 588
665 590
665 591
665 592
666 592
664 592
665 593
667 592
666 593
667 593
666 594
666 595
666 596
667 596
665 596
666 597
668 596
664 596
665 597
668 597
665 598
668 598
664 598
665 599
668 599
663 598
665 600
669 599
667 599
662 598
663 599
665 601
669 600
661 598
665 602
670 600
666 602
664 602
665 603
670 601
663 602
665 604
662 602
664 604
662 603
662 601
664 605
661 601
664 606
660 601
665 606
663 606
659 601
660 600
665 607
662 606
658 601
659 600
666 607
665 608
661 606
662 607
658 600
659 599
667 607
660 606
662 608
657 600
659 598
667 608
667 606
660 607
663 608
656 600
658 598
659 597
668 606
663 609
655 600
660 597
663 610
655 599
664 610
663 611
654 599
655 598
665 610
662 611
653 599
656 598
655 597
666 610
661 611
662 612
652 599
653 600
653 598
656 597
655 596
667 610
660 611
662 613
652 600
656 596
655 595
659 611
663 613
651 600
654 595
658 611
659 612
663 614
650 600
651 601
653 595
663 615
649 600
650 601
650 599
652 595
653 594
662 615
649 601
649 599
650 598
652 596
652 594
653 593
661 615
662 616
650 597
651 594
652 593
653 592
660 615
662 617
650 594
659 615
663 617
661 617
664 617
660 617
661 618
665 617
664 618
664 616
661 619
666 617
660 619
661 620
666 616
659 619
661 621
666 615
658 619
659 620
662 621
661 622
657 619
658 620
663 621
658 621
664 621
663 620
657 621
665 621
664 622
663 619
656 621
666 621
664 623
656 622
656 620
666 622
666 620
664 624
656 623
655 620
666 623
667 620
664 625
656 624
654 620
655 619
666 624
665 625
656 625
653 620
654 619
667 624
652 620
654 618
668 624
651 620
652 621
652 619
669 624
650 620
651 619
670 624
649 620
650 619
670 625
670 623
648 620
671 625
670 622
647 620
648 621
648 619
671 626
670 621
647 621
647 619
648 622
672 626
671 627
670 620
647 618
673 626
670 627
670 619
646 618
669 627
670 628
670 618
645 618
646 617
670 629
671 618
669 618
644 618
645 619
645 617
671 629
670 630
671 617
668 618
644 617
645 616
671 630
672 617
671 616
668 619
643 617
644 616
645 615
671 631
673 617
670 616
671 615
642 617
646 615
672 631
674 617
670 615
641 617
642 618
642 616
647 615
672 632
675 617
670 614
642 619
642 615
648 615
673 632
672 633
675 618
670 613
641 619
642 620
643 615
642 614
649 615
648 614
674 632
672 634
676 618
669 613
640 619
642 621
642 613
648 613
675 632
674 631
671 634
640 620
643 621
641 621
648 612
670 634
640 621
644 621
647 612
648 611
670 635
644 622
646 612
647 611
649 611
670 636
644 623
645 612
647 610
671 636
669 636
670 637
645 623
645 613
647 609
672 636
668 636
669 637
645 624
646 609
673 636
668 637
668 635
646 624
645 625
674 636
668 638
668 634
646 625
645 626
675 636
674 637
668 639
667 634
668 633
647 625
646 626
644 626
676 636
675 637
674 638
667 639
668 640
666 634
668 632
646 627
643 626
676 635
674 639
668 641
665 634
646 628
643 627
677 635
673 639
667 641
647 628
643 628
678 635
677 634
672 639
642 628
643 629
678 636
678 634
671 639
672 640
644 629
678 637
678 633
671 640
672 641
644 630
679 637
677 637
678 638
679 633
678 632
673 641
672 642
645 630
644 631
680 637
679 638
680 633
672 643
646 630
645 631
643 631
644 632
681 637
679 639
680 632
672 644
646 631
643 632
682 637
680 639
681 632
672 645
646 632
642 632
682 638
680 640
681 631
673 645
672 646
646 633
641 632
683 638
680 641
681 630
674 645
671 646
647 633
646 634
640 632
684 638
681 641
681 629
674 646
648 633
645 634
646 635
640 633
640 631
685 638
684 639
684 637
682 641
681 642
675 646
674 647
649 633
648 632
647 635
646 636
639 633
639 631
686 638
685 637
684 640
681 643
676 646
674 648
647 636
639 630
687 638
686 637
684 641
680 643
681 644
677 646
648 636
647 637
638 630
639 629
688 638
687 639
686 636
679 643
681 645
677 647
648 637
647 638
638 629
639 628
689 638
688 639
686 635
682 645
680 645
678 647
649 637
646 638
647 639
640 628
639 627
687 635
686 634
680 646
678 648
650 637
645 638
640 627
639 626
685 634
679 646
679 648
678 649
651 637
650 638
645 639
645 637
684 634
679 649
652 637
644 637
653 637
652 638
652 636
643 637
654 637
652 635
642 637
643 638
654 638
653 635
642 638
655 638
654 635
642 639
654 634
641 639
642 640
655 634
640 639
641 640
656 634
639 639
657 634
656 635
638 639
657 633
638 640
638 638
637 640
638 641
638 637
636 640
638 642
637 637
635 640
636 639
639 642
638 643
635 639
636 638
639 643
637 643
634 639
635 638
639 644
636 643
637 644
633 639
639 645
635 643
636 644
637 645
633 640
633 638
634 643
635 642
636 645
636 646
636 647
636 648
635 648
636 649
634 648
636 650
633 648
634 649
634 647
636 651
632 648
633 647
634 650
637 651
635 651
631 648
633 646
638 651
635 652
632 646
638 652
634 652
632 645
638 653
634 653
631 645
639 653
634 654
630 645
639 654
635 654
629 645
640 654
636 654
635 655
628 645
629 646
641 654
635 656
627 645
628 646
642 654
641 655
636 656
635 657
627 644
628 647
642 653
635 658
627 647
628 648
643 653
642 652
636 658
635 659
628 649
644 653
642 651
637 658
635 660
627 649
644 652
638 658
637 657
635 661
644 651
638 657
636 661
634 661
635 662
644 650
639 657
638 656
637 661
633 661
635 663
638 655
638 661
637 662
632 661
636 663
635 664
632 662
632 660
636 664
634 664
632 663
631 660
634 665
633 663
632 664
631 659
633 665
631 664
632 665
630 659
631 658
631 665
629 659
632 658
631 657
631 666
628 659
630 657
630 666
631 667
627 659
628 660
630 667
632 667
626 659
627 660
627 658
628 661
629 667
632 668
626 660
627 657
632 669
625 660
627 656
633 669
631 669
624 660
628 656
627 655
634 669
623 660
629 656
627 654
635 669
622 660
629 655
627 653
636 669
622 661
622 659
629 654
626 653
627 652
636 670
621 661
622 662
621 659
629 653
627 651
636 671
621 662
622 663
620 659
628 651
626 651
637 671
620 662
621 663
623 663
620 658
626 650
638 671
637 672
624 663
619 658
625 650
639 671
638 672
625 663
618 658
619 657
639 670
638 673
625 664
617 658
618 659
618 657
640 670
639 669
638 674
626 664
616 658
618 660
641 670
640 669
639 674
637 674
615 658
616 657
619 660
617 660
640 668
640 674
637 675
615 659
640 675
614 659
641 675
613 659
614 660
642 675
614 661
643 675
613 661
614 662
644 675
643 676
612 661
615 662
643 677
611 661
616 662
615 663
642 677
610 661
611 662
617 662
616 661
615 664
641 677
642 678
609 661
618 662
614 664
640 677
642 679
608 661
609 660
618 663
613 664
614 665
640 678
642 680
607 661
608 660
609 659
618 664
639 678
643 680
606 661
607 662
608 659
610 659
619 664
639 679
644 680
605 661
607 663
619 665
638 679
639 680
644 681
604 661
605 662
605 660
607 664
619 666
637 679
639 681
645 681
604 660
605 663
608 664
607 665
638 681
639 682
646 681
603 660
606 665
607 666
637 681
640 682
646 682
646 680
602 660
607 667
637 682
641 682
646 683
646 679
602 661
606 667
607 668
636 682
637 683
641 683
641 681
647 683
646 678
601 661
606 668
607 669
635 682
637 684
648 683
647 678
600 661
601 662
605 668
606 669
607 670
636 684
648 684
647 677
600 660
601 663
606 670
636 685
649 684
647 676
600 659
600 663
636 686
650 684
599 659
636 687
650 685
650 683
598 659
599 658
636 688
650 686
597 659
599 657
636 689
651 686
650 687
599 656
637 689
635 689
649 687
650 688
600 656
599 655
634 689
650 689
601 656
600 655
598 655
633 689
634 688
649 689
602 656
601 657
597 655
632 689
633 690
633 688
634 687
648 689
649 690
602 657
602 655
596 655
631 689
632 690
633 691
633 687
647 689
649 691
602 658
595 655
596 654
630 689
631 690
632 691
633 692
646 689
649 692
603 658
594 655
595 654
632 692
645 689
649 693
593 655
594 654
631 692
644 689
649 694
592 655
594 653
630 692
631 693
643 689
644 688
650 694
649 695
591 655
592 656
592 654
594 652
629 692
631 694
643 690
650 695
590 655
592 657
593 652
629 691
630 694
631 695
643 691
651 695
589 655
592 658
593 651
629 690
643 692
652 695
651 696
588 655
589 656
593 658
591 658
592 651
628 690
651 697
588 654
594 658
591 659
627 690
651 698
587 654
595 658
590 659
591 660
626 690
627 689
651 699
586 654
589 659
592 660
591 661
625 690
626 691
627 688
651 700
585 654
589 658
593 660
591 662
624 690
626 692
627 687
652 700
585 655
585 653
592 662
626 693
626 687
653 700
584 653
585 652
593 662
626 694
626 686
654 700
653 701
653 699
584 652
593 663
626 695
626 685
654 701
653 702
584 651
594 663
593 664
627 695
625 695
625 685
655 701
652 702
584 650
595 663
593 665
627 696
625 696
625 684
655 702
651 702
584 649
596 663
594 665
593 666
625 697
625 683
655 703
584 648
596 664
596 662
592 666
593 667
625 698
625 682
656 703
655 704
584 647
591 666
594 667
625 699
626 682
625 681
657 703
655 705
584 646
625 700
624 681
625 680
657 704
657 702
654 705
584 645
624 700
625 701
624 680
625 679
657 705
657 701
653 705
584 644
623 700
625 702
623 680
625 678
657 706
658 701
652 705
653 706
585 644
583 644
622 700
626 702
626 678
624 678
625 677
657 707
659 701
651 705
653 707
586 644
585 643
582 644
621 700
627 702
624 677
625 676
658 707
657 708
660 701
652 707
586 645
585 642
581 644
582 645
621 701
621 699
628 702
624 676
659 707
658 708
651 707
587 645
580 644
620 701
621 698
628 703
623 676
660 707
658 709
650 707
587 646
579 644
620 702
620 698
629 703
623 675
661 707
658 710
650 708
588 646
587 647
578 644
579 643
619 698
630 703
629 704
662 707
661 708
661 706
659 710
650 709
589 646
578 643
579 642
618 698
619 699
630 702
663 707
662 708
660 710
650 710
590 646
589 645
580 642
579 641
617 698
630 701
664 707
663 706
660 711
650 711
590 645
581 642
580 641
578 641
579 640
616 698
630 700
664 708
663 705
661 711
650 712
582 642
581 641
577 641
579 639
615 698
616 697
631 700
629 700
665 708
664 705
663 704
661 712
649 712
576 641
579 638
615 699
628 700
666 708
664 704
661 713
649 713
575 641
580 638
578 638
579 637
614 699
627 700
667 708
665 704
660 713
648 713
649 714
574 641
580 637
613 699
614 700
668 708
647 713
649 715
573 641
574 642
581 637
614 701
669 708
668 707
650 715
648 715
572 641
573 640
574 643
582 637
581 636
613 701
669 709
669 707
651 715
648 716
572 640
582 638
612 701
670 709
669 706
652 715
647 716
572 639
583 638
582 639
612 702
671 709
670 706
669 705
653 715
652 716
646 716
571 639
584 638
611 702
672 709
671 710
671 706
670 705
669 704
652 717
570 639
585 638
584 639
610 702
671 711
670 704
669 703
652 718
569 639
586 638
585 637
609 702
672 711
671 712
671 704
668 703
653 718
652 719
568 639
587 638
586 637
609 703
672 712
672 704
667 703
654 718
652 720
567 639
587 639
609 704
672 713
672 703
666 703
667 702
655 718
654 717
653 720
651 720
566 639
588 639
609 705
673 713
672 714
672 702
667 701
650 720
651 721
565 639
588 640
609 706
674 713
673 714
671 714
673 702
668 701
651 722
564 639
565 640
589 640
588 641
610 706
608 706
675 713
674 714
673 715
671 715
674 702
668 700
652 722
650 722
651 723
563 639
565 641
590 640
587 641
610 707
607 706
608 707
675 714
671 716
675 702
649 722
651 724
562 639
563 640
566 641
565 642
591 640
590 639
587 642
606 706
608 708
676 714
671 717
675 703
648 722
652 724
650 724
561 639
562 638
563 641
566 642
565 643
592 640
590 638
587 643
605 706
607 708
677 714
647 722
653 724
560 639
561 638
565 644
592 641
591 638
590 637
588 643
604 706
605 707
605 705
606 708
677 715
677 713
646 722
559 639
561 637
566 644
564 644
593 641
592 642
592 638
590 636
589 643
603 706
605 708
678 715
677 712
646 723
558 639
567 644
566 645
563 644
593 642
593 638
592 637
591 636
590 635
603 705
679 715
678 716
678 712
557 639
558 640
567 643
593 643
592 636
589 635
590 634
602 705
680 715
678 717
678 711
556 639
557 640
557 638
568 643
593 644
593 636
588 635
601 705
680 714
677 717
678 718
556 638
557 641
569 643
593 645
594 636
587 635
600 705
601 704
676 717
679 718
555 638
556 637
557 642
570 643
569 644
593 646
595 636
594 637
594 635
586 635
587 634
600 706
675 717
680 718
679 719
554 638
556 636
557 643
571 643
570 642
569 645
594 646
592 646
593 647
594 634
585 635
599 706
674 717
675 718
679 720
553 638
554 639
556 635
557 644
572 643
570 641
570 645
568 645
569 646
595 646
598 706
599 707
674 718
675 719
678 720
679 721
552 638
557 635
558 644
556 644
572 644
571 645
569 647
596 646
595 645
598 705
599 708
674 719
676 719
678 721
552 637
555 644
573 644
571 646
569 648
596 647
597 705
599 709
674 720
677 721
552 636
554 644
555 643
572 646
568 648
597 704
600 709
599 710
674 721
551 636
552 635
553 644
567 648
568 649
597 703
599 711
673 721
674 722
550 636
552 634
553 643
567 649
596 703
597 702
599 712
672 721
675 722
549 636
553 634
552 643
595 703
598 702
598 712
672 722
675 723
548 636
549 637
551 643
598 701
597 712
598 713
671 722
675 724
547 636
548 635
550 643
551 642
598 700
598 714
671 723
676 724
674 724
546 636
547 637
550 644
599 700
598 699
598 715
677 724
673 724
545 636
546 635
550 645
600 700
597 699
597 715
678 724
673 725
544 636
545 637
550 646
601 700
600 701
597 698
596 715
679 724
678 725
673 726
543 636
544 635
545 638
551 646
550 647
602 700
601 699
597 697
595 715
596 716
596 714
679 723
678 726
674 726
672 726
542 636
543 637
543 635
544 634
552 646
602 701
601 698
596 697
594 715
595 714
596 717
680 723
679 726
674 727
671 726
542 635
543 638
544 633
552 647
602 702
602 698
601 697
595 697
593 715
594 716
595 713
595 717
596 718
680 726
674 728
671 727
545 633
543 633
544 632
553 647
552 648
603 702
601 702
594 697
593 716
594 713
680 727
673 728
674 729
545 632
542 633
554 647
552 649
593 697
592 716
594 712
681 727
680 728
674 730
545 631
541 633
555 647
554 646
553 649
593 696
591 716
594 711
673 730
545 630
540 633
555 648
555 646
553 650
592 696
590 716
591 717
672 730
673 731
546 630
545 629
539 633
556 648
592 695
591 718
671 730
547 630
544 629
539 632
591 695
592 694
591 719
670 730
671 731
547 631
543 629
544 628
592 693
590 719
669 730
670 731
542 629
593 693
589 719
668 730
541 629
542 628
593 692
588 719
667 730
541 630
541 628
593 691
587 719
588 720
666 730
667 729
540 630
541 627
594 691
588 721
666 731
667 728
540 631
541 626
595 691
594 690
589 721
587 721
588 722
665 731
666 728
667 727
542 626
540 626
596 691
595 690
594 689
586 721
664 731
665 732
667 726
597 691
595 689
593 689
585 721
664 732
664 730
665 733
668 726
666 726
597 692
596 689
592 689
584 721
585 722
585 720
663 732
663 730
665 734
665 726
666 725
597 693
597 689
592 690
592 688
583 721
585 723
662 732
666 734
665 727
598 693
597 694
598 689
591 688
592 687
583 720
586 723
585 724
661 732
666 735
598 694
596 694
597 695
591 687
593 687
583 719
586 724
661 733
667 735
666 736
599 694
598 695
596 695
590 687
594 687
583 718
586 725
661 734
667 736
665 736
599 695
589 687
590 686
584 718
586 726
661 735
589 688
585 718
586 727
662 735
660 735
589 689
586 728
662 736
659 735
660 736
590 689
589 690
587 728
663 736
662 737
658 735
659 736
660 737
588 690
588 728
662 738
657 735
587 690
588 729
588 727
661 738
662 739
657 736
657 734
588 730
589 727
588 726
663 739
588 731
587 731
588 732
587 732
589 732
590 732
591 732
590 733
590 731
592 732
591 733
592 731
591 734
592 730
592 734
591 735
593 730
592 729
591 736
591 729
592 728
592 736
590 736
593 728
592 727
592 737
594 728
593 727
591 727
592 738
593 726
593 738
591 738
592 739
590 738
592 740
589 738
593 740
592 741
589 739
589 737
594 740
591 741
588 739
589 740
595 740
587 739
586 739
585 739
584 739
585 738
583 739
585 737
582 739
583 740
586 737
581 739
582 740
586 736
581 738
582 741
586 735
581 737
581 741
585 735
581 742
585 734
581 743
582 743
583 743
584 743
584 742
585 742
544 594
