1022 627
1059 608
763 741
690 634
754 707
662 620
755 765
704 629
942 505
653 620
794 636
721 561
771 638
879 659
650 584
781 650
952 518
752 654
738 867
971 433
768 767
753 648
748 842
670 598
633 616
1015 502
661 588
710 748
707 575
960 478
1091 552
1101 575
863 646
989 471
648 616
966 484
654 583
789 657
1019 635
729 719
874 653
1081 549
741 867
692 581
753 783
749 762
728 860
646 583
779 654
1071 609
777 645
1099 578
675 577
1081 595
1058 605
760 753
798 647
637 553
751 853
1096 578
691 614
712 568
736 770
645 549
768 780
779 652
1086 599
873 670
740 837
755 772
1028 644
629 542
716 768
634 542
642 573
663 588
864 644
760 845
721 570
972 431
728 865
757 758
693 581
1094 600
1099 563
1018 500
878 663
718 753
700 616
625 535
1064 607
800 652
636 552
751 757
675 578
801 625
721 569
714 650
946 509
674 622
743 762
1014 500
969 433
791 832
747 863
729 860
782 651
1018 631
1088 559
782 644
864 657
775 765
785 643
1023 645
630 620
769 654
710 562
1020 647
749 754
724 643
631 614
680 640
770 660
769 653
864 656
982 466
870 655
676 575
766 767
642 578
675 634
753 867
797 622
770 761
704 628
741 720
718 755
778 644
1026 653
800 650
633 548
1088 613
670 582
758 766
749 731
663 599
1024 653
732 854
667 629
712 747
698 612
754 783
755 773
1022 623
756 776
666 587
661 622
724 663
1089 546
761 849
675 597
758 789
1071 612
649 562
1079 595
748 723
735 775
859 638
1102 568
728 778
649 610
1088 603
757 704
634 545
751 706
692 578
716 761
1099 572
746 865
754 777
634 615
657 624
643 580
1088 612
667 626
1065 607
764 771
656 624
701 621
743 768
666 599
1023 647
743 724
755 691
1082 530
971 475
755 794
707 621
868 648
702 616
987 591
630 614
875 665
1098 610
706 571
664 589
1028 643
699 592
1086 533
701 632
703 653
776 657
746 757
685 637
781 775
977 438
940 516
757 769
635 538
949 494
932 511
732 722
678 614
724 862
787 652
651 614
648 621
705 576
1078 597
770 759
1090 555
747 846
698 589
759 711
759 670
859 643
691 619
742 717
1097 579
675 621
798 622
1014 605
866 658
739 762
673 575
976 441
873 661
1085 539
652 611
659 622
750 715
759 765
960 477
874 671
723 648
763 656
779 773
690 636
735 873
749 758
1073 619
932 516
682 577
703 578
748 702
1101 568
1085 551
723 667
734 870
969 436
690 586
748 705
793 636
654 614
652 612
732 719
953 487
696 616
719 572
766 638
861 640
1092 614
949 497
707 653
711 566
653 606
844 640
742 768
692 580
779 653
702 578
933 511
712 635
679 581
1089 588
644 579
757 782
983 464
629 544
671 627
951 517
643 553
685 627
745 762
754 765
752 848
800 648
669 567
752 852
745 868
708 619
1086 594
759 655
647 550
755 689
766 637
653 602
707 641
701 633
878 670
1092 609
709 752
754 788
721 574
976 465
729 782
766 657
775 766
760 788
757 710
707 568
951 475
961 477
652 618
761 667
753 667
754 741
965 480
1069 609
758 711
658 618
756 848
1094 552
755 842
727 567
650 617
767 766
1015 496
1096 616
1019 501
758 759
691 629
1018 492
657 605
710 766
674 600
878 667
687 638
660 603
714 770
800 656
773 656
673 590
749 704
729 720
745 727
700 574
732 718
754 847
750 856
768 648
1083 523
753 786
649 616
652 600
873 668
675 627
739 865
753 863
669 563
729 775
1087 534
728 727
673 591
733 867
711 624
1084 538
752 757
763 654
762 767
645 548
758 757
704 623
791 622
938 509
654 620
799 648
944 514
969 474
781 771
675 608
962 452
1024 520
718 649
1012 496
734 869
753 700
731 707
875 659
762 741
762 753
772 656
994 593
708 620
712 560
675 566
773 768
734 873
728 777
678 597
653 603
716 708
776 638
678 633
704 574
1020 636
1098 563
666 588
726 696
650 572
635 547
756 845
706 640
658 575
758 694
778 635
753 774
683 639
1096 607
1057 609
749 767
752 653
1082 545
746 719
1091 589
874 655
764 785
727 566
943 498
763 752
711 568
864 649
752 645
701 573
1056 605
641 608
694 611
760 765
873 672
728 774
639 583
1093 614
690 627
669 600
644 554
778 773
961 454
642 607
636 549
719 578
877 670
728 716
724 863
745 867
1086 556
1006 508
672 563
729 781
751 644
798 639
753 793
657 586
738 702
725 863
652 617
742 706
928 511
1102 571
1087 583
980 458
779 649
672 562
755 697
717 565
680 596
649 604
757 775
949 474
767 638
706 625
642 579
671 600
762 725
710 645
1101 566
873 654
976 434
940 502
751 702
769 743
966 439
651 581
722 762
675 629
737 715
693 580
1073 615
1016 494
697 578
709 650
980 467
628 541
754 797
853 638
937 507
673 630
861 641
699 632
800 651
720 719
689 620
752 708
1024 500
713 651
763 750
755 681
646 579
755 845
671 624
668 596
699 576
770 718
631 582
1080 545
675 609
751 769
751 730
634 540
754 676
785 663
1027 651
768 749
845 641
699 630
1020 646
732 858
1021 633
731 725
724 723
709 562
1017 621
654 605
742 713
952 478
755 871
645 552
720 770
1006 504
720 768
647 574
1084 618
672 591
745 746
970 474
755 797
717 705
749 859
1089 613
746 758
1013 497
671 628
741 717
1091 558
1012 504
718 569
656 574
1014 496
672 623
669 591
742 840
1093 577
680 628
649 565
778 654
755 668
755 738
708 626
740 869
711 761
981 461
934 508
708 575
713 751
746 750
883 661
709 748
730 860
858 643
953 490
714 568
720 578
658 619
728 765
701 571
1092 552
654 610
844 645
764 744
1075 616
948 498
741 774
753 860
745 747
945 494
695 592
726 772
722 562
1091 548
941 499
730 724
978 476
776 633
1095 606
852 641
630 621
677 575
946 510
755 735
705 640
1090 581
803 623
970 435
1019 646
668 633
675 598
695 587
861 642
961 475
1026 633
720 763
678 631
727 776
646 575
792 662
798 645
648 586
1093 600
711 647
1020 626
1078 545
763 753
862 657
744 867
676 600
640 579
943 514
776 635
679 613
786 639
631 612
801 642
750 839
1034 649
740 864
797 638
1094 578
696 615
725 564
732 709
743 747
730 707
800 641
758 730
973 465
750 765
943 502
1090 617
705 627
686 639
698 590
800 647
673 588
769 640
1034 639
791 835
1080 548
645 579
752 798
666 589
748 752
709 756
783 775
1064 609
891 586
778 764
951 497
1093 581
675 628
1090 604
1097 609
774 760
710 619
749 849
764 726
1025 517
773 640
1087 532
764 767
944 495
701 605
626 538
747 868
969 441
676 608
732 700
970 444
684 630
879 665
675 613
739 720
678 578
798 626
728 864
749 668
1014 503
756 775
748 844
714 629
743 763
980 475
757 790
786 664
741 840
672 632
736 720
675 594
716 706
689 614
1082 525
677 612
763 657
641 553
754 729
657 581
699 591
770 760
754 864
740 839
653 598
746 760
865 652
805 630
755 841
978 435
971 435
674 624
707 626
754 853
843 640
799 658
1009 502
1072 609
767 743
661 577
778 770
762 790
763 729
720 560
780 645
655 573
724 762
868 644
661 604
760 652
786 659
744 864
631 621
775 638
740 868
694 592
728 717
686 635
719 576
760 745
633 538
645 553
679 631
712 650
628 542
1100 564
1008 504
1019 502
719 713
762 729
695 586
757 666
1032 638
969 442
680 580
709 641
755 690
643 615
762 775
941 504
968 432
778 765
707 577
968 447
750 728
691 582
722 666
1019 625
1092 546
1091 555
660 602
681 625
753 649
1087 584
738 706
960 456
770 762
720 769
1021 626
1059 607
748 865
709 755
965 477
843 636
699 634
665 626
732 861
708 570
981 458
661 620
646 619
726 660
979 455
672 564
1092 606
675 610
770 652
653 586
875 671
744 747
684 625
798 634
1101 569
718 760
693 617
971 447
802 644
741 763
730 720
720 668
974 431
754 867
769 766
786 637
629 624
937 511
949 485
1099 606
741 869
970 447
780 775
682 617
737 701
950 484
739 765
756 792
715 717
1008 500
752 706
763 847
718 762
841 647
724 719
754 698
698 599
679 593
980 456
984 611
649 623
672 579
752 730
970 450
1097 571
711 567
630 539
959 458
865 645
1097 561
716 750
727 703
647 618
952 490
753 848
751 732
760 768
714 569
721 714
675 604
695 591
645 581
724 646
702 575
797 657
748 669
676 579
742 841
708 650
676 632
723 568
1089 553
734 865
675 616
1021 640
682 630
667 627
737 840
972 474
710 751
1028 635
636 548
796 657
736 839
1010 501
1080 547
1073 610
672 626
724 562
727 660
741 712
787 661
720 664
738 865
1088 606
771 764
753 703
685 625
775 771
791 831
650 574
964 477
694 578
844 639
655 582
716 720
707 570
733 693
649 601
728 720
690 616
690 615
670 581
648 604
942 503
852 639
1032 640
667 632
951 474
671 586
647 620
754 846
787 659
1015 604
1015 503
700 594
1088 584
727 664
749 867
657 578
977 467
753 691
754 677
715 765
877 662
969 447
686 587
656 626
944 508
671 614
947 510
774 763
843 646
765 728
882 661
1027 635
770 763
739 864
950 473
989 469
689 634
1081 618
796 624
1076 619
772 661
677 623
649 619
695 588
975 435
1086 536
721 559
848 641
676 601
741 718
757 669
951 495
1095 615
954 474
966 430
661 624
780 773
752 667
799 628
957 478
766 780
647 587
1085 531
751 655
675 590
757 694
691 631
952 495
654 611
1090 544
753 701
1013 603
1032 646
651 624
1088 591
795 638
1018 633
1012 604
1091 559
880 659
1094 548
685 587
635 535
779 644
728 780
922 639
723 564
649 564
750 771
656 575
744 865
686 588
773 659
667 580
1015 493
678 621
802 621
765 744
963 450
942 517
739 708
952 473
732 699
755 665
764 741
755 730
692 636
864 650
673 614
715 707
1075 617
713 747
761 754
1101 571
1092 607
764 727
755 776
693 619
711 758
1099 573
704 625
694 636
864 639
1022 498
1090 577
644 606
1087 601
1103 567
775 763
681 589
653 611
801 622
756 765
752 650
757 658
655 600
747 861
633 547
664 577
744 719
754 683
1088 536
626 540
1023 520
1032 647
744 705
746 770
647 570
752 765
713 759
864 659
667 631
689 632
705 747
682 579
864 652
703 629
765 751
1084 596
1092 557
734 715
1013 500
721 573
676 611
761 666
739 704
714 751
1088 589
1089 602
1011 504
800 654
677 617
752 646
933 515
633 582
739 775
647 569
1087 536
776 640
682 580
1017 623
664 588
677 616
1026 646
645 578
803 628
733 723
710 560
701 620
760 852
761 743
1022 638
715 767
753 704
945 514
731 706
1019 499
875 667
674 626
748 761
722 664
708 569
753 762
1096 548
1073 614
1092 603
1084 548
1005 504
1097 612
796 634
637 616
932 515
727 695
637 583
784 644
1096 549
1086 589
877 661
639 582
771 768
793 652
764 751
713 761
706 751
1071 611
747 854
793 623
858 638
783 773
769 719
776 653
709 757
801 646
1021 638
1083 546
756 657
720 767
742 835
673 565
767 654
671 571
754 869
1063 607
634 549
682 616
762 830
760 728
662 619
734 713
695 585
715 705
1015 605
691 630
943 501
1059 606
1087 614
723 649
700 571
652 619
759 848
1022 630
680 593
710 752
772 760
746 864
741 836
938 510
1028 649
766 751
694 583
794 657
757 696
635 581
672 565
634 585
1022 502
722 668
660 577
677 607
708 644
755 791
754 700
750 769
740 715
724 661
761 766
659 605
1015 500
753 847
759 766
1073 617
757 735
797 624
704 637
759 787
701 619
702 640
756 730
666 625
1022 640
726 698
749 670
757 757
721 864
685 626
1092 613
712 652
714 762
753 653
1091 556
688 638
652 606
1087 613
681 581
766 746
705 571
761 784
645 603
699 594
1094 605
940 506
715 568
695 590
677 621
732 859
765 770
680 629
947 515
1033 639
968 444
949 515
878 664
766 791
865 642
758 787
705 751
937 509
955 479
716 653
636 579
740 704
755 781
854 647
705 746
1060 606
632 538
864 643
934 513
639 553
780 648
787 638
717 720
722 568
1013 601
971 452
714 745
977 475
758 670
869 651
726 647
733 864
873 660
741 704
720 771
759 741
1103 566
762 786
970 436
762 660
718 768
1025 650
1093 605
1073 605
726 664
745 843
952 496
678 577
712 753
750 731
1070 605
653 604
1099 575
721 711
634 583
970 452
756 790
718 704
651 587
982 467
765 790
939 510
688 586
671 613
1087 593
1084 617
631 580
646 584
1087 603
798 658
738 701
757 781
952 479
689 616
699 574
982 474
1081 551
716 716
756 704
781 643
736 701
763 754
754 860
740 765
800 622
945 496
1085 526
683 630
976 464
744 760
733 855
658 574
780 770
648 568
751 854
743 706
1100 575
766 788
668 620
709 754
645 605
663 624
714 764
755 677
802 629
1095 578
649 582
711 635
720 575
769 650
672 613
758 848
976 442
739 867
726 863
773 769
645 618
649 613
1074 616
646 551
978 458
1095 551
748 706
1023 639
792 653
751 720
795 639
692 620
944 502
708 752
667 591
708 562
739 836
1098 615
724 770
754 758
673 586
643 574
864 651
1093 551
758 739
760 666
1024 521
672 631
949 498
741 726
756 698
800 649
675 591
724 771
933 514
708 750
671 629
750 772
1090 548
756 846
1016 603
938 507
753 798
703 639
1033 641
936 507
752 767
740 836
781 651
785 654
727 862
750 773
726 665
799 627
880 667
1056 609
630 543
671 579
731 859
711 760
648 611
758 671
966 446
674 620
744 723
671 618
670 629
642 574
687 632
641 610
1086 586
674 625
978 469
940 503
978 462
641 607
667 601
869 655
753 787
1083 538
755 667
1022 642
960 484
682 633
640 580
702 639
683 624
663 600
741 713
977 436
730 706
735 870
730 727
640 549
656 602
764 743
865 658
953 492
769 647
680 626
1083 548
801 653
649 602
1061 607
943 495
765 788
957 482
762 744
787 635
717 753
764 742
765 785
781 773
783 645
636 617
766 785
735 722
728 699
689 586
673 608
674 598
755 846
977 458
1090 545
678 593
652 613
670 619
656 573
682 578
754 703
1096 552
680 591
1099 576
784 634
774 767
942 501
635 615
977 457
663 623
969 452
751 765
970 476
658 620
978 457
1018 623
656 581
761 652
794 656
786 643
964 453
803 631
668 580
630 538
710 563
664 601
861 639
719 575
1086 616
643 575
843 637
727 659
713 635
1094 613
694 617
721 707
739 715
727 763
675 605
647 604
725 723
740 712
776 771
689 633
881 665
767 748
758 666
670 571
672 616
670 589
1097 616
952 480
799 659
649 588
741 705
704 573
796 637
954 491
637 554
972 466
667 587
671 596
726 771
735 871
751 767
711 765
971 455
696 591
1086 532
745 728
754 782
1100 565
1081 539
848 639
957 480
730 777
712 564
741 706
656 577
771 659
720 657
1057 605
648 610
655 604
788 661
759 728
953 479
775 657
1083 539
686 632
720 762
1096 580
1026 634
757 742
673 616
784 635
749 702
766 769
761 729
685 640
721 710
980 470
757 662
981 470
742 867
748 730
795 624
931 511
974 475
966 481
634 581
859 642
647 611
737 716
877 656
842 636
765 769
1076 546
638 554
939 506
951 516
717 567
1020 623
712 561
706 570
772 660
689 628
1007 504
756 759
733 858
873 655
1083 525
716 748
660 621
698 609
979 475
1021 627
636 616
668 581
660 576
737 865
783 647
741 768
759 667
756 761
777 649
670 625
970 446
953 485
724 563
1097 575
1087 551
648 565
866 657
1083 549
1026 652
1084 619
754 779
755 688
651 565
760 744
759 652
647 619
745 729
766 655
647 575
681 586
1098 578
709 766
972 455
787 667
670 633
1084 616
1083 547
1018 625
738 703
701 635
719 720
742 719
724 721
761 744
730 725
761 711
728 772
797 626
967 484
977 435
722 657
719 707
679 595
1085 597
742 722
715 566
759 769
875 672
736 766
797 654
870 654
749 766
1019 500
658 576
770 638
977 439
755 657
1073 611
756 670
788 636
1069 608
793 625
647 549
1096 606
957 481
1095 616
775 652
674 590
863 652
971 476
851 639
736 717
858 639
753 714
1011 606
847 640
759 653
969 438
1032 636
716 652
755 786
1077 597
768 751
757 766
788 637
708 638
750 766
726 701
697 591
697 636
954 490
661 601
796 636
1085 538
696 586
747 860
701 592
1014 495
761 660
679 594
703 593
680 597
703 636
1018 635
708 643
786 641
776 642
981 476
790 661
683 628
761 741
761 654
701 631
1023 646
1095 613
715 745
796 638
751 650
740 706
1084 527
719 649
739 869
710 647
700 617
765 773
753 780
1087 592
691 584
753 656
665 589
776 763
784 643
738 839
1077 546
765 658
632 621
768 720
680 589
757 657
1073 546
842 646
748 849
715 650
1021 632
748 721
678 579
727 771
761 775
750 643
786 642
869 652
802 625
754 678
761 847
647 609
1078 594
741 719
681 641
751 714
635 549
945 495
724 647
865 655
879 667
642 553
714 753
737 864
669 592
746 753
723 864
748 701
787 654
1069 606
765 793
784 651
746 761
1019 626
771 662
985 471
1035 646
630 613
702 606
690 612
715 569
754 776
656 627
795 658
727 700
772 759
1012 605
675 620
949 484
636 544
709 574
773 645
792 628
755 693
762 655
785 666
636 582
1089 559
1090 603
951 492
751 842
994 595
766 753
653 583
771 759
755 761
725 565
681 624
933 513
756 741
730 697
1089 582
874 667
1087 587
743 715
766 790
629 615
746 755
860 641
939 504
1087 558
850 639
755 868
639 549
756 791
711 638
678 617
758 710
766 781
722 719
1028 642
956 481
748 866
981 463
1094 577
648 588
702 574
755 666
770 720
629 622
649 584
718 579
799 634
951 476
937 508
753 730
1085 527
668 579
752 864
716 762
659 576
739 716
660 601
626 541
677 567
802 659
765 747
857 638
1087 590
755 714
630 583
770 657
761 830
1023 521
744 866
681 587
730 856
771 660
677 576
792 654
754 668
984 472
696 630
641 612
749 763
964 452
748 850
692 612
758 790
703 637
636 538
1031 635
781 774
968 445
760 741
951 472
1070 609
752 758
1024 643
767 784
711 560
749 703
752 652
756 675
681 588
647 578
732 697
1008 503
777 770
774 638
715 718
712 638
651 617
767 782
732 775
745 730
749 842
674 630
763 730
1023 501
703 624
725 771
788 635
1085 550
767 773
757 732
727 701
969 443
969 439
1088 556
734 714
764 791
1097 552
777 635
798 656
713 653
735 868
766 743
688 628
648 575
644 575
722 563
683 625
705 752
800 635
734 867
759 662
687 628
1035 642
711 752
670 564
744 716
669 624
978 456
751 763
1084 620
749 753
947 497
681 640
1096 613
660 605
848 642
645 583
698 597
982 464
657 579
698 613
673 598
717 721
774 771
1091 581
748 770
983 465
740 860
1085 601
865 649
1070 608
758 764
1024 650
803 630
773 770
671 595
737 764
875 673
770 641
632 620
713 760
730 565
942 500
802 630
762 728
1098 606
728 565
701 610
1087 616
733 863
674 629
799 645
751 849
764 789
655 576
756 734
1090 547
741 775
796 633
786 656
1035 638
718 757
786 652
1057 608
875 662
719 755
690 629
950 513
740 861
694 616
747 770
772 638
747 707
709 621
672 617
756 740
747 750
755 784
753 849
732 698
949 486
758 783
656 578
1017 648
649 586
654 604
726 719
1019 624
717 716
768 743
720 720
682 576
645 607
1010 504
707 560
879 662
1097 615
660 599
1091 607
1034 642
1014 497
980 461
765 742
646 615
699 599
699 612
658 581
869 650
730 865
716 654
757 770
773 771
700 618
960 457
708 645
1089 579
698 630
723 865
754 685
638 548
718 567
669 619
1022 499
750 770
942 516
726 718
956 479
747 721
754 675
682 640
1089 578
792 663
724 645
752 849
1074 612
715 652
767 789
713 624
682 589
658 622
715 715
1084 603
721 657
756 762
761 756
715 714
735 839
755 680
682 590
762 727
755 843
958 484
769 652
748 768
742 837
723 660
718 721
736 719
724 564
792 621
749 721
740 766
954 471
1019 623
777 639
800 655
711 753
719 704
865 644
663 598
747 758
955 486
637 547
1091 576
657 574
657 580
769 720
767 780
717 750
867 647
628 615
787 657
735 765
661 623
804 630
977 463
730 726
974 457
864 653
711 764
677 598
756 738
703 574
950 514
702 621
964 450
765 729
751 866
655 577
680 625
703 626
749 720
761 655
1074 617
1091 545
750 654
690 610
627 539
783 774
879 668
750 667
958 458
637 581
1022 632
765 791
783 651
846 641
974 454
966 448
732 855
657 622
705 625
719 577
710 641
1012 500
714 560
1029 647
965 450
774 637
758 657
738 714
707 576
755 760
952 483
670 613
753 728
965 481
1085 532
737 703
750 763
798 655
735 694
756 687
691 615
755 872
789 661
676 597
766 745
723 563
951 480
712 637
785 635
773 760
1021 499
648 587
955 485
691 612
975 476
775 641
948 514
672 566
1059 611
743 835
776 760
1028 650
1028 651
864 647
981 460
1036 646
988 469
1017 647
666 634
665 581
799 632
797 625
1093 553
763 658
845 642
644 578
751 718
647 577
764 658
754 778
1023 502
753 775
753 708
682 591
755 671
745 719
670 594
669 625
979 470
730 864
933 512
646 548
741 715
720 580
699 600
753 764
1007 500
880 658
645 606
750 865
975 434
724 718
754 761
767 753
1028 648
757 738
771 640
697 607
795 623
749 729
1073 609
754 870
669 580
744 835
1027 646
762 730
797 627
1075 615
740 774
751 841
630 622
963 477
708 651
720 574
1085 616
759 671
737 774
692 635
774 643
666 591
728 861
857 642
685 639
766 654
695 610
625 538
656 604
954 496
724 642
1059 609
636 545
1092 602
746 754
756 756
1085 599
669 589
637 584
718 568
729 854
845 643
978 465
703 622
742 727
969 476
771 658
1014 603
864 641
779 770
676 616
755 674
1098 577
753 852
761 668
800 645
1031 648
970 454
765 777
975 456
792 623
1014 499
947 496
723 567
715 567
951 518
1087 533
1092 547
1029 642
760 730
789 835
754 706
876 671
633 540
790 657
631 538
977 465
773 763
700 608
766 752
747 844
1088 555
693 592
1092 612
722 715
697 635
722 649
1092 600
972 433
672 589
769 752
864 645
712 764
673 599
737 720
637 582
1073 616
1092 550
709 559
974 465
878 662
950 495
768 752
626 539
697 590
753 647
731 697
731 720
962 453
739 866
744 725
881 660
708 618
752 655
978 613
697 599
1013 602
743 716
669 593
1074 546
1080 619
1091 614
1086 551
666 633
977 466
734 775
745 760
791 664
878 671
699 570
737 839
951 479
943 504
638 615
755 771
713 752
758 788
953 488
734 702
671 585
786 661
655 620
694 582
963 453
798 635
636 550
862 642
715 721
752 727
1086 590
702 630
774 765
950 518
1035 650
757 739
769 648
775 645
1057 602
745 726
940 504
799 647
731 700
713 559
755 711
630 545
748 851
1095 582
657 576
765 767
798 640
714 707
760 727
786 651
656 603
794 655
763 794
968 439
1016 621
1012 600
876 660
735 872
854 643
757 765
757 661
760 659
735 772
950 498
648 566
648 563
770 758
743 840
731 861
987 472
702 638
651 564
646 549
977 460
749 860
674 613
641 611
1100 569
800 626
842 647
1063 608
724 695
1019 497
964 449
872 661
629 623
749 847
1091 546
749 861
942 515
948 494
675 599
988 470
699 593
1089 580
953 491
720 663
761 852
708 641
787 637
673 567
735 714
671 582
754 657
970 449
776 767
960 475
737 765
1015 501
1088 547
710 627
1085 602
1013 503
652 574
701 636
749 770
976 457
970 443
755 769
973 475
680 631
1025 648
1100 566
742 726
680 630
662 600
725 661
1099 574
716 721
672 578
726 661
765 656
772 662
760 711
785 656
717 654
736 775
858 640
1101 574
862 655
642 580
763 848
1072 547
846 643
864 642
1083 527
1090 614
973 454
732 776
1006 507
793 626
699 617
774 761
697 602
688 617
648 567
1084 547
671 612
764 772
683 587
752 729
764 770
734 723
931 591
783 644
728 863
656 583
749 854
660 588
674 616
866 647
946 514
676 578
1094 606
1026 632
1029 649
1026 651
635 545
721 762
788 657
1055 604
745 724
647 572
790 653
1033 637
636 553
705 639
657 575
736 702
1093 580
628 617
776 647
763 784
1073 618
951 487
676 610
762 788
755 703
944 497
647 576
718 654
1082 540
675 632
692 582
631 545
650 614
1097 608
796 635
719 762
860 642
725 721
701 618
734 868
753 794
650 564
664 581
1086 587
981 472
1100 560
633 580
964 475
748 751
765 655
768 766
1102 565
959 454
651 612
981 471
637 579
729 777
754 671
701 607
705 568
756 656
1090 559
756 737
716 747
679 578
777 646
743 866
1025 518
967 482
694 591
1092 605
742 838
777 647
725 662
672 586
716 705
715 655
698 596
1100 572
722 569
746 707
656 586
1023 642
708 751
669 629
962 477
671 572
802 628
655 583
774 639
732 721
945 510
967 476
644 555
1077 545
720 649
736 694
765 745
711 649
679 606
646 603
723 570
740 865
733 775
747 762
698 611
748 861
699 608
737 717
1010 506
715 760
749 858
755 770
1016 493
975 475
713 753
776 645
637 544
742 724
868 649
1030 647
717 566
654 573
1097 610
878 668
710 650
868 659
1091 605
709 645
873 659
701 578
669 601
775 658
1085 547
686 631
709 760
955 484
773 767
775 656
740 862
1014 498
1090 607
712 629
672 624
649 583
951 499
633 620
880 666
952 474
740 841
777 774
717 704
648 619
751 643
757 741
776 654
744 834
1098 564
1010 503
671 598
639 581
801 650
1057 603
753 679
864 658
744 704
976 461
730 862
881 659
755 686
685 628
755 687
1083 603
655 579
750 668
732 867
649 603
945 497
1079 618
651 604
749 666
746 722
801 644
734 693
675 565
675 600
775 760
845 644
713 560
711 747
1078 618
1083 616
652 614
654 572
780 646
672 588
706 746
1089 614
673 601
721 649
1089 581
798 657
741 870
690 584
879 661
847 638
749 857
875 655
775 759
722 659
787 639
755 685
845 645
651 573
802 652
731 711
764 777
718 716
799 649
708 568
740 764
660 586
947 516
1085 600
764 793
634 544
1082 603
960 455
704 575
1096 581
753 692
771 717
753 658
721 715
766 729
979 469
747 769
643 606
787 660
747 723
654 599
682 582
934 514
701 609
727 658
771 641
754 773
726 663
1104 568
776 770
745 725
986 471
702 615
1070 606
1098 575
754 774
736 695
685 624
1083 618
762 710
710 621
673 620
1090 553
709 627
1093 548
780 651
1064 608
768 747
933 516
1072 546
731 777
665 601
763 795
1032 639
648 615
627 541
966 475
795 657
749 865
1079 545
700 592
873 669
984 473
641 609
721 713
707 567
1074 614
956 484
1013 504
798 632
725 696
671 619
1097 605
753 742
686 627
731 709
677 595
855 649
952 491
1018 648
671 599
732 720
1022 637
651 620
757 668
943 508
709 640
734 774
649 585
751 856
876 661
755 737
784 655
725 695
690 585
711 565
727 699
697 616
752 866
727 773
732 708
965 453
695 578
1028 645
869 654
668 618
1017 499
941 515
770 766
935 507
726 566
702 593
694 581
765 783
703 623
750 857
770 717
791 833
707 652
953 474
973 466
1031 642
714 761
1087 615
746 867
708 749
878 666
736 769
646 580
772 659
759 730
712 622
755 785
688 632
765 657
950 499
724 865
1099 577
655 621
659 577
854 648
968 484
644 553
933 517
708 642
723 769
716 751
715 753
958 478
655 581
688 618
1031 636
797 623
945 509
676 621
755 682
1020 499
747 710
1079 594
751 668
725 663
656 585
764 753
754 794
1092 577
767 779
771 656
661 599
641 613
983 471
742 725
633 546
768 765
671 617
642 581
689 615
745 708
952 515
946 508
759 659
745 721
760 848
1081 596
775 767
729 864
672 630
705 575
726 776
747 731
748 867
694 610
1095 614
723 650
753 741
632 617
954 473
739 774
754 849
762 850
713 623
673 625
1062 607
756 735
729 703
671 591
711 648
755 766
683 627
882 665
781 642
854 642
866 641
762 726
786 640
800 659
756 665
1086 538
783 663
740 707
1021 500
693 578
742 720
1010 505
1017 625
847 639
735 703
1017 501
731 862
941 508
786 666
703 625
951 484
750 846
1089 558
674 605
750 665
945 512
1083 596
741 863
754 764
954 472
1018 637
700 573
713 629
709 639
766 779
727 861
1009 506
674 610
724 861
750 720
951 489
720 572
646 582
691 620
852 636
759 781
673 587
1020 648
1091 604
773 658
742 715
951 498
711 636
978 467
1072 612
705 569
745 841
1022 622
1090 554
715 748
650 573
748 846
968 483
1006 506
718 651
962 449
653 605
1059 610
733 702
678 632
938 511
733 854
676 612
698 634
672 575
701 616
689 635
725 701
1090 606
757 663
727 864
951 488
671 574
652 620
698 614
955 471
704 639
727 865
688 630
720 573
1016 501
676 594
1078 596
719 569
1092 590
941 498
716 568
965 449
1020 631
715 719
938 506
718 580
695 593
768 657
684 639
770 651
943 497
723 647
731 858
769 649
974 433
774 642
965 452
761 713
763 659
782 772
970 477
664 582
843 644
760 653
711 763
675 592
769 639
755 793
725 694
755 870
698 601
632 578
786 654
661 600
777 771
751 867
849 638
753 715
775 635
798 628
1091 608
643 577
746 763
1016 635
690 635
714 720
951 493
671 594
763 660
709 568
664 625
1024 646
751 719
698 617
767 778
969 432
630 615
752 726
971 456
678 616
640 613
1022 631
742 866
754 868
979 477
653 599
1084 595
755 684
852 638
977 440
775 636
1090 615
779 651
775 653
1066 608
1094 557
774 769
646 581
860 640
699 631
705 570
862 658
729 695
1087 556
727 719
750 726
1028 647
1076 617
635 540
668 601
739 701
747 701
749 850
1012 601
728 714
698 570
755 736
761 753
1077 620
689 617
702 629
1103 568
684 587
1083 526
1100 556
987 471
749 667
667 628
749 757
710 764
692 619
638 549
670 579
1034 641
790 834
748 857
706 626
757 736
705 653
694 584
761 846
760 752
647 615
709 570
752 733
714 652
732 707
943 499
754 710
785 661
735 702
718 761
641 579
759 768
952 485
723 566
1020 632
709 646
976 435
768 636
634 537
962 451
698 600
625 537
751 840
648 602
769 657
726 723
757 787
763 789
1082 618
647 573
684 637
755 672
665 578
659 621
1023 500
753 781
697 610
762 750
634 548
759 846
667 625
875 663
1090 584
801 645
740 840
750 854
802 622
775 642
862 656
760 713
768 638
673 602
724 660
754 680
965 448
758 662
694 579
721 708
804 628
1015 603
746 849
1091 577
1100 571
879 663
1025 632
1096 608
711 564
753 763
727 764
693 577
962 450
702 637
758 653
780 774
683 576
676 567
698 578
635 542
1091 550
628 614
740 863
1079 596
973 433
714 721
958 477
879 660
733 865
756 842
1092 576
953 480
741 766
752 698
637 617
729 726
966 483
1057 604
712 628
630 641
744 706
786 662
711 762
681 626
957 484
714 748
646 606
695 608
741 871
650 623
717 754
757 768
971 449
739 861
1093 590
1093 576
1021 625
746 748
754 730
762 787
721 562
803 659
751 773
1097 572
679 617
957 483
749 730
753 861
949 475
667 599
1083 530
1093 557
1034 648
651 586
970 453
705 652
791 636
793 655
675 612
956 480
728 779
764 729
746 843
1091 590
671 573
798 646
747 855
952 493
1020 622
710 559
663 621
717 706
1091 603
728 703
972 436
699 571
719 768
691 616
636 547
700 572
1099 562
731 860
758 729
1087 553
717 768
718 706
982 473
755 669
690 628
780 650
879 664
1066 607
689 612
782 775
1081 550
1071 605
684 636
868 658
700 620
974 432
764 654
680 581
758 740
966 438
782 776
1097 578
743 719
746 841
755 710
1086 558
718 703
752 668
743 722
774 764
725 664
967 483
1023 643
655 622
970 451
746 756
952 497
1087 586
726 565
804 624
764 784
787 656
946 511
747 843
868 645
738 861
750 762
709 561
763 767
717 762
763 751
957 477
745 707
969 437
708 577
680 590
750 702
753 710
733 712
768 654
1083 524
703 575
1090 589
1100 557
971 451
843 638
956 478
710 636
723 718
648 583
682 639
752 700
657 577
1099 561
691 636
980 474
721 668
754 775
713 745
736 771
1098 579
737 718
752 766
725 866
1078 537
660 575
751 731
1081 552
672 567
756 697
763 755
755 713
744 707
980 471
865 640
799 622
680 627
663 577
645 615
752 656
757 664
730 855
698 594
934 507
1087 550
724 644
667 630
752 867
721 650
648 622
711 627
712 758
744 840
723 565
752 705
761 848
802 642
736 715
774 645
760 767
658 586
696 636
1096 610
743 838
715 716
692 637
1087 602
675 619
728 775
710 760
670 601
787 668
762 789
739 714
876 662
670 620
778 639
1074 605
666 601
965 483
1058 609
1095 552
634 541
849 642
693 618
761 653
747 849
736 718
1096 550
1013 505
1025 649
799 654
766 777
786 665
1019 638
763 793
720 707
636 581
727 702
631 617
693 611
752 643
685 641
802 658
752 840
1092 549
649 563
723 863
731 710
715 754
711 766
881 661
974 434
732 710
1093 613
770 655
742 763
634 535
636 615
717 652
639 580
776 649
719 706
1030 648
730 693
1023 632
1018 646
802 623
748 854
717 651
873 671
708 652
803 627
939 511
1086 588
678 622
701 634
1092 553
712 624
942 508
756 714
658 605
875 664
751 726
643 614
701 630
1089 612
724 664
628 622
684 635
759 767
1071 606
783 650
1093 558
750 840
699 590
717 568
746 724
947 498
766 755
750 705
774 658
753 727
752 710
1016 495
745 717
746 747
726 763
760 787
740 762
755 775
724 701
723 658
750 849
874 668
791 653
792 636
974 456
709 758
711 639
1034 646
631 583
753 785
752 764
748 758
1016 496
634 586
645 619
679 612
1085 598
781 770
758 731
1079 617
646 604
980 469
769 761
761 728
1083 545
753 709
784 663
753 782
728 771
1034 650
688 585
630 612
676 593
711 622
748 753
697 609
1088 615
1094 553
657 587
753 702
656 623
760 830
709 560
701 629
713 749
648 612
955 481
975 441
754 679
656 600
653 614
750 727
737 775
656 622
859 644
1100 563
680 595
1088 592
756 755
961 456
773 765
716 707
864 655
650 604
705 750
794 626
648 569
761 710
753 657
723 762
649 614
941 506
698 610
662 577
972 435
790 662
746 863
707 569
800 653
637 580
764 773
695 584
749 761
1097 580
721 768
964 476
730 705
643 607
670 590
665 580
776 655
753 669
767 769
669 633
722 665
698 575
784 656
754 798
797 636
869 649
776 639
629 538
973 467
711 561
714 763
970 445
718 578
1100 561
1075 618
767 751
751 649
1081 525
1017 635
752 853
1097 613
1080 618
1086 617
676 602
679 603
763 851
751 705
761 661
675 624
785 659
731 854
748 707
671 589
673 600
710 637
1025 519
762 668
646 570
739 839
1021 647
951 477
670 569
1095 581
967 439
941 507
670 567
1093 550
634 538
1072 545
923 639
724 665
634 582
1089 584
801 658
877 658
1019 492
720 713
632 581
952 476
668 587
752 647
672 574
778 653
729 856
714 768
725 647
672 573
756 676
735 720
677 614
754 665
1084 549
771 767
970 432
866 650
754 713
1008 501
649 618
800 642
651 582
748 852
1086 593
951 481
762 785
754 786
1060 605
1021 502
724 761
698 577
1019 498
647 621
783 652
760 662
1097 611
665 577
760 756
755 780
770 654
935 512
629 617
698 615
757 675
1071 607
728 773
764 783
1018 634
767 749
647 614
767 764
876 659
786 635
714 750
744 763
952 484
1012 497
778 763
734 772
775 655
881 658
753 698
1058 606
710 640
747 722
776 641
771 657
941 500
768 637
769 651
673 619
725 762
851 640
967 431
1022 645
1098 613
967 447
721 719
1101 570
692 611
759 755
1089 589
730 857
702 573
732 717
740 871
696 578
750 729
665 625
747 760
705 749
756 731
635 539
1088 554
636 551
1030 635
1022 628
739 761
729 694
746 708
1023 627
1093 591
735 865
708 578
671 567
1082 539
755 783
864 646
1019 633
1008 502
764 776
958 485
953 496
1088 560
970 431
730 703
843 641
654 586
678 576
746 749
942 502
679 605
646 550
751 851
758 754
949 511
1073 612
949 513
700 576
771 766
650 562
1088 545
1090 550
635 553
680 605
668 597
1104 566
749 669
777 644
975 465
656 601
980 463
706 575
1084 525
756 668
929 511
707 751
650 586
1083 528
625 536
867 646
776 634
740 720
1081 617
738 776
630 617
710 568
666 590
715 768
682 625
768 658
788 638
1077 618
654 574
880 668
758 781
976 475
954 486
777 763
766 784
711 623
1023 644
943 503
933 510
843 645
714 708
676 592
700 677
733 698
758 669
670 563
793 656
952 477
662 588
1088 546
713 746
730 698
633 535
768 652
736 767
776 648
725 722
722 716
638 553
709 575
759 757
778 638
677 593
680 578
703 621
951 491
775 637
705 748
865 647
740 721
767 747
1087 557
1079 537
967 430
770 764
1071 546
1102 566
752 759
803 626
639 615
1033 648
1071 608
749 768
732 701
794 628
1019 636
648 613
782 774
682 575
767 750
740 838
1097 606
1026 654
726 662
679 625
678 580
873 653
950 515
674 628
754 697
752 651
785 652
668 602
686 628
1018 632
957 646
969 445
728 866
755 692
1086 583
760 660
971 432
747 862
867 650
770 639
722 658
670 568
690 637
960 476
681 577
1075 546
1077 619
680 598
754 690
1034 647
625 541
880 665
676 605
1100 559
673 592
680 592
1092 556
852 637
747 753
686 638
988 471
1028 646
773 641
1010 502
634 617
984 471
748 731
731 857
684 576
756 770
651 623
866 646
645 602
733 862
708 560
968 431
933 509
690 620
732 694
689 611
633 544
735 723
686 633
751 762
695 616
754 795
722 570
674 567
669 566
792 622
977 464
744 724
642 610
862 652
698 595
1026 517
744 762
980 466
634 584
789 636
983 466
669 565
876 670
637 549
677 592
714 765
968 436
677 622
786 655
742 836
1090 616
759 713
632 619
1030 642
959 477
782 771
757 786
966 447
748 670
753 853
691 583
651 588
668 566
746 710
946 495
1085 537
712 626
741 767
761 790
753 777
766 789
753 862
628 538
1080 539
965 478
686 630
774 644
767 767
668 591
720 579
740 726
670 570
874 673
783 636
943 500
787 658
949 473
699 609
754 865
1074 613
722 864
727 696
1018 493
720 665
715 750
938 513
786 663
1087 535
675 626
768 721
757 848
945 513
730 704
1022 629
755 792
803 624
1067 608
718 707
1022 639
645 555
729 727
747 842
738 762
697 630
632 582
755 767
752 783
679 580
675 622
652 623
687 630
1026 635
761 767
727 565
1011 601
695 589
876 658
767 765
755 847
768 773
761 712
672 580
697 608
755 695
674 606
875 656
713 650
660 587
674 608
978 475
728 781
954 479
722 660
725 862
712 760
749 727
759 756
872 654
734 770
678 612
744 841
744 757
1100 558
1087 538
757 733
728 715
761 850
732 777
950 472
730 859
781 649
711 650
683 635
1081 540
715 761
1080 546
692 617
732 862
863 642
674 609
930 511
647 571
1087 585
739 706
976 462
750 655
648 623
700 578
741 716
972 447
739 721
670 597
648 614
1025 646
673 610
1017 493
1057 601
752 669
741 707
1084 550
762 740
700 605
785 653
671 583
953 478
752 703
686 589
1019 637
748 762
979 476
698 598
674 588
742 712
749 705
1075 619
686 634
768 639
769 726
1103 571
732 702
693 636
693 637
738 866
672 600
1096 560
944 512
764 790
941 505
733 720
719 721
636 580
979 463
668 625
757 743
976 466
728 718
726 762
944 501
1092 599
1017 500
980 477
867 648
793 654
793 624
677 596
729 862
761 662
683 581
865 643
731 702
746 730
802 643
695 636
715 766
762 667
772 640
966 476
951 496
764 728
778 649
1091 609
747 709
691 611
734 712
754 866
792 624
699 575
751 852
981 475
728 566
757 842
677 606
720 656
942 499
665 579
704 572
767 783
1020 633
757 665
761 755
733 866
633 619
754 862
699 578
750 855
670 580
983 473
656 579
736 722
670 565
792 652
681 575
704 653
658 623
734 720
945 511
654 600
643 576
1085 596
739 717
755 712
1032 648
736 714
713 748
667 600
959 483
722 707
639 614
646 605
646 555
694 612
952 489
965 475
1097 560
712 625
785 651
670 634
701 591
658 579
656 584
758 755
674 632
797 639
709 749
739 703
732 724
961 453
798 636
771 655
752 714
675 611
632 618
675 576
745 718
675 617
721 770
678 615
972 446
748 845
876 656
1087 552
970 455
684 634
1079 593
751 850
721 572
746 762
727 716
866 649
669 623
865 638
707 640
972 432
763 775
674 575
713 568
675 633
845 627
727 698
950 475
781 644
736 703
704 751
767 636
973 455
802 626
738 765
747 708
682 626
844 638
755 670
753 713
864 654
982 471
847 641
680 617
1020 638
1101 565
668 632
792 637
755 759
638 581
705 628
1017 649
634 536
710 758
705 572
754 840
1082 531
950 497
848 638
764 775
972 473
651 563
655 614
752 644
952 494
734 771
787 666
799 641
1094 551
761 851
977 437
633 545
798 631
714 623
755 782
1092 601
744 730
725 720
682 634
647 602
754 708
724 866
722 650
730 709
849 639
1017 622
686 624
842 638
949 514
721 571
686 626
753 758
867 658
1074 604
688 635
877 667
784 636
721 664
731 703
709 626
756 696
653 585
1081 545
649 572
877 657
1089 550
759 764
711 640
632 616
676 607
968 476
1006 505
676 580
736 765
1029 635
951 515
720 711
672 625
682 635
701 637
761 742
646 616
746 842
787 642
761 727
651 615
980 465
720 712
844 641
801 652
723 664
1022 500
855 648
943 515
749 751
745 722
794 627
674 623
642 613
1094 581
632 579
846 638
1088 590
755 848
697 603
670 591
653 574
720 569
740 763
656 605
869 653
863 657
960 454
669 597
752 709
959 484
769 764
757 734
766 754
874 659
797 653
740 767
771 765
753 795
718 577
639 613
768 748
739 709
1088 553
744 715
755 758
1023 648
659 586
933 508
757 755
729 780
759 654
675 589
1032 642
728 719
722 768
714 749
704 748
682 581
1007 502
714 769
750 757
743 723
685 635
722 710
671 601
741 862
932 514
663 622
1032 637
794 625
944 509
731 712
740 708
684 628
757 730
800 627
764 774
972 475
1098 614
771 637
648 571
754 762
630 544
722 667
780 644
1098 572
656 625
1026 650
673 617
718 754
981 467
798 654
850 642
657 623
648 609
761 788
791 662
1021 623
738 715
629 543
710 767
966 440
722 717
782 773
702 592
1089 606
780 649
757 695
696 609
634 616
1059 605
868 646
662 623
630 624
666 580
1086 602
979 456
716 753
753 797
757 783
695 609
1088 614
1092 558
640 553
1097 562
1080 596
701 606
664 624
638 616
671 626
700 577
759 763
1032 641
859 640
1090 546
752 795
728 776
711 637
700 630
971 450
762 848
680 604
709 753
795 637
695 577
969 435
645 575
755 683
650 582
801 659
755 694
1092 548
791 663
756 786
754 692
952 488
679 604
940 511
1070 607
976 460
753 864
738 761
878 669
1086 601
1087 537
954 478
756 710
755 704
759 656
684 638
734 773
974 455
752 649
865 648
760 755
755 673
758 842
797 628
682 624
659 620
673 615
632 545
783 646
721 706
773 766
718 715
1085 603
1097 563
660 604
746 731
675 567
686 586
767 768
736 865
651 589
949 495
765 792
738 775
757 767
645 616
941 516
753 851
759 657
676 595
745 757
701 611
735 693
753 726
865 639
696 635
710 651
731 693
1082 596
656 580
722 718
718 650
1092 611
728 764
761 730
652 599
760 846
1011 600
749 848
1089 552
749 846
752 762
710 622
775 644
971 473
856 642
881 668
754 780
745 720
726 697
821 629
702 623
745 759
1061 606
625 542
756 768
714 719
961 450
749 756
753 788
681 598
1080 549
763 655
634 543
1083 529
752 718
979 462
840 647
647 583
668 629
752 702
761 786
970 475
698 602
946 496
798 633
676 606
766 778
708 621
740 867
1079 540
755 705
969 440
940 512
666 632
772 718
736 772
731 724
716 650
749 862
770 719
944 507
677 597
1091 553
677 632
664 600
1012 603
777 653
1025 653
733 711
1072 616
666 629
794 623
1020 645
1089 577
681 617
1100 568
698 616
729 565
717 717
767 754
688 615
758 765
981 462
1068 608
720 561
981 474
975 457
943 505
717 569
949 512
949 493
705 626
867 657
1096 563
765 743
763 777
1096 551
751 768
635 541
687 627
1083 522
692 616
753 706
682 587
788 835
930 591
742 721
733 856
673 578
751 733
646 572
1018 647
691 628
746 701
1096 571
700 634
766 773
802 624
954 477
1022 647
721 656
1079 592
1090 549
953 486
800 634
675 575
728 867
730 854
687 586
771 639
753 840
701 608
683 578
790 835
683 629
661 621
765 771
723 770
947 514
690 611
793 628
721 709
718 756
671 597
764 765
865 641
716 655
1089 603
710 646
673 613
652 573
649 571
632 580
778 655
758 741
709 747
741 714
642 614
678 606
673 618
977 441
954 489
681 605
717 748
852 640
755 757
736 768
1024 632
750 842
981 459
871 654
790 636
755 675
980 457
754 669
950 492
730 694
1088 583
1084 615
965 482
977 462
756 694
754 740
710 620
728 763
705 623
762 832
755 707
711 563
673 632
979 468
773 642
753 699
712 627
754 796
687 629
646 552
1011 605
706 652
755 741
727 863
649 617
652 604
727 780
767 788
1096 562
960 458
1035 639
1088 582
673 621
722 770
778 774
766 787
969 434
970 448
877 663
758 732
732 723
757 759
694 580
1072 605
1029 645
668 619
652 586
960 474
709 638
643 578
759 666
749 665
762 784
741 708
675 618
751 715
979 467
716 656
795 636
1082 546
1090 552
1092 551
725 719
756 782
1007 501
674 578
774 762
732 693
1088 616
1098 607
644 615
728 721
714 635
1055 605
709 759
728 695
630 616
842 635
841 635
841 634
840 634
849 643
850 643
851 643
852 643
853 643
852 644
853 644
736 700
854 644
854 645
855 645
854 646
856 645
965 479
857 645
856 646
732 712
691 621
654 621
857 644
751 865
858 644
857 643
1066 606
840 633
840 632
839 632
840 631
839 631
840 630
839 630
841 630
840 629
838 630
842 630
838 629
842 631
837 629
843 631
842 632
837 628
844 631
836 628
837 627
844 630
836 627
837 626
844 629
835 627
838 626
844 628
834 627
838 625
844 627
833 627
834 626
843 627
832 627
833 628
833 626
843 626
832 628
832 626
833 629
843 625
831 628
832 625
833 630
842 625
831 629
832 624
834 630
832 630
833 631
831 630
831 624
833 632
830 630
830 624
832 632
833 633
830 623
834 633
829 623
835 633
828 623
836 633
827 623
828 624
766 747
827 624
826 624
827 625
825 624
827 626
825 623
827 627
826 627
827 628
826 628
827 629
825 628
828 629
824 628
823 628
822 628
822 627
821 627
820 627
820 628
820 629
819 629
820 630
820 631
819 631
820 632
818 631
820 633
818 630
819 633
817 630
819 634
818 634
818 635
817 635
816 635
817 636
816 636
816 637
815 637
816 638
815 638
817 638
816 639
814 638
818 638
813 638
819 638
818 639
812 638
820 638
819 639
811 638
812 639
812 637
821 638
810 638
812 636
822 638
821 637
809 638
810 637
813 636
812 635
823 638
808 638
824 638
807 638
806 638
807 637
805 638
1025 520
806 637
804 638
805 639
806 636
803 638
806 635
802 638
806 634
801 638
802 639
805 634
806 633
801 637
802 640
804 634
807 633
806 632
800 637
803 640
801 640
803 634
804 635
804 633
808 633
807 632
805 632
806 631
800 636
801 641
804 636
804 632
809 633
808 632
805 631
867 641
868 641
869 641
869 640
869 639
869 638
869 637
869 636
868 636
868 635
868 634
869 634
868 633
868 632
867 632
868 631
867 631
866 631
867 630
865 631
866 630
867 629
865 632
866 629
867 628
865 629
867 627
864 629
865 628
866 627
867 626
865 627
868 626
867 625
864 627
869 626
867 624
863 627
864 626
870 626
868 624
866 624
863 628
870 627
870 625
868 623
865 624
862 628
871 627
870 624
869 623
868 622
861 628
871 628
870 623
869 622
868 621
871 629
871 623
867 621
872 623
871 622
866 621
872 624
871 621
865 621
866 620
871 620
872 620
870 620
871 619
873 620
871 618
871 617
872 617
870 617
872 616
869 617
873 616
872 615
868 617
869 616
874 616
872 614
868 616
869 615
875 616
874 617
867 616
869 614
876 616
875 615
867 615
869 613
877 616
868 613
878 616
868 612
878 617
878 615
867 612
868 611
878 614
867 611
868 610
878 613
868 609
879 613
877 613
878 612
869 609
868 608
880 613
869 608
867 608
881 613
870 608
866 608
867 607
882 613
871 608
865 608
882 612
872 608
864 608
882 611
872 609
864 609
864 607
883 611
863 609
864 610
884 611
883 610
885 611
884 612
883 609
886 611
885 612
885 610
883 608
887 611
886 612
885 613
882 608
887 612
886 613
885 614
881 608
882 607
888 612
886 614
880 608
882 606
889 612
887 614
886 615
883 606
889 611
888 614
886 616
884 606
883 605
890 611
888 615
886 617
885 606
891 611
887 617
886 618
886 606
891 612
891 610
888 617
887 618
886 619
886 607
892 612
891 613
891 609
889 617
886 620
887 607
892 613
890 613
891 614
892 609
890 609
890 617
889 618
885 620
886 621
892 614
890 614
891 615
893 609
884 620
885 621
886 622
893 614
894 609
893 610
884 621
893 615
895 609
894 610
883 621
893 616
894 611
894 616
892 616
895 611
895 616
895 612
896 612
897 612
898 612
897 613
899 612
900 612
899 613
901 612
900 613
899 614
902 612
901 613
901 611
898 614
899 615
903 612
902 611
748 750
903 613
902 610
901 615
903 614
902 609
902 615
901 616
903 615
903 609
902 608
901 617
904 615
903 608
902 607
902 617
901 618
904 616
904 608
903 607
901 607
901 619
904 617
905 608
903 606
901 606
900 619
901 620
905 617
901 605
901 621
902 605
900 605
900 621
902 604
899 605
900 622
902 603
898 605
902 602
898 604
901 602
902 601
897 604
898 603
903 601
896 604
897 603
898 602
903 600
896 605
896 603
903 599
895 603
896 602
904 599
903 598
905 599
903 597
903 596
904 596
902 596
905 596
904 595
905 595
906 595
905 594
907 595
905 593
908 595
904 593
909 595
903 593
904 592
910 595
909 596
903 592
904 591
911 595
909 597
904 590
911 596
908 597
909 598
905 590
903 590
909 599
902 590
909 600
901 590
902 589
909 601
900 590
902 588
909 602
899 590
903 588
902 587
910 602
909 603
898 590
904 588
901 587
911 602
909 604
898 591
900 587
908 604
898 592
908 605
898 593
908 606
899 593
897 593
908 607
900 593
896 593
909 607
908 608
900 594
895 593
896 594
896 592
910 607
908 609
901 594
895 594
896 591
911 607
902 594
895 591
912 607
911 608
911 606
894 591
895 590
912 606
911 609
893 591
894 592
894 590
912 605
912 609
910 609
911 610
893 592
893 590
894 589
912 604
912 610
910 610
892 592
893 593
893 589
894 588
913 604
891 592
895 588
914 604
891 593
896 588
895 587
915 604
914 605
890 593
897 588
915 605
914 606
889 593
897 587
916 605
888 593
889 594
889 592
897 586
917 605
888 594
888 592
896 586
917 606
887 594
888 591
918 606
917 607
887 595
887 591
888 590
918 607
887 596
889 590
888 589
919 607
888 596
887 589
888 588
920 607
919 608
888 597
886 589
889 588
920 608
920 606
919 609
889 597
888 598
885 589
890 588
921 606
920 605
919 610
890 597
887 598
884 589
885 590
891 588
890 587
921 605
918 610
890 598
890 596
886 598
883 589
708 663
922 605
917 610
918 611
891 598
890 599
890 595
885 598
886 597
882 589
772 717
923 605
890 600
885 599
885 597
881 589
882 590
882 588
924 605
923 604
889 600
885 600
882 587
923 603
884 600
881 587
922 603
884 601
880 587
921 603
883 601
884 602
879 587
921 602
885 602
878 587
879 588
921 601
886 602
877 587
922 601
886 601
877 588
877 586
923 601
922 600
877 589
876 586
924 601
876 589
875 586
876 585
925 601
876 590
874 586
876 584
926 601
925 600
875 590
876 591
873 586
874 587
877 584
927 601
926 600
925 599
874 590
878 584
877 583
927 602
925 598
873 590
874 591
879 584
877 582
928 602
925 597
873 591
873 589
874 592
880 584
879 583
877 581
929 602
924 597
925 596
872 591
872 589
880 583
878 581
876 581
877 580
930 602
924 596
926 596
871 591
879 581
930 603
923 596
924 595
927 596
871 592
879 580
931 603
922 596
924 594
927 595
870 592
880 580
879 579
932 603
922 595
925 594
928 595
869 592
881 580
932 604
921 595
925 593
868 592
933 604
920 595
926 593
925 592
868 591
934 604
933 605
925 591
867 591
934 603
933 606
925 590
866 591
867 590
935 603
934 602
934 606
926 590
865 591
866 590
867 589
936 603
935 602
934 607
926 589
865 592
866 589
936 604
936 602
935 607
934 608
927 589
926 588
864 592
865 593
866 588
937 602
936 601
936 607
935 608
927 588
926 587
863 592
865 594
936 600
937 607
936 606
935 609
928 588
927 587
863 591
866 594
938 607
935 610
929 588
928 587
927 586
862 591
867 594
939 607
935 611
930 588
927 585
862 590
939 608
936 611
931 588
927 584
862 589
940 608
939 609
931 589
927 583
861 589
940 609
939 610
931 590
928 583
926 583
861 588
940 610
1042 585
929 583
925 583
926 582
860 588
861 587
941 610
984 610
929 584
924 583
925 584
926 581
861 586
942 610
923 583
924 582
926 580
860 586
942 609
923 584
926 579
859 586
860 585
943 609
927 579
925 579
858 586
860 584
943 608
928 579
927 578
924 579
857 586
860 583
944 608
943 607
929 579
927 577
923 579
924 578
856 586
859 583
860 582
945 608
926 577
924 577
856 587
856 585
858 583
859 582
861 582
860 581
945 609
945 607
925 577
924 576
856 588
855 585
858 582
1026 516
860 580
945 606
923 576
855 588
856 589
855 584
858 581
860 579
946 606
944 606
923 575
854 588
855 589
857 589
856 590
854 584
861 579
859 579
947 606
946 605
923 574
853 588
854 589
858 589
857 590
856 591
853 584
861 578
859 578
948 606
947 607
947 605
946 604
924 574
854 590
852 584
862 578
949 606
947 604
945 604
946 603
925 574
854 591
851 584
862 577
950 606
949 607
949 605
947 603
925 573
853 591
854 592
850 584
863 577
950 607
925 572
854 593
849 584
850 583
864 577
863 576
951 607
924 572
854 594
849 585
849 583
850 582
865 577
863 575
951 608
924 571
855 594
853 594
854 595
848 585
848 583
866 577
865 576
863 574
952 608
951 609
923 571
924 570
856 594
855 595
866 576
953 608
951 610
925 570
857 594
867 576
954 608
953 609
950 610
951 611
926 570
857 595
857 593
868 576
953 610
949 610
951 612
927 570
858 595
868 575
953 611
948 610
951 613
927 571
927 569
859 595
858 596
869 575
948 609
951 614
928 571
928 569
860 595
859 596
858 597
870 575
952 614
950 614
951 615
928 568
861 595
858 598
870 576
870 574
953 614
952 615
949 614
951 616
929 568
862 595
857 598
858 599
870 577
870 573
954 614
952 616
948 614
949 615
951 617
929 567
856 598
858 600
870 572
955 614
954 613
952 617
951 618
930 567
856 599
859 600
871 572
956 614
955 615
953 617
952 618
950 618
951 619
931 567
855 599
860 600
872 572
956 615
953 618
949 618
951 620
931 568
931 566
861 600
860 601
860 599
873 572
956 616
954 618
953 619
948 618
952 620
950 620
932 566
931 565
862 600
861 601
860 602
860 598
955 618
953 620
947 618
948 617
952 621
949 620
933 566
932 565
930 565
861 602
859 602
860 603
861 598
956 618
955 619
953 621
947 617
952 622
949 621
934 566
933 567
930 564
861 603
858 602
859 603
861 597
957 618
956 619
947 616
952 623
949 622
935 566
933 568
929 564
861 604
857 602
862 597
957 617
956 620
946 616
947 615
952 624
948 622
936 566
934 568
928 564
929 563
857 603
957 620
946 615
951 624
952 625
937 566
935 568
927 564
928 563
856 603
857 604
957 621
945 615
950 624
952 626
937 567
935 569
926 564
927 565
927 563
928 562
958 621
957 622
944 615
949 624
950 625
951 626
952 627
938 567
936 569
935 570
927 566
927 562
959 621
943 615
944 616
948 624
953 627
937 569
936 570
927 561
959 620
943 616
947 624
953 628
938 569
937 570
927 560
960 620
946 624
954 628
953 629
939 569
928 560
960 619
945 624
955 628
953 630
940 569
928 559
960 618
944 624
772 758
955 627
954 630
952 630
953 631
940 570
940 568
928 558
961 618
944 625
944 623
956 627
953 632
940 571
941 568
927 558
928 557
962 618
961 617
944 626
943 623
953 633
941 571
940 572
942 568
928 556
963 618
962 617
961 616
944 627
870 656
954 633
953 634
942 571
940 573
928 555
964 618
963 617
960 616
944 628
955 633
954 634
953 635
941 573
927 555
964 619
959 616
943 628
956 633
955 634
952 635
942 573
926 555
927 554
965 619
959 615
942 628
956 634
951 635
952 636
943 573
926 556
927 553
965 620
922 550
942 629
942 627
956 635
950 635
952 637
944 573
927 552
965 621
765 765
942 630
941 627
956 636
950 634
952 638
945 573
927 551
966 621
964 621
766 765
942 631
941 626
957 636
949 634
951 638
952 639
946 573
945 574
927 550
967 621
964 622
937 513
936 512
943 631
940 626
957 637
953 639
952 640
946 574
945 575
927 549
968 621
967 620
963 622
964 623
937 512
944 631
940 625
954 639
951 640
945 576
928 549
926 549
927 548
969 621
962 622
963 623
965 623
750 864
944 632
940 624
955 639
950 640
951 641
944 576
945 577
928 548
925 549
927 547
970 621
962 623
965 624
747 867
945 632
944 633
941 624
939 624
955 640
949 640
951 642
945 578
929 548
924 549
925 550
926 547
927 546
970 622
961 623
966 624
965 625
746 866
945 633
943 633
944 634
942 624
939 623
956 640
955 641
948 640
949 639
952 642
950 642
945 579
923 549
925 547
927 545
971 622
960 623
965 626
747 865
946 633
945 634
943 634
938 623
957 640
948 641
952 643
950 643
946 579
944 579
923 548
925 546
972 622
960 624
965 627
762 852
763 850
947 633
942 634
937 623
938 622
958 640
957 641
948 642
953 643
947 579
944 580
922 548
925 545
973 622
960 625
965 628
769 725
770 721
941 634
942 635
936 623
937 624
938 621
958 639
953 644
948 579
944 581
921 548
973 623
960 626
769 724
770 722
769 723
770 723
771 723
941 635
942 636
936 622
939 621
938 620
953 645
944 582
921 549
974 623
973 624
961 626
959 626
771 724
772 724
772 725
941 636
942 637
936 621
939 620
938 619
954 645
953 646
945 582
944 583
921 550
975 623
972 624
962 626
959 627
772 726
772 727
940 636
943 637
942 638
935 621
940 620
938 618
955 645
943 583
920 550
921 551
976 623
975 624
958 627
772 728
773 728
773 729
939 636
943 638
942 639
935 620
939 618
937 618
956 645
942 583
943 584
919 550
976 624
975 625
774 730
943 639
934 620
935 619
940 618
939 617
937 617
956 646
943 585
919 551
919 549
977 624
975 626
775 731
785 749
944 639
943 640
933 620
940 617
939 616
936 617
788 662
956 647
942 585
943 586
919 552
919 548
977 625
773 730
774 731
784 749
945 639
943 641
933 619
941 617
936 616
955 647
956 648
942 586
919 547
978 625
773 731
772 732
946 639
943 642
932 619
942 617
956 649
919 546
979 625
978 626
774 732
783 749
773 732
947 639
946 640
946 638
944 642
942 642
943 643
931 619
942 618
920 546
918 546
919 545
979 624
978 627
782 747
944 643
941 642
930 619
921 546
920 545
917 546
979 623
979 627
783 748
773 733
945 643
944 644
929 619
921 545
916 546
980 623
979 622
980 627
979 628
781 747
782 748
946 643
928 619
915 546
980 622
981 627
980 626
770 739
773 734
781 748
770 738
946 644
927 619
914 546
765 774
981 622
980 621
982 627
981 628
773 735
779 741
778 748
947 644
946 645
926 619
913 546
982 622
980 620
983 627
981 629
780 748
770 737
775 734
947 645
925 619
912 546
913 547
913 545
982 623
979 620
980 619
984 627
981 630
774 735
778 741
779 748
771 737
775 735
948 645
925 620
925 618
913 544
983 623
978 620
981 619
980 618
985 627
984 628
777 741
779 747
780 746
772 737
949 645
948 646
925 621
912 544
983 624
978 621
979 618
980 617
986 627
984 629
775 736
777 740
779 746
948 647
926 621
924 621
911 544
983 625
980 616
986 628
772 738
775 737
776 738
777 739
778 746
947 647
948 648
924 622
910 544
911 545
979 616
987 628
772 739
775 738
776 739
777 746
772 740
946 647
948 649
923 622
909 544
910 545
979 615
988 628
775 739
776 746
773 740
775 740
775 746
774 740
945 647
949 649
947 649
948 650
923 623
908 544
910 546
979 614
988 627
775 741
775 745
771 748
774 741
775 744
771 747
944 647
945 646
950 649
949 650
947 650
922 623
907 544
908 543
910 547
980 614
979 613
989 627
988 626
774 742
775 743
771 746
773 742
774 743
943 647
950 648
947 651
921 623
922 624
906 544
908 542
911 547
909 547
980 613
988 625
772 746
773 743
772 745
773 744
772 744
771 744
942 647
951 648
920 623
905 544
909 542
907 542
911 548
980 612
987 625
988 624
771 743
770 743
646 554
647 554
648 554
941 647
942 648
919 623
905 545
905 543
906 542
980 611
986 625
989 624
988 623
648 555
648 556
650 557
649 556
650 556
654 557
941 648
918 623
919 622
905 546
904 543
906 541
980 610
985 625
990 624
988 622
650 553
650 555
653 557
650 554
653 556
941 649
917 623
918 624
919 621
905 547
906 540
980 609
991 624
989 622
988 621
652 555
651 554
653 555
652 554
941 650
918 625
920 621
906 547
904 547
905 548
907 540
906 539
981 609
979 609
992 624
991 625
989 621
988 620
653 554
655 555
654 554
655 554
942 650
940 650
918 626
920 620
904 548
907 539
982 609
981 608
978 609
993 624
988 619
654 553
656 553
942 651
939 650
940 651
919 626
921 620
920 619
903 548
904 549
907 538
983 609
982 608
981 607
993 625
655 553
656 552
943 651
942 652
938 650
939 649
919 627
904 550
908 538
907 537
984 609
993 626
655 552
655 551
943 652
937 650
919 628
903 550
904 551
909 538
906 537
725 868
984 608
993 627
654 548
657 550
944 652
943 653
937 649
919 629
902 550
905 551
910 538
909 537
905 537
725 867
985 608
984 607
994 627
993 628
655 550
654 549
944 653
936 649
919 630
901 550
902 549
906 551
909 536
904 537
986 608
985 607
984 606
995 627
993 629
656 546
656 550
655 549
935 649
919 631
900 550
907 551
910 536
909 535
903 537
904 538
986 609
986 607
996 627
994 629
993 630
656 547
656 549
656 548
657 548
920 631
899 550
908 551
911 536
909 534
902 537
904 539
994 630
992 630
730 549
659 551
658 548
921 631
920 632
909 533
901 537
902 538
902 536
903 539
994 631
730 550
731 551
659 550
922 631
920 633
910 533
908 533
900 537
902 539
902 535
995 631
994 632
658 549
727 550
730 551
922 632
920 634
910 532
900 538
996 631
993 632
730 553
660 550
659 549
720 548
923 632
919 634
920 635
911 532
900 539
997 631
996 630
992 632
719 549
728 550
729 551
924 632
918 634
920 636
912 532
899 539
900 540
998 631
997 632
991 632
730 552
660 549
720 549
719 550
728 551
729 552
726 555
925 632
924 631
917 634
918 633
920 637
912 533
912 531
899 540
998 630
997 633
990 632
661 549
720 550
719 551
728 552
727 555
728 554
926 632
925 631
924 630
916 634
917 635
917 633
920 638
912 534
913 531
912 530
999 630
998 633
997 634
990 633
662 549
720 551
727 552
727 554
620 574
663 549
923 630
924 629
916 635
917 632
919 638
920 639
913 534
911 534
914 531
912 529
1000 630
999 629
999 633
996 634
997 635
721 551
726 552
727 553
621 574
923 629
925 629
915 635
921 639
913 535
915 531
914 530
1001 630
999 628
1000 633
999 632
996 635
663 550
662 551
722 551
725 552
925 628
914 635
697 634
913 536
916 531
914 529
1002 630
1000 628
999 627
1000 634
996 636
726 553
621 575
663 551
661 553
722 552
926 628
925 627
913 635
914 634
890 586
917 531
916 530
914 528
1002 631
1002 629
1000 627
999 626
1001 634
1000 635
996 637
725 553
624 577
622 575
663 552
662 553
684 569
723 552
925 626
912 635
914 633
917 530
915 528
913 528
1003 629
1002 628
999 625
1002 634
1001 635
999 635
724 553
624 576
623 575
663 553
686 570
685 569
912 636
913 633
918 530
915 527
913 527
1004 629
999 624
1003 634
1001 636
687 569
711 589
714 590
723 553
912 637
912 633
913 632
918 529
916 527
913 526
1004 630
1000 624
1002 636
1001 637
626 577
624 575
664 553
686 569
711 588
715 590
911 637
913 631
917 527
913 525
1001 624
1000 623
1002 637
723 554
626 576
625 575
664 554
663 555
679 555
910 637
912 525
913 524
1001 625
1001 623
1003 637
1002 638
686 568
713 652
712 588
711 587
716 590
715 589
910 638
913 523
1001 622
1004 637
1003 638
722 554
739 567
626 575
664 555
909 638
910 639
912 523
1001 621
1005 637
661 558
661 560
679 556
908 638
909 639
911 639
912 522
1001 620
1006 637
1005 638
686 567
712 587
716 589
909 640
911 640
911 522
912 521
1002 620
1000 620
1005 639
720 555
721 554
738 567
626 574
912 640
910 522
913 521
912 520
1003 620
1000 619
1005 640
665 555
662 560
661 559
678 556
685 567
913 640
912 641
910 523
910 521
914 521
912 519
1003 621
1000 618
1006 640
1004 640
713 587
716 588
720 554
731 555
729 555
733 557
914 640
912 642
910 520
915 521
914 522
1004 621
1003 622
1001 618
999 618
1000 617
1007 640
738 566
626 573
665 556
663 558
662 559
677 556
684 567
913 642
912 643
909 520
910 519
916 521
915 522
1004 622
1001 617
998 618
1007 641
1007 639
714 587
718 589
717 588
719 588
717 552
720 553
908 520
909 519
910 518
917 521
916 520
1005 622
1002 617
1001 616
998 619
1008 641
1008 639
730 573
730 555
729 556
733 558
737 566
627 573
665 557
911 518
910 517
918 521
1006 622
1003 617
1002 616
997 619
998 620
1009 639
663 559
669 559
676 556
682 568
732 695
684 566
715 587
718 588
712 584
910 516
919 521
1007 622
1003 618
1002 615
996 619
998 621
717 553
719 553
729 573
730 572
730 556
731 557
732 558
736 566
631 572
910 515
920 521
919 520
1007 623
1004 618
1003 615
998 622
628 573
665 558
664 559
668 559
676 557
677 558
682 567
684 565
715 586
718 587
920 522
920 520
1008 623
1005 618
1004 615
997 622
712 583
718 553
729 572
730 557
731 558
736 567
630 572
920 523
920 519
1009 623
1005 617
1004 614
997 623
629 573
666 558
665 559
667 559
676 558
682 564
921 519
1010 623
1006 617
1004 613
997 624
682 566
683 565
715 585
718 586
712 582
718 554
717 555
725 573
921 518
1010 624
1010 622
1005 613
1003 613
728 572
730 558
734 568
735 567
630 573
631 574
666 559
674 557
921 517
1011 624
1010 621
1006 613
676 559
677 564
681 564
681 566
682 565
716 585
718 585
714 577
713 582
921 516
1011 621
1009 621
1010 620
1007 613
718 555
725 572
727 572
730 559
731 560
733 562
733 566
734 567
630 574
666 560
921 515
1011 620
1008 621
1010 619
1008 613
1007 612
667 561
674 558
675 559
678 564
680 564
681 565
717 585
714 578
713 581
922 515
921 514
1012 620
1009 619
1008 614
1007 611
718 556
725 571
727 571
729 559
730 560
732 562
733 567
630 575
666 561
674 559
679 564
923 515
922 514
1013 620
1012 619
1008 619
1009 618
1009 614
1008 611
1007 610
680 565
717 584
714 579
714 581
713 580
719 556
720 557
726 571
729 560
728 561
730 561
731 562
923 516
922 513
1013 621
1012 618
1007 619
1008 618
1009 617
1007 609
730 567
935 511
732 567
630 576
628 578
666 562
674 560
674 562
679 565
679 567
717 583
718 582
715 581
924 516
923 513
1013 622
1007 620
1008 609
714 580
719 557
726 570
729 561
750 732
730 562
731 567
630 577
629 578
666 563
674 561
679 566
924 513
1013 623
1008 608
681 572
717 582
716 579
715 580
719 558
726 569
728 569
729 562
730 563
731 566
925 513
924 514
1014 623
1008 607
630 578
667 563
673 561
678 566
681 573
685 575
717 581
716 580
719 559
925 512
1014 624
1009 607
1008 606
727 569
729 563
731 565
632 577
631 578
650 589
652 589
925 511
1015 624
1014 625
1010 607
668 563
672 561
676 565
677 566
681 574
684 575
926 511
1015 625
1013 625
1011 607
1010 608
685 576
717 580
719 580
720 559
727 568
729 564
729 566
927 511
926 510
1016 625
1015 626
725 693
726 693
724 693
725 692
726 692
723 693
724 692
727 692
722 693
724 691
727 691
722 694
724 690
722 695
723 690
722 690
721 690
720 690
721 689
719 690
721 688
719 689
721 687
718 689
720 687
721 686
717 689
720 686
716 689
715 689
715 690
715 688
715 691
715 687
716 691
714 691
714 687
715 686
716 692
713 691
714 692
713 687
715 685
716 693
713 692
712 687
715 684
716 694
713 693
712 688
715 683
717 694
713 694
712 689
716 683
714 683
717 695
714 694
712 694
713 689
711 689
712 690
714 682
718 695
711 694
712 695
710 689
714 681
718 696
711 695
709 689
713 681
710 695
708 689
709 690
713 680
709 695
710 696
708 690
708 688
709 691
712 680
708 695
709 696
708 687
711 680
712 679
708 696
709 697
709 687
712 678
709 698
710 687
712 677
710 698
708 698
710 686
711 677
712 676
710 699
711 676
713 676
711 699
710 700
711 675
712 699
710 701
710 675
713 699
711 701
710 702
709 675
714 699
711 702
709 702
708 675
715 699
714 700
714 698
712 702
711 703
708 702
709 703
707 675
708 676
708 674
716 699
714 701
714 697
708 701
709 704
708 677
708 673
717 699
714 696
709 705
709 677
707 677
708 678
708 672
718 699
717 698
715 696
713 696
710 705
708 705
709 706
706 677
708 679
709 672
719 699
718 698
716 696
715 695
706 676
708 680
710 672
709 671
720 699
716 697
708 681
711 672
710 671
720 700
720 698
710 670
721 698
711 670
710 669
712 670
710 668
710 667
711 667
709 667
708 667
709 666
708 668
709 665
707 668
710 665
708 665
706 668
711 665
710 664
707 665
705 668
710 663
707 664
704 668
711 663
707 663
703 668
704 669
711 662
707 662
703 669
703 667
704 670
712 662
707 661
702 669
713 662
712 661
707 660
701 669
714 662
700 669
715 662
714 663
714 661
700 670
714 660
700 671
714 659
699 671
715 659
714 658
699 672
716 659
714 657
699 673
717 659
716 658
714 656
698 673
699 674
718 659
717 658
700 674
718 660
718 658
701 674
719 660
718 657
701 675
720 660
718 656
701 676
721 660
717 656
701 677
959 614
960 614
961 614
962 614
961 613
963 614
963 613
964 613
964 612
964 611
965 611
963 611
966 611
962 611
967 611
966 610
961 611
962 612
962 610
966 609
960 611
962 609
967 609
963 609
968 609
967 608
964 609
969 609
969 610
969 608
970 610
970 608
969 607
970 611
969 606
971 611
970 612
969 605
969 604
970 604
969 603
971 604
969 602
971 605
971 603
968 602
969 601
971 606
967 602
970 601
971 607
966 602
971 601
972 607
965 602
966 603
972 601
971 600
965 601
973 601
972 602
971 599
964 601
973 602
971 598
963 601
974 602
972 598
970 598
971 597
962 601
963 600
975 602
972 597
969 598
961 601
963 599
976 602
972 596
969 599
969 597
960 601
961 600
977 602
976 601
972 595
968 597
959 601
977 603
976 600
973 595
967 597
959 602
977 600
975 600
976 599
974 595
966 597
959 603
977 599
974 600
976 598
974 594
960 603
978 599
974 599
975 598
976 597
974 593
961 603
979 599
973 599
976 596
973 593
961 604
976 595
972 593
973 592
962 604
961 605
977 595
972 592
960 605
971 592
970 592
971 591
969 592
970 591
968 592
970 590
967 592
970 589
967 593
967 591
971 589
966 593
967 594
966 591
972 589
967 595
965 591
973 589
964 591
974 589
973 588
964 592
975 589
973 587
963 592
975 590
974 587
973 586
962 592
975 591
973 585
961 592
962 593
962 591
976 591
974 585
972 585
973 584
960 592
961 591
962 594
977 591
974 584
971 585
959 592
961 594
977 592
977 590
974 583
971 586
958 592
959 593
960 594
978 590
958 593
958 591
960 595
979 590
957 593
957 591
960 596
980 590
979 589
956 593
957 594
956 591
959 596
981 590
980 591
979 588
956 594
955 591
959 597
980 592
978 588
979 587
954 591
959 598
978 587
980 587
953 591
954 592
960 598
959 599
981 587
980 586
953 592
953 590
961 598
958 599
982 587
980 585
657 601
953 589
958 600
982 588
980 584
952 589
953 588
983 588
980 583
951 589
983 589
980 582
951 588
984 589
981 582
950 588
951 587
984 590
982 582
949 588
950 587
951 586
984 591
983 582
949 589
950 586
790 833
985 591
983 583
983 581
949 590
949 586
950 585
951 584
986 591
984 583
983 580
949 591
950 584
952 584
986 592
986 590
984 580
949 592
953 584
952 583
987 592
986 593
987 590
984 579
948 592
949 593
952 582
988 592
986 594
988 590
985 579
984 578
947 592
951 582
952 581
986 595
988 589
986 579
985 578
983 578
984 577
946 592
947 591
952 580
987 595
985 595
989 589
988 588
987 579
982 578
984 576
951 580
952 579
988 595
985 596
988 587
982 577
984 575
953 579
988 596
984 596
987 587
988 586
983 575
954 579
953 578
988 597
983 596
987 586
989 586
988 585
983 574
955 579
953 577
989 597
987 597
982 596
983 595
988 584
983 573
956 579
955 580
953 576
989 598
987 598
981 596
989 584
984 573
982 573
956 578
955 581
952 576
953 575
990 598
981 595
990 584
985 573
984 572
981 573
956 581
954 581
952 575
953 574
990 599
991 584
986 573
984 571
980 573
957 581
954 582
951 575
953 573
990 600
992 584
987 573
984 570
979 573
980 574
980 572
957 582
957 580
952 573
989 600
990 601
993 584
988 573
987 574
984 569
978 573
980 575
980 571
958 582
958 580
952 572
990 602
994 584
993 585
989 573
985 569
984 568
977 573
978 572
981 571
959 582
958 583
952 571
990 603
994 585
993 586
990 573
989 574
989 572
986 569
985 568
976 573
959 583
990 604
995 585
993 587
990 574
990 572
989 575
987 569
985 567
975 573
960 583
996 585
994 587
990 575
990 571
989 576
988 569
987 570
985 566
960 584
997 585
991 571
989 577
986 566
984 566
985 565
961 584
960 585
997 586
991 570
990 577
985 564
997 587
992 570
991 569
991 577
990 578
986 564
984 564
998 587
997 588
993 570
991 568
987 564
984 563
999 587
997 589
994 570
993 571
992 568
990 568
984 562
999 588
999 586
998 589
996 589
995 570
993 572
989 568
985 562
984 561
1000 586
998 590
995 589
996 570
995 571
983 561
984 560
1000 585
998 591
995 590
996 571
983 560
984 559
1001 585
998 592
994 590
983 559
985 559
1002 585
999 592
997 592
998 593
983 558
1002 586
996 592
982 558
1003 586
1002 587
995 592
996 593
1002 588
996 594
1002 589
997 594
995 594
975 440
997 595
994 594
995 595
974 441
998 595
1003 589
1004 589
1005 589
1006 589
1005 590
1005 588
1007 589
1006 588
1005 587
1008 589
1007 590
1006 587
1008 588
1007 591
1006 586
1009 588
1006 585
1009 587
1007 585
1006 584
1010 587
1011 587
1010 586
1012 587
1011 588
1010 585
1012 586
1011 589
1009 585
1013 586
1010 589
1011 590
1009 584
1014 586
1009 583
1014 585
1008 583
1009 582
1015 585
1007 583
1008 582
1009 581
1010 581
1009 580
1010 580
1009 579
1011 580
1010 579
1010 578
1011 578
1010 577
1011 577
1009 577
1012 577
1013 577
1014 577
1013 576
1013 575
1013 574
1014 574
1013 573
1015 574
1013 572
1016 574
1014 572
1012 572
1013 571
1017 574
1016 575
1015 572
1014 571
1011 572
1018 574
1016 572
1014 570
1010 572
1011 573
1011 571
1018 575
1014 569
1010 571
1018 576
1015 569
1014 568
1010 570
1019 576
1017 576
1018 577
1016 569
1013 568
1010 569
1020 576
1017 569
1011 569
1010 568
1020 577
1020 575
1017 568
1009 568
1020 578
1018 568
1017 567
1019 578
1020 579
1019 568
1018 567
1017 566
1019 579
1021 579
1020 568
1019 567
1016 566
1017 565
1019 580
1020 567
1019 566
1018 565
1017 564
1018 580
1019 581
1021 567
1019 565
1016 564
1017 563
1020 581
1019 582
1022 567
1021 566
1017 562
1018 582
1019 583
1022 566
1016 562
1017 561
1019 584
1015 562
1018 561
1017 560
1018 584
1019 585
1019 561
1016 560
1019 586
1020 561
1015 560
1020 586
1019 587
1021 561
1020 560
1015 559
1021 586
1019 588
1021 562
1020 559
1014 559
1022 586
1018 588
1019 589
1021 563
1020 558
1023 586
1019 590
1021 564
1021 558
1024 586
1018 590
1022 558
1025 586
1017 590
1018 591
1022 557
1025 587
1016 590
1023 557
1022 556
1026 587
1015 590
1016 591
1016 589
1024 557
1022 555
1026 588
1024 558
1023 555
1021 555
1026 589
1024 559
1024 555
1020 555
1021 554
1027 589
1025 589
1026 590
1024 554
1021 553
1027 590
1025 590
1025 554
1022 553
1020 553
1028 590
1027 591
1025 591
1026 554
1020 552
1029 590
1026 555
1020 551
1029 591
1026 556
1020 550
1030 591
1027 556
1020 549
1030 592
1021 549
1019 549
1020 548
1031 592
1022 549
1018 549
1019 548
1020 547
1031 593
1023 549
1018 550
1020 546
1031 594
1024 549
1020 545
1032 594
1024 550
1020 544
1032 595
1025 550
1021 544
1020 543
1032 596
1025 551
1021 543
1033 596
1026 551
1025 552
1021 542
1034 596
1027 551
1026 552
1021 541
1034 597
1021 540
1035 597
1022 540
1036 597
1023 540
1022 539
1036 598
1036 596
1024 540
1022 538
1036 599
1036 595
1025 540
1021 538
1037 599
1035 599
1036 594
1025 539
1021 537
1037 600
1035 600
1037 594
1035 594
1036 593
1026 539
1021 536
1034 600
1035 601
1038 594
1036 592
1026 538
1020 536
1033 600
1036 601
1036 591
1026 537
1019 536
1020 535
1032 600
1033 601
1033 599
1036 602
1037 591
1027 537
1020 534
1031 600
1036 603
1037 590
1028 537
1020 533
1031 601
1035 603
1037 589
1029 537
1021 533
1019 533
1031 602
1035 604
1038 589
1036 589
1030 537
1029 538
1029 536
1021 532
1018 533
1032 602
1034 604
1039 589
1035 589
1031 537
1030 538
1021 531
1017 533
1033 604
1040 589
1035 590
1031 536
1030 539
1020 531
1021 530
1017 534
1017 532
1041 589
1040 588
1034 590
1032 536
1030 540
1020 530
1022 530
1016 534
1017 531
1041 590
1041 588
1032 535
1030 541
1023 530
1015 534
1017 530
1041 591
1042 588
1032 534
1031 541
1030 542
1023 531
1015 533
1017 529
1041 592
1043 588
1031 534
1032 541
1031 542
1030 543
1024 531
1018 529
1016 529
1042 592
1041 593
1043 589
1043 587
1030 534
1032 540
1031 543
1029 543
1025 531
1043 592
1042 593
1044 587
1033 540
1032 539
1031 544
1028 543
1026 531
1025 532
1042 594
1044 586
1034 540
1031 545
1028 544
1027 531
1026 530
1025 533
1043 594
1042 595
1045 586
1035 540
1032 545
1027 544
1028 545
1028 531
1027 532
1027 530
1026 529
1024 533
1044 594
1042 596
1046 586
1045 585
1035 539
1032 546
1028 546
1029 531
1027 529
1025 529
1026 528
1024 534
1044 595
1043 596
1042 597
1047 586
1045 584
1036 539
1032 547
1028 547
1028 529
1026 527
1023 534
1041 597
1042 598
1048 586
1044 584
1045 583
1036 538
1031 547
1032 548
1029 547
1025 527
1022 534
1042 599
1048 587
1048 585
1043 584
1037 538
1036 537
1031 548
1033 548
1022 535
1041 599
1042 600
1049 587
1049 585
1048 584
1042 584
1043 585
1043 583
1038 538
1036 536
1031 549
1034 548
1040 599
1041 600
1043 600
1042 601
1050 587
1047 584
1041 584
1043 582
1038 539
1037 536
1036 535
1031 550
1034 549
1041 601
1043 601
1042 602
1051 587
1047 583
1041 585
1043 581
1039 539
1037 535
1032 550
1034 550
1040 601
1044 601
1042 603
1051 588
1051 586
1047 582
1041 586
1043 580
1039 540
1037 534
1034 551
1040 602
1045 601
1042 604
1052 588
1051 589
1052 586
1048 582
1042 580
1039 541
1038 534
1046 601
1041 604
1042 605
1051 590
1052 585
1048 581
1040 541
1038 541
1038 533
1046 602
1040 604
1043 605
1042 606
1051 591
1053 585
1052 584
1048 580
1041 541
1039 533
1038 532
1047 602
1043 606
1042 607
1051 592
1052 583
1048 579
1042 541
1041 542
1040 533
1038 531
1048 602
1047 603
1041 607
1042 608
1050 592
1053 583
1052 582
1049 579
1048 578
1041 543
1041 533
1040 534
1038 530
1049 602
1047 604
1040 607
1041 608
1049 592
1053 582
1051 582
1048 577
1042 543
1041 544
1041 532
1039 530
1037 530
1050 602
1041 609
1049 593
1054 582
1051 581
1047 577
1048 576
1043 543
1042 532
1040 530
1039 529
1050 601
1040 609
1041 610
1048 593
1055 582
1054 581
1050 581
1044 543
1043 532
1040 531
1040 529
1039 528
1050 600
1039 609
1040 610
1041 611
1047 593
1055 583
1054 580
1044 532
1043 533
1043 531
1041 529
1051 600
1050 599
1042 611
1046 593
1047 594
1054 579
1043 534
1043 530
1041 528
1050 598
1043 611
1054 578
1043 535
1043 529
1050 597
1044 611
1055 578
1054 577
1042 535
1043 536
1044 529
1051 597
1049 597
1045 611
1056 578
1053 577
1041 535
1044 536
1043 537
1045 529
1044 528
1052 597
1051 596
1048 597
1045 612
1057 578
1053 576
1041 536
1045 536
1043 538
1045 530
1044 527
1053 597
1052 596
1047 597
1045 613
1057 577
1052 576
1053 575
1041 537
1046 536
1046 530
1045 531
1043 527
1044 526
1053 596
1044 613
1058 577
1057 576
1054 575
1053 574
1041 538
1047 536
1046 537
1047 530
1046 531
1045 526
1044 525
1043 613
1044 614
1059 577
1055 575
1054 574
1053 573
1040 538
1047 535
1046 538
1048 530
1046 532
1046 526
1044 524
1060 577
1059 576
1055 576
1052 573
1053 572
1048 535
1049 530
1046 533
1045 524
1043 524
1044 523
1060 578
1060 576
1051 573
1053 571
1050 530
1049 529
1043 523
1044 522
1060 579
1061 576
1050 573
1054 571
1053 570
1051 530
1042 523
1060 580
1062 576
1061 575
1055 571
1054 570
1053 569
1052 530
1051 529
1041 523
1060 581
1063 576
1062 575
1055 570
1052 569
1053 568
1052 531
1051 528
1040 523
1060 582
1064 576
1063 575
1056 570
1051 569
1052 568
1053 531
1039 523
1061 582
1063 574
1052 567
1054 531
1038 523
1039 522
1062 582
1052 566
1054 532
1039 521
1063 582
1062 581
1052 565
1054 533
1040 521
1038 521
1039 520
1064 582
1053 565
1055 533
1041 521
1040 520
1038 520
1065 582
1064 581
1053 564
1055 534
1040 519
1037 520
1065 581
1064 580
1054 564
1053 563
1056 534
1055 535
1041 519
1037 519
1066 581
1055 564
1054 563
1056 535
1055 536
1042 519
1036 519
1037 518
1067 581
1055 563
1057 535
1043 519
1042 518
1036 518
1038 518
1068 581
1067 582
1058 535
1043 520
1043 518
1036 517
1069 581
1059 535
1043 517
1036 516
1070 581
1059 536
1059 534
1043 516
1035 516
1036 515
1070 582
1059 537
1060 534
1043 515
1034 516
1037 515
1036 514
1070 583
1059 538
1061 534
1060 533
1042 515
1034 515
1037 514
1035 514
1071 583
1069 583
1060 538
1058 538
1059 539
1062 534
1061 533
1042 514
1035 513
1071 584
1069 584
1061 538
1058 539
1059 540
1063 534
1062 533
1042 513
1035 512
1072 584
1069 585
1061 539
1061 537
1059 541
1064 534
1063 535
1062 532
1042 512
1036 512
1034 512
1073 584
1068 585
1061 536
1058 541
1059 542
1065 534
1064 535
1063 532
1043 512
1033 512
1073 585
1073 583
1067 585
1068 586
1059 543
1066 534
1063 531
1044 512
1033 511
1073 586
1068 587
1060 543
1059 544
1067 534
1066 535
1064 531
1063 530
1045 512
1044 513
1033 510
1074 586
1068 588
1059 545
1068 534
1066 536
1063 529
1033 509
1075 586
1069 588
1067 588
1068 589
1060 545
1059 546
1068 535
1068 533
1065 536
1034 509
1032 509
1075 587
1075 585
1070 588
1066 588
1068 590
1061 545
1069 535
1068 536
1031 509
1075 588
1071 588
1069 590
1068 591
1062 545
1070 535
1069 536
1030 509
1075 589
1072 588
1071 589
1069 591
1063 545
1062 544
1071 535
1029 509
1030 508
1076 589
1070 591
1064 545
1062 543
1072 535
1071 536
1028 509
1077 589
1070 592
1065 545
1064 546
1062 542
1073 535
1072 536
1072 534
1071 537
1027 509
1028 510
1078 589
1064 547
1063 542
1074 535
1073 536
1072 533
1071 538
1026 509
1079 589
1078 590
1065 547
1063 547
1064 542
1063 541
1073 537
1073 533
1072 538
1070 538
1071 539
1025 509
1026 510
1080 589
1066 547
1062 547
1063 548
1065 542
1064 541
1074 533
1072 539
1069 538
1070 539
1024 509
1026 511
1081 589
1066 548
1061 547
1066 542
1065 543
1075 533
1073 539
1023 509
1025 511
1026 512
1081 590
1066 549
1061 548
1067 542
1076 533
1074 539
1022 509
1023 510
1025 512
1027 512
1082 590
1081 591
1065 549
1066 550
1067 543
1067 541
1077 533
754 787
1074 540
1022 508
1025 513
1027 513
1082 591
1065 550
1068 543
1068 541
1067 540
1078 533
1077 532
1075 540
1074 541
1021 508
1022 507
1024 513
1028 513
1083 591
1065 551
1068 544
1069 541
1067 539
1079 533
1078 534
1078 532
1077 531
1076 540
1073 541
1021 507
1023 507
1023 513
1024 514
1028 514
1083 592
1064 551
1065 552
1069 544
1080 533
1079 532
1077 530
1077 540
1076 539
1073 542
1021 506
1023 506
1022 513
1028 515
1083 593
1063 551
1070 544
1081 533
1077 529
1077 541
1077 539
1073 543
1021 505
1023 505
1021 513
1022 514
1028 516
1084 593
1071 544
1082 533
1081 532
1078 529
1076 529
1077 528
1077 542
1078 539
1073 544
1021 504
1023 504
1021 514
1027 516
1085 593
1084 594
1072 544
1081 531
1079 529
1075 529
1079 539
1078 538
1074 544
1022 504
1021 503
1021 515
753 799
753 800
754 800
754 801
755 801
754 802
756 801
754 803
757 801
753 803
754 804
758 801
757 802
757 800
753 804
755 804
758 800
752 804
759 800
751 804
752 805
760 800
751 805
761 800
750 805
751 806
762 800
751 807
763 800
762 801
752 807
763 801
762 802
753 807
764 801
763 802
762 803
754 807
753 808
765 801
761 803
755 807
765 802
756 807
765 803
757 807
764 803
765 804
757 808
766 804
765 805
757 809
767 804
764 805
765 806
758 809
767 803
765 807
759 809
768 803
767 802
766 807
765 808
760 809
768 802
765 809
760 808
766 809
760 807
766 810
761 807
767 810
766 811
766 812
766 813
765 813
767 813
764 813
768 813
763 813
768 814
768 812
763 812
769 814
768 815
769 812
762 812
763 811
768 816
770 812
761 812
763 810
769 816
771 812
760 812
770 816
769 817
771 813
771 811
760 813
769 818
759 813
769 819
758 813
759 814
770 819
757 813
759 815
771 819
770 820
756 813
759 816
772 819
771 818
755 813
758 816
759 817
772 820
754 813
755 812
760 817
773 820
772 821
753 813
754 814
761 817
760 818
774 820
773 821
771 821
772 822
753 814
753 812
762 817
761 818
775 820
774 821
771 822
752 814
753 811
763 817
761 819
776 820
774 822
770 822
752 815
752 811
753 810
764 817
762 819
776 821
774 823
751 815
752 810
765 817
762 820
777 821
775 823
750 815
765 818
762 821
778 821
775 824
761 821
762 822
778 822
778 820
776 824
775 825
760 821
763 822
762 823
777 824
776 825
775 826
759 821
763 823
777 825
759 822
759 820
777 826
759 823
758 820
777 827
758 823
758 819
776 827
778 827
757 823
776 828
756 823
757 824
776 829
757 825
776 830
756 825
757 826
777 830
756 826
778 830
756 827
779 830
778 831
778 829
755 827
756 828
780 830
778 832
754 827
756 829
781 830
777 832
779 832
755 829
782 830
781 831
776 832
754 829
755 830
782 829
755 831
783 829
754 831
755 832
784 829
756 832
755 833
785 829
756 833
754 833
786 829
757 833
753 833
754 834
787 829
758 833
757 834
752 833
753 834
754 835
788 829
758 834
751 833
754 836
788 830
788 828
759 834
758 835
750 833
751 832
753 836
755 836
788 831
788 827
760 834
759 835
758 836
752 836
755 837
788 832
787 827
788 826
760 833
758 837
755 838
788 833
787 826
760 832
759 837
755 839
789 833
787 825
761 832
760 831
756 839
755 840
627 622
627 623
627 621
627 624
627 625
626 625
627 626
626 626
625 626
624 626
625 627
624 627
624 628
624 629
624 630
625 630
624 631
626 630
625 631
623 631
626 629
625 632
622 631
625 633
621 631
622 632
626 633
627 633
628 633
627 634
627 632
629 633
628 632
627 635
630 633
628 635
631 633
630 634
629 635
632 633
631 632
633 633
631 631
633 634
634 634
633 635
635 634
633 636
636 634
633 637
637 634
634 637
632 637
637 633
635 637
634 638
631 637
638 633
637 632
636 637
634 639
631 638
639 633
637 637
635 639
633 639
630 638
639 634
635 640
630 639
640 634
639 635
635 641
640 635
641 635
642 635
642 636
642 634
642 637
643 634
642 633
643 637
642 638
642 632
644 637
643 638
641 638
642 639
642 631
645 637
644 638
641 639
642 640
643 631
645 636
641 640
642 641
646 636
643 641
647 636
643 642
648 636
647 635
643 643
649 636
647 634
643 644
650 636
648 634
646 634
642 644
643 645
650 637
650 635
649 634
646 633
641 644
650 638
651 635
640 644
641 643
651 638
639 644
652 638
651 639
638 644
639 645
653 638
652 639
637 644
653 639
653 637
637 645
654 639
653 640
654 637
653 636
636 645
637 646
655 639
654 636
635 645
637 647
656 639
655 636
654 635
635 644
637 648
657 639
656 640
655 635
654 634
636 648
637 649
658 639
657 638
656 641
654 633
638 649
637 650
659 639
658 640
656 642
655 633
653 633
639 649
636 650
637 651
659 638
658 641
655 642
656 643
656 633
655 632
640 649
637 652
659 637
659 641
656 644
655 631
641 649
638 652
637 653
658 637
660 641
657 644
655 644
656 645
656 631
654 631
639 652
636 653
637 654
661 641
657 645
655 645
657 631
654 630
640 652
635 653
662 641
658 645
654 645
658 631
653 630
654 629
641 652
640 651
635 654
635 652
654 646
658 630
654 628
642 652
641 653
641 651
634 652
635 651
653 646
654 647
654 627
643 652
642 651
641 654
633 652
652 646
655 647
654 626
643 653
641 655
632 652
633 653
633 651
652 647
652 645
641 656
631 652
632 653
651 645
640 656
641 657
631 651
650 645
642 657
631 650
649 645
650 644
643 657
630 650
649 646
649 644
643 658
630 649
649 647
649 643
644 658
629 649
648 643
649 642
644 659
628 649
647 643
649 641
644 660
627 649
628 650
628 648
650 641
648 641
645 660
643 660
626 649
628 651
628 647
647 641
646 660
645 661
643 661
626 650
626 648
628 646
646 659
645 662
642 661
626 651
625 648
629 646
628 645
624 648
625 647
630 646
628 644
623 648
630 645
622 648
631 645
621 648
622 649
631 644
620 648
632 644
631 643
620 647
633 644
631 642
620 646
633 645
630 642
619 646
639 646
