401 479
291 658
401 527
432 552
349 505
304 305
361 503
341 626
319 313
331 631
409 538
473 585
332 635
303 394
399 487
388 491
298 356
318 339
335 575
324 610
344 597
387 585
514 616
398 620
356 578
358 323
402 548
389 492
545 542
435 601
436 552
483 585
403 485
533 599
518 577
292 305
414 601
291 637
491 602
440 598
371 489
347 588
353 625
311 360
307 387
438 595
544 611
515 587
481 618
314 614
401 484
486 565
292 301
366 492
367 554
321 608
538 597
455 567
427 558
335 378
405 546
413 544
351 504
301 357
298 371
401 483
370 494
404 548
494 552
313 312
322 336
485 600
402 614
454 572
551 515
341 624
498 596
481 411
554 575
305 310
487 569
489 564
295 382
404 471
305 369
335 365
340 589
399 474
385 570
297 372
514 609
314 637
536 561
308 356
404 527
388 581
302 379
297 301
317 610
305 357
320 642
337 578
297 662
297 622
489 597
346 592
548 607
520 575
551 618
299 636
520 586
552 608
528 560
296 661
387 581
287 302
307 612
294 306
315 310
329 512
361 537
360 578
479 586
402 466
289 296
391 508
318 615
433 541
306 643
312 312
386 566
403 489
539 576
355 579
389 624
356 522
367 544
302 315
445 570
294 309
291 309
361 490
412 545
360 505
370 496
385 491
492 564
329 602
377 488
309 299
311 339
450 576
439 555
407 509
306 665
422 612
322 642
315 617
305 295
448 563
384 550
349 558
509 559
489 566
293 662
351 590
410 542
400 613
488 600
311 299
509 626
431 617
417 583
308 343
503 563
481 579
344 599
436 589
336 367
420 581
518 558
339 510
335 496
440 567
533 606
485 589
487 548
515 606
464 585
535 599
368 544
300 394
530 559
334 382
510 612
346 639
424 582
435 591
347 577
533 604
340 576
396 546
484 551
434 539
441 569
412 602
516 598
338 513
521 556
357 578
521 579
416 597
299 617
539 439
303 634
419 614
408 596
348 610
400 548
428 486
555 573
352 590
305 619
381 593
343 602
368 554
484 591
466 584
478 592
400 624
547 565
337 575
339 573
521 580
388 573
327 488
511 614
363 520
297 312
343 517
510 626
533 601
395 626
411 537
540 437
295 637
418 556
344 514
406 473
540 597
297 648
370 549
350 512
336 511
512 612
293 372
288 666
351 586
392 552
516 615
498 591
311 621
547 611
317 615
307 298
437 561
350 508
291 370
303 346
487 581
506 612
402 627
326 630
326 308
343 590
463 588
574 514
425 560
304 296
384 589
329 605
478 588
503 559
347 614
340 507
328 637
303 625
346 558
408 481
321 641
387 624
529 581
523 594
536 595
339 578
425 539
388 583
350 510
442 555
422 542
514 621
363 327
352 505
487 582
402 547
519 578
309 648
424 482
399 469
402 549
325 609
327 628
541 561
389 592
542 612
385 553
290 306
435 539
410 619
434 612
420 582
355 539
418 608
295 662
328 489
480 571
331 604
339 638
473 597
357 510
408 518
447 563
378 548
381 550
531 582
297 304
374 543
390 489
339 596
473 600
362 593
382 552
312 356
363 536
303 356
320 341
525 591
415 552
304 316
303 665
528 585
330 622
369 546
309 624
425 587
421 543
407 620
311 311
356 534
311 368
290 656
415 584
547 619
560 607
491 556
528 589
412 482
326 373
308 312
501 559
344 562
298 382
331 628
542 611
330 503
525 590
329 622
422 543
318 642
418 609
398 624
428 553
307 306
308 383
521 584
320 641
491 561
334 643
414 482
351 558
514 606
486 606
295 309
428 556
362 326
463 587
415 611
489 555
399 473
472 589
339 613
455 563
322 372
402 624
359 545
316 341
434 543
406 518
368 589
335 500
306 646
373 334
441 566
344 603
415 567
543 610
308 368
351 506
365 521
482 594
504 571
302 353
307 666
488 616
404 484
345 594
345 635
300 640
304 619
316 337
410 505
330 629
399 547
399 511
341 510
414 483
387 579
303 338
508 593
313 344
392 491
358 584
357 508
384 547
334 599
514 615
340 622
511 622
306 381
366 484
558 605
315 339
366 480
343 508
300 337
520 589
457 567
318 313
348 503
397 468
338 629
371 551
418 618
297 613
353 508
514 608
345 569
474 583
414 543
483 569
534 601
379 592
336 631
415 602
482 600
311 304
309 366
291 632
299 649
417 578
414 598
296 302
426 583
396 621
367 480
340 514
386 625
481 560
370 546
397 480
305 372
370 495
327 649
417 483
528 607
483 550
488 608
357 542
501 595
306 618
341 508
312 366
315 637
409 622
320 645
491 548
411 489
386 581
551 516
345 600
479 563
460 579
322 374
475 582
364 555
437 581
481 582
493 565
311 601
413 501
437 589
503 560
462 573
527 562
293 298
377 589
470 593
486 566
311 589
305 628
524 582
455 570
393 509
296 303
344 572
297 619
503 558
356 532
409 473
349 620
392 623
390 565
524 607
489 553
300 339
487 577
460 593
427 613
353 529
396 623
441 601
352 526
475 599
481 599
434 548
390 488
387 590
345 557
374 547
364 502
307 630
416 555
331 603
526 580
320 639
315 335
532 561
430 610
513 608
478 590
355 580
407 545
311 308
332 488
442 597
364 495
400 471
335 503
409 507
310 382
323 314
367 485
487 572
404 485
406 478
324 309
324 609
324 608
389 483
492 551
527 560
488 569
311 651
556 608
554 608
385 547
388 576
315 638
491 616
382 591
311 614
389 581
404 469
317 613
313 614
292 299
413 567
356 535
398 510
485 584
539 598
386 624
377 548
466 596
411 482
356 584
521 581
298 632
514 588
349 527
409 596
325 610
300 313
434 545
356 524
422 600
344 511
292 632
437 565
435 552
364 583
301 622
486 604
532 581
386 570
511 589
378 488
322 341
344 575
310 594
310 356
302 662
385 592
433 540
509 591
310 644
523 599
410 607
346 591
298 615
488 587
365 555
362 325
361 514
337 493
357 524
425 484
348 566
438 599
351 528
423 541
312 586
339 641
303 392
417 565
489 561
434 590
302 634
520 577
387 583
470 600
404 470
484 609
359 532
506 589
414 538
551 614
333 599
384 485
440 594
507 593
309 348
389 504
483 555
503 562
301 662
337 599
516 587
487 590
359 521
415 566
429 609
353 505
308 362
408 509
395 478
550 602
514 611
360 504
387 576
426 543
309 365
402 550
352 530
313 588
295 371
330 512
300 653
485 611
407 600
337 500
463 586
333 641
301 394
332 632
461 588
312 589
438 589
342 626
527 590
348 504
303 639
493 553
528 588
287 658
433 602
510 614
397 469
322 640
315 639
349 501
330 490
386 491
539 435
346 619
507 594
424 481
325 644
453 576
311 363
411 603
306 387
411 619
367 484
464 581
337 596
385 577
428 555
347 611
312 603
402 628
310 587
546 604
370 544
383 551
363 503
516 575
345 617
338 613
356 533
338 589
348 611
409 600
414 572
482 564
395 623
474 598
427 484
338 510
406 609
511 601
482 562
492 595
450 563
496 570
485 618
506 571
293 309
480 591
463 583
425 556
529 578
381 554
333 372
384 568
329 511
430 549
476 572
527 587
331 587
328 386
465 583
415 599
344 608
368 332
390 592
425 557
428 559
536 596
527 594
359 536
407 596
413 541
413 543
404 611
300 622
306 366
297 383
557 607
550 615
336 578
316 339
490 558
408 602
539 610
354 537
493 597
357 511
506 594
390 490
338 498
439 595
418 566
538 435
308 317
334 640
388 490
394 623
474 591
485 571
312 335
456 579
311 602
296 656
306 620
416 566
479 589
314 345
318 337
299 615
368 331
303 666
346 594
342 575
343 572
342 573
293 632
328 638
460 578
408 479
382 547
487 549
383 572
491 554
489 615
318 613
305 651
312 588
535 605
410 596
308 314
388 492
526 575
307 364
423 585
309 605
312 590
304 352
298 653
444 562
433 604
459 582
296 650
347 624
502 598
511 625
339 507
465 590
483 618
496 569
295 369
410 602
385 576
348 501
298 637
407 623
363 539
386 564
491 558
474 600
415 595
330 625
439 570
554 573
324 638
531 578
417 542
438 556
303 314
391 551
334 372
437 564
434 586
429 553
431 551
514 618
323 606
479 585
392 592
303 624
342 598
335 629
319 609
506 588
320 376
406 610
297 663
489 565
386 569
333 631
477 595
305 630
407 484
427 545
303 667
290 313
349 623
415 577
302 642
305 306
291 300
418 583
332 486
438 573
536 597
488 567
526 598
507 592
309 364
335 497
460 569
303 621
435 603
301 638
342 514
539 609
332 376
393 546
337 612
336 587
312 626
408 541
330 373
418 564
462 575
517 557
443 561
302 641
307 315
388 592
322 645
358 326
429 608
432 543
478 410
324 585
476 596
513 621
503 589
329 486
305 388
509 613
303 345
400 612
296 654
542 594
546 612
395 486
322 638
323 605
488 606
347 569
307 645
432 595
388 493
363 553
347 594
321 337
346 616
360 521
387 582
334 626
419 607
337 573
435 548
450 565
345 602
475 553
314 618
312 625
486 613
347 638
405 477
493 564
523 606
480 574
363 588
383 486
404 612
530 575
292 657
424 605
451 577
366 332
306 296
338 497
474 592
483 580
289 664
428 545
305 355
467 574
418 581
363 502
349 502
339 572
527 593
433 580
429 549
369 333
322 641
500 592
312 364
345 637
339 508
362 530
301 346
356 541
435 547
405 614
306 343
311 643
366 554
480 572
295 636
444 570
306 382
483 593
382 573
421 541
430 555
380 549
363 541
387 562
404 627
429 580
525 585
371 554
305 339
489 562
299 647
330 602
429 557
514 617
510 625
406 517
383 591
320 638
315 615
294 302
403 488
512 609
497 570
405 628
334 374
335 492
533 562
382 589
451 578
466 590
386 610
404 610
466 594
476 582
516 616
291 313
304 303
433 612
341 529
303 623
323 602
471 592
467 593
405 479
385 575
407 541
348 508
387 497
364 556
313 336
285 305
404 488
307 362
471 591
313 586
452 576
409 537
332 508
325 586
486 552
305 650
469 593
312 360
332 601
356 540
327 610
414 569
291 298
301 634
330 634
484 582
359 320
355 510
353 504
434 546
309 371
404 506
305 633
384 559
330 491
331 512
527 607
513 594
418 558
495 569
485 617
337 497
347 575
333 491
482 590
392 624
361 539
482 560
311 334
352 557
305 346
327 630
349 614
485 573
363 324
391 506
381 484
331 511
331 627
413 547
315 616
318 611
360 503
410 489
307 384
431 543
303 661
331 622
423 539
291 299
393 625
501 572
430 544
345 576
423 587
300 378
395 621
492 596
410 597
460 583
520 602
444 565
360 532
369 485
487 553
359 522
298 619
345 510
419 617
445 568
312 307
330 610
393 622
319 341
487 598
385 567
303 379
328 631
501 571
387 556
390 486
347 576
412 606
434 611
488 570
382 553
309 382
306 609
392 593
301 373
502 589
310 646
288 665
364 585
460 590
541 595
327 633
322 340
333 365
403 508
339 643
418 539
366 544
404 545
288 663
348 529
302 354
500 553
350 623
412 491
345 640
411 569
311 644
488 598
434 608
512 604
377 484
344 530
477 586
317 311
296 309
442 565
550 614
485 612
354 625
331 648
320 374
307 313
300 379
334 512
311 315
361 507
384 549
347 553
295 305
313 587
365 593
360 552
507 590
535 606
413 537
387 498
413 483
379 488
437 592
449 576
397 618
332 378
521 582
342 574
450 562
360 583
338 592
444 569
538 436
387 555
365 332
418 543
535 562
404 544
397 478
288 662
306 311
312 651
331 602
343 518
372 489
354 624
305 649
536 608
382 574
426 613
339 598
402 616
306 309
438 566
513 596
298 663
347 618
448 580
359 537
356 506
325 647
377 545
548 570
328 628
401 482
336 577
518 595
421 607
536 598
405 627
296 636
495 568
332 487
490 596
515 613
331 371
335 495
419 616
331 585
346 576
398 473
361 516
465 589
486 615
441 595
413 603
339 597
473 598
418 561
389 577
489 601
442 595
337 642
484 559
406 511
295 302
318 342
385 571
443 564
438 577
389 578
451 580
380 574
346 624
303 633
331 386
418 576
307 383
333 377
438 579
303 389
350 586
503 597
429 555
322 373
457 564
310 608
335 595
305 391
309 603
305 618
431 610
313 335
328 623
399 624
357 527
300 382
291 372
435 588
342 515
395 545
330 584
351 505
430 557
404 546
481 563
375 544
353 588
354 576
520 600
512 623
327 510
321 602
355 532
538 598
303 640
404 482
367 546
516 559
310 388
332 586
364 594
306 314
495 557
483 584
344 640
547 564
366 521
509 610
344 626
438 580
387 559
331 501
302 313
426 607
518 596
415 539
412 600
320 644
304 636
406 546
488 553
479 598
334 497
406 625
369 487
337 600
438 555
454 569
303 388
288 658
423 543
544 603
475 600
520 599
486 558
476 597
545 607
519 575
397 510
436 567
305 665
514 612
393 547
365 585
438 574
532 584
412 547
297 615
537 605
437 566
309 600
427 483
335 628
310 624
355 555
405 622
450 561
316 379
377 483
314 617
293 373
513 598
348 505
288 660
539 579
364 520
315 382
311 362
300 664
346 553
432 551
344 600
312 649
314 342
412 537
457 577
356 528
473 595
429 585
502 566
513 595
305 667
358 545
384 586
386 567
345 609
485 592
488 568
343 516
439 552
437 591
332 372
325 373
378 489
299 653
326 585
413 491
517 556
507 626
323 611
426 541
344 555
516 574
358 505
330 647
518 588
340 641
366 589
399 615
499 597
349 567
523 584
327 612
361 593
375 543
465 585
537 575
313 341
525 606
397 616
441 556
364 329
320 602
349 589
431 542
500 593
523 590
534 606
370 333
330 509
485 558
351 501
315 618
486 580
512 607
340 623
306 308
387 495
344 518
422 541
424 541
509 560
316 642
385 550
351 508
417 572
302 378
414 600
521 555
396 625
297 384
389 564
311 358
397 619
333 371
547 569
512 599
423 485
296 295
475 591
292 300
304 389
511 604
303 663
325 488
483 575
510 600
522 586
346 554
363 584
304 621
318 378
534 561
479 597
338 496
308 364
475 589
512 588
516 577
401 477
491 595
549 608
317 641
324 611
409 620
291 636
531 561
333 511
310 595
297 636
415 601
365 480
396 486
354 527
308 384
451 576
344 587
356 542
408 473
331 505
426 556
359 525
300 624
487 591
392 550
488 614
434 547
336 575
328 584
335 509
462 582
310 359
487 580
303 352
354 508
437 601
331 503
291 656
304 630
363 329
299 380
343 607
300 639
305 648
447 580
480 578
486 564
457 578
545 611
306 612
347 562
419 554
515 598
488 574
407 517
488 602
408 544
401 471
357 533
519 597
306 649
430 580
545 608
488 599
391 592
488 592
386 565
416 540
489 592
315 337
536 605
345 564
327 638
395 476
390 491
310 368
294 636
288 664
503 572
432 602
354 626
376 544
287 297
505 597
322 637
329 374
302 665
545 610
334 510
326 647
464 575
398 470
409 482
387 485
346 529
334 506
458 583
363 554
508 591
308 614
517 560
547 601
396 624
408 519
301 376
359 515
293 306
353 590
509 469
318 341
310 614
477 587
357 544
355 578
363 535
338 590
408 510
381 592
356 521
335 372
292 308
363 540
356 577
331 623
341 572
307 363
334 367
390 624
370 552
346 609
317 313
299 645
305 389
467 590
327 631
315 342
400 611
332 589
501 594
539 575
312 340
343 514
301 350
375 548
345 626
333 384
323 608
538 578
288 298
358 578
344 637
346 567
353 530
535 580
329 510
298 638
549 605
300 665
431 606
482 618
423 480
482 563
371 494
303 619
387 492
306 391
309 606
434 588
358 513
379 549
311 316
309 651
486 568
529 602
333 381
322 314
370 542
416 585
326 638
425 607
398 615
428 544
510 592
316 338
389 487
304 665
350 558
327 629
320 315
558 607
443 568
365 544
458 578
369 555
397 484
550 618
398 484
368 495
371 589
332 623
425 585
291 368
318 312
292 635
405 473
309 334
367 522
417 579
349 500
342 589
533 581
345 638
411 547
312 316
539 436
494 565
343 575
330 639
306 336
511 588
330 387
362 531
455 564
305 349
415 597
299 619
461 591
417 619
398 472
451 566
343 510
416 593
333 385
435 581
329 630
431 553
531 584
390 548
418 619
425 562
297 385
522 600
425 610
323 645
490 592
383 548
339 516
325 307
367 520
329 646
395 546
548 564
312 601
486 614
386 555
478 596
532 582
295 649
308 596
290 311
299 646
370 490
309 345
340 596
309 343
305 370
311 587
300 312
424 560
548 567
302 635
549 606
562 503
481 581
301 633
296 653
482 595
475 598
483 563
294 649
351 509
311 357
378 590
299 663
435 589
294 656
513 625
386 592
427 548
510 610
296 633
323 603
540 579
331 605
431 612
481 583
561 506
456 578
310 364
371 550
415 603
294 652
287 666
333 610
373 590
333 374
294 305
313 342
465 591
334 596
341 641
549 564
501 558
485 616
519 599
493 596
465 597
540 596
511 612
508 611
365 543
439 579
418 557
362 537
341 607
385 624
333 510
342 587
309 604
385 565
372 546
314 337
313 383
313 343
310 301
307 368
349 503
343 509
345 636
301 345
380 573
392 546
412 544
439 601
330 648
334 588
436 609
302 336
505 611
335 510
476 600
354 540
414 620
313 644
519 588
304 625
370 489
345 593
300 636
481 410
431 614
427 559
537 565
288 297
349 508
437 562
302 395
330 627
389 567
401 549
517 577
408 508
384 565
332 368
295 633
537 440
334 492
416 575
439 571
364 538
473 587
335 597
379 487
419 581
400 616
521 557
307 391
514 600
433 552
486 610
298 374
410 625
386 550
479 410
309 646
426 581
537 598
305 352
402 467
539 565
388 579
485 572
360 492
329 373
305 338
312 382
369 542
358 522
307 311
340 573
336 496
415 568
355 584
306 352
484 578
347 609
416 584
500 597
484 577
545 564
295 385
290 303
484 563
346 570
352 527
302 345
306 625
444 561
364 330
478 587
432 609
408 536
377 546
415 541
326 489
328 373
341 515
364 588
482 571
483 549
342 606
548 604
404 518
320 608
516 619
345 608
411 490
301 645
401 624
379 490
330 638
328 387
347 561
362 592
329 647
333 496
303 387
432 585
486 572
547 618
530 588
306 385
338 643
407 489
426 580
516 614
466 585
322 313
424 608
290 664
299 376
473 591
371 548
369 482
348 619
351 623
519 595
328 388
340 626
316 378
486 607
297 309
536 579
391 547
533 580
356 555
333 648
451 567
346 510
321 341
417 585
549 609
310 344
334 575
296 386
303 622
530 561
405 545
433 606
334 381
518 599
305 351
346 555
386 552
515 612
318 612
367 591
311 592
354 589
451 581
302 619
350 566
437 554
385 548
522 589
448 564
412 621
334 371
484 615
297 653
355 587
482 559
358 506
293 634
388 494
438 576
431 580
508 622
425 483
385 568
363 534
358 553
412 623
324 307
525 599
290 296
330 506
490 550
298 661
541 612
341 526
361 521
356 538
357 556
305 382
385 585
329 610
538 609
326 610
485 593
520 584
551 611
388 624
404 508
405 489
358 554
339 592
384 588
339 506
307 607
323 334
383 485
553 608
311 382
331 504
302 339
303 642
366 542
491 562
546 601
312 621
462 588
390 566
302 663
424 585
307 349
348 568
414 548
406 482
319 638
401 466
454 571
532 602
489 598
524 605
300 642
529 579
463 581
360 507
303 668
300 618
312 380
433 586
349 528
471 590
525 593
300 377
306 619
475 597
490 555
490 615
398 479
321 313
462 585
509 590
340 498
290 636
506 595
332 641
348 528
524 604
432 591
351 625
489 593
343 530
512 570
350 567
530 603
426 605
304 626
311 603
404 618
528 592
319 377
440 601
336 516
473 601
388 485
332 633
473 553
509 604
350 619
401 467
434 541
354 530
502 571
304 650
446 563
489 608
517 614
297 654
294 653
323 604
349 499
548 602
330 641
333 488
469 591
299 661
411 538
380 554
300 357
303 662
424 614
551 517
428 612
318 340
477 553
508 601
515 588
358 512
362 504
425 563
337 588
296 660
293 296
472 585
447 579
479 573
399 548
306 386
314 343
292 307
408 538
305 371
502 590
551 620
513 623
374 548
311 312
405 471
497 569
442 569
381 553
420 559
370 589
334 601
292 374
538 565
346 617
313 643
535 570
300 356
325 633
349 622
486 588
533 602
485 615
307 646
290 659
310 590
407 608
385 586
499 558
298 312
328 634
357 525
334 633
421 581
355 540
522 590
442 602
436 591
301 356
421 612
502 559
347 559
508 626
332 631
396 510
398 625
403 618
411 544
309 367
328 626
525 604
402 469
436 594
550 607
385 559
316 309
527 589
546 609
366 489
491 553
434 595
305 632
328 603
311 650
409 542
348 551
317 640
444 597
496 596
361 492
382 549
436 592
443 597
302 667
335 367
407 544
358 583
396 475
368 484
314 310
415 596
418 585
310 623
342 641
477 592
484 571
421 560
407 511
462 576
403 476
345 570
337 515
490 564
314 336
529 580
391 507
415 598
521 586
361 519
335 501
379 554
457 568
406 618
363 537
307 620
438 601
346 635
307 372
556 611
347 567
545 537
414 570
357 327
388 625
338 640
312 624
344 512
411 491
398 474
295 652
486 603
304 338
359 327
426 584
378 597
358 534
510 622
397 547
361 491
490 589
380 592
406 628
354 557
511 591
405 505
331 486
310 299
305 341
527 577
306 644
415 571
366 488
536 609
304 633
410 606
361 517
383 571
332 507
422 557
429 613
395 509
339 571
414 549
425 609
537 609
414 618
521 577
481 561
304 392
522 555
340 505
410 604
340 621
313 620
537 564
309 614
332 386
307 352
337 572
354 509
468 573
337 513
390 485
318 638
312 311
494 568
383 552
344 526
300 645
515 616
340 503
486 549
454 570
310 357
449 580
472 583
365 488
385 569
303 636
307 596
500 591
334 627
444 598
557 448
337 594
310 599
456 564
356 530
333 492
549 570
389 550
499 559
528 587
481 562
291 657
407 546
438 572
292 661
315 341
405 626
396 622
401 623
504 560
305 342
417 577
355 542
467 589
404 609
324 308
417 555
310 593
512 598
555 575
303 313
524 580
530 602
314 311
305 635
324 489
295 295
527 559
426 540
352 500
349 587
308 613
360 537
530 601
334 642
332 588
545 606
293 657
483 591
483 559
427 560
409 543
328 647
408 627
404 486
352 625
513 609
408 480
490 590
392 553
324 373
331 378
307 305
463 574
302 355
420 607
434 609
305 337
509 593
356 539
336 515
404 510
561 608
492 560
331 372
354 587
482 591
482 592
485 607
317 378
329 614
524 602
555 576
415 551
518 587
337 587
461 583
389 505
332 502
343 640
350 590
333 612
317 310
313 345
302 370
361 551
411 566
486 574
405 508
444 596
408 601
381 549
481 584
329 638
349 586
387 484
360 581
550 567
359 514
423 560
312 594
400 485
311 625
529 575
342 529
407 506
534 580
339 511
526 593
430 553
307 351
547 612
293 302
405 515
335 508
320 313
481 590
346 615
302 645
555 574
442 604
335 641
300 623
371 547
589 573
360 489
363 519
410 503
347 529
291 661
398 623
373 555
333 507
517 559
513 561
308 620
332 501
343 573
373 543
500 598
366 541
364 591
491 617
329 626
360 577
296 310
407 606
330 628
298 373
484 612
485 564
444 568
512 622
297 632
297 651
419 609
407 473
370 555
371 332
294 662
302 314
537 562
450 580
289 659
486 591
402 507
444 564
382 592
337 512
375 590
373 333
539 437
509 623
311 297
306 383
344 569
358 538
294 648
369 496
425 561
460 589
367 521
306 632
435 582
301 372
528 609
429 486
429 610
301 641
403 627
300 355
340 577
368 497
335 640
338 588
335 587
342 599
396 481
333 368
511 592
513 613
410 595
347 590
383 574
320 375
550 617
485 550
422 605
486 567
462 583
510 611
292 369
380 484
311 340
311 381
446 427
517 558
338 624
294 304
332 611
392 622
295 660
346 614
420 613
527 561
337 595
340 506
331 630
362 536
337 492
433 538
365 494
518 579
384 590
386 551
410 540
482 570
497 595
481 574
424 557
402 625
480 586
538 579
307 356
501 593
302 622
308 313
435 595
509 602
343 526
410 594
335 627
412 489
473 596
360 579
462 580
464 577
359 533
403 547
287 301
374 590
449 564
416 595
437 552
491 551
472 590
379 591
345 553
382 485
410 621
544 610
529 559
371 549
335 596
524 586
364 542
434 606
303 648
424 486
319 339
527 608
339 589
363 507
301 358
527 605
400 473
361 530
486 579
344 589
338 597
503 566
328 510
545 605
488 549
489 616
368 488
408 507
333 501
485 590
439 566
444 580
484 579
388 564
324 310
384 560
307 355
362 329
313 591
442 603
433 605
363 538
440 566
508 564
317 309
302 372
325 584
535 610
314 335
491 555
349 588
405 509
308 299
424 480
413 569
469 585
547 620
496 446
414 547
425 542
435 583
352 501
363 586
400 479
426 548
317 337
340 625
386 558
539 438
334 641
311 306
512 605
452 567
343 525
466 574
487 583
311 599
406 486
300 633
341 530
314 382
358 324
293 369
360 533
465 596
499 553
331 379
575 514
298 622
526 577
314 613
309 372
436 601
349 590
372 490
402 527
507 613
324 584
386 577
356 505
433 539
312 343
366 540
472 588
308 619
358 514
485 601
320 314
470 585
296 372
304 315
367 492
366 481
355 586
500 595
337 501
404 613
367 488
309 621
286 299
366 494
465 595
365 492
387 575
361 533
406 627
550 616
379 590
428 611
548 611
336 501
299 618
293 299
440 595
524 590
513 600
316 638
478 574
399 471
343 589
399 546
425 482
403 471
299 666
510 570
488 577
359 538
335 505
413 548
451 579
490 601
398 486
330 605
518 598
509 592
306 344
306 367
381 589
324 627
440 602
292 298
424 613
341 578
292 309
475 587
439 572
319 608
434 591
310 316
531 577
380 636
354 556
422 606
528 605
333 369
341 576
304 372
546 602
305 647
386 573
427 582
430 585
486 569
475 584
390 483
494 566
480 585
360 536
386 559
404 547
354 532
329 583
401 614
485 567
334 508
315 619
412 620
324 645
409 536
291 660
510 604
521 578
309 594
547 600
476 598
336 599
401 465
375 549
411 625
383 549
307 367
414 539
294 633
408 482
310 343
464 592
479 574
412 603
514 607
333 378
365 584
307 346
353 589
430 556
306 368
501 591
311 588
487 589
403 626
380 547
425 540
316 310
357 555
303 315
345 601
403 484
347 560
308 342
461 592
520 601
527 603
326 632
371 587
288 299
325 611
407 504
386 556
310 300
392 547
400 623
419 611
369 484
513 597
530 578
385 589
419 564
425 479
313 592
320 378
506 614
316 340
415 573
490 591
448 578
532 570
439 553
527 586
337 574
485 610
332 627
372 590
499 571
296 651
430 542
307 345
386 627
307 348
412 567
307 632
311 372
309 388
331 610
366 495
531 602
545 563
488 588
445 566
423 603
422 614
322 602
309 344
389 580
304 618
426 546
423 558
512 610
417 573
485 577
310 597
304 379
309 652
426 547
297 633
547 567
339 504
524 601
312 381
565 507
351 624
431 586
365 519
449 561
423 608
307 312
487 607
513 611
528 606
371 590
515 620
419 560
387 584
328 635
394 487
426 585
292 295
361 552
512 606
306 346
360 506
406 512
398 622
347 610
329 625
309 370
338 578
482 593
310 302
431 544
385 552
380 550
396 620
403 477
296 382
433 591
345 568
533 561
348 569
307 613
401 478
367 491
338 511
318 609
296 649
433 603
438 568
345 563
502 591
288 301
300 376
399 486
439 556
513 624
359 519
358 515
437 580
481 578
299 339
410 600
489 567
483 571
376 483
402 487
384 551
329 642
309 623
311 338
359 505
299 648
499 570
481 595
328 612
499 557
458 585
461 578
378 490
325 649
385 556
486 554
405 510
336 509
478 586
510 601
330 630
303 650
309 389
549 611
409 544
527 585
459 592
308 652
291 310
551 571
363 585
468 574
313 382
397 617
478 589
399 614
420 560
495 596
403 333
305 356
290 660
304 632
528 563
306 355
292 633
301 378
347 601
311 361
314 620
415 553
422 608
309 649
356 529
546 607
389 506
541 596
418 617
388 550
513 626
407 627
380 487
483 598
288 661
483 556
388 551
426 486
438 593
347 639
360 540
304 337
528 591
560 608
373 546
340 624
334 612
399 472
407 619
337 590
296 662
405 610
331 488
390 549
549 604
339 624
414 550
336 642
517 575
327 489
441 602
557 608
291 312
320 607
386 586
346 571
467 594
332 511
467 585
369 488
517 598
434 602
415 550
400 486
345 572
407 624
491 560
407 486
300 619
293 636
416 583
337 579
295 635
345 555
530 560
547 604
500 596
326 584
354 510
367 335
344 607
312 620
399 625
306 297
387 551
331 370
386 553
477 554
485 563
483 583
434 610
299 394
301 644
443 565
308 365
407 483
390 508
365 542
526 599
350 620
376 487
516 556
410 490
460 591
330 486
407 618
443 458
300 380
371 588
460 592
300 373
468 593
431 550
311 596
296 371
302 348
341 589
334 502
372 333
394 546
397 486
494 567
409 479
404 487
345 596
414 596
474 555
390 550
352 508
433 583
348 588
336 368
442 557
496 552
353 528
317 639
354 539
537 579
304 357
373 554
362 534
529 564
465 592
433 585
487 575
346 530
392 509
326 488
295 304
381 486
396 478
307 644
536 607
384 569
518 597
324 646
430 615
440 556
338 499
309 356
290 658
419 612
393 594
514 595
494 596
410 506
418 562
386 575
359 516
433 609
494 549
416 619
387 496
535 609
293 297
355 521
502 570
331 588
529 577
289 299
345 562
461 573
311 313
361 550
348 507
455 579
473 552
438 561
315 343
324 374
536 562
365 331
311 367
366 556
308 316
353 558
322 643
350 503
301 621
391 491
546 564
352 499
561 501
556 610
454 573
290 299
321 374
363 508
407 505
405 618
358 543
489 560
303 391
357 577
545 609
530 584
345 590
312 596
346 601
425 582
488 589
303 628
484 556
302 352
357 507
374 333
412 622
381 576
485 588
516 612
481 571
287 303
304 346
339 627
554 609
501 598
321 644
512 621
431 595
482 555
325 487
403 614
362 507
410 537
405 625
300 661
470 592
437 595
493 426
469 573
547 571
548 617
362 533
530 580
510 589
541 610
307 606
330 585
328 504
304 356
303 337
333 638
296 293
529 440
421 580
296 655
383 589
339 628
310 607
290 305
457 566
483 581
289 660
486 592
504 596
313 619
310 592
490 595
305 385
295 370
385 558
319 315
307 610
347 591
461 571
536 441
332 648
415 482
314 636
402 509
414 571
456 570
389 485
298 620
360 514
331 641
435 569
295 657
431 579
522 584
491 615
322 335
513 592
370 587
348 618
361 540
294 369
301 370
354 577
378 484
415 593
395 475
321 643
387 573
460 570
375 545
358 555
289 656
367 555
548 603
489 588
376 603
344 571
312 334
390 505
334 507
418 612
333 642
509 601
432 610
546 618
357 526
482 581
486 584
486 612
306 298
486 577
452 568
333 601
297 382
453 568
334 587
507 615
489 549
333 512
428 549
353 507
338 504
362 552
360 493
507 614
305 296
326 631
373 544
487 604
477 594
324 488
515 618
312 303
286 305
386 563
440 570
476 573
345 565
475 601
390 492
560 559
404 477
307 665
482 599
345 566
526 561
469 575
353 527
397 622
312 365
348 613
363 530
330 488
312 341
359 578
301 354
359 503
295 656
418 565
394 552
476 588
494 557
509 603
288 305
426 614
526 587
548 601
386 572
509 600
307 611
321 336
387 586
345 639
464 583
464 574
524 587
299 642
545 526
352 509
489 604
418 554
402 483
402 468
542 610
310 603
418 572
342 509
362 327
482 596
399 510
320 336
476 555
309 647
384 587
502 572
327 584
346 626
535 607
542 561
415 542
406 541
350 511
423 487
432 538
315 642
511 610
325 627
432 580
415 569
359 523
397 481
395 487
351 559
547 570
503 557
355 585
454 568
552 609
330 507
312 614
329 489
303 372
333 640
483 579
392 486
362 539
422 611
468 590
533 603
489 558
531 581
335 631
304 642
468 591
405 472
496 594
346 589
371 546
329 613
378 554
367 332
347 600
342 526
422 613
474 582
433 542
326 627
411 606
444 566
560 606
299 337
429 544
547 616
431 613
297 310
409 489
357 512
480 583
304 339
486 563
515 619
398 547
538 440
384 591
451 563
526 558
298 646
512 601
407 479
386 485
360 582
431 615
294 632
309 593
302 351
439 596
319 642
325 308
343 641
364 589
474 581
309 368
486 608
549 607
447 562
412 569
389 576
304 631
402 508
416 611
364 537
424 484
305 350
475 588
404 528
357 506
333 386
559 606
485 609
318 377
314 312
330 649
479 590
419 585
488 601
547 617
417 556
327 373
487 584
406 514
347 509
292 373
537 563
361 583
430 613
421 539
432 542
482 561
399 613
540 610
382 576
472 586
401 469
440 569
472 587
389 579
310 304
472 595
434 587
328 622
486 602
410 502
328 636
537 441
336 512
304 307
544 604
292 370
551 619
417 541
329 623
376 547
341 577
490 588
528 593
336 595
312 622
414 599
524 606
308 388
314 338
311 359
434 581
302 371
548 609
530 604
519 577
289 297
524 600
433 584
310 309
389 566
363 555
478 554
302 350
347 603
295 658
527 581
556 609
293 301
389 484
318 610
408 511
499 591
327 647
410 605
507 612
353 587
524 599
372 552
380 548
403 483
317 638
335 599
344 527
414 619
440 596
342 525
516 558
525 576
299 633
332 373
358 327
413 623
481 585
292 368
479 599
518 572
345 567
328 602
427 614
333 635
410 541
426 483
524 584
427 556
348 565
529 604
335 630
438 588
555 609
432 541
345 597
406 477
298 644
290 304
435 584
439 568
333 376
323 648
524 603
415 578
509 589
407 482
403 527
464 420
509 561
405 517
321 638
490 594
446 564
363 592
312 652
363 556
384 571
323 642
294 295
339 614
346 625
387 574
458 586
437 578
344 528
302 335
486 605
416 565
302 337
333 370
311 620
343 587
296 308
295 368
331 502
367 490
321 339
303 620
326 372
403 517
409 607
402 528
335 610
328 633
329 503
365 493
304 635
301 642
386 590
296 648
360 530
366 483
365 556
299 632
293 656
509 621
404 483
486 583
344 576
345 588
404 489
485 568
491 550
479 596
350 557
397 479
307 369
408 608
328 503
510 613
483 570
547 566
426 545
528 608
400 509
462 581
323 373
386 562
295 386
420 614
482 598
303 638
381 487
363 582
287 657
343 637
519 601
452 575
327 509
305 387
352 589
415 594
294 382
368 496
484 576
368 333
353 557
357 326
386 557
468 585
307 381
304 380
518 575
301 619
340 504
302 664
473 554
423 582
334 504
301 338
289 303
362 517
386 626
287 304
520 581
368 330
415 497
476 554
298 648
303 355
383 550
404 490
402 615
397 470
355 577
311 303
457 565
307 631
344 641
459 578
396 509
428 585
419 610
351 626
431 585
390 551
343 603
486 601
379 548
526 590
349 619
298 621
446 580
366 590
345 627
298 636
350 504
442 556
311 314
441 594
312 623
310 303
306 641
301 374
304 641
338 506
423 581
540 438
311 298
488 604
362 328
439 598
312 643
550 608
424 607
527 558
332 626
329 612
312 357
431 607
329 584
480 590
292 304
299 378
301 652
338 515
396 484
486 557
287 305
460 571
300 354
550 611
474 584
536 580
298 372
512 591
295 651
417 571
400 469
325 309
309 359
469 592
308 610
459 568
481 580
468 575
433 588
365 330
300 381
346 556
306 315
314 642
335 613
483 582
506 590
296 385
404 476
534 599
490 553
311 343
362 324
365 502
327 648
547 568
412 546
305 668
358 533
340 531
484 568
408 600
485 579
438 567
542 595
340 575
462 586
358 325
381 577
484 600
315 640
338 612
488 603
477 588
514 614
392 487
343 598
348 612
312 592
384 491
452 579
350 509
323 638
310 372
532 583
387 580
412 566
333 387
507 591
370 497
352 529
500 570
462 587
524 592
465 576
422 580
487 576
300 338
549 567
510 591
312 615
330 640
331 635
486 609
345 595
339 513
545 603
491 549
522 599
306 642
422 540
411 624
304 298
356 523
485 591
550 570
496 595
428 561
308 381
390 547
291 367
314 592
334 631
419 615
505 595
305 666
362 518
353 503
328 642
425 608
336 490
333 493
332 585
561 606
294 299
408 620
292 651
396 508
503 596
360 519
412 483
519 576
332 628
425 478
538 439
501 553
313 642
509 558
343 604
494 550
332 602
335 642
357 538
465 582
309 622
525 577
520 603
530 581
340 628
402 471
339 629
324 644
438 575
504 562
441 597
464 576
305 336
309 597
316 343
401 509
434 544
333 487
292 306
322 639
412 488
338 591
425 486
393 487
436 590
343 626
434 601
312 593
461 587
410 622
439 574
346 618
432 601
308 344
491 552
344 529
351 627
484 569
333 602
342 517
337 505
480 592
407 622
368 334
327 634
515 621
309 300
531 575
306 307
310 598
331 500
432 606
460 594
423 606
336 576
338 641
303 618
323 627
539 577
534 560
348 623
480 410
511 624
368 335
549 617
397 615
385 485
416 572
416 551
377 590
360 327
491 589
439 554
335 600
358 582
310 334
344 516
425 614
353 506
488 582
407 621
321 342
306 310
385 562
529 565
334 380
426 544
433 582
499 596
415 576
410 482
305 303
423 586
300 340
436 568
360 534
405 516
522 556
301 375
460 585
292 376
315 614
437 569
502 563
311 646
454 579
297 660
336 629
433 545
448 579
426 611
405 506
418 540
450 564
484 575
316 381
318 311
438 564
337 629
418 582
398 471
297 614
550 612
339 639
486 617
479 592
445 580
428 601
484 618
513 588
359 517
347 558
337 504
551 570
381 575
460 568
489 614
385 554
296 294
477 573
409 506
517 587
304 381
372 553
442 596
329 634
475 554
331 633
361 327
327 602
305 641
422 607
546 606
331 586
324 647
436 569
406 513
400 470
310 650
404 614
336 493
401 617
305 634
414 603
335 494
483 600
367 556
344 510
422 560
302 620
549 602
325 608
463 573
512 600
394 509
439 599
372 554
356 526
320 337
532 577
292 634
301 640
307 608
383 566
403 617
368 545
308 298
460 584
288 303
343 515
515 595
472 591
365 537
346 509
337 511
518 556
329 624
316 382
353 509
558 606
341 531
340 515
338 500
433 543
367 495
405 611
422 539
306 664
477 596
560 605
421 601
409 541
341 509
514 571
337 613
407 485
369 589
436 608
309 316
334 379
450 566
358 544
348 609
307 344
299 312
358 537
528 580
483 574
509 598
457 569
292 311
529 576
536 610
376 548
320 338
302 347
352 510
302 349
515 600
334 634
309 369
337 598
347 572
420 482
358 524
493 557
433 581
437 568
489 577
304 648
437 563
366 482
485 556
340 532
319 316
351 511
334 496
406 624
517 615
307 347
349 610
525 594
293 652
419 538
302 380
566 505
418 560
379 553
333 600
310 606
410 545
360 490
305 381
329 641
316 641
291 311
369 545
490 597
287 299
423 484
326 307
370 488
339 640
347 552
529 605
338 642
358 542
351 557
541 437
426 542
491 601
331 612
474 585
371 544
484 619
316 344
323 607
348 624
487 606
495 552
328 610
404 480
336 489
521 603
393 550
305 373
381 574
434 552
303 393
311 364
302 661
369 543
342 607
306 342
412 624
311 649
377 547
335 493
420 612
362 519
303 637
307 621
304 306
299 616
505 612
403 487
333 382
431 602
417 554
349 618
334 489
333 636
436 610
344 567
326 649
311 606
360 541
308 606
331 634
326 628
486 553
355 530
387 564
317 340
435 600
346 557
329 645
329 491
330 386
394 553
445 564
418 613
400 484
337 490
419 553
417 540
526 576
335 504
519 555
489 559
503 571
289 658
521 589
443 569
404 517
494 553
410 599
369 486
307 609
299 336
356 510
363 552
484 558
332 369
388 591
350 528
316 614
444 563
350 588
333 502
325 585
431 545
519 579
424 479
308 348
390 487
348 567
413 601
418 541
415 543
337 593
427 487
289 661
513 591
333 634
340 578
389 508
346 593
428 554
375 550
306 372
367 483
487 614
372 586
524 591
378 591
396 626
563 507
438 552
535 561
304 640
415 540
303 630
443 560
360 531
345 587
299 382
405 486
397 546
463 577
460 573
391 624
321 609
350 507
453 570
544 602
349 557
517 597
344 627
300 632
424 563
432 553
337 597
423 614
324 649
492 553
427 486
299 373
465 594
491 564
382 546
483 615
345 603
456 565
484 616
463 578
489 609
458 584
333 489
315 311
309 650
412 619
335 489
308 621
327 611
471 585
308 363
487 573
291 373
519 556
512 624
402 477
391 487
331 611
408 489
315 588
303 390
334 373
334 610
298 375
330 372
461 589
399 509
539 578
371 333
347 551
524 594
304 297
298 358
529 560
306 392
297 302
396 617
406 489
322 608
331 636
458 568
364 590
313 366
485 587
535 598
337 592
346 595
292 652
521 585
489 563
438 592
463 576
484 562
357 584
527 580
293 370
427 557
508 612
528 562
506 596
337 640
372 587
348 558
354 555
348 509
368 546
336 613
299 643
298 357
313 624
550 613
427 585
333 383
528 610
367 489
513 612
346 572
534 600
321 645
340 508
354 538
515 599
413 490
304 627
425 606
302 391
330 508
462 584
393 593
393 624
298 662
417 557
413 606
509 622
530 454
344 513
295 634
306 384
304 355
303 635
363 587
437 555
338 577
409 619
417 580
346 562
599 576
331 507
381 485
376 590
404 481
367 589
335 511
364 593
341 503
438 557
344 598
392 551
310 601
464 584
306 647
440 568
397 620
462 579
314 588
385 555
430 606
342 576
438 600
483 590
363 583
335 576
332 496
521 600
342 578
307 343
304 628
474 554
302 338
349 569
338 508
524 593
371 552
427 554
424 542
313 590
300 395
393 623
533 605
503 561
417 581
386 492
384 561
320 377
423 557
317 614
343 606
336 505
328 624
371 543
388 495
301 651
391 505
367 590
540 598
401 548
368 556
391 509
497 596
474 589
388 566
459 583
404 626
485 599
491 559
337 496
508 568
507 622
304 623
335 639
546 567
508 592
330 489
345 529
308 366
400 468
432 615
492 557
336 586
320 606
422 488
414 595
415 483
470 573
300 666
407 609
418 574
369 556
527 604
310 596
363 542
520 556
333 588
415 572
305 625
322 334
417 574
434 580
335 609
434 603
426 612
334 368
501 570
357 509
438 578
365 520
371 555
387 627
387 591
339 509
472 552
500 559
365 583
360 580
358 552
405 511
311 623
305 297
511 607
413 619
480 563
305 340
505 596
334 628
330 626
403 625
288 667
410 544
310 600
345 558
508 613
359 518
304 304
299 357
311 305
351 507
419 608
545 604
453 569
297 620
333 611
510 598
406 540
396 485
364 494
334 365
359 580
336 494
305 315
359 520
379 484
369 544
525 587
299 340
540 569
430 550
297 652
490 567
384 554
477 574
453 579
297 313
426 582
289 657
404 507
522 583
485 557
351 527
545 567
370 621
419 482
550 620
395 477
368 483
417 575
431 616
310 591
322 636
349 611
356 527
416 554
407 625
355 534
513 593
372 543
509 599
397 623
551 608
419 606
384 592
323 647
293 371
548 610
489 594
290 632
307 388
306 306
350 610
335 612
292 375
334 378
412 601
419 539
418 559
483 551
339 515
302 394
483 617
529 609
316 342
427 561
399 479
400 478
381 572
429 548
491 557
499 572
313 618
364 592
305 368
316 380
333 490
383 547
333 637
385 572
471 584
406 479
400 483
308 315
341 532
516 618
418 542
433 595
541 562
339 626
503 598
329 386
327 609
356 531
376 488
436 593
309 381
343 605
415 575
411 626
385 561
365 590
405 514
392 620
359 583
529 588
435 610
311 310
300 638
458 566
415 619
308 597
292 662
301 347
428 613
395 620
356 537
510 603
410 598
408 607
426 560
345 589
529 563
436 595
383 565
402 617
297 311
301 653
487 574
368 520
375 547
386 561
397 475
382 572
333 375
343 529
362 583
479 600
504 598
456 569
348 625
514 613
346 637
462 578
487 608
359 524
362 506
450 578
311 309
349 621
404 516
428 610
326 633
310 605
338 623
406 622
425 605
393 508
348 614
361 513
436 581
430 581
362 503
401 526
414 537
445 567
401 616
465 574
425 586
528 559
291 635
305 392
440 597
385 590
406 506
511 590
350 501
307 597
339 498
391 485
473 589
386 547
416 578
524 585
326 611
305 629
392 621
413 539
370 487
301 313
403 470
337 576
344 565
299 644
393 553
325 638
455 568
407 607
526 604
415 554
512 608
540 577
373 547
309 644
296 304
473 583
422 558
339 642
359 552
418 563
520 588
477 593
387 561
311 307
335 502
299 377
415 537
410 603
387 566
524 581
523 581
410 601
522 581
347 589
522 582
480 573
413 568
301 664
398 475
525 580
418 577
483 561
408 622
526 579
527 579
526 578
347 602
516 573
517 573
515 573
518 573
517 572
515 572
380 593
434 607
408 597
341 573
515 571
515 570
515 569
334 366
514 569
514 568
513 568
423 580
512 568
513 567
511 568
511 569
511 567
511 570
510 567
511 566
287 662
509 567
511 565
509 566
511 564
508 566
511 563
507 566
511 562
507 567
507 565
511 561
506 567
507 568
507 564
511 560
506 568
507 569
506 564
510 560
511 559
505 568
460 572
508 569
505 564
428 548
512 559
504 568
505 569
508 570
504 564
505 563
525 558
513 559
504 567
505 570
503 564
300 662
514 559
513 560
513 558
504 566
505 571
310 645
515 559
532 576
533 576
533 575
351 622
533 574
532 574
533 573
534 573
533 572
535 573
534 572
535 574
535 572
534 571
536 574
536 572
534 570
536 575
536 571
533 570
536 576
537 571
413 540
537 570
538 570
539 570
539 569
539 568
538 568
539 567
537 568
540 567
540 566
540 565
541 565
541 564
542 564
543 564
542 563
543 565
543 563
542 562
489 605
544 563
552 571
553 571
554 571
554 572
554 570
498 417
554 569
470 601
555 569
553 569
471 601
556 569
555 568
472 601
556 568
555 567
474 595
554 567
555 566
556 566
557 566
556 565
557 567
557 565
558 567
308 646
363 501
559 567
560 567
559 568
561 567
559 569
561 566
562 566
563 566
564 566
564 567
564 565
565 567
564 568
565 565
563 568
564 569
566 565
566 566
566 564
566 563
567 563
568 563
567 562
569 563
568 564
568 562
567 561
568 565
566 561
567 560
569 565
565 561
570 565
564 561
570 566
563 561
564 562
571 566
570 567
562 561
563 560
572 566
570 568
561 561
573 566
572 565
561 560
574 566
573 565
561 559
575 566
574 567
312 585
562 559
561 558
576 566
574 568
561 557
577 566
562 557
561 556
578 566
577 567
577 565
563 557
562 556
560 556
579 566
578 565
577 568
559 556
580 566
579 567
577 569
559 555
578 569
558 555
559 554
578 570
557 555
559 553
578 571
556 555
557 556
560 553
559 552
578 572
555 555
556 554
561 553
559 551
578 573
555 556
562 553
561 552
560 551
559 550
579 573
577 573
559 549
580 573
579 574
559 548
580 572
579 575
558 548
559 547
581 572
578 575
557 548
560 547
582 572
578 576
556 548
561 547
560 546
583 572
577 576
578 577
555 548
562 547
561 548
560 545
584 572
583 571
579 577
578 578
555 547
560 544
584 573
584 571
580 577
579 578
578 579
554 547
561 544
560 543
585 573
584 574
581 577
580 578
578 580
554 546
561 543
560 542
586 573
583 574
581 576
580 579
578 581
553 546
503 470
560 541
587 573
586 572
581 579
578 582
552 546
553 545
561 541
587 574
586 571
579 582
552 547
553 544
562 541
588 574
587 575
587 571
579 583
552 548
553 543
562 540
589 574
587 576
588 571
587 570
580 583
551 548
552 549
552 543
553 542
563 540
562 539
586 576
589 571
587 569
581 583
580 584
552 550
551 543
563 539
561 539
586 577
590 571
588 569
582 583
581 582
580 585
551 550
550 543
551 544
563 538
560 539
561 538
585 577
591 571
583 583
581 585
579 585
580 586
550 550
551 551
550 544
550 542
564 538
560 538
584 577
591 572
584 583
582 585
578 585
551 552
549 544
550 545
550 541
565 538
560 537
583 577
592 572
585 583
577 585
552 552
549 545
551 541
549 541
566 538
583 578
593 572
592 573
585 582
576 585
577 586
577 584
552 553
549 546
551 540
548 541
549 540
567 538
582 578
594 572
575 585
577 587
552 554
548 546
548 542
548 540
549 539
568 538
567 539
567 537
595 572
594 573
594 571
574 585
575 586
551 554
552 555
547 546
547 542
548 543
549 538
568 539
568 537
567 540
567 536
595 571
594 574
594 570
573 585
445 579
551 555
552 556
546 546
547 545
549 537
568 540
568 536
595 574
594 575
594 569
573 584
552 557
546 547
550 537
568 541
569 536
596 574
595 575
593 575
595 569
593 569
594 568
546 548
550 536
570 536
569 535
596 575
596 573
595 576
592 575
594 567
547 548
545 548
550 535
570 535
569 534
596 576
597 573
595 577
591 575
548 548
544 548
551 535
549 535
571 535
597 576
598 573
590 575
548 549
544 549
544 547
551 534
549 534
572 535
598 576
599 573
590 576
544 550
544 546
552 534
548 534
549 533
573 535
572 536
572 534
598 575
600 573
590 577
545 550
543 550
553 534
548 533
550 533
549 532
574 535
572 537
572 533
600 572
589 577
554 534
547 533
549 531
574 534
572 538
601 572
589 578
555 534
546 533
548 531
549 530
575 534
573 538
571 538
572 539
601 571
589 579
545 533
547 531
548 530
550 530
576 534
574 538
570 538
589 580
544 533
546 531
548 529
551 530
577 534
576 535
576 533
574 539
570 539
589 581
544 534
545 531
547 529
576 532
575 539
589 582
543 534
544 535
545 530
546 529
547 528
575 540
589 583
543 535
545 535
544 536
544 530
545 529
546 528
576 540
588 583
542 535
545 536
544 537
546 527
577 540
576 541
588 584
543 537
544 538
546 526
576 542
588 585
543 538
547 526
546 525
577 542
576 543
589 585
587 585
543 539
545 525
578 542
575 543
576 544
590 585
589 586
543 540
544 525
579 542
578 543
577 544
576 545
589 587
543 541
543 525
590 587
588 587
589 588
544 541
542 541
542 525
591 587
587 587
545 541
544 542
541 541
542 542
542 526
542 524
592 587
586 587
540 541
542 543
542 523
592 588
541 543
542 544
542 522
592 589
540 543
543 544
542 545
542 521
593 589
591 589
539 543
544 544
542 546
542 520
591 590
545 544
541 546
543 520
542 519
590 590
545 543
540 546
544 520
541 519
590 591
539 546
540 547
545 520
540 519
538 546
539 547
540 548
546 520
545 521
540 518
537 546
538 547
538 545
547 520
540 517
538 548
547 521
547 519
541 517
539 517
540 516
537 548
548 521
547 522
548 519
542 517
539 516
536 548
546 522
549 519
542 516
538 516
539 515
535 548
549 518
542 515
537 516
535 547
549 517
541 515
542 514
537 515
534 547
550 517
549 516
543 514
536 515
533 547
534 546
476 411
549 515
544 514
543 513
535 515
532 547
534 545
475 412
534 515
531 547
535 545
476 412
534 514
530 547
476 413
533 514
530 546
476 414
532 514
530 545
554 515
553 516
531 514
530 544
554 514
530 514
531 513
554 513
529 514
531 512
555 513
553 513
528 514
531 511
556 513
527 514
532 511
530 511
531 510
557 513
556 512
526 514
527 515
530 510
531 509
558 513
557 514
556 511
526 515
530 509
531 508
559 513
558 512
556 510
526 516
532 508
560 513
559 512
556 509
526 517
533 508
561 513
556 508
527 517
526 518
534 508
533 509
533 507
562 513
561 512
556 507
528 517
526 519
534 509
533 506
562 514
555 507
529 517
525 519
526 520
532 506
533 505
563 514
562 515
553 507
524 519
525 520
527 520
526 521
531 506
533 504
564 515
553 508
524 520
528 520
527 521
526 522
531 505
534 504
565 513
566 515
565 516
529 520
528 521
528 519
526 523
530 505
534 503
565 512
565 517
564 517
530 520
527 523
529 505
565 518
569 515
565 519
531 520
529 504
566 510
569 513
565 509
532 520
531 521
531 519
529 503
571 514
568 513
572 514
571 513
533 520
532 519
531 522
530 503
568 512
564 507
565 506
534 520
533 519
531 503
530 502
563 506
564 504
534 521
531 502
530 501
563 503
562 501
549 477
532 502
529 501
548 476
547 475
552 469
561 470
533 502
532 501
529 500
549 472
549 476
548 475
574 483
532 500
528 500
552 470
560 470
549 473
549 475
533 500
527 500
528 499
574 484
575 485
553 470
552 471
534 500
527 499
528 498
557 470
559 470
549 474
574 485
553 471
534 499
526 499
527 498
529 498
528 497
558 470
559 471
550 474
535 499
534 498
525 499
526 498
528 496
574 486
554 471
558 471
536 499
533 498
534 497
529 496
528 495
559 474
551 474
537 499
533 497
534 496
530 496
528 494
573 486
555 471
535 496
531 496
530 495
529 494
527 494
528 493
558 472
558 474
535 495
529 493
527 493
551 475
535 494
529 492
526 493
572 486
535 493
530 492
525 493
556 471
535 492
530 491
558 473
536 492
530 490
552 475
569 486
537 492
530 489
571 486
538 492
537 491
530 488
556 472
557 473
362 541
538 493
537 490
530 487
553 475
553 477
538 494
537 489
529 487
570 486
556 473
553 476
570 485
539 494
538 495
538 489
528 487
556 474
554 476
570 484
571 483
538 496
527 487
528 488
528 486
556 475
539 496
528 485
555 476
570 479
528 484
570 483
557 475
556 476
569 479
528 483
570 482
528 482
557 476
529 482
527 482
566 479
530 482
526 482
527 481
568 479
531 482
530 483
530 481
526 483
527 480
570 481
531 483
530 480
528 480
526 480
558 476
557 477
532 483
525 480
551 483
532 484
524 480
567 479
569 481
533 484
524 479
558 477
562 479
523 479
551 482
567 480
522 479
523 478
568 481
559 477
561 479
521 479
523 477
556 484
553 483
521 480
522 477
523 476
552 482
567 481
559 478
521 481
523 475
558 479
560 479
555 484
553 482
520 481
522 475
565 480
566 481
559 479
555 483
519 481
520 482
521 475
554 482
563 481
519 480
520 483
521 474
565 481
518 480
521 483
521 473
567 485
559 480
517 480
522 483
522 473
520 473
521 472
555 482
564 481
517 481
517 479
523 473
521 471
566 485
559 481
517 482
516 479
524 473
523 472
520 471
557 481
556 482
516 482
515 479
516 478
523 471
519 471
520 470
564 482
565 483
566 484
558 481
516 483
516 477
524 471
518 471
520 469
557 482
564 483
565 484
558 482
564 484
558 483
516 484
515 477
518 470
563 484
559 483
562 484
559 484
516 485
514 477
515 476
518 469
561 484
560 484
560 485
553 488
558 486
557 487
517 485
513 477
514 478
518 468
560 486
553 489
558 487
560 487
554 489
559 487
517 486
513 476
519 468
518 467
560 488
555 489
559 488
556 489
559 489
517 487
512 476
519 467
517 467
556 490
558 489
556 491
557 491
517 488
511 476
520 467
519 466
517 466
558 491
560 491
559 491
559 492
559 494
518 488
510 476
521 467
519 465
559 493
558 493
557 493
557 494
510 475
519 464
557 495
557 496
558 497
556 497
509 475
510 474
519 463
555 498
557 497
556 498
557 498
510 473
520 463
559 499
555 501
554 502
511 473
509 473
521 463
557 500
559 500
556 503
511 472
508 473
522 463
521 462
555 502
558 500
556 502
558 501
557 502
511 471
507 473
523 463
522 464
558 502
560 503
559 502
560 502
560 501
512 471
510 471
506 473
524 463
523 464
523 462
328 392
535 463
563 501
564 502
563 502
513 471
509 471
505 473
525 463
524 462
523 465
328 391
399 541
560 506
563 504
567 504
513 470
509 470
504 473
505 474
526 463
525 464
327 390
537 462
566 504
562 506
564 505
503 473
504 472
505 475
526 462
525 465
329 390
539 462
562 507
565 505
504 471
505 476
526 461
328 390
328 389
536 463
538 462
571 512
573 514
505 471
504 470
506 476
504 476
527 461
329 388
539 463
536 464
538 463
565 508
569 512
504 469
528 461
537 464
538 471
538 464
538 470
570 514
565 510
569 514
503 469
529 461
528 460
538 465
539 470
538 466
566 511
502 469
503 468
529 462
529 460
528 459
540 470
538 468
568 515
566 512
503 467
529 463
527 459
528 458
539 466
567 515
503 466
527 458
529 458
486 575
540 469
539 468
553 509
502 466
503 465
527 457
530 458
540 466
565 515
502 465
503 464
527 456
531 458
540 468
564 513
502 464
503 463
526 456
527 455
532 458
531 459
540 467
542 466
564 514
554 507
501 464
503 462
527 454
533 458
532 459
532 457
541 467
500 464
527 453
534 458
533 459
532 460
532 456
542 467
500 465
500 463
528 453
527 452
534 457
533 456
531 456
532 455
544 466
543 467
499 463
500 462
529 453
527 451
533 455
530 456
544 467
499 462
500 461
530 453
529 454
529 452
527 450
533 454
544 468
565 468
498 462
499 461
500 460
531 453
527 449
534 454
566 469
500 459
527 448
535 454
534 453
544 469
543 470
501 459
500 458
528 448
526 448
527 447
536 454
535 455
534 452
565 469
544 470
565 470
501 458
499 458
528 447
525 448
526 447
537 454
535 456
535 452
544 471
565 471
546 470
498 458
528 446
525 449
538 454
537 453
535 451
546 472
545 471
498 457
528 445
539 454
537 452
564 471
546 471
497 457
498 456
528 444
540 454
539 455
538 452
562 472
563 471
548 470
497 456
499 456
529 444
527 444
528 443
540 455
547 471
562 471
549 470
496 456
497 455
500 456
499 455
530 444
526 444
528 442
541 455
548 471
547 476
552 468
495 456
496 455
497 454
501 456
530 443
526 443
528 441
542 455
377 490
495 455
525 443
529 441
527 441
543 455
562 470
549 471
495 454
524 443
527 440
543 454
494 454
524 442
526 440
543 453
494 453
524 441
542 453
543 452
493 453
494 452
524 440
542 452
544 452
492 453
494 451
523 440
524 439
542 451
545 452
491 453
495 451
493 451
523 439
525 439
542 450
546 452
545 453
490 453
491 454
495 450
522 439
525 438
541 450
546 451
545 454
489 453
490 454
491 455
496 450
521 439
525 437
541 449
546 450
546 454
488 453
496 449
521 440
521 438
526 437
524 437
540 449
546 449
546 455
487 453
488 454
496 448
521 441
521 437
527 437
540 448
547 449
546 448
547 455
546 456
488 455
497 448
496 447
520 441
528 437
527 438
527 436
539 448
548 449
545 448
548 455
545 456
488 456
498 448
495 447
519 441
529 437
538 448
539 447
548 448
545 447
548 456
489 456
488 457
499 448
495 446
519 442
529 438
529 436
538 447
549 448
544 447
549 456
489 457
488 458
499 449
494 446
529 435
537 447
538 446
550 448
543 447
549 457
490 457
489 458
487 458
500 449
493 446
494 445
529 434
536 447
538 445
550 449
543 446
550 457
549 458
486 458
501 449
500 450
492 446
494 444
530 434
528 434
535 447
536 448
537 445
551 449
550 450
543 445
551 457
550 458
548 458
486 457
501 450
500 451
493 444
494 443
528 433
536 449
536 445
537 444
550 451
544 445
542 445
543 444
552 457
550 459
486 456
495 443
535 445
537 443
551 451
550 452
545 445
541 445
552 458
485 456
496 443
536 443
551 452
550 453
546 445
545 444
553 458
552 459
484 456
497 443
496 442
535 443
551 453
550 454
547 445
546 446
545 443
554 458
484 457
497 442
535 442
551 454
548 445
547 446
545 442
554 459
484 458
498 442
497 441
535 441
552 454
551 455
548 444
547 447
544 442
477 552
483 458
484 459
499 442
497 440
317 339
553 454
544 441
545 440
482 458
484 460
499 443
498 440
496 440
293 295
553 455
553 453
544 440
546 440
545 439
481 458
485 460
483 460
484 461
499 444
495 440
287 300
553 452
543 440
545 438
480 458
481 457
485 461
482 460
483 461
484 462
500 444
498 444
495 439
427 601
554 452
546 438
479 458
486 461
501 444
498 445
495 438
422 601
555 452
554 451
547 438
478 458
487 461
502 444
496 438
494 438
495 437
421 602
556 452
555 453
555 451
554 450
548 438
477 458
488 461
502 445
502 443
496 437
495 436
426 601
557 452
556 451
554 449
548 437
476 458
503 445
497 437
423 601
422 602
558 452
557 451
555 449
553 449
554 448
548 436
476 459
476 457
504 445
503 446
498 437
426 602
423 602
558 453
556 449
554 447
548 435
475 459
476 456
505 445
503 447
498 436
425 602
424 602
424 603
559 453
556 448
553 447
549 435
547 435
477 456
475 456
476 455
505 446
502 447
503 448
499 436
498 435
423 604
424 604
559 454
550 435
549 434
546 435
547 434
474 456
506 446
505 447
501 447
504 448
500 436
566 506
559 455
551 435
549 433
546 436
547 433
473 456
505 448
501 446
504 449
500 437
500 435
560 455
559 456
357 521
547 432
473 457
506 448
500 446
500 438
560 456
547 431
472 457
506 449
501 438
500 439
560 457
548 431
546 431
471 457
506 450
502 438
500 440
560 458
548 430
546 430
471 458
507 450
505 450
503 438
502 437
560 459
549 430
545 430
470 458
471 459
508 450
504 438
502 436
561 459
550 430
549 429
545 429
470 459
471 460
508 451
505 438
562 459
551 430
549 428
544 429
469 459
471 461
509 451
506 438
505 437
562 460
550 428
468 459
471 462
507 438
506 437
505 436
562 461
551 428
467 459
472 462
470 462
471 463
508 438
507 437
563 461
562 462
551 427
400 326
473 462
471 464
509 438
507 436
563 462
562 463
551 426
353 387
472 464
471 465
510 438
509 439
508 436
561 463
552 426
551 425
354 387
472 465
471 466
511 438
509 440
509 436
561 464
553 426
354 388
473 465
472 466
512 438
511 439
510 440
509 435
561 465
355 388
356 388
474 465
472 467
512 439
509 434
562 465
560 465
561 466
357 388
358 388
474 466
474 464
473 467
512 440
508 434
509 433
561 467
361 386
358 389
474 467
475 464
512 441
507 434
510 433
361 387
359 389
364 387
362 387
474 468
513 441
506 434
507 433
510 432
360 389
364 388
362 388
514 441
513 442
511 432
510 431
361 389
365 397
363 388
514 442
513 443
512 432
509 431
510 430
362 389
364 397
361 394
363 389
512 443
513 444
513 432
512 431
508 431
364 396
362 394
363 390
514 444
514 432
508 430
364 395
363 394
515 444
515 432
508 429
363 391
476 548
515 433
515 431
508 428
364 394
507 428
364 391
365 394
507 427
365 391
506 427
365 393
365 392
506 426
366 392
505 426
367 392
368 392
505 425
367 395
504 425
505 424
368 393
367 394
369 395
503 425
504 424
368 394
502 425
371 396
501 425
373 396
369 394
501 424
371 395
373 395
500 424
370 394
499 424
500 423
372 395
370 393
372 394
498 424
499 423
371 393
497 424
372 393
496 424
372 392
371 387
495 424
372 391
371 388
494 424
495 423
372 390
371 389
493 424
494 425
495 422
372 389
374 386
373 389
494 426
496 422
495 421
374 387
494 427
497 422
494 421
495 420
373 388
497 421
493 421
374 388
497 420
492 421
493 422
493 420
376 389
375 388
498 420
497 419
491 421
376 388
380 391
499 420
496 419
490 421
381 390
377 388
380 390
381 389
499 419
496 418
489 421
490 422
490 420
377 387
500 419
499 418
496 417
489 422
490 423
376 386
380 389
499 417
495 417
488 422
490 424
377 386
500 417
494 417
495 416
487 422
490 425
380 388
377 385
380 387
501 417
494 418
494 416
495 415
486 422
487 421
489 425
490 426
378 385
380 386
493 418
494 419
493 416
496 415
485 422
486 423
486 421
490 427
379 385
380 385
492 418
497 415
484 422
380 384
381 384
491 418
498 415
483 422
383 385
382 384
491 417
482 422
483 423
383 384
490 417
482 421
384 384
490 416
481 421
482 420
383 383
489 416
490 415
480 421
481 420
386 382
488 416
489 415
491 415
490 414
479 421
480 422
480 420
384 383
383 382
487 416
492 415
478 421
479 422
479 420
480 419
385 382
384 382
487 417
487 415
492 414
478 420
480 418
384 381
382 377
486 415
477 420
478 419
384 380
383 377
485 415
476 420
477 419
382 378
392 355
384 379
484 415
485 414
475 420
476 421
476 419
477 418
383 378
393 355
483 415
485 413
474 420
475 421
476 422
476 418
477 417
384 378
482 415
486 413
485 412
474 421
474 419
476 417
478 417
394 355
385 378
482 416
482 414
487 413
484 412
485 411
474 422
474 418
476 416
478 416
394 356
482 413
488 413
484 411
485 410
473 422
476 415
396 358
481 413
482 412
486 410
485 409
472 422
558 490
386 378
394 357
481 412
487 410
486 409
472 421
557 489
395 358
386 377
320 339
488 410
487 409
471 421
472 420
555 488
394 358
393 359
369 481
488 411
487 408
470 421
471 420
552 515
553 515
387 377
394 359
369 480
487 407
470 422
470 420
393 360
368 480
486 407
470 423
469 420
470 419
366 479
485 407
470 424
468 420
469 419
470 418
484 407
469 424
470 425
467 420
470 417
483 407
484 408
468 424
466 420
469 417
470 416
482 407
465 420
468 417
469 416
471 416
470 415
467 417
469 415
303 370
467 416
469 414
467 415
469 413
470 413
468 413
467 413
466 413
465 413
465 414
465 415
465 416
465 417
464 417
463 417
462 417
463 416
462 418
461 418
460 418
459 418
458 418
459 419
457 418
458 417
459 420
456 418
458 416
459 421
456 417
459 422
456 416
459 423
455 416
456 415
458 423
459 424
455 415
457 423
455 414
457 424
454 414
455 413
456 424
456 413
455 412
455 424
456 425
456 412
454 424
455 423
456 411
454 423
455 422
457 411
456 410
455 421
458 411
456 409
456 421
454 421
458 410
456 408
457 421
456 420
453 421
457 408
455 408
457 420
452 421
457 407
454 408
451 421
452 420
457 406
450 421
457 405
450 422
450 420
456 405
450 423
449 420
450 419
456 404
448 420
456 403
447 420
354 386
457 403
455 403
446 420
447 419
458 403
457 402
454 403
446 421
447 418
459 403
457 401
453 403
445 421
447 417
456 401
452 403
453 402
444 421
445 422
448 417
455 401
452 402
445 423
449 417
451 402
557 499
446 423
444 423
450 417
449 418
451 401
446 424
444 424
451 417
451 400
444 425
451 416
451 399
444 426
451 398
445 426
444 427
450 398
451 397
446 426
444 428
449 398
450 397
452 397
447 426
444 429
448 398
450 396
453 397
448 426
444 430
447 398
448 399
450 395
454 397
539 434
448 425
445 430
444 431
447 397
448 400
449 395
455 397
446 430
443 431
446 397
447 400
449 394
446 431
442 431
443 432
445 397
447 401
448 394
449 393
442 432
442 430
444 397
446 401
448 393
450 393
441 432
443 397
445 401
448 392
450 392
440 432
441 433
442 397
443 396
444 401
445 400
447 392
441 434
441 397
442 398
443 395
444 402
447 391
443 402
444 403
447 390
443 403
445 403
446 390
442 403
445 390
441 403
442 404
445 391
445 389
441 404
442 405
445 392
444 389
444 388
443 388
444 387
445 387
446 387
446 386
446 385
447 385
446 384
447 384
448 384
447 383
448 383
447 382
449 383
446 382
449 382
445 382
446 381
444 382
444 383
444 381
444 384
443 381
442 381
443 380
441 381
443 379
441 382
441 380
442 379
441 383
440 380
442 383
440 383
440 379
440 378
440 377
439 377
440 376
438 377
438 378
438 376
438 375
439 375
439 374
439 373
439 372
440 372
439 371
441 372
438 371
439 370
429 543
439 369
439 368
440 368
438 368
437 368
438 367
436 368
437 367
438 366
435 368
434 368
433 368
434 367
433 369
433 367
433 370
432 367
434 370
432 370
432 366
435 370
432 371
432 365
432 372
431 365
431 372
430 365
431 373
429 365
431 374
429 366
431 375
428 366
429 367
431 376
427 366
430 367
432 376
427 365
430 368
433 376
426 365
427 364
430 369
434 376
425 365
427 363
431 369
429 369
434 377
424 365
428 363
426 363
428 369
434 378
429 363
428 362
427 369
433 378
434 379
428 361
426 369
427 370
427 368
434 380
429 361
428 360
425 369
426 368
435 380
427 360
425 370
426 367
435 381
426 360
435 382
426 361
426 359
436 382
435 383
425 361
425 359
435 384
424 361
425 362
425 358
435 385
424 362
425 357
423 362
424 363
426 357
425 356
422 362
427 357
426 356
424 356
553 567
422 361
427 358
427 356
424 355
385 647
385 646
422 360
428 358
428 356
427 355
424 354
384 646
384 645
421 360
424 353
383 645
382 645
382 644
420 360
424 352
382 643
381 643
380 643
419 360
354 505
425 352
380 642
380 641
380 640
380 639
379 638
416 498
426 352
380 638
382 638
383 635
384 636
476 549
427 352
426 351
381 638
383 636
381 637
482 544
426 350
382 636
381 636
417 503
406 497
427 350
426 349
372 633
369 628
381 635
405 498
481 543
426 348
372 632
371 631
477 549
482 543
415 498
427 348
369 627
381 634
372 631
414 499
477 548
428 348
369 626
381 633
382 632
484 542
428 347
372 630
370 626
380 633
416 503
428 346
381 632
378 631
372 629
371 626
406 498
429 346
585 576
428 345
371 628
380 632
379 631
483 543
429 345
372 628
371 627
380 631
478 546
429 344
372 627
380 630
373 627
415 499
429 343
380 629
368 619
373 626
416 502
430 343
379 629
369 619
373 625
378 629
406 499
431 343
369 620
373 624
378 628
369 621
373 623
535 462
376 624
477 547
432 343
377 628
372 619
371 620
374 623
376 623
484 543
433 343
432 342
377 625
377 627
381 627
372 620
371 621
375 623
479 546
434 343
432 341
377 626
381 626
372 621
375 622
379 627
378 626
380 626
415 500
415 502
408 498
434 344
431 341
432 340
373 621
375 621
379 626
374 621
379 625
374 620
379 624
374 619
392 611
478 547
484 544
407 499
434 345
430 341
431 340
379 623
384 620
374 618
391 611
380 623
384 621
376 619
375 618
390 611
380 622
415 501
480 550
479 547
408 499
433 345
434 346
431 339
382 622
383 621
376 618
375 617
388 612
389 611
380 621
382 621
376 617
485 544
480 549
434 347
431 338
388 611
381 621
377 617
388 610
381 620
377 614
377 616
387 610
381 619
479 548
486 544
414 501
408 500
434 348
432 338
430 338
380 618
377 615
387 609
381 618
382 617
378 615
387 608
381 617
481 549
480 548
500 550
434 349
429 338
379 615
387 607
381 616
597 574
380 615
383 614
387 606
409 500
412 501
410 500
486 545
435 349
433 349
322 375
429 337
389 606
381 615
382 614
388 606
389 605
381 614
380 613
483 546
412 502
481 548
500 551
436 349
433 350
429 336
388 605
381 613
385 597
388 604
381 612
410 501
409 502
487 545
436 350
428 336
383 598
385 598
387 604
381 611
490 559
378 610
483 547
482 548
501 551
411 502
436 351
427 336
377 609
384 598
385 599
386 604
381 610
487 546
483 548
501 552
487 547
363 494
361 493
437 351
426 336
378 609
377 608
384 599
386 603
381 609
378 608
362 494
361 494
361 495
360 496
361 496
362 497
361 497
362 498
437 352
426 337
426 335
384 600
386 602
380 609
378 607
384 601
385 602
361 498
360 498
360 499
360 500
359 501
437 353
426 338
425 335
380 608
379 607
384 602
384 604
380 607
383 602
383 604
380 606
361 501
360 501
360 502
498 553
494 548
438 353
436 353
424 335
425 334
383 603
380 605
382 603
380 602
345 599
380 604
381 603
486 550
487 551
403 519
407 519
484 552
497 553
439 353
436 354
425 333
374 601
378 605
379 604
380 603
375 601
374 602
378 604
379 603
375 602
410 504
403 518
493 548
486 551
485 552
440 353
435 354
426 333
378 603
376 602
378 602
377 602
377 601
380 598
377 600
379 598
496 553
402 517
406 519
440 354
427 333
426 332
377 599
378 598
376 597
377 598
375 599
376 598
375 598
374 598
373 597
492 548
428 367
362 542
441 354
427 334
426 331
374 597
367 597
374 596
367 596
374 595
369 597
371 597
368 596
373 595
374 594
370 597
530 587
411 618
442 354
428 334
425 331
368 595
372 595
374 593
370 596
369 595
371 595
373 593
370 595
372 593
368 336
443 354
429 334
370 594
369 593
372 592
370 593
371 592
370 592
370 591
369 591
368 591
416 483
415 610
411 611
414 610
444 354
443 355
430 334
415 484
420 483
422 487
423 486
416 484
411 610
444 353
420 484
419 485
422 486
416 485
420 485
413 610
444 352
421 486
416 486
420 486
414 609
445 352
417 486
420 487
418 486
412 610
445 351
417 487
419 487
413 609
418 487
418 488
426 506
412 609
418 489
425 506
418 490
420 490
412 608
425 505
419 490
425 504
419 491
410 609
420 492
423 495
424 504
419 492
422 495
411 608
423 504
419 493
421 495
422 504
419 494
410 608
420 495
422 503
419 495
421 503
419 496
472 551
472 550
421 502
419 497
419 501
420 502
418 497
473 550
474 548
418 501
419 502
417 497
418 498
474 550
475 550
474 549
418 502
417 498
418 503
475 549
480 543
405 497
420 359
420 358
419 358
419 357
418 357
419 356
417 357
420 356
417 358
421 356
420 355
417 359
420 354
420 353
419 353
418 353
417 353
416 353
416 352
416 351
415 351
415 350
415 349
415 348
416 348
414 348
415 347
417 348
416 347
413 348
417 347
416 346
412 348
413 347
418 347
412 349
419 347
418 346
411 349
412 350
420 347
419 346
411 350
412 351
420 346
410 350
411 351
413 351
421 346
420 345
409 350
413 352
422 346
409 349
414 352
422 347
422 345
408 349
409 348
423 347
422 348
422 344
407 349
408 348
410 348
422 349
421 344
422 343
406 349
407 350
407 348
408 347
410 347
422 350
423 343
422 342
405 349
408 346
423 350
421 342
422 341
405 350
408 345
423 351
423 341
404 350
409 345
407 345
408 344
423 340
404 351
409 344
407 344
408 343
423 339
410 344
407 343
422 339
411 344
406 343
411 343
406 342
406 341
407 341
405 341
406 340
408 341
408 340
408 339
408 338
408 337
407 337
407 336
407 335
407 334
407 333
408 333
406 333
408 332
405 333
409 332
404 333
405 334
409 331
404 332
410 331
404 331
411 331
410 330
404 330
412 331
403 330
412 330
402 330
413 330
412 329
401 330
412 328
401 329
412 327
401 328
413 327
411 327
402 328
400 328
413 326
411 326
400 327
413 325
399 327
413 324
398 327
414 324
412 324
397 327
398 326
414 323
411 324
396 327
397 326
415 323
411 323
395 327
396 328
396 326
397 325
416 323
415 322
394 327
396 329
396 325
397 324
416 324
416 322
394 326
395 329
395 325
397 323
417 322
393 326
418 322
417 321
392 326
393 325
419 322
417 320
391 326
392 327
420 322
418 320
417 319
390 326
392 328
421 322
420 321
419 320
418 319
417 318
389 326
391 328
422 322
421 321
419 319
389 327
389 325
423 322
422 323
419 318
389 328
388 325
424 322
423 323
422 324
420 318
388 328
388 324
422 325
421 318
388 329
388 323
421 325
422 326
422 318
421 317
388 330
389 323
422 327
423 318
421 316
388 331
390 323
389 322
422 328
424 318
421 315
389 331
388 332
391 323
389 321
423 328
422 329
425 318
424 319
421 314
390 331
387 332
388 333
391 322
388 321
389 320
424 328
426 318
425 317
421 313
386 332
389 333
392 322
387 321
390 320
425 328
427 318
426 319
422 313
420 313
385 332
386 333
386 331
393 322
386 321
387 320
390 319
427 317
419 313
384 332
385 333
386 330
394 322
386 322
390 318
428 317
419 314
383 332
386 329
395 322
385 322
386 323
429 317
418 314
419 315
395 321
384 322
430 317
429 318
417 314
419 316
395 320
384 323
431 317
429 319
394 320
383 323
384 324
431 318
384 325
432 318
385 325
384 326
433 318
432 319
384 327
434 318
432 320
383 327
384 328
435 318
431 320
432 321
383 328
435 319
435 317
382 328
436 319
436 317
435 316
381 328
436 320
435 315
381 329
381 327
437 320
435 314
381 330
381 326
438 320
437 321
434 314
435 313
380 330
381 331
381 325
438 319
437 322
434 313
436 313
435 312
380 331
382 331
380 325
439 319
438 318
436 322
437 323
434 312
379 331
379 325
438 317
435 322
434 311
378 331
379 332
379 326
379 324
434 322
433 311
434 310
378 332
379 333
378 326
378 324
379 323
433 322
434 323
434 321
432 311
434 309
378 333
379 334
377 326
377 324
378 323
379 322
432 310
434 308
379 335
377 327
377 323
431 310
435 308
434 307
380 335
378 335
376 323
430 310
431 309
436 308
433 307
381 335
378 336
376 322
431 308
437 308
436 307
381 336
381 334
377 336
376 321
430 308
431 307
438 308
437 309
381 337
382 334
377 337
377 321
429 308
438 309
438 307
437 310
383 334
376 337
377 338
377 320
439 307
438 306
437 311
376 338
378 338
377 339
377 319
440 307
437 306
438 305
438 311
376 339
379 338
378 339
376 319
377 318
440 308
437 305
438 304
439 311
438 312
376 340
379 339
377 317
437 304
438 313
376 341
380 339
376 317
377 316
437 303
439 313
377 341
376 342
381 339
380 340
375 317
377 315
437 302
440 313
381 340
380 341
374 317
378 315
438 302
436 302
441 313
440 314
382 340
373 317
379 315
378 314
439 302
438 301
435 302
442 313
441 314
372 317
380 315
438 300
371 317
372 318
381 315
380 316
380 314
438 299
370 317
380 317
380 313
437 299
438 298
369 317
370 318
380 312
436 299
437 298
439 298
438 297
368 317
369 318
369 316
381 312
380 311
435 299
436 300
440 298
438 296
369 315
381 311
440 297
437 296
438 295
370 315
368 315
382 311
381 310
440 296
436 296
439 295
367 315
381 309
441 296
436 295
366 315
367 314
382 309
380 309
442 296
435 295
365 315
367 313
383 309
379 309
380 308
442 297
442 295
434 295
435 294
364 315
366 313
383 310
383 308
378 309
380 307
443 297
435 293
363 315
384 308
378 310
379 307
444 297
443 298
434 293
435 292
362 315
363 316
363 314
378 307
443 299
435 291
363 317
363 313
378 306
444 299
442 299
436 291
434 291
363 318
363 312
377 306
445 299
434 290
362 318
362 312
363 311
376 306
445 298
433 290
362 319
375 306
446 298
432 290
361 319
375 305
446 297
431 290
432 291
432 289
360 319
375 304
447 297
430 290
432 292
360 320
360 318
375 303
448 297
447 296
429 290
430 291
433 292
495 548
360 321
359 318
375 302
449 297
448 298
447 295
428 290
361 321
359 317
374 302
375 301
449 298
449 296
427 290
362 321
361 322
358 317
359 316
374 301
375 300
449 299
450 296
449 295
426 290
357 317
359 315
373 301
374 300
375 299
449 300
451 296
426 289
357 318
357 316
360 315
373 300
376 299
448 300
449 301
452 296
425 289
356 318
356 316
357 315
360 314
447 300
449 302
453 296
424 289
355 318
355 316
356 315
357 314
450 302
448 302
453 297
453 295
424 288
354 318
355 317
355 315
358 314
451 302
450 303
447 302
448 303
454 297
453 298
453 294
423 288
424 287
353 318
354 317
354 315
358 313
450 304
446 302
453 299
454 294
452 294
386 647
422 288
425 287
352 318
451 304
450 305
454 299
452 299
451 294
351 318
352 319
451 305
449 305
455 299
451 299
450 294
451 293
351 319
449 306
456 299
451 300
451 292
350 319
448 306
457 299
456 300
350 320
447 306
349 320
350 321
447 307
447 305
348 320
350 322
447 308
446 305
347 320
350 323
448 308
445 305
347 321
347 319
351 323
350 324
448 309
445 306
445 304
347 322
346 319
350 325
448 310
444 306
444 304
347 323
349 325
350 326
449 310
448 311
346 323
347 324
350 327
448 312
345 323
346 324
351 327
349 327
447 312
448 313
344 323
345 324
348 327
349 328
446 312
344 322
345 325
348 328
349 329
445 312
446 313
344 321
344 325
349 330
445 313
344 326
349 331
343 326
344 327
349 332
342 326
349 333
342 327
342 325
349 334
342 328
341 325
342 324
350 334
342 329
340 325
350 335
341 329
342 330
339 325
340 326
351 335
342 331
338 325
339 324
352 335
351 336
343 331
341 331
342 332
337 325
338 324
353 335
352 334
351 337
344 331
340 331
342 333
337 326
337 324
354 335
350 337
345 331
339 331
343 333
336 326
337 323
350 338
345 332
338 331
344 333
343 334
335 326
337 322
350 339
337 331
344 334
343 335
335 327
335 325
336 322
337 321
351 339
337 330
343 336
334 325
335 324
338 321
337 320
352 339
337 329
343 337
333 325
335 323
336 320
337 319
353 339
352 340
336 329
343 338
333 324
335 320
336 319
338 319
337 318
353 338
352 341
342 338
343 339
332 324
334 320
338 318
354 338
353 341
342 339
344 339
343 340
331 324
332 323
334 319
339 318
338 317
355 338
354 341
341 339
343 341
331 325
331 323
332 322
334 318
340 318
338 316
356 338
355 341
344 341
342 341
330 325
331 326
330 323
341 318
338 315
357 338
356 337
345 341
341 341
342 342
330 326
331 327
339 315
358 338
340 341
341 342
342 343
329 326
339 314
358 339
358 337
339 341
343 343
328 326
329 327
339 313
359 339
338 341
339 342
344 343
327 326
340 313
338 313
360 339
359 340
337 341
345 343
344 344
326 326
327 327
340 312
338 312
361 339
359 341
337 340
344 345
325 326
326 325
327 328
341 312
340 311
338 311
362 339
361 340
361 338
358 341
336 340
344 346
324 326
325 325
327 329
342 312
340 310
337 311
338 310
362 340
362 338
361 341
358 342
335 340
336 339
345 346
343 346
323 326
325 324
327 330
342 313
342 311
341 310
340 309
336 311
337 310
363 340
363 338
361 342
335 341
335 339
342 346
323 327
324 324
327 331
340 308
335 311
336 312
364 338
361 343
335 342
341 346
323 324
324 323
327 332
340 307
334 311
364 337
361 344
335 343
322 324
324 322
328 332
326 332
341 307
339 307
334 312
364 336
362 344
360 344
361 345
335 344
321 324
325 322
329 332
326 333
342 307
338 307
333 312
334 313
365 336
364 335
363 344
362 345
359 344
361 346
334 344
320 324
325 321
329 333
337 307
338 308
332 312
334 314
364 334
364 344
363 345
362 346
360 346
333 344
319 324
320 325
320 323
329 334
337 306
331 312
332 311
363 334
364 345
364 343
318 324
320 326
320 322
330 334
328 334
330 312
362 334
365 343
364 342
317 324
318 325
331 334
328 335
329 312
330 313
330 311
362 333
366 343
365 342
316 324
317 325
332 334
327 335
328 312
329 313
361 333
362 332
367 343
366 344
317 326
332 333
327 336
328 313
328 311
329 314
362 331
368 343
333 333
326 336
328 314
361 331
368 342
333 332
325 336
326 337
327 314
369 342
368 341
334 332
325 337
326 338
326 314
369 341
335 332
324 337
325 338
325 314
326 315
369 340
335 331
324 338
325 313
369 339
335 330
324 339
325 312
369 338
334 330
324 340
324 312
370 338
369 337
325 340
324 341
323 312
324 311
371 338
368 337
323 341
323 313
397 545
397 544
397 543
398 543
403 472
398 542
534 463
399 542
396 543
396 542
395 542
395 541
394 541
395 540
393 541
392 541
393 542
391 541
392 540
391 542
391 540
392 539
391 539
393 539
390 539
394 539
393 538
389 539
393 537
388 539
389 538
392 537
388 540
388 538
392 536
388 541
388 537
392 535
387 541
391 535
392 534
390 535
393 534
392 533
389 535
394 534
391 533
392 532
388 535
394 533
390 533
393 532
387 535
395 533
389 533
390 532
386 535
387 536
385 535
386 534
385 536
384 536
385 537
383 536
382 536
381 536
382 535
393 535
381 537
382 534
379 536
380 537
383 534
381 534
378 536
379 537
379 535
381 533
378 535
379 534
381 532
377 535
382 532
383 532
383 531
384 531
383 530
385 531
384 530
382 530
383 529
386 531
381 530
383 528
387 531
386 532
380 530
383 527
380 529
384 527
383 526
379 529
383 525
378 529
379 528
383 524
378 530
382 524
377 530
378 531
381 524
376 530
378 532
381 523
380 523
381 522
379 523
381 521
378 523
381 520
377 523
382 520
381 519
377 522
381 518
376 522
377 521
381 517
375 522
381 516
375 523
382 516
380 516
374 523
383 516
382 515
379 516
373 523
374 524
383 515
382 514
379 515
372 523
374 525
384 515
382 513
378 515
379 514
375 525
385 515
383 513
382 512
377 515
380 514
375 526
386 515
383 512
376 515
377 516
380 513
375 527
387 515
384 512
383 511
376 516
376 514
376 527
388 515
387 516
387 514
384 511
383 510
376 517
375 514
376 528
388 516
387 517
387 513
382 510
383 509
375 517
376 518
374 514
375 513
377 528
388 517
387 518
388 513
383 508
375 512
386 518
387 519
382 508
376 512
374 512
375 511
386 519
388 519
382 507
377 512
376 511
373 512
375 510
388 520
382 506
378 512
389 520
383 506
381 506
382 505
379 512
378 511
390 520
384 506
383 505
382 504
379 511
391 520
383 504
379 510
391 521
391 519
383 503
379 509
392 521
391 518
384 503
380 509
379 508
393 521
390 518
391 517
385 503
384 502
381 509
379 507
394 521
393 522
391 516
385 504
385 502
378 507
395 521
393 523
391 515
386 502
385 501
396 521
394 523
392 515
390 515
391 514
385 500
397 521
395 523
393 515
398 521
397 522
397 520
396 523
394 515
393 514
399 521
397 519
395 515
394 514
393 513
400 521
398 519
396 519
394 513
401 521
400 522
395 513
401 522
400 523
396 513
401 523
396 514
396 512
401 524
397 512
396 511
401 525
397 511
422 363
421 363
422 364
420 363
422 365
419 363
420 364
422 366
418 363
419 364
422 367
418 364
419 365
423 367
421 367
422 368
417 364
418 365
424 367
422 369
416 364
417 365
418 366
421 369
415 364
416 363
414 364
415 365
416 362
414 365
415 362
414 366
414 362
415 361
414 367
413 362
415 360
413 367
414 368
415 359
412 367
413 368
414 369
415 358
412 366
414 370
414 358
411 366
415 370
413 358
410 366
416 370
412 358
409 366
416 371
416 369
409 367
409 365
416 372
416 368
408 367
409 368
409 364
417 372
415 372
417 368
407 367
408 368
410 368
410 364
418 372
415 373
407 366
408 369
418 373
418 371
414 373
415 374
406 366
407 369
418 374
419 371
418 370
413 373
415 375
405 366
406 369
419 374
418 375
420 371
418 369
412 373
414 375
415 376
404 366
405 367
405 365
406 370
417 375
418 376
420 372
412 372
416 376
415 377
403 366
405 368
405 364
406 371
419 376
411 372
412 371
416 377
414 377
403 365
404 368
406 364
404 364
405 363
407 371
406 372
419 377
416 378
413 377
402 365
403 368
404 369
407 364
404 363
407 372
416 379
412 377
401 365
402 368
404 362
407 373
417 379
416 380
401 364
401 368
402 367
403 362
404 361
407 374
415 380
400 368
402 362
404 360
408 374
415 381
399 368
401 362
403 360
404 359
415 382
399 369
403 359
405 359
416 382
414 382
398 369
403 358
405 358
417 382
413 382
414 383
397 369
398 370
402 358
405 357
417 383
414 384
396 369
398 371
401 358
406 357
404 357
405 356
418 383
417 384
395 369
398 372
401 357
407 357
419 383
417 385
394 369
395 368
398 373
401 356
408 357
407 358
420 383
419 382
416 385
417 386
394 368
400 356
409 357
408 356
407 359
421 383
416 386
418 386
417 387
394 367
399 356
410 357
409 358
409 356
408 355
407 360
422 383
417 388
393 367
394 366
399 357
399 355
411 357
410 358
408 354
423 383
422 384
418 388
417 389
392 367
395 366
399 358
398 355
409 354
407 354
424 383
419 388
417 390
391 367
395 365
399 359
397 355
398 354
410 354
406 354
419 389
418 390
417 391
391 368
399 360
405 354
418 391
416 391
390 368
400 360
398 360
419 391
416 392
390 369
397 360
420 391
389 369
397 361
420 390
388 369
397 362
388 370
388 368
397 363
387 370
388 367
398 363
396 363
387 371
399 363
395 363
396 364
386 371
387 372
399 364
394 363
395 362
385 371
387 373
393 363
394 362
395 361
385 372
385 370
387 374
392 363
394 361
384 372
384 370
388 374
387 375
394 360
384 373
387 376
466 459
466 460
466 461
466 462
465 462
466 463
464 462
465 463
463 462
465 464
462 462
463 463
464 464
465 465
461 462
462 461
464 465
460 462
462 460
464 466
460 463
460 461
463 466
464 467
462 466
465 467
464 468
465 468
463 468
462 468
461 468
460 468
461 467
460 467
459 467
460 466
458 467
457 467
458 466
458 465
459 465
457 465
458 464
456 465
455 465
454 465
455 464
453 465
454 464
452 465
451 465
452 466
452 464
452 467
452 468
451 468
452 469
450 468
452 470
449 468
452 471
449 469
453 471
452 472
448 469
447 469
446 469
446 470
446 468
446 471
445 468
447 471
446 472
444 468
445 467
443 468
443 469
443 467
443 470
444 470
442 470
443 471
442 471
443 472
441 471
442 472
440 471
441 472
440 472
440 470
440 469
440 468
440 467
440 466
439 466
440 465
441 465
440 464
441 464
439 464
441 463
438 464
442 463
441 462
438 465
443 463
440 462
444 463
444 464
444 462
445 462
445 461
446 461
445 460
444 460
445 459
443 460
446 459
443 459
447 459
291 296
