119 39
84 80
57 61
117 76
70 49
63 64
125 69
31 79
92 56
32 97
47 94
50 64
85 83
83 78
52 66
115 40
17 107
33 90
44 95
76 77
29 95
109 42
55 91
106 40
89 72
108 74
94 58
120 75
29 76
65 73
36 89
97 54
25 112
31 103
32 90
29 94
50 92
55 60
20 106
114 33
65 72
54 74
108 78
77 46
118 39
56 83
26 82
117 72
98 54
59 85
65 64
97 78
92 72
38 97
59 78
59 75
53 64
109 43
34 96
117 73
118 38
80 76
89 60
83 59
72 69
62 64
30 99
74 75
52 96
62 85
116 30
33 106
62 66
82 48
114 73
33 88
75 85
27 110
58 80
87 59
35 96
34 105
105 53
35 90
122 65
104 53
103 79
15 101
18 105
102 47
117 74
51 73
60 81
17 105
81 47
28 111
29 78
75 77
51 67
37 94
130 70
128 70
116 39
86 82
34 89
87 78
60 73
17 101
29 77
71 65
68 86
114 79
98 78
121 71
27 109
54 68
110 42
109 36
93 59
31 89
112 33
29 86
107 46
24 106
56 61
123 65
38 99
116 77
39 94
123 70
90 83
70 76
28 102
59 74
31 76
59 64
106 48
104 78
124 67
98 82
43 93
59 84
17 102
105 57
35 94
85 60
42 93
42 86
96 57
52 82
88 78
113 81
76 76
89 84
36 88
68 66
23 111
108 75
78 76
12 100
40 108
59 76
124 70
87 85
99 51
53 62
60 74
86 80
95 58
71 85
75 81
63 85
21 103
109 39
94 83
85 61
87 61
39 92
75 47
43 86
107 78
47 91
75 84
66 90
50 83
76 73
117 75
52 92
24 105
71 47
86 76
54 67
23 78
119 70
98 81
108 43
110 40
28 77
63 70
39 97
46 89
13 110
101 54
46 83
110 36
89 79
89 68
91 77
72 65
32 91
72 78
25 79
81 49
82 49
41 86
14 100
100 53
91 80
64 85
122 72
37 89
23 114
103 44
58 81
90 84
121 63
104 55
95 59
42 98
90 82
31 99
34 106
83 77
103 53
17 104
69 84
70 47
53 91
37 110
28 104
27 77
64 64
88 57
16 105
51 74
54 90
65 85
21 76
115 32
36 91
26 114
104 43
54 82
29 83
9 98
22 80
114 35
126 68
72 62
71 79
82 80
80 54
86 63
20 108
113 35
82 58
107 47
21 77
86 85
31 91
83 80
122 67
48 92
69 83
97 83
90 72
48 83
108 40
77 43
77 45
103 45
86 83
89 77
104 44
92 83
43 85
102 53
27 105
28 75
111 78
54 88
80 75
87 60
90 58
87 86
53 60
128 69
117 35
77 74
50 73
39 99
39 95
58 82
21 104
31 98
43 98
10 99
114 78
39 93
82 55
61 69
103 78
37 87
23 113
24 112
70 48
101 53
60 82
70 79
25 105
116 40
63 84
69 76
24 82
104 54
35 105
93 71
85 85
99 56
30 102
52 59
35 106
68 87
59 81
49 92
111 40
39 87
72 82
86 64
67 88
128 68
107 75
95 84
74 82
90 61
89 75
76 83
117 33
80 49
85 80
118 72
41 98
81 57
69 73
126 62
75 78
63 71
13 109
89 67
69 48
100 78
89 64
28 110
88 60
115 75
62 70
68 89
86 77
33 89
66 87
70 85
112 40
52 89
116 33
102 44
29 84
88 73
118 73
72 63
29 85
122 70
30 95
53 93
91 57
55 90
93 72
97 82
61 85
48 93
27 82
115 73
22 78
121 70
120 70
28 97
119 40
54 89
125 67
30 73
89 73
36 93
59 59
82 57
12 106
57 81
120 77
127 67
89 65
28 76
55 75
95 73
38 93
119 69
85 84
63 83
33 79
43 94
22 79
77 73
106 50
36 90
38 109
64 72
33 103
28 78
70 65
51 83
23 81
59 79
68 73
36 92
21 108
107 74
72 79
110 78
126 70
113 79
25 82
69 66
75 75
39 101
39 110
60 71
98 56
73 67
35 97
22 108
36 94
60 85
89 78
117 71
67 74
77 47
28 83
116 31
86 79
119 75
114 81
74 47
84 58
63 67
18 106
50 93
53 74
67 76
21 106
52 67
48 95
56 60
38 92
15 107
25 110
79 52
84 54
104 56
59 71
43 95
44 87
68 76
58 83
31 102
33 108
120 76
16 107
107 41
104 57
110 79
48 94
47 83
59 60
101 55
101 52
83 54
127 63
80 47
123 64
115 76
77 48
16 101
23 107
12 102
11 101
101 44
31 92
35 95
12 103
69 65
68 90
74 81
49 83
80 77
53 89
73 75
89 55
22 110
84 76
87 84
105 51
43 108
90 81
72 67
52 83
39 86
95 56
113 80
118 68
47 89
32 79
53 81
112 81
31 75
76 84
113 33
51 76
23 77
90 77
66 84
74 72
40 97
53 90
115 78
102 46
54 75
126 67
90 80
26 81
126 69
115 35
21 78
13 108
34 103
108 52
74 77
24 81
95 83
108 51
40 101
73 79
128 66
50 91
74 74
99 55
23 106
26 110
28 112
105 38
15 108
73 78
34 104
106 74
91 78
77 72
39 102
68 74
27 112
114 40
105 39
113 36
49 65
30 71
82 77
73 47
74 70
52 73
53 61
89 74
85 82
72 83
53 73
113 41
31 86
79 47
48 91
19 107
29 99
63 68
69 85
39 108
50 65
26 77
90 65
106 49
104 79
28 101
41 93
106 73
102 45
113 40
42 92
89 85
97 58
94 73
61 70
36 109
101 48
63 69
73 73
72 73
105 77
66 74
112 36
105 79
76 82
52 60
30 97
93 56
86 59
108 47
67 85
107 76
102 78
89 70
44 83
26 112
58 61
32 103
122 63
77 75
32 87
76 79
42 108
79 75
82 54
28 105
100 51
31 90
82 47
67 83
75 46
84 82
68 85
109 38
73 71
59 77
31 74
117 34
47 92
91 72
89 69
33 92
41 91
55 81
63 72
115 77
113 34
51 64
85 58
67 87
117 38
35 89
105 50
71 83
19 108
112 82
22 111
126 64
109 40
54 63
107 48
113 37
63 82
105 37
76 81
124 65
106 45
27 106
27 97
41 108
81 54
26 78
89 71
97 56
53 67
9 100
53 92
91 58
59 83
24 114
15 100
30 77
73 74
58 75
98 77
86 62
42 95
90 60
120 71
101 47
122 71
100 52
26 79
79 76
79 50
102 79
106 43
116 73
74 79
116 75
99 79
48 96
101 78
127 66
31 94
24 110
24 104
16 106
114 36
118 69
19 106
96 82
58 85
75 76
109 37
112 80
40 100
28 95
46 82
119 41
104 50
67 84
33 87
60 64
30 76
89 58
25 109
21 105
73 72
107 77
93 58
107 51
66 76
106 51
32 73
37 109
55 92
59 63
59 86
30 79
98 80
72 81
28 92
29 93
59 73
97 55
83 49
30 89
31 78
80 53
30 92
40 92
73 69
39 96
105 80
71 84
28 99
53 63
63 66
100 44
24 109
72 47
67 90
64 73
100 79
119 72
75 45
106 77
38 88
123 67
108 77
35 103
61 65
84 77
91 55
118 75
76 47
72 68
85 59
126 65
46 94
88 64
76 85
32 71
75 79
17 103
84 59
101 79
51 96
89 59
85 57
81 77
56 91
41 92
86 78
105 52
63 65
40 86
129 70
105 74
37 88
12 108
30 78
93 83
30 103
56 75
116 32
60 72
48 89
115 34
43 84
104 74
52 65
78 45
120 42
73 70
45 83
65 74
51 82
56 81
53 82
52 72
66 86
52 81
99 80
18 101
94 56
29 97
40 98
102 52
83 58
109 41
127 65
95 82
87 76
12 105
32 72
82 81
72 66
26 105
27 80
49 96
79 53
90 71
30 86
79 45
94 72
77 44
120 41
72 64
51 75
122 68
26 113
86 61
83 57
55 83
40 99
54 69
59 62
29 92
48 90
55 74
55 82
29 102
117 39
90 55
73 82
11 100
90 78
50 96
112 32
23 109
107 43
45 95
71 81
33 91
35 108
30 96
59 61
111 36
126 63
31 95
39 109
106 41
96 58
103 43
96 56
70 64
31 87
45 82
52 93
62 62
21 107
78 47
9 99
89 66
124 66
43 87
51 92
105 78
59 80
52 88
33 107
100 55
31 71
80 50
85 77
87 64
14 108
77 42
91 60
36 108
61 64
60 62
44 84
115 74
30 74
18 100
39 88
54 87
76 80
37 93
23 108
127 70
91 83
68 75
114 32
28 100
81 81
99 78
31 97
65 84
122 64
60 70
125 70
30 72
106 42
50 67
106 44
89 76
82 56
106 46
109 78
77 76
26 80
11 102
93 84
99 77
105 44
111 42
57 75
106 39
61 62
12 107
79 51
91 79
62 72
62 73
27 83
12 110
54 60
55 87
112 79
58 59
28 103
70 81
47 96
111 79
46 95
35 107
12 104
11 99
23 80
87 87
89 57
68 88
52 64
91 56
119 71
23 112
85 81
100 77
