555 606
381 549
496 618
461 552
467 594
681 680
471 591
460 592
467 482
374 516
487 620
266 617
334 522
659 708
335 535
344 496
660 700
367 510
429 447
408 496
698 681
679 711
495 628
500 626
354 533
709 656
478 471
404 494
342 514
478 571
376 516
710 674
413 502
477 589
344 530
704 655
355 537
409 529
684 673
699 697
477 571
505 627
443 524
406 540
455 496
474 485
354 489
463 553
681 707
432 487
473 472
675 717
370 541
499 598
339 548
436 522
502 626
478 558
430 477
485 661
685 711
710 654
362 553
353 484
470 545
687 709
407 527
490 624
543 636
513 599
454 546
434 506
485 567
412 537
368 554
348 515
590 594
367 491
507 623
457 591
335 538
442 521
648 695
511 597
685 692
464 474
491 601
558 627
483 597
681 710
478 606
685 712
339 513
657 709
700 685
443 463
430 464
348 499
346 537
596 602
555 608
483 570
474 472
329 534
428 514
350 492
588 584
476 477
481 602
338 514
415 510
417 507
698 690
482 618
678 687
715 668
487 549
488 565
404 520
511 598
337 528
348 532
434 505
463 474
423 526
396 497
388 553
443 598
482 576
463 597
368 510
645 726
685 693
489 548
590 595
354 506
409 514
679 693
441 471
481 569
339 531
479 472
664 735
354 482
268 616
267 626
432 446
327 526
647 694
540 634
268 619
678 715
535 639
489 474
397 494
375 494
463 592
431 524
639 699
487 569
447 478
591 596
563 616
421 528
687 710
404 496
413 531
569 620
429 454
337 542
471 545
448 543
550 619
692 693
536 637
422 536
336 522
337 534
465 545
590 590
681 732
696 692
426 513
414 512
665 712
659 701
646 754
482 467
491 528
406 507
504 607
710 656
492 602
506 632
478 468
713 671
435 462
468 487
422 477
672 701
477 594
467 547
390 574
414 540
443 503
607 596
454 492
429 469
483 563
420 533
350 514
434 455
648 726
660 678
426 535
277 611
360 496
599 595
581 605
494 627
446 497
610 612
358 495
658 708
669 713
565 609
432 524
509 631
642 694
690 697
494 555
356 491
566 601
656 684
474 490
700 670
439 515
437 469
386 557
446 463
684 686
513 598
276 630
456 545
278 612
475 486
266 631
386 496
332 527
419 492
709 663
267 620
422 517
459 594
606 611
546 634
432 523
357 490
481 583
440 541
381 573
669 672
695 668
667 731
421 517
499 633
681 703
652 700
445 463
502 645
482 568
501 637
325 534
365 535
493 474
516 608
444 494
429 453
539 634
672 723
474 595
611 614
430 529
511 646
348 531
442 460
493 628
458 552
481 575
488 534
364 554
658 684
265 625
489 570
605 610
672 734
651 678
356 533
554 620
430 455
682 674
469 479
344 500
717 674
715 669
431 449
710 663
439 473
389 571
442 485
447 521
460 555
364 530
655 682
717 664
452 533
271 616
505 626
475 480
681 733
357 533
371 522
410 491
668 672
510 604
504 627
358 496
386 565
390 571
453 465
468 469
590 605
515 607
352 529
569 614
452 492
358 512
683 691
678 700
350 494
484 659
646 688
413 501
457 464
586 590
498 599
640 693
424 533
324 543
360 499
707 658
326 525
539 627
704 654
360 491
418 495
348 494
429 506
273 616
452 593
566 617
362 491
444 503
481 570
666 713
376 555
365 526
320 546
701 661
458 496
428 523
451 544
602 618
378 492
326 532
449 534
682 683
693 692
347 511
471 487
567 599
339 500
388 491
390 575
414 499
461 467
679 714
493 530
378 557
498 628
595 601
443 507
413 503
350 509
651 699
344 499
363 544
668 730
685 688
698 686
439 468
434 497
267 634
485 577
413 530
488 554
416 538
482 551
639 698
475 571
532 640
414 489
334 603
491 553
466 482
345 494
463 591
328 632
435 463
479 471
366 515
423 476
548 638
434 504
470 592
403 513
408 530
355 506
668 715
490 542
499 611
493 595
352 482
329 533
515 608
479 483
442 481
618 609
487 623
355 491
666 734
453 494
353 558
329 531
435 458
504 608
445 467
410 492
466 481
692 664
481 604
607 606
345 538
604 606
381 574
571 625
387 491
408 527
424 475
484 620
605 589
431 445
485 583
404 500
493 598
391 549
435 497
667 728
656 718
344 501
421 539
403 512
348 493
338 546
575 607
438 501
441 472
424 532
590 608
581 599
388 571
663 677
440 477
618 613
442 462
551 620
668 735
485 559
428 515
671 710
337 545
426 451
642 701
532 641
431 464
517 646
362 530
696 680
471 581
388 559
429 467
417 538
584 589
418 516
362 533
441 542
529 647
664 699
675 719
504 605
540 628
485 574
504 631
656 719
462 493
441 502
653 722
430 517
342 542
554 605
562 610
538 638
549 631
413 490
378 551
534 641
418 506
483 619
340 535
376 495
517 604
594 604
508 634
493 528
352 511
379 492
456 465
506 636
374 514
321 537
469 545
476 470
572 621
674 692
320 544
465 595
447 495
465 554
571 620
453 479
355 538
414 495
579 605
548 620
681 705
483 468
405 498
486 622
488 532
485 564
440 536
543 619
592 608
487 598
364 494
445 466
444 529
486 531
699 679
650 699
379 551
441 495
650 731
507 602
272 629
375 549
442 513
475 596
451 492
325 608
397 496
412 512
542 620
581 588
606 613
569 622
555 623
491 545
500 613
505 632
378 517
716 666
413 513
363 482
352 561
437 472
520 649
644 728
430 478
465 596
393 550
351 542
359 501
324 541
477 471
368 516
476 592
564 606
468 550
358 499
674 699
677 692
652 689
268 614
670 698
484 531
266 626
345 511
592 597
572 620
664 676
435 489
350 493
473 467
369 526
486 532
488 577
477 593
325 607
422 535
565 608
479 482
682 689
460 472
347 532
603 606
567 615
402 497
663 720
538 639
501 635
416 515
688 693
621 606
405 488
360 530
493 475
509 606
455 497
435 503
339 509
701 692
696 677
508 601
475 490
491 474
443 536
582 605
661 697
541 633
650 692
475 595
662 718
430 465
510 648
476 589
478 546
431 512
461 553
683 711
675 716
484 600
563 599
640 695
375 516
677 729
687 711
329 528
403 488
566 612
328 630
548 634
340 548
620 605
634 692
557 625
504 622
365 511
433 517
506 598
364 533
420 535
407 540
442 598
672 708
411 504
593 597
405 532
348 489
361 530
463 555
711 663
348 543
266 627
481 593
417 487
347 542
452 543
483 582
505 592
599 597
330 533
702 651
451 479
340 534
701 693
671 735
441 598
280 630
431 529
540 616
365 527
336 527
454 548
465 553
677 735
299 614
350 512
673 724
346 542
433 507
334 531
385 561
376 517
467 484
661 696
547 616
458 589
641 697
355 492
547 617
501 609
546 615
565 604
501 621
506 631
365 501
389 560
671 698
386 554
640 703
402 488
580 585
488 538
352 487
596 597
385 562
431 454
337 546
486 540
501 622
482 561
432 464
478 589
431 509
335 537
512 634
667 722
557 618
456 549
498 614
335 540
322 545
465 546
477 477
468 551
659 702
553 608
337 533
375 555
352 504
444 509
406 512
354 554
502 620
497 615
506 604
674 721
436 496
424 517
441 535
497 627
340 500
635 693
521 649
567 601
444 595
530 647
487 536
512 606
364 486
710 671
360 526
574 608
462 469
370 515
494 628
390 565
559 626
651 692
364 505
420 536
281 629
391 552
348 542
656 704
548 637
621 607
640 700
594 608
708 654
473 595
433 452
406 537
507 601
366 548
443 464
338 541
419 480
486 574
342 511
428 513
269 633
631 695
321 544
442 465
454 465
407 503
439 521
705 671
401 492
482 473
664 704
489 544
439 535
350 496
422 525
439 495
413 532
494 626
464 555
416 496
595 606
340 502
478 591
386 568
340 499
385 572
430 481
365 491
480 566
377 549
405 512
329 530
507 632
589 597
467 485
434 468
591 598
429 468
416 540
679 696
457 550
478 477
419 507
406 505
560 616
457 551
675 739
341 527
565 603
476 590
390 550
666 671
436 515
464 466
424 476
659 706
465 476
417 495
527 646
437 542
353 560
421 535
392 550
457 592
445 511
437 500
479 605
525 646
669 673
490 471
572 610
427 475
349 541
434 473
559 618
387 496
697 686
693 664
467 554
448 464
430 513
364 538
674 704
695 666
400 506
704 674
668 723
327 534
368 526
435 459
435 490
665 701
393 492
653 701
481 594
344 537
489 469
361 528
268 627
690 699
443 492
405 524
449 495
402 501
610 600
433 523
343 499
460 465
440 523
352 554
469 482
496 615
423 527
649 727
697 684
436 499
328 526
487 556
682 682
539 628
400 497
337 529
498 632
651 698
490 546
445 521
696 676
692 698
624 600
422 474
709 654
445 492
353 533
695 680
706 670
338 544
277 614
693 667
512 597
268 636
443 540
401 514
414 506
454 595
654 705
274 618
444 476
661 682
364 485
344 536
567 614
442 542
354 507
462 472
267 616
469 487
432 537
481 592
600 606
263 619
493 629
364 536
410 529
438 468
663 722
486 572
497 618
333 603
425 514
666 697
423 514
446 521
404 501
327 536
385 567
686 690
503 614
515 648
497 625
410 530
452 592
376 549
340 516
474 546
487 537
507 600
669 735
647 749
418 518
354 505
534 642
688 705
441 476
396 493
482 549
473 490
384 565
470 487
565 621
341 535
652 725
499 623
404 531
484 576
449 522
416 485
417 480
349 510
562 615
572 614
350 481
615 611
443 539
517 642
495 552
508 645
348 498
364 510
496 608
675 731
444 547
339 516
352 533
490 541
440 483
342 501
496 625
468 590
705 664
263 620
464 551
664 701
698 699
668 734
440 512
415 521
667 714
646 751
666 712
716 665
425 478
394 493
719 662
335 518
539 624
639 697
423 479
649 686
585 607
461 472
375 492
270 615
403 501
637 702
607 592
438 460
362 502
683 689
434 500
421 483
350 510
388 557
702 665
541 622
299 615
717 671
591 599
420 528
339 511
437 523
474 544
365 545
365 549
485 620
548 624
431 531
658 709
682 733
363 483
542 617
440 478
489 541
516 600
388 489
669 711
494 529
448 521
444 525
441 523
480 602
420 523
566 615
441 479
455 545
672 735
488 555
673 693
646 686
615 618
567 620
507 636
379 494
477 568
457 549
677 716
404 498
337 526
340 514
364 549
381 567
515 646
425 515
350 495
716 674
438 461
683 680
676 739
476 596
392 491
654 717
640 696
687 707
652 698
556 620
462 588
407 531
367 553
483 579
605 609
340 503
574 607
543 621
708 653
486 554
443 462
444 507
429 505
412 539
696 691
334 519
491 554
484 618
606 614
641 698
449 465
494 552
462 498
501 614
348 510
558 624
701 696
400 492
514 647
662 695
434 501
517 645
437 459
344 538
569 606
565 599
402 491
444 463
403 505
472 467
346 536
426 531
556 608
509 646
474 484
426 475
656 703
606 606
402 490
537 639
417 540
350 487
365 541
447 496
360 553
512 632
347 491
592 607
478 481
599 592
366 483
433 473
441 529
494 531
330 522
673 701
459 589
447 497
426 514
513 608
481 574
436 524
508 635
641 691
365 507
503 603
486 564
372 491
459 496
509 648
373 554
665 706
697 699
410 528
326 527
374 554
529 644
657 683
650 687
385 492
450 540
375 548
429 477
352 549
686 712
455 548
531 640
431 488
420 493
370 516
449 595
443 491
385 490
608 598
339 547
364 535
483 581
537 637
695 699
659 717
566 599
651 679
354 504
409 496
378 495
454 550
460 498
355 504
703 668
354 530
344 542
698 676
272 634
669 714
487 621
706 651
662 677
366 539
330 520
408 487
450 465
671 706
649 696
510 598
429 519
669 709
683 682
389 563
670 714
488 550
652 679
476 594
467 590
269 613
322 538
549 633
486 598
427 533
344 511
669 726
678 703
351 554
346 487
606 591
409 516
486 561
617 618
547 638
430 448
324 542
638 702
501 623
450 480
409 504
594 607
430 532
370 525
441 540
469 584
511 601
431 518
475 592
495 616
410 496
444 511
386 562
389 494
568 622
349 515
406 525
655 717
327 610
672 706
481 605
695 701
607 591
505 596
401 506
569 615
351 500
400 496
698 700
350 508
516 648
481 566
564 601
661 681
328 534
474 481
469 483
484 575
333 521
477 587
372 549
334 527
435 501
696 689
364 495
594 597
646 687
486 536
416 512
676 737
468 594
359 490
709 671
470 582
270 616
352 484
421 482
300 613
481 587
660 676
368 540
506 591
410 516
431 492
410 531
516 605
361 542
482 593
620 607
688 695
410 540
501 620
682 718
481 481
418 528
335 545
438 516
341 507
479 547
679 692
444 596
490 570
454 496
473 594
425 531
604 612
593 594
676 693
406 527
458 494
481 470
663 721
335 522
434 535
407 506
567 622
573 607
597 606
507 625
367 482
435 524
429 510
704 671
697 691
647 748
329 607
450 493
471 594
701 663
383 574
563 601
675 699
364 534
440 515
679 707
708 664
414 486
362 500
331 532
351 532
416 513
483 561
340 527
504 612
674 737
681 718
339 529
442 476
484 559
468 554
433 454
420 477
610 608
440 526
650 698
605 593
398 496
475 605
444 531
261 622
473 468
484 563
551 619
361 492
474 482
432 490
528 639
423 530
377 520
633 690
660 677
650 726
355 558
668 698
420 530
360 490
268 635
363 553
650 693
407 491
476 608
408 529
361 497
451 466
336 534
514 604
428 452
705 651
566 622
682 679
406 530
407 504
519 650
584 599
590 598
405 531
330 531
465 594
455 551
550 618
673 700
424 516
432 520
379 516
502 596
479 467
370 514
469 595
449 464
589 605
633 693
365 505
570 606
501 628
515 599
575 604
638 697
405 522
564 603
453 534
656 720
482 475
516 603
326 526
348 541
704 664
464 554
365 546
473 489
500 598
356 500
682 711
464 470
481 560
637 699
587 587
356 499
702 683
438 514
371 525
418 520
454 547
374 495
353 511
375 491
467 546
618 610
366 546
456 496
455 468
487 568
673 706
480 477
378 550
682 688
358 490
477 604
477 586
365 539
441 474
274 630
503 623
502 617
387 573
568 610
436 468
350 547
340 511
491 602
345 499
514 598
350 544
528 641
645 688
669 710
439 534
362 497
647 750
667 732
443 529
425 479
299 607
488 551
548 635
355 547
674 736
480 569
497 608
688 711
339 508
566 620
427 476
484 574
364 537
383 558
704 663
351 511
571 611
428 520
519 649
425 530
341 506
367 524
471 467
434 457
439 532
439 514
494 618
652 699
446 532
459 592
420 534
486 559
332 522
466 584
366 484
673 737
443 465
424 515
594 596
351 550
505 621
346 499
343 542
390 559
508 638
481 603
582 599
434 503
416 539
444 489
693 693
632 695
437 476
674 705
338 530
507 624
704 651
353 551
456 462
422 530
586 589
661 722
666 675
496 599
585 599
408 515
511 602
442 495
659 718
438 523
438 462
452 595
364 532
511 651
495 625
509 643
367 501
387 569
351 529
452 494
354 535
405 520
354 549
674 723
437 516
330 536
475 589
579 607
364 487
503 627
430 507
567 610
383 565
699 673
354 490
338 500
503 631
449 542
262 622
419 493
408 540
491 546
493 553
389 491
513 605
546 617
570 608
350 507
664 712
442 523
434 496
579 606
351 498
354 500
511 605
479 568
528 643
608 614
567 600
509 642
435 471
487 573
401 507
453 543
706 671
502 598
377 492
482 474
486 549
547 612
385 573
511 623
703 686
419 537
434 456
592 595
701 668
514 599
528 647
423 475
482 570
701 682
581 587
566 619
487 572
500 618
479 601
492 527
456 463
570 612
404 514
431 487
340 515
642 690
335 543
432 518
417 522
483 606
485 659
348 492
429 479
407 489
379 515
376 492
367 490
479 477
430 468
404 499
444 488
266 622
326 524
264 621
442 535
344 497
662 706
611 613
300 610
617 611
328 528
327 635
421 474
446 476
468 486
480 559
415 511
409 489
655 686
505 606
479 545
353 561
359 526
473 549
431 533
485 469
329 633
416 480
335 527
483 466
369 484
349 544
551 616
656 681
657 703
672 709
669 725
408 514
413 540
526 644
456 556
483 663
455 595
344 531
516 607
435 507
271 633
419 491
455 465
514 633
601 595
433 490
371 551
548 636
481 586
351 486
406 535
490 532
604 589
662 694
555 607
472 590
371 553
488 535
690 710
406 522
697 700
498 600
432 536
364 548
431 514
348 507
581 586
370 508
548 617
435 457
366 501
351 544
365 488
431 452
436 446
439 502
570 613
326 609
488 539
456 593
417 513
497 595
416 522
433 524
334 540
682 673
647 751
421 540
387 562
321 538
668 728
356 548
353 503
443 489
614 610
701 662
496 597
371 518
510 632
444 533
345 541
410 515
436 462
466 547
511 652
500 615
517 644
387 553
423 482
402 514
542 625
436 495
702 697
664 702
349 533
355 536
482 602
593 604
539 621
502 614
402 530
367 538
417 515
687 694
557 624
492 528
486 538
658 719
378 494
359 532
415 486
605 613
446 478
545 636
678 688
327 631
407 518
678 734
488 569
616 611
331 530
582 604
434 489
494 597
486 659
354 484
492 547
508 607
703 652
652 692
593 591
492 475
619 615
545 635
490 547
556 607
537 642
461 469
623 599
440 540
618 615
429 532
609 599
446 465
488 549
644 688
441 513
403 514
481 584
407 490
667 674
613 609
666 672
506 596
454 545
490 544
419 519
419 532
711 654
587 585
547 615
441 514
490 553
467 468
483 470
694 682
387 489
698 667
416 514
437 475
457 462
440 529
442 472
465 465
489 470
653 692
417 508
450 541
653 725
432 452
499 630
430 505
544 634
499 621
614 611
478 480
676 692
416 484
517 603
420 487
472 591
363 530
443 537
413 538
413 485
476 610
652 694
544 636
678 690
420 518
606 593
676 706
415 485
682 681
429 520
354 488
324 544
464 595
482 569
427 532
698 677
396 498
445 528
667 712
420 529
651 726
650 733
462 500
574 604
702 667
707 674
389 572
450 539
528 640
661 699
709 673
460 496
586 591
707 666
659 747
357 498
429 509
624 604
424 514
403 520
468 547
325 635
670 697
484 550
605 614
339 510
510 623
674 722
682 712
351 543
445 543
339 543
441 460
514 646
478 593
504 609
673 734
482 566
416 487
362 541
681 715
664 697
603 615
491 475
683 677
489 625
352 505
480 605
423 528
519 610
431 536
345 537
370 524
463 468
571 613
428 532
449 480
591 608
423 529
282 629
417 481
485 570
363 550
352 485
519 607
605 596
386 563
431 477
448 499
488 598
354 558
440 473
470 593
367 549
533 642
423 532
476 597
498 633
699 700
469 550
439 528
589 591
679 717
594 609
519 608
438 469
380 494
480 560
379 550
442 463
543 634
704 665
659 698
667 734
610 609
639 693
339 541
466 554
444 546
340 508
541 625
453 595
697 694
506 605
586 588
676 715
407 517
697 692
483 571
688 704
653 704
634 695
552 619
608 608
503 628
573 605
680 705
427 465
409 494
362 505
417 537
441 505
606 589
413 500
646 689
697 690
718 671
636 692
339 518
414 485
605 598
363 496
544 622
547 614
456 594
446 533
485 578
433 463
497 596
653 703
673 699
445 594
445 490
361 553
463 595
679 731
429 522
666 739
512 601
281 628
696 687
709 674
463 589
487 533
366 543
371 554
388 562
403 523
331 531
717 662
351 480
368 504
700 668
598 599
412 540
447 493
555 621
478 548
456 552
430 476
414 522
350 506
689 695
409 491
598 606
377 518
703 683
455 536
363 543
678 704
657 717
349 507
447 595
298 614
407 487
619 616
478 467
459 597
682 703
460 557
419 523
441 532
444 527
434 537
349 530
389 561
340 513
454 551
590 593
371 557
481 547
487 541
520 650
363 542
442 541
699 686
543 639
539 632
585 589
538 631
520 611
655 705
475 604
326 533
576 607
678 693
354 557
508 637
474 469
695 698
660 697
466 594
451 478
418 510
482 567
547 620
451 536
275 629
688 706
437 515
442 537
460 473
418 479
361 491
491 541
669 723
444 490
443 482
483 580
681 731
671 707
605 592
551 613
669 693
366 547
546 613
461 556
571 610
547 624
489 553
429 513
269 615
334 537
636 699
482 600
494 554
430 524
378 546
347 489
541 617
477 475
485 618
538 637
430 487
718 670
352 481
710 668
477 472
510 622
559 629
706 672
509 641
660 712
489 475
363 532
708 652
684 711
539 630
448 497
269 627
444 526
653 689
517 602
608 596
453 535
446 496
664 706
462 499
538 621
598 597
567 611
558 622
340 501
612 604
430 483
279 625
471 488
567 613
552 612
430 447
487 468
367 511
417 530
612 610
509 633
716 668
415 493
481 595
672 700
534 639
591 595
354 551
415 487
481 548
414 491
660 699
680 715
711 670
634 693
445 522
495 615
339 517
381 492
679 695
653 700
651 725
543 624
357 547
412 530
351 505
488 548
431 491
406 523
694 666
647 752
702 684
677 699
469 583
376 518
435 446
482 584
508 641
469 592
708 671
487 576
435 495
701 664
338 534
333 531
483 481
340 530
510 624
435 502
650 732
682 691
662 699
517 611
388 567
589 583
337 527
462 596
418 480
618 617
675 706
446 490
562 614
535 641
485 562
696 700
658 717
439 537
383 556
670 691
350 530
371 520
362 483
492 532
458 465
485 560
469 546
351 528
686 711
509 632
488 558
599 606
348 491
660 706
414 493
528 644
366 526
369 482
368 509
434 524
584 602
351 501
424 478
592 604
484 552
501 599
478 549
482 470
571 604
648 696
408 495
265 621
429 491
443 523
689 697
366 510
612 606
656 699
646 748
471 479
482 661
578 607
664 703
424 525
702 695
445 548
365 504
442 486
420 522
704 662
443 538
552 620
433 503
601 605
678 689
490 543
406 517
547 622
429 465
462 595
694 693
399 506
468 593
386 489
441 480
418 538
364 543
573 610
395 491
403 497
348 497
484 469
479 466
471 465
444 513
569 608
455 466
445 595
396 494
484 562
451 499
569 611
704 672
483 569
574 606
501 617
448 594
478 560
475 547
490 600
665 675
406 513
435 518
431 510
486 468
512 633
346 494
339 545
419 522
546 638
477 469
664 713
366 538
388 493
420 539
463 470
386 555
653 686
478 569
431 447
679 718
655 685
593 590
466 550
699 682
678 698
339 546
565 611
386 573
519 604
474 480
649 687
656 680
678 686
374 492
370 518
351 502
649 692
420 525
489 473
679 690
369 548
440 535
320 542
437 461
456 495
660 718
477 590
496 475
580 584
390 570
487 538
263 621
390 573
442 543
351 506
683 712
487 551
681 717
403 515
425 475
478 547
590 604
367 513
698 682
427 514
355 556
570 611
561 601
365 528
500 609
462 597
369 555
431 490
571 624
417 536
613 610
439 516
408 512
469 594
408 517
355 494
601 615
419 494
437 517
431 532
476 609
519 611
443 597
509 644
445 476
326 608
678 717
437 493
700 695
456 592
443 508
675 737
687 691
495 617
325 535
391 550
377 495
346 491
366 555
701 686
514 608
503 644
512 599
701 695
437 518
449 493
516 609
414 490
328 608
496 596
661 679
700 674
478 605
687 704
369 513
446 512
562 603
641 699
558 623
365 538
703 682
402 489
325 636
353 502
336 542
393 491
538 630
455 464
531 647
474 483
437 541
547 636
698 674
411 540
367 550
703 654
279 626
665 673
410 504
418 529
499 629
437 494
468 471
480 465
565 597
320 545
471 582
697 695
406 520
572 625
503 609
609 591
456 498
681 691
442 506
705 656
551 614
478 607
595 600
326 607
701 694
510 603
565 606
385 565
436 478
674 733
547 634
455 594
476 611
506 600
372 554
517 648
356 490
663 697
488 541
680 709
441 484
517 610
335 536
564 599
477 592
334 541
715 667
366 541
456 497
434 469
469 548
610 610
407 488
662 713
481 606
489 527
569 607
417 509
528 642
497 594
363 492
419 518
706 656
433 504
554 608
380 557
421 527
442 461
550 620
475 603
678 702
604 614
677 731
358 532
336 518
370 542
660 722
559 627
477 608
342 502
674 739
409 493
601 606
619 607
508 603
379 549
348 487
659 713
452 594
679 715
341 542
615 619
702 669
455 543
618 616
565 607
469 549
481 563
645 687
693 695
506 628
335 539
473 482
660 711
437 471
648 752
410 517
475 594
696 668
486 618
712 670
272 632
446 513
347 512
485 572
430 523
404 512
500 614
410 512
463 494
346 541
367 504
571 623
467 596
518 610
697 682
334 604
697 676
341 513
272 633
710 669
484 601
693 665
506 599
408 507
662 697
492 628
419 538
675 723
669 692
507 609
521 647
518 606
450 542
429 476
443 488
486 558
362 531
434 490
336 517
542 624
585 605
562 600
673 723
402 487
628 599
403 506
579 608
677 706
359 499
455 467
653 721
323 546
364 553
609 598
687 695
436 523
347 513
684 688
703 651
349 496
354 548
404 505
356 487
483 577
438 517
324 610
555 620
659 683
468 483
499 595
367 507
465 593
473 545
658 715
675 718
655 699
368 541
390 552
468 546
446 531
335 544
599 594
476 469
435 525
585 603
488 557
481 567
668 712
498 615
418 475
709 672
667 730
478 597
492 553
281 627
351 510
502 609
381 566
273 631
342 536
541 634
483 549
442 538
357 530
508 633
419 524
484 566
365 502
525 644
543 622
379 517
568 621
498 609
378 518
710 662
366 493
354 501
335 541
415 489
438 500
330 524
449 594
419 484
647 726
437 474
442 459
320 543
363 494
581 585
678 695
384 493
676 722
462 496
363 486
482 481
474 605
383 576
649 685
454 536
477 473
544 623
357 496
365 484
343 497
390 563
459 552
438 470
504 603
366 549
437 473
268 618
343 504
483 601
352 483
667 733
359 534
695 700
661 678
339 550
468 597
464 468
361 505
343 511
361 498
431 511
410 527
707 652
464 494
473 569
653 702
448 534
518 602
559 628
404 534
668 721
270 626
331 522
267 625
373 518
446 495
487 597
408 504
614 619
522 648
551 615
646 726
431 450
416 529
572 603
417 510
669 706
695 692
516 642
367 508
359 549
654 721
386 552
716 670
415 507
605 615
365 543
472 480
473 471
369 527
445 513
679 719
470 591
481 476
382 492
531 642
680 731
453 495
358 497
359 535
416 536
548 633
365 497
687 708
360 534
543 617
448 490
508 631
266 616
661 701
323 541
616 618
640 701
663 676
481 464
567 617
446 499
368 507
417 506
508 642
562 616
483 661
368 482
698 683
436 492
586 604
653 693
524 643
499 616
351 533
361 533
501 627
416 507
267 630
401 498
453 536
355 530
490 601
431 535
566 598
653 705
353 556
326 635
450 595
608 590
443 493
696 698
470 585
413 489
425 453
439 517
429 475
517 606
560 629
568 623
440 505
268 626
431 457
343 531
476 572
443 544
672 719
670 709
501 596
351 484
334 542
433 478
492 529
441 533
501 611
488 661
694 681
562 612
420 521
343 501
499 613
449 521
405 503
430 530
425 525
270 627
409 511
678 697
645 689
561 612
483 598
411 496
266 624
668 697
482 575
444 475
483 662
622 600
444 528
419 506
677 703
483 576
299 613
341 530
520 612
301 613
492 598
568 599
404 489
277 612
390 493
657 685
450 537
324 609
677 733
703 669
280 626
434 470
385 556
697 693
404 533
382 576
356 530
512 605
326 543
547 613
595 598
275 631
459 593
568 614
486 577
441 473
354 499
584 606
443 530
413 505
554 619
584 603
482 466
418 522
377 555
706 658
341 508
475 469
424 481
655 678
698 685
625 601
432 522
267 617
524 645
352 502
386 570
419 495
670 723
591 597
662 705
667 735
270 633
510 605
483 567
595 597
365 495
479 602
422 513
387 493
660 682
440 514
329 524
333 527
270 614
490 475
363 491
379 555
351 499
697 689
489 624
324 608
407 496
450 538
650 694
603 594
461 496
470 594
323 539
467 584
362 528
602 605
485 531
551 611
367 541
407 512
652 705
273 615
385 491
641 694
488 540
564 604
355 493
508 636
558 625
517 643
698 675
424 530
480 481
324 606
588 605
486 533
419 508
473 470
409 490
322 544
450 499
705 660
609 614
444 530
648 697
681 706
488 528
495 473
707 656
523 642
483 599
669 727
572 605
362 532
377 548
504 611
488 553
365 492
509 601
438 477
463 471
442 508
423 478
483 578
437 492
496 624
353 559
588 604
605 606
433 536
465 474
346 486
498 598
386 569
607 598
552 611
439 477
404 488
489 468
262 619
368 489
577 607
442 505
329 520
387 554
371 552
518 648
437 468
679 705
430 482
487 529
623 602
329 634
637 693
674 719
669 712
424 535
610 611
279 630
700 682
480 588
451 540
655 704
389 562
357 558
479 587
460 497
415 488
484 565
432 512
500 611
495 598
425 454
667 713
503 646
415 506
455 534
526 646
679 699
699 695
474 549
696 699
408 531
465 467
349 497
570 604
608 607
389 492
671 722
372 518
558 626
270 618
363 549
438 471
660 701
462 552
683 713
664 705
448 533
431 446
506 593
330 529
491 624
443 596
364 544
381 575
483 583
412 504
463 593
683 676
659 714
444 524
511 632
511 633
584 600
403 489
444 508
673 733
511 650
686 706
488 564
624 601
494 625
362 485
699 668
499 609
504 623
348 488
329 526
517 647
406 519
492 530
702 664
667 729
696 688
351 515
323 545
680 696
451 477
406 534
519 609
476 607
343 513
466 467
619 608
514 649
702 694
373 556
665 721
476 569
504 630
698 698
449 596
524 646
665 705
708 658
574 609
467 483
452 478
507 608
539 637
488 544
440 533
420 478
476 480
434 459
365 554
433 449
506 629
704 661
458 466
333 530
653 688
430 454
386 567
417 512
385 489
474 569
484 583
505 622
361 552
706 660
675 705
463 475
594 595
643 690
451 596
715 666
676 733
652 688
374 549
395 493
346 511
572 606
400 498
361 527
693 698
670 692
425 535
481 601
491 542
400 490
401 487
371 521
661 705
565 610
368 524
416 499
648 729
349 512
386 564
491 531
576 608
432 496
648 730
421 518
567 612
266 625
478 559
484 621
522 643
434 499
509 637
478 599
658 701
463 469
411 512
459 595
451 494
415 499
706 666
465 550
266 630
370 549
471 489
609 609
671 737
434 463
466 585
649 698
355 535
552 616
460 591
556 619
445 497
489 623
488 533
461 500
673 705
637 698
331 529
371 523
455 537
462 497
349 511
477 572
344 504
473 488
592 601
685 691
671 692
399 496
539 629
387 494
683 687
647 725
467 595
677 717
676 716
473 486
468 553
441 521
484 570
429 482
603 595
441 475
362 499
443 543
441 462
460 467
334 518
359 530
565 602
683 678
587 584
593 592
443 484
405 505
281 626
445 493
276 614
371 509
486 551
332 531
657 704
519 648
682 686
436 498
452 596
658 683
594 606
703 653
654 700
368 527
698 678
618 611
336 541
698 666
554 606
532 642
546 622
488 572
444 543
440 522
639 703
561 613
480 593
502 597
605 590
440 521
431 444
476 587
593 605
543 638
411 530
645 729
365 494
658 706
719 674
489 472
468 592
651 691
451 595
505 598
278 615
693 694
500 622
415 520
508 623
433 446
641 692
666 732
411 516
634 694
368 506
447 480
583 605
423 535
452 534
368 523
675 733
440 462
652 686
590 602
370 509
452 465
436 507
385 574
441 467
460 466
540 625
488 469
573 621
470 590
365 496
486 620
502 618
407 507
391 491
484 578
456 551
494 598
658 707
543 618
361 499
476 481
328 629
498 610
655 719
477 599
623 600
486 548
363 490
494 553
430 509
519 606
618 612
413 537
585 606
717 672
417 516
478 608
350 548
441 459
499 628
584 604
482 563
443 471
568 620
325 525
393 552
478 600
457 496
279 624
420 520
356 556
477 481
278 630
363 506
407 541
520 609
646 729
617 617
448 481
405 489
511 603
331 608
622 604
506 627
266 628
419 536
363 545
426 453
442 507
374 513
346 498
300 615
419 520
497 609
439 538
502 625
587 603
469 547
694 698
355 505
543 637
443 513
477 546
344 532
691 695
586 587
509 602
347 494
653 691
415 513
495 475
338 527
477 609
450 495
405 514
700 686
462 494
361 526
485 551
489 572
623 601
329 536
444 465
348 530
569 624
457 463
266 620
449 499
358 498
698 673
447 475
640 692
440 484
447 479
409 523
510 646
384 576
412 502
636 702
453 545
403 530
362 484
352 498
374 555
276 629
391 572
652 687
449 494
666 722
444 477
475 587
353 554
371 490
534 640
662 722
486 599
469 587
433 487
370 490
676 731
492 596
358 491
487 550
425 529
594 605
457 552
680 699
661 680
580 605
488 529
274 616
475 610
703 666
481 465
505 605
340 518
343 543
510 647
657 681
453 593
337 518
475 485
389 573
500 627
460 554
364 483
464 467
351 487
365 503
451 480
692 694
602 615
565 601
442 504
356 549
681 704
511 649
530 642
571 614
378 555
407 539
473 551
389 553
623 604
506 592
503 645
354 556
382 575
361 493
329 629
446 493
327 528
430 445
501 610
405 534
478 598
368 490
470 586
447 463
390 564
271 617
501 618
681 716
373 549
485 573
461 589
474 551
548 619
707 671
547 610
445 547
653 724
351 561
434 507
648 694
538 640
333 529
615 612
476 599
508 608
479 571
434 517
472 487
675 692
507 605
448 493
440 527
496 595
469 593
706 659
341 531
272 615
343 536
349 499
439 462
332 521
602 616
653 723
457 545
483 550
474 570
675 732
351 531
602 595
604 615
486 619
472 486
423 480
482 550
670 706
546 621
401 501
490 548
655 700
347 498
349 506
383 566
489 660
522 642
705 674
482 577
453 542
610 606
552 609
482 578
452 493
477 597
660 709
341 503
397 495
645 690
377 557
513 633
599 593
372 557
680 690
567 623
413 496
353 553
432 450
432 521
487 558
508 632
652 704
670 710
483 473
439 542
366 553
561 617
665 700
479 593
611 610
718 674
670 735
329 521
446 498
569 623
440 537
499 631
430 457
462 589
638 699
485 599
329 537
443 494
515 604
334 529
369 553
360 505
330 603
509 645
364 484
475 487
668 716
338 529
678 692
419 478
447 533
347 515
717 663
435 499
365 510
369 514
427 452
355 508
656 683
372 550
489 571
536 641
546 620
366 491
584 588
415 540
549 635
441 512
401 497
387 552
701 697
487 565
608 597
271 619
555 622
446 494
348 512
436 461
697 680
274 629
373 491
646 728
424 474
449 538
689 711
486 567
357 509
435 460
570 623
442 529
658 705
370 553
280 629
477 569
672 698
701 665
527 647
525 648
371 556
364 492
659 715
397 497
405 513
379 548
673 720
402 498
669 720
479 465
489 598
680 711
539 631
495 474
457 548
407 537
681 708
460 553
364 501
364 541
579 604
492 624
442 487
350 554
479 544
676 717
496 600
493 596
355 539
444 493
654 678
447 476
434 472
663 719
363 497
472 594
603 618
377 519
369 489
607 614
485 468
684 691
366 540
679 687
350 482
638 698
702 685
678 731
297 613
446 595
376 556
448 463
452 535
423 517
370 489
439 523
508 648
660 723
707 651
544 635
357 531
676 699
343 532
419 517
340 546
329 598
350 529
409 540
389 493
499 627
682 731
661 706
633 691
474 547
508 606
603 614
490 527
387 495
353 504
516 606
484 661
349 532
360 532
524 648
647 686
371 491
428 512
487 535
329 535
439 531
356 486
280 631
466 476
386 572
349 498
345 493
531 641
539 636
463 554
472 490
430 491
603 613
658 714
355 500
339 514
680 713
540 629
475 607
666 699
642 691
688 707
526 645
568 606
359 529
423 513
356 511
656 678
445 491
539 635
704 653
412 496
420 538
469 586
415 512
562 611
428 507
324 533
366 492
470 467
691 694
414 500
472 545
327 533
329 525
488 527
659 709
712 671
678 729
477 605
552 610
380 549
704 660
500 600
418 487
428 465
362 526
466 546
540 622
383 557
588 591
407 538
664 675
682 685
456 553
369 483
639 702
411 497
695 667
358 509
415 530
681 713
473 469
660 710
428 475
686 692
429 516
501 600
669 697
659 677
493 527
492 601
368 505
621 604
645 727
596 606
480 547
441 481
513 646
714 671
696 685
350 531
382 574
674 732
480 587
358 511
437 460
430 518
386 492
429 507
484 472
481 585
547 611
468 468
355 487
569 609
684 676
418 530
510 644
416 509
529 643
401 502
433 522
609 597
370 555
414 538
358 531
654 685
390 572
561 600
355 507
429 523
415 522
333 520
488 556
669 722
599 596
563 603
409 495
440 502
404 495
697 681
436 497
499 622
550 616
430 475
480 478
340 550
479 546
649 726
684 674
457 556
355 548
487 542
611 608
360 549
475 597
362 501
688 698
390 553
508 640
513 604
431 520
436 494
497 598
566 597
441 503
406 531
437 495
447 477
485 601
370 527
585 601
420 481
369 549
322 535
668 671
368 508
350 545
379 546
539 625
341 536
351 504
448 500
653 679
471 480
466 484
430 452
696 666
676 723
463 590
706 665
362 549
413 512
677 734
571 619
568 611
504 606
683 679
484 567
618 608
486 658
450 477
453 597
357 557
650 730
504 595
418 517
333 528
375 551
454 534
431 451
656 679
481 562
476 547
439 529
458 495
389 565
278 613
369 554
515 633
442 471
636 693
564 616
411 514
697 696
534 638
443 495
641 701
355 533
271 614
352 497
401 505
336 535
412 538
367 512
400 491
506 630
656 682
413 504
638 696
431 486
440 495
681 690
698 696
338 518
479 470
339 544
430 479
699 698
549 632
419 529
406 524
429 517
430 520
649 697
449 523
465 481
443 487
467 550
360 542
421 481
349 514
404 524
468 470
421 487
658 704
324 534
483 602
336 529
598 598
367 515
453 592
430 531
475 572
433 455
690 698
562 613
350 533
699 696
357 549
432 463
357 492
390 551
684 675
442 483
679 710
542 626
548 618
668 709
558 618
442 599
600 595
562 617
517 641
645 728
433 457
409 512
466 595
403 494
370 523
333 518
499 632
406 496
322 537
461 590
429 466
489 532
327 532
490 545
638 693
507 637
328 531
456 554
383 492
468 584
672 710
361 549
512 651
354 531
560 617
592 591
439 527
386 566
566 610
684 678
414 496
335 521
486 537
329 527
508 639
444 597
446 511
474 545
465 475
647 729
339 532
358 530
609 613
355 555
405 496
432 477
651 730
333 519
451 542
438 473
494 530
354 502
698 679
412 536
714 670
350 498
457 465
504 596
356 558
437 522
484 564
387 557
369 541
490 530
345 542
418 511
437 477
490 660
611 606
647 687
405 521
511 645
537 632
660 698
478 469
661 677
408 516
375 518
419 487
658 716
368 514
349 495
543 616
667 697
477 547
493 618
504 604
498 618
407 523
516 604
498 595
483 572
363 528
321 542
683 684
400 487
441 466
462 501
644 690
691 698
478 587
621 600
683 688
496 598
348 544
525 643
493 626
407 525
421 525
686 707
706 675
479 481
451 597
417 485
418 476
441 515
350 515
695 681
432 489
559 617
465 480
406 536
708 674
671 714
448 480
611 607
269 632
362 529
504 610
495 618
476 478
540 621
438 492
491 530
379 545
480 472
446 489
374 556
696 665
490 599
445 478
402 502
416 530
596 599
679 691
435 517
497 628
469 597
490 528
387 570
344 498
549 629
588 603
440 542
271 618
608 606
432 519
696 679
348 490
338 531
386 556
453 492
506 594
708 656
603 617
680 686
387 571
502 623
266 629
348 495
337 522
608 591
431 455
322 542
463 594
608 600
551 612
570 620
418 485
567 616
504 632
473 485
549 617
503 626
499 612
547 623
402 505
676 704
428 516
445 532
374 491
652 693
497 626
700 663
417 518
491 599
483 471
387 567
535 637
693 666
500 617
472 466
447 490
653 720
371 492
365 490
423 477
471 583
569 610
384 573
488 660
687 693
336 603
339 533
431 513
457 494
341 509
445 465
349 482
443 545
403 524
610 613
471 589
356 531
442 492
487 552
648 686
362 527
359 548
407 505
434 471
436 471
483 600
340 542
677 704
660 713
659 679
688 691
415 496
471 584
442 484
681 709
574 605
410 495
509 623
358 513
595 595
499 619
272 631
669 724
357 548
338 542
408 525
640 694
436 518
681 711
709 655
501 626
364 482
442 466
477 591
423 531
437 543
476 588
483 469
458 592
336 519
717 673
677 739
339 512
683 686
461 468
489 476
323 543
541 624
565 616
667 721
639 700
621 605
454 495
420 480
683 733
487 553
355 488
506 622
706 664
487 564
335 520
469 467
442 544
374 494
473 605
451 491
539 622
545 622
470 547
431 528
347 487
700 672
591 600
540 635
329 529
479 600
451 465
590 603
327 535
481 582
441 468
424 534
443 474
685 690
677 728
430 506
465 466
671 708
608 592
498 621
476 479
657 720
717 665
406 503
654 682
672 692
678 716
665 699
477 470
454 543
514 607
482 465
367 526
500 630
423 525
672 737
700 673
651 687
341 528
434 478
553 620
356 498
661 718
492 626
519 605
591 604
343 505
358 533
367 525
596 601
370 517
394 491
440 468
697 666
538 623
707 657
426 452
482 562
468 485
365 515
449 543
438 495
332 519
563 614
695 686
487 540
514 648
468 552
542 634
363 505
444 532
432 478
700 675
423 474
472 465
374 515
502 624
408 541
369 485
268 620
262 621
671 736
277 630
419 477
385 555
490 598
408 523
434 495
380 491
353 549
494 475
586 603
456 555
464 552
523 648
342 512
664 721
326 534
606 610
460 589
268 633
354 483
481 477
379 493
676 730
414 505
459 596
435 516
451 534
393 493
666 733
432 488
464 481
634 691
429 452
570 605
459 553
640 702
680 712
280 612
659 705
659 707
602 612
351 548
323 535
488 578
720 662
653 690
349 487
527 644
445 514
376 557
506 595
666 721
694 692
700 669
484 551
343 503
622 602
450 501
473 548
436 521
351 481
538 628
344 535
481 472
346 495
352 486
407 526
542 622
473 550
436 500
703 665
511 599
447 462
680 687
529 639
366 502
340 528
421 526
664 714
470 584
470 479
445 494
595 599
487 622
525 647
482 579
342 503
512 600
647 696
566 616
679 704
340 507
564 605
382 557
430 511
667 672
583 599
360 500
426 532
389 559
673 692
365 540
323 542
475 606
669 694
603 612
433 453
415 509
477 474
666 674
379 557
405 515
357 534
492 546
450 481
653 678
511 648
415 498
351 549
472 472
370 556
451 495
435 478
524 642
488 468
423 481
663 713
447 499
659 678
356 509
612 605
678 733
669 715
654 681
272 616
469 468
572 604
681 686
415 505
679 694
368 549
541 616
439 530
274 617
403 531
452 597
385 496
372 556
375 550
447 474
353 550
429 481
470 589
431 534
485 600
549 638
353 552
430 456
371 542
438 529
481 551
362 490
386 491
482 583
704 669
510 606
443 481
507 604
463 472
435 526
480 562
474 548
699 667
414 494
340 541
384 492
682 680
469 553
589 598
648 698
269 618
353 555
668 727
550 617
367 514
491 626
460 556
690 695
352 499
357 550
492 625
439 513
418 484
431 463
701 667
357 511
439 501
481 576
365 506
698 684
323 540
339 534
702 686
441 506
427 515
402 492
390 491
556 618
543 635
444 462
478 550
323 538
348 533
340 549
430 480
404 497
479 543
677 730
265 628
417 496
460 590
436 543
500 608
499 618
488 621
683 674
590 601
658 718
478 470
473 480
469 481
420 524
433 477
462 495
472 488
427 520
371 519
469 596
709 664
491 598
669 716
681 714
469 590
487 570
328 631
503 596
655 701
678 701
640 697
405 490
506 597
480 601
362 542
444 523
649 694
698 668
410 514
704 670
711 656
588 606
506 623
365 489
518 650
663 699
475 569
407 519
665 697
266 621
442 503
488 559
331 528
449 500
411 498
677 705
374 518
717 670
659 682
482 548
279 612
496 601
507 633
678 699
609 600
518 642
361 496
349 513
587 589
433 450
508 609
381 548
410 526
573 606
607 589
490 531
499 615
669 717
647 724
696 686
381 557
359 542
472 489
459 466
433 518
706 674
482 564
543 620
478 475
334 521
670 715
428 451
437 478
687 692
489 471
501 598
417 479
414 492
536 642
698 680
443 476
697 673
388 558
655 684
672 720
703 667
669 736
429 508
415 497
539 623
268 634
415 531
364 542
387 559
452 536
493 597
707 664
539 626
418 477
443 483
435 461
484 561
482 606
482 472
502 619
672 699
435 491
718 662
379 547
369 509
486 553
324 535
676 738
521 648
354 560
463 552
589 594
619 610
434 446
561 603
368 515
453 596
573 609
360 533
584 601
355 509
331 533
480 561
435 492
412 498
384 574
432 492
715 670
370 526
455 542
563 600
556 624
700 671
421 533
401 493
572 623
268 615
538 632
350 546
624 602
548 630
582 587
593 593
443 541
493 599
272 630
506 641
480 551
409 527
689 710
335 517
403 534
562 604
565 620
483 472
351 547
440 539
665 735
713 672
444 510
439 533
364 545
340 543
495 608
549 630
463 473
647 728
363 493
557 622
649 730
491 532
535 638
488 573
703 681
441 478
469 588
386 571
424 524
539 633
545 634
346 532
656 717
405 527
483 618
467 467
666 735
479 560
669 721
682 684
617 616
472 473
368 553
391 565
268 613
689 698
487 571
593 607
552 608
473 606
479 569
342 531
409 513
325 533
329 523
377 550
501 636
555 624
671 709
654 686
577 606
450 536
388 556
501 616
684 682
654 719
707 670
578 606
497 633
393 551
507 606
654 703
342 513
671 723
371 550
442 536
364 488
365 516
679 706
364 497
354 491
584 605
266 623
674 720
406 489
680 710
662 696
363 501
440 496
278 614
366 507
352 503
443 546
351 494
327 543
443 475
366 554
456 548
530 643
509 603
432 476
485 561
487 577
478 476
681 684
566 618
679 697
633 695
371 549
375 493
477 545
464 597
458 549
325 543
356 510
357 556
656 685
485 571
430 449
345 532
455 544
421 477
419 533
322 536
458 593
334 600
604 594
481 571
447 594
450 500
515 600
438 542
433 496
328 597
358 492
367 483
436 473
410 493
666 740
663 718
434 536
355 554
479 570
274 631
355 534
380 492
384 556
409 492
607 590
335 542
382 566
480 552
452 479
408 490
327 607
435 523
556 622
327 606
345 496
666 673
469 589
500 621
451 543
654 706
609 606
450 534
507 642
506 642
507 643
505 642
504 642
505 641
503 642
503 643
331 602
360 501
270 617
418 478
329 522
488 623
516 633
654 720
340 529
444 522
503 641
502 641
502 640
502 639
502 638
501 638
512 646
500 638
499 638
499 639
498 639
499 640
498 640
499 641
497 640
498 641
499 642
497 641
499 643
496 641
500 643
499 644
496 642
498 644
499 645
498 645
499 646
497 645
500 646
499 647
497 646
500 647
498 647
496 646
500 648
495 646
500 649
494 646
499 649
500 650
493 646
499 650
492 646
493 645
499 651
491 646
493 644
498 651
490 646
494 644
492 644
497 651
489 646
495 644
496 651
488 646
496 644
496 652
496 650
487 646
488 645
496 649
486 646
488 644
495 649
486 647
486 645
489 644
494 649
485 645
489 643
494 650
485 644
490 643
493 650
484 644
485 643
490 642
492 650
484 643
491 642
490 641
491 650
492 649
483 643
490 650
492 648
482 643
483 642
493 648
491 648
481 643
482 642
481 644
482 641
481 645
481 641
482 640
481 646
482 639
482 646
481 639
482 638
482 647
480 639
482 648
479 639
480 638
483 648
481 648
478 639
479 640
483 649
480 648
477 639
479 641
483 650
479 648
477 640
477 638
478 641
483 651
478 648
479 649
479 647
483 652
477 648
478 649
484 652
482 652
477 649
485 652
484 653
481 652
476 649
484 654
480 652
476 650
484 655
480 653
475 650
484 656
479 653
479 654
479 655
480 655
478 655
480 656
477 655
481 656
480 657
479 657
479 658
478 658
479 659
478 659
480 659
478 660
481 659
478 661
477 661
478 662
476 661
478 663
475 661
477 663
478 664
475 662
479 664
478 665
474 662
475 663
480 664
479 665
478 666
473 662
475 664
481 664
478 667
473 661
475 665
481 665
479 667
478 668
474 665
481 666
477 668
478 669
481 667
476 668
477 669
481 668
475 668
477 670
482 668
481 669
474 668
475 667
483 668
473 668
474 669
484 668
473 669
473 667
474 670
485 668
474 671
486 668
485 669
485 667
474 672
487 668
485 666
473 672
474 673
488 668
485 665
472 672
473 673
488 669
488 667
485 664
471 672
489 669
488 670
485 663
470 672
489 670
487 670
484 663
470 673
489 671
487 671
710 670
470 674
489 672
487 672
628 598
470 675
490 672
486 672
628 597
470 676
491 672
485 672
627 597
626 595
471 676
470 677
491 673
491 671
484 672
485 673
485 671
627 596
472 676
469 677
470 678
491 674
492 671
483 672
484 673
626 596
468 677
470 679
491 675
482 672
622 595
625 596
467 677
471 679
470 680
492 675
490 675
481 672
625 598
622 596
625 597
466 677
472 679
469 680
493 675
489 675
623 596
624 597
466 678
473 679
494 675
493 674
489 676
489 674
623 597
622 598
465 678
474 679
494 676
494 674
488 676
489 677
488 674
623 598
465 679
474 678
495 676
487 676
489 678
487 674
464 679
496 676
495 677
487 675
488 678
489 679
463 679
497 676
496 675
495 678
488 679
462 679
463 680
463 678
498 676
496 674
495 679
488 680
462 678
463 681
463 677
499 676
498 675
497 674
496 673
496 679
495 680
488 681
461 678
462 681
463 682
463 676
499 677
499 675
497 673
495 673
494 680
489 681
488 682
461 681
464 682
463 683
464 676
500 677
500 675
498 673
495 672
488 683
461 682
461 680
465 682
464 683
464 675
501 677
500 678
499 673
495 671
489 683
487 683
488 684
466 682
465 675
464 674
502 677
500 679
467 682
466 683
465 674
463 674
464 673
502 676
501 679
466 684
465 673
503 676
502 679
501 680
467 684
465 672
503 675
503 679
467 685
465 671
503 674
504 679
467 686
464 671
503 673
505 679
504 678
466 686
467 687
464 670
504 673
503 672
506 679
505 680
466 687
467 688
504 672
507 679
505 681
465 687
468 688
506 681
505 682
465 688
468 689
506 682
505 683
465 689
468 690
505 684
465 690
469 690
468 691
504 684
505 685
464 690
470 690
468 692
503 684
506 685
464 691
471 690
467 692
502 684
507 685
463 691
471 689
467 693
501 684
508 685
462 691
467 694
500 684
508 686
461 691
462 692
468 694
500 685
509 686
460 691
462 693
468 695
499 685
510 686
461 693
469 695
498 685
511 686
510 687
510 685
460 693
470 695
498 686
511 685
510 688
510 684
459 693
470 694
497 686
512 685
510 689
510 683
458 693
459 694
471 694
470 693
497 687
512 684
511 689
510 690
511 683
510 682
457 693
459 695
472 694
471 693
497 688
512 683
512 689
510 691
456 693
457 692
459 696
473 694
472 695
497 689
512 682
513 689
512 690
455 693
456 694
459 697
474 694
472 696
498 689
496 689
497 690
514 689
513 688
454 693
455 694
456 695
459 698
475 694
474 693
472 697
497 691
514 690
455 695
460 698
458 698
476 694
475 695
475 693
474 692
471 697
498 691
515 690
461 698
477 694
476 695
471 698
499 691
498 692
516 690
462 698
477 695
471 699
500 691
498 693
517 690
516 691
477 696
500 692
497 693
518 690
517 689
516 692
477 697
501 692
500 693
496 693
519 690
516 693
477 698
502 692
495 693
519 691
519 689
516 694
478 698
503 692
494 693
519 692
520 689
517 694
516 695
479 698
503 693
517 695
515 695
479 699
503 694
518 695
514 695
515 696
480 699
519 695
518 696
513 695
514 696
481 699
480 700
520 695
518 697
512 695
514 697
482 699
481 698
480 701
521 695
519 697
512 696
512 694
513 697
514 698
483 699
479 701
521 696
519 698
512 697
484 699
483 700
483 698
522 696
519 699
511 697
484 700
484 698
523 696
520 699
510 697
511 698
484 701
484 697
523 697
523 695
521 699
510 698
485 701
484 702
524 697
486 701
483 702
525 697
487 701
486 700
482 702
483 703
526 697
525 696
487 700
482 703
527 697
487 699
482 704
528 697
527 698
527 696
481 704
482 705
528 698
527 699
527 695
482 706
529 698
526 699
527 694
591 601
530 698
528 694
526 694
527 693
335 603
290 614
531 698
530 697
528 693
526 693
289 613
532 698
531 699
531 697
530 696
526 692
320 615
532 697
531 700
526 691
319 616
327 616
533 697
531 701
526 690
327 618
338 595
534 697
532 701
530 701
525 690
526 689
306 615
532 702
530 702
524 690
527 689
300 614
532 703
529 702
524 689
528 689
589 584
531 703
532 704
528 702
528 690
528 688
587 591
308 615
532 705
528 703
528 687
309 616
533 705
527 703
529 687
527 687
309 618
290 613
533 706
527 704
529 686
526 687
527 686
320 616
327 617
534 706
527 705
530 686
324 607
328 609
535 706
534 707
528 705
531 686
530 685
336 594
337 595
536 706
535 707
535 705
529 705
532 686
531 687
531 685
307 615
309 617
324 526
536 705
529 706
529 704
531 684
291 613
322 617
323 526
532 684
321 616
329 608
326 617
321 526
533 684
532 683
317 610
336 595
322 526
321 525
534 684
532 682
307 616
308 617
322 517
534 685
533 682
598 592
292 613
322 616
322 525
322 518
323 519
533 681
325 617
317 609
337 605
335 595
322 524
319 524
534 681
533 680
590 591
307 617
292 612
322 519
322 523
535 681
532 680
322 615
325 616
319 519
319 523
531 680
327 614
319 610
579 584
321 519
531 679
580 583
318 609
337 606
322 520
322 522
530 679
334 595
305 618
313 520
529 679
306 617
293 610
320 519
292 611
323 615
320 523
321 520
605 608
591 591
322 521
314 520
619 613
322 614
325 615
326 614
320 520
320 522
321 521
319 609
336 606
314 521
320 521
336 608
333 595
315 523
314 522
319 521
334 596
618 614
315 522
305 617
294 612
293 611
318 521
317 521
323 614
325 614
316 522
318 522
320 609
300 612
301 611
602 617
317 522
317 523
317 524
313 525
335 606
336 607
333 596
334 597
601 612
317 525
300 542
328 607
611 604
304 617
314 525
316 525
301 542
294 611
324 614
300 541
315 525
301 541
315 526
321 609
335 607
604 617
314 527
319 526
302 541
315 527
622 603
333 597
337 599
318 526
319 527
303 541
315 528
302 618
303 617
318 527
304 541
315 529
318 528
305 541
317 528
295 611
316 529
318 529
306 541
317 529
324 613
319 533
306 540
317 530
318 533
306 539
317 531
606 612
597 597
318 532
308 536
306 538
317 532
309 540
308 537
307 538
323 612
316 532
309 539
308 538
312 531
315 532
310 539
309 538
322 611
321 610
313 531
314 532
310 538
313 532
314 533
310 537
313 533
333 606
310 536
313 534
311 536
313 535
313 537
312 536
332 603
315 541
313 536
315 540
314 539
314 536
602 606
315 539
315 536
315 538
316 536
315 537
334 607
317 536
316 537
317 537
318 537
318 538
319 538
319 539
318 542
333 598
336 599
319 540
318 541
319 541
320 541
328 634
278 616
275 617
336 601
485 660
279 623
326 631
327 634
334 585
334 587
277 616
276 617
278 623
486 660
299 606
326 632
327 633
334 586
277 617
277 623
323 634
326 633
335 586
277 618
277 622
300 611
302 617
324 634
325 633
337 585
336 586
277 619
277 621
324 633
337 586
279 618
296 611
324 612
323 611
322 610
593 595
277 620
324 632
338 586
280 618
278 620
324 631
339 586
280 619
487 660
327 597
331 603
279 620
323 631
321 629
319 627
339 585
342 584
280 620
323 630
321 628
333 607
333 599
336 600
302 616
320 627
340 585
342 585
281 620
323 629
322 628
321 627
341 585
283 621
282 620
296 612
606 596
605 597
605 591
584 590
605 595
325 628
323 628
322 627
341 586
343 586
283 620
282 619
324 628
323 627
341 587
343 587
295 613
324 611
323 610
332 607
333 600
283 619
324 627
327 628
342 587
283 618
324 626
327 627
342 588
284 618
584 591
584 587
587 586
595 604
326 627
325 626
327 626
342 589
284 617
326 626
327 625
340 588
339 589
335 600
302 615
296 613
341 589
284 616
326 625
325 624
324 623
340 589
341 590
284 615
327 611
605 594
583 587
326 624
325 623
324 620
340 590
285 615
326 623
324 621
340 591
312 617
285 614
323 609
332 608
300 607
284 613
327 623
325 621
330 620
340 592
342 594
312 616
287 611
285 613
327 622
301 615
613 606
334 601
326 621
329 620
338 593
340 593
341 594
312 615
287 612
286 613
327 621
328 620
335 604
298 613
339 593
340 594
311 615
288 612
288 614
287 613
319 614
319 618
326 610
330 608
327 620
339 594
340 595
310 615
290 615
288 613
320 614
334 602
319 617
327 619
339 595
305 615
309 615
309 619
482 707
483 707
482 708
484 707
485 707
486 707
485 708
486 708
485 709
487 708
487 709
487 710
486 710
487 711
486 711
485 711
486 712
484 711
486 713
483 711
487 713
482 711
488 713
482 712
488 714
481 712
488 715
481 713
487 715
488 716
480 713
487 716
479 713
486 716
478 713
479 712
485 716
477 713
478 714
485 717
485 715
477 712
478 715
485 718
476 712
478 716
475 712
477 716
478 717
474 712
479 717
478 718
479 718
478 719
477 719
478 720
476 719
479 720
475 719
480 720
474 719
475 720
481 720
480 721
473 719
480 722
473 720
480 723
472 720
480 724
471 720
481 724
480 725
470 720
480 726
470 721
470 719
481 726
479 726
469 721
470 722
469 719
482 726
481 727
468 721
470 723
482 727
467 721
482 728
467 722
467 720
482 729
466 720
483 729
481 729
466 719
484 729
484 730
485 730
486 730
485 731
485 732
486 732
484 732
483 732
483 733
482 733
481 733
480 733
481 734
479 733
480 734
478 733
480 735
477 733
480 736
476 733
477 734
481 736
479 736
480 737
475 733
478 736
480 738
474 733
477 736
481 738
480 739
474 732
476 736
477 737
482 738
481 739
480 740
473 732
475 736
482 737
481 740
480 741
472 732
473 731
474 736
482 740
473 730
483 740
482 741
473 729
483 739
482 742
472 729
473 728
482 743
471 729
483 743
482 744
471 730
483 744
470 730
484 744
484 745
485 745
484 746
486 745
485 746
483 746
487 745
485 747
488 745
488 746
488 747
489 747
488 748
490 747
487 748
488 749
488 750
489 750
487 750
488 751
490 750
489 751
486 750
489 752
486 751
490 752
486 752
491 752
485 752
492 752
491 753
484 752
485 753
492 753
491 754
483 752
485 754
492 754
490 754
491 755
483 753
486 754
493 754
492 755
490 755
482 753
494 754
490 756
482 754
495 754
494 755
481 754
495 755
495 753
480 754
481 755
496 755
495 752
480 755
497 755
496 752
494 752
479 755
498 755
478 755
499 755
498 754
477 755
500 755
498 753
476 755
501 755
500 754
497 753
498 752
475 755
476 756
501 756
500 753
498 751
474 755
476 757
502 756
501 757
497 751
473 755
477 757
476 758
503 756
502 757
500 757
497 750
472 755
473 754
477 758
475 758
503 757
503 755
502 758
499 757
497 749
471 755
477 759
504 757
503 754
498 757
470 755
471 754
505 757
504 754
498 758
469 755
470 756
471 753
505 758
505 756
504 753
497 758
498 759
468 755
470 757
506 758
504 752
498 760
467 755
469 757
507 758
505 752
503 752
497 760
466 755
469 758
508 758
507 757
505 751
503 751
496 760
465 755
466 754
508 759
508 757
507 756
502 751
503 750
495 760
496 759
464 755
465 756
465 754
509 759
509 757
501 751
503 749
494 760
463 755
464 756
510 759
509 756
501 752
502 749
493 760
462 755
463 756
511 759
510 758
509 755
501 749
493 761
493 759
461 755
512 759
510 755
508 755
500 749
501 748
492 761
493 758
460 755
461 756
513 759
511 755
510 754
501 747
491 761
492 762
494 758
459 755
460 754
514 759
511 754
510 753
501 746
490 761
492 763
494 757
458 755
460 753
515 759
514 760
512 754
509 753
510 752
500 746
490 760
491 763
492 764
457 755
460 752
516 759
514 761
513 754
512 753
508 753
509 752
511 752
499 746
490 759
491 764
492 765
456 755
461 752
459 752
460 751
517 759
516 758
515 761
507 753
499 745
490 764
493 765
492 766
455 755
456 756
456 754
460 750
518 759
516 757
516 761
515 762
507 752
498 745
499 744
494 765
492 767
456 757
460 749
519 759
518 760
518 758
517 757
516 756
497 745
498 744
495 765
456 758
461 749
459 749
519 760
517 756
516 755
496 745
495 766
457 758
455 758
459 748
519 761
516 754
495 745
458 758
457 759
455 759
458 748
519 762
516 753
495 746
495 744
459 758
454 759
457 748
520 762
517 753
515 753
495 747
494 744
459 759
454 760
457 749
457 747
521 762
517 752
515 752
496 747
494 747
493 744
494 743
460 759
459 760
453 760
454 761
457 750
456 747
457 746
522 762
517 751
515 751
493 747
493 745
494 742
461 759
453 761
457 751
458 746
523 762
515 750
492 747
495 742
494 741
462 759
461 758
453 762
456 751
459 746
458 745
524 762
516 750
492 746
495 741
494 740
463 759
462 758
453 763
455 751
460 746
525 762
524 763
524 761
516 749
495 740
453 764
454 751
461 746
460 747
460 745
526 762
524 764
516 748
496 740
495 739
453 765
453 751
454 750
462 746
527 762
526 763
524 765
517 748
516 747
497 740
495 738
453 766
453 750
463 746
462 745
528 762
527 763
523 765
518 748
515 747
497 741
497 739
494 738
495 737
453 767
452 750
463 745
529 762
522 765
514 747
497 742
493 738
454 767
452 749
464 745
463 744
530 762
521 765
522 766
513 747
492 738
455 767
451 749
464 744
463 743
530 763
522 767
512 747
491 738
492 737
455 768
450 749
464 743
462 743
463 742
530 764
522 768
490 738
492 736
456 768
449 749
450 750
450 748
465 743
461 743
462 742
531 764
521 768
522 769
489 738
490 739
492 735
456 769
448 749
450 751
450 747
465 742
460 743
532 764
522 770
490 740
492 734
456 770
447 749
448 748
449 751
449 747
450 746
466 742
533 764
532 765
523 770
521 770
522 771
489 740
490 741
493 734
492 733
457 770
455 770
456 771
448 747
449 752
467 742
534 764
523 771
520 770
490 742
493 733
458 770
457 771
448 746
448 752
467 743
535 764
534 763
519 770
459 770
458 771
458 769
447 746
448 745
448 753
468 743
536 764
535 765
534 762
519 771
459 771
459 769
458 768
446 746
447 745
448 744
447 753
448 754
469 743
536 763
535 766
535 762
534 761
518 771
459 772
445 746
446 745
449 744
446 753
449 754
470 743
469 744
536 766
534 766
517 771
459 773
444 746
446 754
446 752
450 754
469 745
537 766
517 772
460 773
444 745
445 754
451 754
470 745
468 745
537 767
537 765
516 772
517 773
460 774
444 744
445 755
451 753
471 745
468 746
538 767
537 768
516 773
518 773
460 775
443 744
445 756
452 753
451 752
472 745
471 746
467 746
539 767
516 774
519 773
461 775
442 744
445 757
472 744
471 747
466 746
467 747
540 767
516 775
520 773
519 774
462 775
442 745
445 758
473 744
471 748
541 767
540 766
516 776
520 774
462 776
462 774
441 745
446 758
444 758
473 743
472 748
470 748
471 749
542 767
540 765
515 776
516 777
520 775
462 777
440 745
441 746
443 758
444 759
473 742
472 749
469 748
471 750
543 767
542 766
539 765
514 776
521 775
463 777
461 777
439 745
441 747
442 758
443 759
443 757
472 742
473 741
469 749
470 750
543 766
539 764
522 775
521 776
463 778
460 777
438 745
439 744
441 748
441 758
442 757
443 760
474 741
473 740
469 750
470 751
544 766
543 765
539 763
523 775
522 774
521 777
464 778
459 777
460 778
437 745
438 746
442 748
440 758
441 759
441 757
443 761
545 766
540 763
524 775
520 777
465 778
459 778
459 776
460 779
436 745
438 747
441 760
441 756
443 762
546 766
525 775
524 774
520 778
466 778
458 778
460 780
435 745
436 744
443 763
547 766
546 767
526 775
525 776
525 774
524 773
520 779
466 779
466 777
457 778
434 745
442 763
443 764
548 766
547 767
526 776
526 774
467 777
456 778
434 746
441 763
443 765
548 767
548 765
527 776
468 777
456 779
456 777
433 746
434 747
441 764
443 766
548 768
548 764
528 776
527 777
468 776
455 779
455 777
433 747
440 764
442 766
548 763
529 776
468 775
454 779
455 776
439 764
442 767
549 763
548 762
530 776
529 777
529 775
467 775
468 774
453 779
455 775
438 764
442 768
550 763
549 762
548 761
531 776
529 778
529 774
466 775
469 774
453 780
456 775
454 775
455 774
437 764
438 765
443 768
442 769
551 763
550 764
547 761
529 773
466 774
469 773
453 775
437 765
438 766
443 769
441 769
551 764
547 760
529 772
465 774
466 773
470 773
452 775
453 776
438 767
444 769
440 769
441 770
551 765
547 759
530 772
528 772
464 774
471 773
437 767
445 769
441 771
552 765
551 766
528 771
472 773
436 767
446 769
442 771
440 771
441 772
553 765
552 766
527 771
528 770
473 773
472 772
435 767
447 769
553 766
474 773
472 771
434 767
435 768
435 766
448 769
447 770
554 766
474 772
472 770
434 768
434 766
449 769
555 766
475 772
473 770
471 770
472 769
434 765
449 768
556 766
555 765
474 770
471 769
556 767
474 769
470 769
471 768
556 768
475 769
474 768
469 769
471 767
555 768
556 769
476 769
474 767
469 770
470 767
471 766
554 768
557 769
473 767
469 771
469 767
471 765
557 770
468 767
557 771
467 767
468 766
558 771
557 772
466 767
467 768
467 766
559 771
557 773
465 767
466 768
467 765
559 772
559 770
556 773
464 767
467 764
560 772
560 770
556 774
464 766
468 764
560 773
561 770
464 765
560 774
562 770
561 771
561 769
561 774
563 770
562 769
561 775
563 771
563 769
562 768
562 775
561 776
564 771
563 768
563 775
562 776
560 776
561 777
564 768
559 776
561 778
564 767
558 776
560 778
561 779
564 766
557 776
558 777
561 780
564 765
556 776
562 780
565 765
564 764
555 776
562 781
566 765
563 764
554 776
563 781
562 782
567 765
562 764
563 763
553 776
554 777
554 775
564 781
561 782
562 783
567 764
561 764
563 762
552 776
554 778
565 781
564 782
560 782
567 763
560 764
561 765
563 761
553 778
554 779
566 781
565 782
564 783
560 783
567 762
559 764
552 778
553 779
555 779
564 784
567 761
559 765
559 763
551 778
553 780
556 779
563 784
564 785
568 761
566 761
567 760
559 766
558 763
550 778
552 780
565 785
568 760
558 766
549 778
550 779
550 777
566 785
558 767
548 778
550 780
567 785
566 786
548 779
548 777
550 781
567 784
566 787
547 779
548 776
568 784
567 783
565 787
547 780
547 776
569 784
566 783
546 780
547 781
547 775
570 784
569 783
545 780
547 782
570 785
569 782
544 780
546 782
547 783
570 786
570 782
543 780
547 784
571 786
570 787
570 781
542 780
543 781
547 785
572 786
570 788
541 780
542 781
543 782
548 785
546 785
547 786
572 787
572 785
570 789
540 780
547 787
572 788
573 785
571 789
569 789
570 790
548 787
547 788
572 789
573 784
571 790
569 790
549 787
548 788
546 788
572 790
574 784
571 791
549 786
575 784
571 792
550 786
576 784
575 785
575 783
571 793
551 786
575 782
571 794
552 786
575 781
572 794
552 787
574 781
575 780
572 795
552 788
574 780
576 780
573 795
572 796
553 788
574 779
577 780
576 779
574 795
572 797
553 789
578 780
576 778
571 797
553 790
578 781
575 778
576 777
570 797
571 798
554 790
552 790
578 782
576 776
569 797
570 798
571 799
552 791
578 783
576 775
568 797
569 798
551 791
552 792
579 783
577 775
575 775
567 797
550 791
552 793
580 783
577 774
567 796
549 791
552 794
581 783
577 773
567 795
552 795
581 782
576 773
577 772
568 795
567 794
553 795
582 782
581 781
576 772
577 771
568 794
566 794
554 795
583 782
575 772
576 771
578 771
577 770
566 793
555 795
554 794
584 782
576 770
579 771
565 793
566 792
555 796
555 794
584 781
575 770
580 771
566 791
556 796
555 797
556 794
585 781
584 780
575 769
581 771
580 770
557 796
554 797
557 794
556 793
586 781
581 770
558 796
557 795
553 797
554 798
557 793
556 792
587 781
586 780
581 769
558 795
554 799
558 793
557 792
555 792
587 782
582 769
581 768
559 795
553 799
557 791
588 782
587 783
580 768
581 767
560 795
552 799
553 800
557 790
589 782
587 784
579 768
582 767
581 766
560 796
552 800
552 798
558 790
556 790
590 782
589 783
583 767
580 766
561 796
559 790
558 789
591 782
583 768
561 797
560 790
592 782
591 783
584 768
561 798
561 790
560 791
560 789
593 782
591 784
585 768
562 798
561 799
560 792
560 788
593 781
590 784
591 785
585 769
563 798
560 799
561 792
560 793
560 787
594 781
590 785
592 785
586 769
585 770
559 799
562 792
595 781
589 785
590 786
587 769
586 770
558 799
595 780
590 787
587 768
586 771
557 799
558 800
595 779
589 787
587 767
587 771
558 801
594 779
595 778
588 767
588 771
587 772
557 801
558 802
593 779
594 778
595 777
589 767
588 766
588 772
588 770
556 801
557 802
558 803
593 778
594 777
595 776
590 767
589 772
589 770
556 802
556 800
558 804
593 777
596 776
595 775
589 773
589 769
557 804
597 776
595 774
590 769
556 804
597 777
597 775
594 774
591 769
556 805
598 777
597 778
594 773
592 769
591 768
556 806
599 777
598 778
597 779
593 773
593 769
592 768
555 806
556 807
599 778
599 776
592 773
593 768
554 806
555 807
556 808
600 778
599 779
600 776
591 773
594 768
553 806
554 807
557 808
600 779
591 774
594 767
552 806
554 808
558 808
601 779
595 767
594 766
551 806
554 809
559 808
558 809
602 779
595 766
551 807
555 809
554 810
560 808
559 807
602 778
596 766
555 810
554 811
560 809
559 806
603 778
602 777
597 766
596 765
556 810
553 811
561 809
560 806
604 778
603 777
598 766
597 767
557 810
553 812
562 809
560 805
605 778
603 776
599 766
557 811
553 813
563 809
606 778
604 776
599 767
599 765
558 811
553 814
563 810
607 778
606 779
606 777
604 775
599 768
599 764
552 814
563 811
607 777
606 780
600 768
599 769
599 763
551 814
564 811
562 811
563 812
608 777
607 776
607 780
606 781
601 768
599 770
598 763
563 813
609 777
608 780
605 781
602 768
601 767
598 762
609 776
608 781
608 779
605 782
603 768
602 769
597 762
598 761
609 781
608 782
609 779
605 783
604 768
599 761
598 760
610 779
605 784
605 768
604 767
599 760
598 759
611 779
610 780
604 784
605 769
605 767
600 760
611 778
603 784
604 785
605 770
606 767
601 760
600 759
612 778
611 777
602 784
603 783
604 786
607 767
602 760
601 761
601 759
600 758
612 777
601 784
602 783
603 782
605 786
604 787
607 768
607 766
603 760
600 757
612 776
600 784
603 781
604 788
607 769
608 766
607 765
604 760
603 759
600 756
613 776
612 775
599 784
600 783
605 788
604 789
605 760
603 758
600 755
614 776
613 775
611 775
600 782
606 788
604 790
606 760
605 761
605 759
601 755
614 777
614 775
599 782
607 788
606 787
604 791
606 761
605 762
602 755
615 775
598 782
607 789
603 791
607 761
604 762
605 763
603 755
616 775
597 782
607 790
602 791
608 761
607 762
603 756
603 754
616 774
596 782
597 781
607 791
608 762
608 760
603 753
616 773
607 792
609 762
604 753
603 752
617 773
608 792
606 792
610 762
605 753
602 752
618 773
617 772
605 792
606 793
611 762
610 763
605 754
602 751
618 772
605 793
612 762
605 755
601 751
619 772
618 771
605 794
612 763
606 755
601 750
620 772
619 771
604 794
601 749
620 773
619 770
603 794
602 749
621 773
619 769
603 795
603 749
622 773
621 774
602 795
603 796
603 748
623 773
622 772
601 795
604 796
603 797
603 747
623 774
600 795
605 796
602 797
604 747
624 774
599 795
600 796
606 796
605 747
604 746
625 774
598 795
599 794
600 797
605 748
605 746
626 774
625 775
598 796
599 793
600 798
606 748
606 746
627 774
598 797
598 793
600 799
606 749
607 746
628 774
597 797
597 793
601 799
608 746
607 745
629 774
628 775
597 798
597 792
601 800
609 746
608 745
629 775
596 798
601 801
609 747
630 775
629 776
602 801
610 747
609 748
631 775
629 777
603 801
602 802
609 749
632 775
630 777
629 778
604 801
609 750
632 776
632 774
628 778
605 801
609 751
633 776
632 773
628 779
608 751
633 777
628 780
608 752
634 777
628 781
608 753
635 777
634 778
629 781
609 753
607 753
636 777
630 781
609 754
637 777
636 778
630 782
630 780
610 754
638 777
637 778
631 780
611 754
638 778
638 776
631 779
612 754
639 778
639 776
612 753
640 778
640 776
639 775
612 752
641 778
640 777
639 774
613 752
642 778
641 777
638 774
639 773
614 752
642 779
642 777
637 774
640 773
639 772
615 752
642 780
637 773
615 751
643 780
642 781
636 773
616 751
615 750
644 780
635 773
617 751
615 749
645 780
644 779
634 773
635 774
614 749
645 781
634 772
613 749
646 781
645 782
634 771
613 748
647 781
646 782
645 783
635 771
634 770
612 748
647 780
646 783
634 769
612 747
648 780
646 784
633 769
634 768
612 746
649 780
646 785
632 769
633 768
634 767
613 746
650 780
647 785
646 786
631 769
634 766
613 745
650 781
648 785
631 768
634 765
613 744
651 781
650 782
649 785
648 786
648 784
630 768
635 765
633 765
613 743
652 781
650 785
649 786
629 768
635 764
632 765
614 743
612 743
653 781
628 768
629 767
632 766
632 764
611 743
612 742
653 782
653 780
631 764
610 743
612 741
653 783
653 779
630 764
610 742
612 740
653 784
653 778
630 765
613 740
611 740
654 784
652 784
653 785
654 778
652 778
613 739
611 739
655 784
655 778
654 777
651 778
613 738
656 784
655 785
656 778
654 776
651 779
651 777
614 738
657 784
651 776
615 738
658 784
657 785
651 775
615 737
659 784
615 736
660 784
614 736
615 735
660 783
614 735
615 734
660 782
613 735
616 734
661 782
613 734
617 734
662 782
661 781
613 733
618 734
663 782
662 783
661 780
619 734
663 783
619 735
619 733
664 783
620 735
619 736
619 732
664 784
621 735
619 737
619 731
664 785
622 735
618 737
620 731
618 731
665 785
623 735
622 734
617 737
618 738
621 731
617 731
666 785
624 735
623 734
617 736
618 739
622 731
617 732
667 785
666 784
619 739
617 739
668 785
666 783
669 785
668 786
666 782
670 785
668 787
667 782
670 784
668 788
668 782
667 781
670 783
669 788
668 789
667 780
670 788
669 789
667 789
668 780
666 780
670 789
670 787
669 790
669 780
671 789
670 780
669 779
672 789
671 780
669 778
672 790
672 788
672 780
671 779
670 778
669 777
672 791
673 788
672 779
670 777
668 777
673 791
671 791
673 787
673 779
670 776
674 791
673 792
670 791
673 786
670 775
675 791
673 793
672 786
676 791
676 792
677 792
678 792
677 793
679 792
677 794
680 792
677 795
681 792
678 795
677 796
681 791
678 796
676 796
677 797
682 791
681 790
678 797
675 796
677 798
681 789
679 797
674 796
676 798
681 788
680 797
673 796
682 788
680 788
681 787
681 797
680 798
673 797
673 795
682 787
681 786
682 797
680 799
672 797
683 787
682 786
681 785
682 798
682 796
679 799
680 800
671 797
684 787
683 796
682 795
680 801
671 798
671 796
685 787
684 788
683 795
681 795
682 794
681 801
679 801
671 799
670 796
686 787
684 789
684 795
683 794
681 802
678 801
670 799
670 795
687 787
683 789
685 795
684 794
681 803
669 799
669 795
688 787
687 786
686 795
680 803
668 799
668 795
669 794
689 787
687 785
686 796
679 803
668 800
668 798
690 787
689 788
688 785
686 785
687 796
668 801
667 798
690 786
685 785
686 784
688 796
687 797
668 802
666 798
667 797
691 786
690 785
686 783
689 796
668 803
666 799
666 797
692 786
690 784
669 803
692 787
692 785
689 784
690 783
669 804
692 788
689 783
691 783
670 804
691 788
689 782
692 783
691 782
691 789
689 781
691 781
691 780
692 780
693 780
693 779
694 779
693 778
695 779
692 778
696 779
692 777
697 779
692 776
698 779
692 775
698 778
691 775
698 777
690 775
698 776
689 775
699 776
688 775
689 776
700 776
699 775
687 775
688 776
700 775
699 774
686 775
687 774
701 775
699 773
685 775
686 776
686 774
687 773
699 772
687 772
700 772
699 771
688 772
701 772
698 771
699 770
689 772
702 772
698 770
689 773
689 771
702 771
698 769
690 773
690 771
698 768
699 768
697 768
700 768
696 768
697 767
700 767
695 768
701 767
694 768
695 767
702 767
701 766
695 766
703 767
694 766
704 767
703 766
694 765
705 767
693 765
706 767
692 765
693 764
707 767
692 766
693 763
691 766
692 767
694 763
693 762
694 762
693 761
695 762
693 760
694 760
693 759
694 759
692 759
695 759
694 758
691 759
696 759
694 757
691 760
691 758
697 759
696 760
693 757
690 760
691 761
690 758
698 759
693 756
691 762
690 757
699 759
693 755
690 762
691 763
690 756
700 759
693 754
689 762
690 755
701 759
700 758
694 754
688 762
689 761
690 754
702 759
700 757
694 753
687 762
688 763
688 761
689 754
703 759
702 758
695 753
694 752
686 762
687 763
688 754
689 753
703 760
703 758
702 757
695 752
693 752
685 762
686 763
686 761
688 755
688 753
689 752
704 760
703 757
702 756
695 751
686 760
687 755
690 752
705 760
703 756
702 755
696 751
695 750
687 760
685 760
706 760
705 759
703 755
702 754
694 750
684 760
706 761
706 759
704 755
701 754
702 753
693 750
683 760
706 762
705 755
702 752
692 750
682 760
683 761
706 763
706 755
705 754
702 751
691 750
692 749
681 760
682 759
707 763
706 764
703 751
702 750
690 750
691 751
691 749
692 748
680 760
681 761
682 758
708 763
705 764
704 751
703 750
701 750
679 760
682 757
709 763
708 764
704 764
705 751
678 760
709 764
705 750
677 760
709 765
706 750
676 760
677 761
710 765
707 750
706 749
675 760
710 766
708 750
706 748
675 761
709 750
707 748
706 747
674 761
709 751
705 747
706 746
673 761
709 752
707 746
706 745
672 761
710 752
709 753
708 746
707 745
705 745
671 761
711 752
708 753
709 754
709 746
707 744
670 761
671 760
710 754
709 755
707 743
669 761
710 755
708 743
707 742
669 760
709 743
706 742
707 741
668 760
710 743
706 741
667 760
711 743
706 740
666 760
712 743
706 739
665 760
712 744
712 742
707 739
705 739
664 760
712 741
704 739
663 760
713 741
711 741
703 739
704 740
663 759
714 741
711 740
702 739
703 740
704 741
663 758
715 741
701 739
664 758
662 758
716 741
715 740
701 740
701 738
664 757
661 758
716 742
715 739
700 740
701 741
701 737
665 757
664 756
660 758
717 742
716 739
702 741
702 737
700 737
664 755
660 759
660 757
718 742
702 742
703 737
700 736
664 754
659 759
660 756
718 743
702 743
704 737
699 736
665 754
663 754
658 759
659 760
661 756
719 743
702 744
704 736
698 736
699 735
666 754
663 753
657 759
658 760
659 761
703 744
701 744
704 735
697 736
698 737
666 753
662 753
663 752
656 759
657 758
658 761
700 744
704 734
696 736
667 753
662 752
655 759
657 757
657 761
699 744
700 745
705 734
703 734
704 733
696 737
696 735
667 752
662 751
655 760
548 677
656 757
698 744
699 743
700 746
706 734
705 733
704 732
695 737
695 735
668 752
667 751
654 760
655 761
697 744
701 746
707 734
706 735
694 737
695 738
694 735
668 751
653 760
655 762
696 744
697 743
707 733
706 736
694 738
669 751
668 750
652 760
653 761
655 763
697 742
693 738
694 739
668 749
651 760
656 763
655 764
697 741
693 739
669 749
650 760
655 765
697 740
692 739
669 748
649 760
650 761
655 766
698 740
691 739
669 747
649 761
650 762
656 766
654 766
690 739
668 747
669 746
648 761
651 762
657 766
656 767
689 739
667 747
668 746
669 745
647 761
648 762
658 766
656 768
689 738
666 747
667 748
669 744
646 761
647 760
648 763
658 767
658 765
655 768
656 769
689 737
666 746
669 743
646 762
646 760
647 763
659 767
658 768
657 769
690 737
665 746
670 743
646 763
646 759
659 768
658 769
664 746
665 745
671 743
646 758
664 747
665 744
672 743
647 758
645 758
664 748
666 744
665 743
672 742
648 758
644 758
645 757
663 748
664 743
673 742
648 757
643 758
645 756
662 748
664 742
674 742
648 756
661 748
663 742
664 741
675 742
648 755
660 748
663 741
665 741
664 740
676 742
675 741
648 754
660 747
663 740
665 740
675 740
647 754
648 753
349 554
348 554
349 553
347 554
348 555
349 552
346 554
347 555
348 552
345 554
348 551
344 554
344 555
344 556
344 557
344 558
344 559
345 559
343 559
346 559
342 559
347 559
346 560
346 558
341 559
348 559
347 560
340 559
341 558
347 561
340 560
340 558
348 561
347 562
340 561
339 558
340 557
347 563
339 561
340 562
338 558
340 556
347 564
338 561
339 562
340 563
337 558
340 555
346 564
347 565
337 561
340 564
336 558
337 559
340 554
337 562
341 564
340 565
335 558
336 557
340 553
337 563
342 564
334 558
339 553
336 563
343 564
342 565
333 558
338 553
335 563
343 563
342 566
332 558
338 554
334 563
342 567
337 554
333 563
343 567
341 567
342 568
332 563
344 567
340 567
342 569
331 563
332 564
345 567
344 568
343 569
342 570
330 563
331 564
332 565
346 567
344 569
341 570
329 563
333 565
332 566
346 566
344 570
340 570
328 563
329 564
334 565
332 567
340 571
327 563
328 564
328 562
335 565
334 566
332 568
340 572
326 563
328 561
335 566
331 568
332 569
341 572
340 573
326 564
327 561
330 568
333 569
341 573
339 573
340 574
326 565
326 561
327 560
330 569
338 573
340 575
325 561
330 570
339 575
340 576
325 562
325 560
331 570
341 576
324 562
331 571
342 576
341 577
323 562
331 572
343 576
341 578
332 572
331 573
344 576
343 577
341 579
330 573
345 576
344 575
342 579
340 579
329 573
330 574
346 576
345 575
343 579
339 579
328 573
329 574
345 574
344 579
339 580
327 573
346 574
345 573
344 578
338 580
326 573
327 574
327 572
347 574
345 572
345 578
337 580
325 573
327 575
348 574
346 578
325 572
327 576
349 574
348 575
348 573
347 578
325 571
327 577
349 575
349 573
348 576
348 572
348 578
347 579
326 571
325 570
326 577
350 575
348 571
325 569
325 577
326 578
351 575
326 569
326 579
352 575
327 569
325 579
352 576
352 574
324 579
353 576
353 574
352 573
323 579
353 577
353 573
352 572
322 579
323 580
354 577
354 573
321 579
322 580
354 578
355 573
321 578
355 578
355 572
321 577
356 578
355 579
356 572
321 576
357 578
355 580
320 576
321 575
356 580
354 580
319 576
322 575
321 574
356 581
354 581
321 573
353 581
321 572
352 581
353 582
320 572
321 571
351 581
353 583
319 572
322 571
350 581
351 580
354 583
318 572
319 573
319 571
349 581
351 579
318 573
319 574
351 578
317 573
316 573
316 574
316 572
315 574
316 571
314 574
317 571
313 574
317 570
313 575
317 569
312 575
313 576
316 569
311 575
316 568
310 575
311 576
315 568
310 574
311 577
315 567
310 573
310 577
315 566
311 573
310 578
315 565
311 572
309 578
310 579
315 564
309 579
314 564
309 580
314 563
308 580
309 581
313 563
309 582
312 563
308 582
309 583
312 564
308 583
310 583
311 564
312 565
308 584
311 583
310 564
308 585
312 583
309 564
310 565
308 586
313 583
312 582
309 563
309 586
307 586
314 583
309 562
310 586
314 584
308 562
311 586
314 585
307 562
308 561
311 585
314 586
307 563
308 560
314 587
308 559
315 587
313 587
316 587
313 588
316 586
313 589
317 586
316 585
314 589
312 589
317 585
311 589
318 585
311 590
311 588
319 585
310 590
320 585
319 586
310 591
321 585
320 586
320 584
310 592
321 586
311 592
310 593
322 586
311 593
323 586
312 593
311 594
323 587
323 585
313 593
311 595
324 587
324 585
313 592
311 596
325 587
314 592
310 596
326 587
325 588
315 592
327 587
326 588
316 592
315 593
328 587
327 588
317 592
315 594
328 588
317 593
316 594
328 589
317 594
316 595
328 590
318 594
316 596
329 590
318 595
317 596
315 596
318 596
317 597
314 596
318 597
313 596
314 597
313 597
313 595
314 598
313 598
315 598
312 598
313 599
316 598
311 598
312 599
316 599
310 598
311 599
316 600
311 600
316 601
311 601
317 601
316 602
310 601
318 601
315 602
309 601
319 601
318 602
315 603
308 601
309 602
320 601
319 600
315 604
309 603
321 601
316 604
309 604
321 600
316 605
308 604
309 605
322 600
316 606
307 604
309 606
323 600
306 604
310 606
308 606
309 607
323 599
307 606
324 599
323 598
307 607
325 599
322 598
323 597
306 607
307 608
326 599
321 598
305 607
308 608
326 600
304 607
305 606
326 601
304 608
305 605
327 601
303 608
304 609
328 601
327 602
302 608
303 609
329 601
328 602
328 600
327 603
301 608
329 602
329 600
328 599
326 603
327 604
300 608
330 602
328 598
328 604
327 605
300 609
537 706
538 706
539 706
539 705
539 707
539 704
540 704
538 704
539 703
541 704
539 702
541 703
541 705
542 703
541 702
543 703
544 703
543 704
544 704
545 704
546 704
545 705
547 704
546 703
547 703
547 705
546 702
547 706
545 702
546 706
547 707
545 701
547 708
548 708
546 708
549 708
545 708
550 708
549 707
545 707
545 709
551 708
544 709
552 708
551 707
551 709
553 708
552 709
551 706
551 710
554 708
552 706
550 706
551 711
554 709
552 705
552 711
551 712
555 709
554 710
553 705
552 704
553 711
550 712
556 709
555 710
553 704
549 712
557 709
556 708
556 710
555 711
553 703
549 713
557 708
557 710
556 711
555 712
554 703
548 713
549 714
557 707
556 712
554 712
555 703
547 713
548 714
550 714
557 706
556 713
556 703
555 702
555 704
547 712
547 714
557 713
556 714
557 703
555 701
555 705
546 714
558 713
556 715
558 703
556 701
545 714
559 713
556 716
557 701
544 714
545 715
560 713
559 714
555 716
556 717
557 700
543 714
544 715
545 716
561 713
559 715
555 717
557 717
558 700
546 716
545 717
562 713
559 716
554 717
555 718
557 718
559 700
547 716
545 718
563 713
559 717
554 718
555 719
557 719
560 700
559 699
548 716
546 718
545 719
563 712
563 714
560 717
556 719
557 720
561 700
560 699
559 698
545 720
564 712
563 715
560 718
557 721
562 700
559 697
546 720
545 721
565 712
564 715
560 719
557 722
562 701
560 697
559 696
546 721
545 722
566 712
565 711
565 713
561 719
557 723
562 702
561 697
559 695
546 722
544 722
565 710
565 714
562 719
561 720
556 723
561 702
562 703
562 697
561 696
558 695
543 722
564 710
565 709
562 718
561 721
555 723
560 702
562 696
558 694
543 723
562 717
561 722
554 723
560 703
563 696
557 694
558 693
542 723
543 724
562 716
562 722
561 723
553 723
560 704
564 696
557 693
542 724
561 716
561 724
552 723
553 722
559 704
560 705
565 696
556 693
541 724
542 725
561 715
562 724
560 724
551 723
552 722
553 721
566 696
555 693
540 724
542 726
562 725
559 724
551 724
554 721
553 720
567 696
566 695
555 692
540 725
542 727
563 725
562 726
550 724
554 720
552 720
568 696
566 694
542 728
564 725
561 726
550 725
568 697
567 694
566 693
541 728
564 724
560 726
561 727
550 726
568 694
565 693
564 723
561 728
549 726
550 727
569 694
568 693
564 693
565 692
565 723
562 728
549 727
550 728
568 692
564 692
565 722
563 728
549 728
551 728
569 692
568 691
563 692
566 722
563 729
551 729
569 691
562 692
566 721
564 729
563 730
551 730
569 690
562 691
567 721
566 720
563 731
551 731
569 689
562 690
568 721
563 732
552 731
570 689
568 689
569 688
563 690
562 689
569 721
562 732
563 733
553 731
552 732
570 688
563 689
561 689
570 721
569 720
564 733
553 732
552 733
561 688
569 719
564 734
554 732
560 688
570 719
569 718
564 735
555 732
559 688
571 719
570 718
568 718
563 735
555 733
559 687
571 720
570 717
555 734
559 686
572 720
570 716
554 734
559 685
573 720
572 721
570 715
553 734
559 684
573 721
572 722
569 715
570 714
559 683
573 722
571 722
570 713
558 683
559 682
571 723
570 712
557 683
560 682
570 723
570 711
556 683
561 682
570 724
569 711
570 710
556 682
561 683
570 725
571 710
555 682
556 681
562 683
561 684
569 725
572 710
554 682
556 680
562 684
569 726
555 680
556 679
563 684
562 685
568 726
554 680
557 679
562 686
567 726
553 680
562 687
567 725
567 727
552 680
563 687
567 724
567 728
552 681
568 724
566 724
551 681
550 681
550 680
549 680
550 679
548 680
549 679
551 679
547 680
548 681
549 678
546 680
547 681
548 682
548 678
312 525
