797 487
723 136
630 505
623 515
669 182
774 485
723 526
782 571
631 502
734 515
726 84
874 578
649 174
697 218
871 572
726 126
738 101
756 534
780 521
700 190
759 96
756 501
657 483
856 553
726 81
808 584
696 140
749 539
788 564
733 542
731 552
715 128
704 138
748 148
719 523
746 175
707 131
756 498
777 482
648 489
812 573
664 193
667 183
781 577
664 179
838 570
727 533
691 540
603 487
717 86
720 148
695 529
751 104
714 75
753 177
792 581
818 570
818 569
595 480
786 552
618 514
781 558
688 486
641 530
780 551
788 570
860 554
708 540
708 498
744 504
717 553
720 83
749 502
723 531
706 496
795 496
755 503
702 532
804 495
695 537
690 218
661 167
654 177
722 499
745 523
704 188
689 490
790 570
693 547
726 122
646 204
801 491
859 560
730 91
725 113
793 496
784 568
804 566
807 587
708 66
718 527
797 553
755 497
606 524
786 517
758 513
755 96
814 558
723 558
706 526
726 92
653 525
730 535
846 555
605 532
729 540
718 560
795 487
759 509
785 569
707 134
627 511
719 531
638 512
731 102
720 553
745 500
796 564
783 555
651 523
853 550
648 488
718 92
602 477
642 521
670 482
634 511
783 568
594 531
791 483
706 173
666 183
610 546
734 510
792 483
618 538
799 525
732 100
698 217
843 570
793 534
616 544
701 491
701 543
742 161
734 161
697 194
705 531
778 593
836 581
702 513
746 163
796 581
701 497
650 486
708 131
773 482
747 526
791 481
718 114
697 129
618 545
602 529
846 556
778 592
732 171
732 106
720 494
623 494
640 536
746 99
680 188
653 537
610 531
630 488
693 522
713 128
609 539
701 142
709 529
749 155
859 555
767 518
673 195
729 135
628 508
728 162
622 528
741 538
713 159
813 581
708 539
708 80
666 491
704 513
578 553
704 530
596 534
681 486
727 116
704 522
661 543
737 500
596 474
741 105
785 583
797 548
719 538
725 106
740 535
724 506
596 536
718 552
692 217
711 533
832 569
875 574
655 491
775 521
722 124
786 546
793 557
616 536
689 222
756 504
709 548
705 515
686 527
812 538
726 540
785 592
735 96
805 493
784 519
686 195
645 175
610 475
764 508
599 473
744 499
716 160
621 490
708 169
691 546
702 535
745 98
753 155
747 506
789 539
714 113
631 531
750 151
707 543
723 560
719 499
729 537
735 540
741 539
700 201
650 505
723 533
743 502
712 173
726 528
690 198
687 529
650 206
720 138
796 524
615 548
741 175
728 123
877 585
812 559
751 103
679 484
687 210
789 543
717 498
795 545
638 495
748 525
794 555
720 527
739 90
704 512
694 205
758 533
629 490
712 110
689 524
651 175
628 534
715 554
627 531
750 501
696 185
776 482
594 534
794 491
854 564
706 498
689 487
829 573
718 533
669 483
873 577
794 544
778 524
718 143
626 515
764 514
798 536
769 488
726 509
738 535
716 94
747 494
695 185
712 550
689 492
786 580
813 559
844 549
676 186
805 589
779 524
728 109
733 87
753 96
757 141
728 539
608 538
630 489
699 127
850 554
642 172
664 178
728 91
619 529
856 548
712 158
738 102
630 508
743 158
730 493
812 552
696 199
870 580
666 186
616 526
710 112
671 201
732 512
714 500
716 81
660 196
691 541
732 82
731 160
654 536
738 163
723 106
839 571
771 555
648 174
858 570
712 538
780 523
873 584
793 545
631 506
857 566
700 543
689 221
712 129
777 411
726 508
707 130
748 160
641 482
852 549
591 539
850 578
723 496
780 480
678 187
652 506
708 533
873 573
625 534
719 552
740 499
697 491
812 584
719 533
742 158
630 507
722 498
648 490
782 524
722 118
698 174
792 547
692 536
663 191
729 529
803 485
721 165
790 558
790 487
733 510
682 488
731 550
731 520
622 512
711 78
788 593
663 523
698 527
790 484
879 566
631 497
688 221
778 588
638 517
601 474
597 538
654 491
876 574
633 497
879 579
686 525
743 91
722 127
643 518
653 203
714 131
753 99
724 550
743 177
865 575
781 587
784 477
621 500
608 532
589 539
782 557
782 574
783 524
623 527
698 522
755 179
666 488
592 543
686 207
691 485
786 581
843 571
615 546
724 542
749 148
780 553
727 539
782 587
715 75
697 128
727 141
851 559
631 530
645 547
712 85
822 571
651 504
875 579
617 484
604 481
594 532
807 536
856 567
759 505
740 498
783 590
707 77
722 512
727 551
778 527
750 512
790 589
611 536
610 544
775 486
634 497
777 487
653 170
805 492
641 172
751 537
794 562
687 207
766 483
675 201
703 138
741 501
626 514
742 174
608 478
812 548
719 540
809 588
787 569
651 204
720 120
661 542
709 531
812 543
684 187
736 537
857 551
799 485
623 511
597 536
609 532
709 68
656 197
725 527
725 142
688 204
735 86
812 536
598 482
741 161
631 498
674 483
702 178
809 536
797 542
785 548
801 531
701 137
782 561
756 145
799 587
582 544
652 203
721 119
717 128
721 556
744 541
814 575
798 562
775 519
609 474
602 476
606 532
595 478
762 514
759 503
705 498
780 557
611 535
707 547
723 555
723 527
750 524
687 204
609 531
642 548
715 136
724 552
597 482
844 576
720 149
714 116
813 565
700 126
622 497
748 178
660 544
649 173
647 496
695 522
614 536
753 102
624 518
869 580
692 218
859 569
695 219
730 212
709 133
704 134
714 550
696 205
730 215
798 527
660 165
623 528
603 528
697 488
689 486
696 189
733 98
757 500
628 507
611 528
722 525
613 500
718 141
715 85
587 542
620 499
812 586
795 562
711 173
723 495
767 516
673 183
593 535
647 498
694 140
798 486
780 558
733 96
699 205
723 504
608 477
785 517
619 545
876 568
728 533
591 542
783 554
706 81
751 515
777 483
707 169
721 207
661 484
713 111
707 172
703 513
798 485
748 143
657 492
712 549
744 501
870 573
742 546
749 177
723 528
720 492
803 484
775 481
867 578
734 538
677 202
709 173
804 564
811 561
747 145
734 84
769 522
717 491
653 485
711 132
696 515
625 497
644 490
640 482
796 487
717 158
860 562
855 546
641 523
660 200
791 494
634 501
727 115
731 515
711 81
630 534
751 152
718 531
847 555
706 80
622 534
811 548
699 125
696 216
873 574
726 167
609 530
718 137
708 170
868 581
792 583
715 496
742 542
794 534
656 522
785 578
725 551
743 496
772 470
860 555
759 502
662 193
714 91
640 523
786 553
633 511
722 136
594 480
752 534
834 572
799 549
631 529
810 562
737 81
688 219
614 509
692 524
834 571
789 570
726 551
718 91
791 535
671 481
646 496
718 541
713 93
800 532
729 531
751 512
736 536
731 90
652 505
657 495
780 517
794 488
788 538
717 559
728 126
726 123
778 520
702 137
758 97
812 588
688 534
730 132
676 201
863 573
787 536
719 490
851 572
629 489
664 175
741 92
661 188
814 583
735 160
685 187
624 535
722 534
641 481
701 498
754 501
713 113
849 557
683 214
723 115
747 171
732 115
799 586
729 128
758 505
700 189
742 354
812 553
707 542
811 557
716 125
808 585
610 548
707 135
699 126
672 182
799 558
779 523
639 517
653 202
751 523
616 480
859 568
698 142
616 479
668 183
792 558
719 563
721 140
615 480
729 493
710 543
748 521
796 552
652 537
647 203
699 488
692 214
792 521
624 512
791 584
716 128
719 167
706 170
687 194
749 98
655 490
592 533
795 564
794 487
733 498
649 521
713 81
744 90
862 554
791 545
777 532
637 506
728 508
730 141
728 541
703 143
650 498
730 130
857 547
739 95
724 530
758 504
861 557
725 128
745 506
754 141
657 176
618 542
722 503
750 535
779 587
723 124
607 514
844 571
738 96
718 85
779 529
701 174
634 521
753 507
622 523
701 527
750 533
879 581
659 486
749 505
680 488
703 536
681 213
791 544
694 538
658 523
690 542
693 217
733 514
781 524
614 500
673 200
849 558
761 149
799 481
690 491
586 542
645 522
721 84
729 105
760 508
743 95
724 84
752 176
791 493
663 188
647 519
719 115
762 508
691 188
596 478
783 557
686 208
618 544
641 493
792 589
695 186
711 129
721 86
680 186
716 159
609 480
724 551
654 504
849 555
787 478
781 574
713 172
805 535
680 486
692 527
782 568
738 81
699 537
747 146
730 86
745 543
629 509
701 130
719 145
731 129
734 169
641 517
582 550
751 520
739 499
777 593
806 540
719 562
612 535
876 566
728 125
700 521
791 486
811 563
797 582
711 550
610 472
843 569
739 164
756 518
761 505
753 495
745 505
749 154
798 488
746 156
654 203
709 530
720 143
738 529
609 537
782 555
750 517
719 524
726 88
695 527
710 159
608 542
802 584
755 499
781 592
814 560
627 532
818 571
746 172
856 566
650 528
665 204
812 547
661 521
788 545
586 544
687 530
734 92
860 553
613 525
809 592
731 210
797 525
844 554
800 545
728 142
698 542
723 534
715 132
685 212
729 545
625 494
791 580
607 538
812 565
692 541
725 526
793 537
751 538
740 104
754 176
634 490
596 483
636 505
719 119
701 496
742 501
746 162
725 77
625 519
651 203
718 117
739 99
616 551
589 541
632 487
799 559
795 525
877 567
791 534
755 502
676 196
742 497
649 487
698 194
706 497
703 137
705 524
754 178
648 205
620 527
693 489
793 494
694 198
799 562
710 163
674 198
654 505
748 505
752 533
731 493
787 555
722 87
787 581
724 86
700 130
709 165
741 527
796 540
756 507
655 480
590 532
725 546
717 124
722 524
838 569
798 554
849 578
659 196
701 537
857 561
746 98
708 545
646 489
706 523
812 544
686 210
722 553
703 529
783 587
753 503
682 198
797 545
725 496
617 487
715 498
717 535
660 174
841 575
757 513
728 485
713 131
713 536
776 534
620 498
739 527
657 541
610 474
641 521
720 534
690 493
755 180
745 525
726 109
706 547
811 586
728 103
638 511
725 81
747 169
799 545
721 124
634 512
711 535
652 523
719 560
637 484
602 469
609 528
800 543
720 556
727 549
870 576
851 569
674 487
612 512
725 78
736 90
833 568
713 532
845 573
794 540
637 496
724 541
797 562
790 495
699 202
807 590
616 547
852 576
662 494
684 188
791 484
780 550
833 569
733 160
742 91
616 541
736 527
702 536
696 172
606 517
737 101
620 489
718 526
717 138
601 483
783 518
707 80
628 498
704 547
878 566
646 517
722 105
719 113
652 504
720 208
876 582
749 504
658 537
721 162
737 528
719 118
597 534
653 175
660 494
705 530
732 511
590 534
711 67
709 543
801 543
634 495
767 517
752 524
709 167
808 587
655 483
795 550
693 546
617 526
694 524
640 522
699 170
674 201
717 493
702 143
728 543
754 500
604 530
796 562
631 534
728 527
715 126
649 172
648 534
635 490
790 544
748 98
862 573
710 68
810 566
632 497
602 487
615 543
716 93
683 199
683 187
771 521
865 574
800 480
793 495
708 81
751 511
613 511
780 563
607 525
603 488
595 479
730 125
743 501
793 497
791 524
602 472
747 143
647 482
757 533
639 497
729 494
634 485
794 528
813 583
623 520
756 143
728 510
607 483
731 100
870 579
624 517
625 536
728 551
858 557
663 493
672 185
755 144
720 502
709 72
695 172
784 515
766 481
693 527
729 143
674 197
761 507
841 572
673 182
637 507
619 483
622 490
805 566
699 174
725 511
866 572
804 490
663 190
759 95
643 533
703 168
687 531
729 133
744 177
633 487
664 490
638 523
678 484
623 492
740 534
779 556
631 487
745 502
640 488
729 513
752 150
607 547
662 198
824 571
693 199
615 518
856 568
661 202
648 495
854 547
738 500
848 578
748 539
619 538
711 548
659 485
645 533
708 64
699 516
630 490
729 486
663 489
624 514
723 143
727 484
646 525
651 205
734 512
668 526
714 87
723 553
720 490
713 556
594 533
604 482
657 173
726 115
723 524
695 189
855 561
693 521
628 500
787 476
716 170
712 541
715 532
701 183
745 508
751 178
733 94
718 93
755 534
724 513
684 197
721 122
708 65
662 495
785 558
688 487
664 167
657 487
755 147
649 527
619 537
637 523
872 577
731 92
876 573
716 83
667 489
640 530
714 85
726 511
725 497
752 93
631 488
754 97
692 547
786 591
658 540
645 170
845 577
730 546
698 523
718 124
757 506
780 565
677 489
691 533
796 551
795 489
794 533
700 174
828 574
785 585
723 127
801 487
714 81
691 527
747 507
643 172
581 553
712 540
590 533
761 512
672 186
726 89
630 510
729 488
683 489
780 577
743 542
714 90
588 534
622 511
702 521
761 506
852 567
702 533
600 535
665 182
603 490
700 545
714 76
709 169
593 536
717 169
813 542
654 526
719 149
629 512
677 195
619 530
660 204
711 70
731 89
809 589
595 476
755 507
785 571
720 501
685 216
793 535
598 480
649 504
872 576
650 205
679 196
659 522
724 165
663 172
870 584
672 485
640 483
746 539
712 73
710 542
639 495
837 581
648 175
791 516
791 491
875 570
792 564
584 543
699 538
787 539
733 86
800 585
726 91
798 553
745 166
745 526
619 531
738 98
599 536
613 482
725 85
725 544
717 132
779 557
810 565
635 491
712 498
745 176
874 581
601 472
796 545
719 494
686 196
718 169
803 490
723 557
598 538
830 572
616 487
613 526
740 526
728 144
789 492
580 553
743 178
808 564
619 482
681 485
652 491
706 192
772 485
738 160
711 90
708 79
714 130
652 492
786 555
658 196
732 105
798 532
707 531
616 484
731 169
760 507
667 524
581 550
866 573
619 544
808 589
749 536
656 536
749 158
649 540
634 483
727 505
870 574
719 535
740 540
715 533
742 159
655 525
721 138
705 522
860 561
732 160
681 197
713 498
728 512
635 487
683 487
693 139
702 534
733 90
847 570
646 519
785 487
773 462
641 480
787 546
630 501
804 556
802 490
678 193
718 522
652 170
647 545
756 144
628 510
786 521
718 139
716 82
751 100
859 570
701 173
749 92
801 562
732 81
661 203
650 522
793 559
594 476
799 561
835 581
857 548
577 555
617 527
686 522
700 181
775 482
696 196
692 216
635 484
784 513
662 201
578 552
627 533
689 543
662 541
601 470
726 533
737 494
635 519
838 575
745 165
813 574
589 538
686 199
662 521
603 483
645 548
712 92
718 110
716 499
650 492
659 164
846 557
724 514
781 563
612 509
589 542
794 490
655 526
735 90
648 498
750 155
738 534
788 558
624 515
763 508
659 542
853 562
705 171
720 116
673 185
728 483
740 92
583 548
687 217
694 541
719 564
792 584
655 487
697 182
600 536
694 202
793 539
682 186
641 533
727 506
700 142
738 533
711 131
813 543
623 497
686 209
734 162
794 564
640 535
615 536
701 184
775 556
698 136
734 522
601 469
745 539
657 493
721 541
778 523
687 486
717 85
732 539
597 473
626 526
687 533
631 510
710 69
675 196
700 546
580 550
695 191
724 524
778 532
740 497
720 115
678 195
615 516
790 492
715 80
787 570
730 214
759 510
709 533
756 502
718 147
767 485
743 503
654 537
598 473
853 567
753 97
846 570
625 537
869 583
751 502
646 533
643 521
704 172
667 487
801 484
700 491
788 522
608 482
723 123
801 544
698 516
711 113
623 523
699 136
692 199
857 553
718 521
825 572
590 540
706 141
747 142
663 522
652 503
710 549
658 494
873 569
680 189
808 556
752 103
638 485
700 488
708 532
774 559
621 532
608 546
739 98
724 92
747 149
721 500
660 199
674 182
606 482
731 498
640 484
636 498
705 512
686 526
780 522
715 555
618 485
601 475
777 519
871 579
810 545
813 552
745 501
877 570
748 92
786 565
833 580
654 202
634 523
875 583
627 513
623 530
740 95
700 517
617 485
814 567
687 528
693 205
727 526
774 482
613 510
755 154
711 174
751 517
713 550
694 529
699 543
699 172
722 143
854 562
743 161
689 534
689 525
784 591
749 524
792 559
738 99
666 490
839 574
731 514
703 495
624 500
760 95
661 191
691 525
725 79
641 492
723 88
786 525
726 142
714 132
844 553
854 546
608 536
702 176
638 515
605 518
582 543
604 484
609 535
750 518
703 183
875 571
727 82
723 494
725 111
711 159
807 586
622 532
793 542
695 171
721 118
693 543
752 517
700 519
615 501
653 173
719 89
726 541
720 89
738 83
730 495
724 124
592 536
608 528
735 91
727 122
699 182
728 490
625 501
619 515
746 166
855 551
685 196
695 170
763 510
644 175
856 554
604 493
755 146
651 490
799 480
619 527
617 543
640 172
657 175
739 498
730 529
707 173
747 525
788 519
681 491
646 524
844 577
635 520
728 511
796 485
827 574
734 160
742 527
752 535
796 547
721 127
751 102
725 109
618 516
611 520
800 562
648 500
649 205
662 493
721 163
795 581
722 504
738 97
741 541
793 524
782 563
808 535
723 207
706 131
633 501
740 105
784 570
588 532
638 497
702 131
638 529
761 511
756 96
779 566
678 486
814 564
690 487
652 485
717 528
691 524
837 569
640 517
630 506
865 573
790 489
657 524
716 136
695 528
719 123
797 552
717 147
675 193
810 544
868 576
713 553
750 93
679 483
702 168
685 214
624 521
792 548
582 546
646 544
813 584
791 565
714 558
729 124
731 551
732 97
604 522
842 576
762 513
646 520
749 157
706 550
732 497
709 67
814 565
695 545
773 461
729 132
750 152
801 558
598 531
722 496
730 533
742 535
665 181
855 544
760 97
786 559
752 502
700 184
784 567
816 569
722 135
751 94
641 495
807 495
729 491
650 527
699 526
649 485
854 566
808 561
608 541
747 92
663 174
781 591
723 117
616 549
659 494
709 549
774 519
690 525
776 487
702 530
869 581
723 530
661 201
711 175
778 484
661 173
733 551
676 183
721 87
726 90
732 492
662 172
612 508
597 481
647 527
759 150
686 213
726 556
783 563
728 534
622 524
787 480
781 561
703 522
609 529
716 152
694 537
723 163
773 488
722 128
803 592
754 507
714 541
668 525
831 580
796 538
672 184
815 574
742 96
726 144
873 576
677 483
854 555
859 559
723 104
710 70
731 171
711 540
645 489
704 515
608 547
697 184
813 582
774 555
662 192
579 549
732 509
797 584
793 483
647 205
671 200
611 513
691 542
733 99
717 144
749 541
781 557
874 577
700 138
837 580
657 529
713 497
704 499
788 488
649 501
715 169
741 535
780 571
647 521
641 531
737 83
677 191
674 193
718 84
694 200
696 522
653 171
742 175
790 485
710 85
607 527
730 492
601 529
718 153
777 594
798 529
752 157
795 491
730 129
679 185
615 526
696 491
688 207
715 520
724 166
715 556
706 515
814 577
785 586
790 521
698 491
607 522
730 169
652 171
639 484
800 560
665 197
843 549
606 543
798 590
669 477
750 531
593 473
649 493
698 192
770 519
718 115
715 79
750 96
728 161
683 197
859 558
720 169
798 483
627 510
689 204
730 90
760 512
628 509
752 503
742 538
749 171
849 569
717 521
797 547
813 544
798 548
733 92
741 95
855 552
683 198
817 570
723 511
689 494
714 128
776 593
788 537
675 185
578 556
711 161
691 199
733 114
728 552
724 110
661 198
755 531
750 177
790 565
785 519
740 103
713 552
697 131
727 544
710 175
710 540
734 83
725 112
582 547
748 99
739 534
815 578
724 109
788 539
737 535
698 128
720 552
627 498
624 516
737 84
743 527
672 201
785 557
729 115
662 194
711 128
750 98
760 511
730 540
647 539
699 525
744 498
786 593
710 133
813 573
729 134
711 133
761 95
871 573
603 529
878 581
603 530
729 142
622 496
720 526
677 193
794 536
706 530
694 523
835 569
793 560
861 570
724 495
728 83
701 131
739 160
745 496
747 100
620 529
608 480
636 491
724 508
630 509
633 521
609 533
620 483
738 103
720 165
814 580
691 204
705 523
696 537
689 218
649 502
614 483
739 496
692 523
792 481
582 552
743 162
717 125
706 522
700 202
595 472
750 100
793 526
724 557
700 516
709 547
652 174
645 168
609 482
780 481
748 536
687 523
756 148
785 584
677 488
595 531
644 533
680 483
791 521
727 541
742 496
727 548
668 197
807 534
747 163
812 555
726 124
773 483
717 527
807 565
647 522
737 78
638 510
667 203
743 525
779 528
638 509
878 582
783 551
722 163
663 196
851 576
854 561
662 176
786 488
723 563
799 527
783 552
647 202
757 180
701 176
751 157
675 486
716 490
609 481
786 579
691 219
659 163
789 521
634 519
741 96
602 490
797 583
789 558
862 571
812 549
835 580
730 528
644 174
816 579
641 494
847 579
786 487
708 136
739 97
861 554
808 586
702 134
610 520
605 530
696 220
706 551
718 166
605 481
759 149
674 185
705 516
789 514
608 485
703 530
664 176
875 568
638 516
838 571
620 546
680 215
715 135
715 144
859 551
731 124
641 173
716 116
784 569
603 491
665 523
753 98
644 488
803 591
642 492
720 542
714 498
715 134
649 486
607 518
800 586
792 535
617 538
816 578
745 354
647 542
633 523
803 558
716 500
699 542
875 576
667 523
694 218
647 489
710 173
852 569
708 135
715 558
592 542
666 196
743 526
664 187
726 136
806 564
715 159
800 583
611 512
837 574
687 197
642 528
715 114
658 176
735 168
696 128
702 496
753 103
713 116
729 116
601 530
729 160
813 580
685 487
635 512
703 179
718 523
775 485
595 477
804 486
737 499
667 525
710 550
801 535
745 162
612 527
875 567
844 569
729 490
742 548
836 569
699 189
689 523
640 489
698 185
635 486
598 529
610 505
667 485
731 542
621 499
831 569
805 491
781 568
836 582
743 499
679 488
701 185
811 562
734 514
749 526
659 524
845 579
867 577
701 532
680 489
642 491
703 171
785 525
710 176
720 87
681 198
646 516
839 576
607 475
627 515
799 538
713 533
797 549
823 573
637 491
754 157
755 519
660 487
591 538
717 534
741 525
582 551
611 503
859 553
723 116
665 180
656 487
737 168
729 90
655 492
745 527
723 500
667 490
793 536
699 181
787 517
775 555
776 530
718 154
704 190
747 144
611 485
778 559
640 524
796 561
795 492
665 491
718 167
800 558
716 157
666 205
728 513
658 174
714 548
722 555
678 190
718 138
799 557
693 528
684 216
616 537
710 539
877 571
788 582
795 557
650 520
784 557
756 531
707 65
691 539
804 494
790 584
641 515
695 140
783 576
844 552
783 525
816 574
800 584
814 584
635 497
728 546
845 576
832 571
705 134
697 125
754 96
833 571
697 527
701 515
623 529
665 206
694 543
704 173
704 550
745 540
771 558
636 519
755 506
758 148
690 492
777 563
732 83
634 513
619 487
698 125
695 198
699 137
718 500
697 183
742 541
785 523
614 503
823 574
776 525
724 108
657 522
653 174
769 520
677 183
622 527
598 478
653 486
599 531
722 556
808 562
637 512
725 82
614 526
740 163
792 579
705 169
636 494
702 520
675 482
709 524
675 183
730 494
598 479
728 145
621 531
723 122
782 551
641 529
695 490
731 101
794 542
730 131
730 128
847 572
792 565
654 201
696 516
771 488
718 118
793 564
848 574
779 560
754 152
667 491
725 508
677 203
620 515
728 526
745 156
728 82
695 202
802 491
722 112
751 533
701 514
777 556
746 164
638 508
590 541
719 541
791 520
657 494
741 548
754 496
731 87
872 578
679 184
850 577
798 524
705 141
748 171
705 140
726 547
794 496
645 496
787 477
705 190
723 559
854 565
744 525
723 523
719 491
718 112
771 519
750 509
586 545
695 136
796 539
617 479
801 480
805 557
725 541
632 511
609 476
860 557
746 155
702 142
698 130
716 155
776 519
639 521
639 496
794 545
714 77
688 220
662 174
686 524
838 579
606 475
846 554
809 558
724 549
716 495
766 479
725 486
694 219
675 483
693 541
749 522
752 94
636 496
709 65
626 496
754 149
726 546
759 506
748 495
661 194
729 541
595 536
740 524
640 491
731 541
742 93
788 547
708 551
716 519
818 580
848 571
724 115
728 509
640 521
753 487
697 172
783 575
608 520
790 486
795 539
662 520
720 94
794 494
861 565
619 488
696 184
734 96
839 570
868 583
789 565
704 496
617 481
717 146
800 536
799 484
611 475
803 487
724 129
713 554
700 527
749 521
625 514
780 587
729 509
691 197
873 572
654 170
718 150
727 507
817 579
730 534
850 560
592 544
734 496
744 161
794 493
748 163
791 518
821 573
701 544
694 199
691 532
684 215
722 78
727 109
750 541
774 489
726 82
670 199
654 176
621 523
702 132
769 521
746 525
790 480
732 169
705 550
754 148
686 487
729 532
731 549
786 557
709 522
643 480
709 81
705 191
697 142
678 196
726 548
703 135
663 175
712 537
776 488
623 522
696 197
718 562
777 412
806 495
772 488
775 488
779 568
744 157
594 536
731 112
732 514
720 500
807 490
710 161
726 87
797 480
732 493
810 537
725 556
699 490
755 513
612 506
612 484
727 162
610 514
615 484
712 90
742 545
750 94
841 573
845 572
790 515
759 94
854 551
707 527
691 203
852 566
834 569
874 584
779 516
732 108
784 588
731 113
723 514
609 485
718 524
779 527
608 517
659 176
788 492
600 473
739 79
789 488
696 173
775 487
724 136
725 540
872 579
619 484
744 104
718 492
750 516
835 582
710 136
724 106
642 527
718 80
752 159
801 545
755 142
715 116
808 536
734 541
620 528
699 535
744 96
696 219
694 545
611 514
782 572
757 145
665 490
728 134
777 535
707 132
711 552
744 91
716 84
729 136
813 550
693 203
757 96
712 72
649 500
793 579
638 520
741 91
622 516
804 557
785 553
597 537
758 500
703 182
786 528
755 178
623 493
728 487
862 570
708 72
717 93
812 554
694 542
786 578
686 523
702 133
712 539
798 585
679 197
611 534
757 148
691 323
788 540
877 583
741 174
624 497
668 189
753 501
719 144
665 521
634 487
658 486
784 579
800 588
694 490
728 115
743 547
650 521
669 181
785 577
745 498
773 519
701 521
715 559
831 572
847 580
710 78
742 544
739 528
726 161
662 177
614 480
622 529
724 77
703 169
697 130
749 96
695 187
826 573
723 501
859 561
664 194
648 484
755 532
609 514
776 556
725 165
768 485
698 216
643 549
627 509
732 114
726 83
852 568
782 570
696 190
671 181
691 205
844 568
781 571
802 535
751 524
626 495
648 521
582 542
852 561
744 497
748 168
795 493
704 514
753 520
785 587
710 158
601 471
643 174
653 200
729 130
663 189
770 521
598 532
701 188
752 177
677 194
645 546
714 89
685 189
644 480
656 177
664 177
621 528
737 79
723 87
858 567
749 150
693 204
790 537
700 513
670 200
646 486
638 519
607 520
780 568
719 84
751 540
710 541
699 527
727 124
655 486
746 173
646 176
654 525
697 140
647 524
789 480
732 99
719 528
701 125
622 492
731 104
827 572
658 524
735 538
624 494
607 476
656 176
748 145
674 195
729 533
746 171
687 195
594 472
810 561
631 509
697 515
609 515
660 484
780 564
598 528
664 168
656 488
779 555
590 535
860 567
770 488
709 539
723 165
613 534
645 527
596 535
802 484
719 153
739 102
681 185
818 575
656 526
754 438
744 175
760 509
747 170
643 495
671 484
641 532
738 536
712 112
630 496
794 492
652 524
629 529
787 521
764 515
701 488
788 544
799 560
599 474
659 174
720 124
730 124
656 537
642 174
718 535
698 202
741 540
601 468
662 168
697 141
579 552
842 552
728 528
811 545
776 489
692 488
726 160
766 515
813 587
851 562
739 89
710 113
714 557
686 534
730 114
755 150
707 76
631 507
712 548
716 172
817 574
777 534
725 529
722 111
777 595
647 541
667 488
715 495
610 529
733 549
793 578
603 484
661 204
700 128
700 143
723 78
662 171
720 558
814 561
612 505
633 520
783 550
798 535
872 584
626 532
666 485
731 495
812 550
780 592
858 565
699 128
583 549
720 113
617 535
776 518
763 506
690 490
783 526
634 486
624 520
749 523
781 552
711 71
718 499
788 480
750 502
737 95
712 161
732 491
610 504
798 533
775 522
627 530
697 516
734 98
610 506
782 573
788 583
709 532
723 541
724 127
851 571
689 535
758 532
700 178
657 527
785 567
607 482
690 534
761 97
785 524
590 531
725 136
725 555
645 526
726 505
700 125
700 520
786 529
737 537
801 589
779 567
751 156
655 489
799 526
779 481
723 499
847 571
632 503
729 159
787 479
651 174
698 138
719 559
745 174
750 536
610 473
649 539
800 530
757 514
765 508
700 536
690 494
799 563
617 536
718 89
719 80
674 196
794 489
773 484
668 482
686 217
723 105
701 493
728 537
794 557
666 523
814 574
750 154
697 203
718 116
665 524
594 474
624 513
845 555
732 107
650 491
792 539
747 539
667 180
806 490
658 538
751 535
781 564
785 554
738 85
624 519
726 165
871 584
745 159
754 519
695 196
607 516
771 557
696 529
670 201
655 485
740 96
859 567
715 81
786 584
715 83
701 179
733 539
727 511
707 529
714 78
715 115
715 127
665 205
739 161
729 528
705 173
613 508
687 215
716 520
687 219
717 520
706 133
723 561
792 536
594 481
727 114
699 184
732 520
744 156
702 183
844 572
714 134
792 490
662 178
744 543
676 193
818 574
806 586
603 489
742 105
748 159
627 528
793 482
697 204
646 482
832 580
759 513
691 538
671 184
787 537
608 527
739 92
874 568
799 539
588 542
727 487
730 541
699 173
746 169
647 499
645 169
785 589
715 87
795 544
679 187
720 117
791 566
721 136
637 498
593 476
789 583
582 549
646 479
718 132
700 141
750 95
683 490
787 544
702 546
708 496
640 533
746 507
582 545
814 566
750 537
696 136
713 541
709 78
750 91
701 175
754 177
686 206
643 482
738 95
703 548
727 103
687 527
599 482
708 543
585 543
747 538
732 542
668 202
857 552
623 531
754 531
719 150
838 578
638 513
661 176
740 89
710 498
722 207
701 187
630 504
629 506
700 136
660 197
810 536
750 513
782 590
697 202
829 572
660 542
767 515
718 529
714 552
698 543
704 179
715 519
673 197
703 142
755 518
671 483
720 541
699 489
694 197
720 80
669 200
650 485
751 531
618 539
721 494
751 521
726 113
841 574
668 186
733 552
740 496
753 506
655 173
846 578
644 521
733 93
745 524
841 571
724 507
661 171
777 484
762 506
581 549
727 163
810 587
730 112
615 508
822 573
724 79
681 483
646 540
790 496
693 537
877 566
659 521
727 556
772 519
701 490
789 582
707 72
811 555
727 495
644 548
837 579
578 554
806 494
734 163
673 198
732 95
625 533
691 218
692 189
670 479
763 505
733 509
811 560
632 500
636 512
731 209
724 553
727 145
617 486
739 104
819 573
719 553
695 216
714 549
730 84
792 494
687 532
716 153
759 511
676 189
667 486
600 531
801 586
697 199
745 175
851 561
728 557
728 538
602 475
651 491
721 143
701 186
812 585
756 500
809 557
719 169
796 484
786 477
789 589
670 480
711 72
768 519
735 84
755 516
791 589
744 163
643 171
858 563
704 141
691 196
802 591
715 76
731 96
854 553
779 563
656 525
655 482
662 489
719 525
728 535
801 587
690 488
677 486
727 136
730 491
697 139
681 489
792 534
781 573
806 535
673 199
637 487
608 476
636 492
787 593
680 487
698 215
729 126
693 189
751 539
723 548
720 496
655 488
615 547
641 516
751 150
727 86
626 498
790 493
630 491
779 593
763 481
618 527
618 540
724 143
612 473
601 482
853 549
749 542
684 487
715 93
691 534
706 514
705 168
804 492
603 482
730 509
686 212
618 487
777 520
626 527
674 484
779 594
743 104
689 198
731 529
669 183
796 525
604 532
803 486
792 525
724 558
615 517
630 497
875 575
682 214
694 201
755 143
696 187
670 184
805 538
805 559
701 513
632 510
648 482
666 203
851 570
662 522
691 217
725 84
704 536
733 499
867 575
850 559
753 532
727 546
655 484
837 572
801 557
732 513
676 190
780 575
701 512
754 532
591 541
716 492
626 533
674 486
718 148
851 560
778 563
649 498
784 590
648 499
766 517
729 487
866 576
713 109
710 81
616 516
709 546
752 95
662 191
620 492
872 572
663 187
700 129
727 528
753 517
696 201
706 516
645 488
871 576
698 218
798 555
718 109
602 488
650 174
716 154
774 462
734 86
723 144
662 207
745 542
756 149
663 194
681 214
748 506
604 491
826 572
760 513
699 142
850 555
696 191
805 536
720 498
719 151
725 487
743 175
853 551
793 555
687 212
727 508
779 565
677 192
694 528
734 513
665 186
724 160
702 169
799 483
589 534
747 99
707 512
596 481
745 163
594 475
705 526
676 184
687 535
726 495
746 177
738 168
610 482
694 533
721 525
628 513
638 507
676 202
711 85
704 532
678 191
745 96
719 92
688 218
706 132
703 175
685 197
701 495
805 495
693 545
657 488
643 490
660 169
737 86
704 498
721 85
735 542
818 573
718 140
720 525
772 489
721 106
668 484
608 544
808 588
798 556
660 488
760 149
631 503
746 159
710 77
682 187
812 545
726 543
640 492
725 528
728 130
802 590
695 188
875 582
589 543
750 156
847 574
715 171
707 78
720 93
783 553
865 576
600 537
611 530
636 493
678 185
713 171
722 497
752 149
751 154
696 200
652 172
870 577
610 547
855 548
584 549
590 537
782 591
651 484
665 187
852 560
722 513
714 133
778 480
725 86
628 529
801 588
796 550
649 503
874 579
692 539
619 536
809 556
778 594
699 491
761 513
608 514
738 499
723 529
730 85
804 565
677 182
714 86
725 512
742 160
731 543
705 547
597 533
855 567
623 519
715 130
716 117
673 484
698 129
727 485
778 555
788 542
643 479
723 164
700 180
864 573
707 170
614 512
771 468
639 512
729 489
729 127
646 545
716 137
720 557
799 535
716 86
651 536
593 534
718 142
692 205
791 537
718 113
659 199
754 147
608 539
728 84
708 133
686 198
759 97
796 583
754 516
728 114
746 92
788 479
618 526
728 159
614 484
622 501
873 579
732 104
623 526
800 531
774 520
837 575
683 488
714 556
720 560
703 532
779 559
776 532
750 510
661 544
649 484
781 575
589 540
804 590
704 511
662 195
623 521
731 114
800 590
790 488
739 165
722 548
793 581
716 126
786 523
662 196
647 484
713 537
789 537
724 107
877 568
739 163
796 584
697 191
660 170
860 570
664 196
731 553
709 545
724 504
645 518
720 84
822 574
642 490
696 202
662 204
753 157
792 491
875 577
677 482
719 207
735 170
672 183
612 526
805 590
789 584
687 221
719 142
719 492
694 488
714 114
788 546
693 206
716 144
752 156
780 515
651 485
783 567
783 564
684 525
792 545
792 546
688 543
713 86
750 504
608 530
839 577
696 527
848 555
779 482
751 177
755 145
800 488
646 518
735 537
707 514
662 544
678 183
616 518
678 489
732 109
729 543
788 517
661 485
769 415
738 528
596 480
692 188
746 147
786 589
714 159
856 550
649 524
618 541
699 513
717 81
700 492
807 564
695 536
732 98
640 495
740 161
748 537
637 497
732 550
756 506
875 569
714 496
719 539
718 157
709 534
669 478
787 589
747 537
751 541
778 481
688 198
791 543
666 185
712 127
656 483
601 487
699 171
793 558
785 570
698 200
742 97
793 561
605 517
733 508
597 478
609 520
582 553
708 73
698 196
699 522
735 85
669 184
817 569
698 488
735 496
708 174
876 570
686 197
726 146
860 565
716 498
616 548
578 555
709 523
787 568
646 521
710 551
614 502
696 542
806 558
807 556
736 528
705 192
702 179
703 188
697 196
648 492
700 522
798 480
650 529
758 143
732 498
689 489
834 580
724 505
731 494
779 517
799 590
660 198
725 495
785 516
693 490
643 481
638 522
813 576
782 560
754 155
738 532
701 168
718 90
600 532
709 85
802 555
749 149
733 100
662 188
840 571
607 515
666 180
727 165
611 508
747 166
753 100
756 516
687 485
784 524
750 92
706 134
673 201
618 515
729 495
773 489
745 499
618 543
720 168
664 523
744 95
613 499
759 499
611 506
648 527
735 539
645 166
708 173
611 507
637 505
717 157
661 494
788 565
718 491
653 505
793 490
714 169
790 583
791 482
580 549
731 509
791 541
648 494
662 167
703 134
846 574
665 196
636 487
658 522
787 529
733 496
805 564
772 457
717 116
740 525
731 107
727 483
716 130
712 70
611 482
737 498
733 169
792 544
707 551
875 584
609 546
687 534
702 495
694 203
745 97
848 556
600 482
744 505
812 551
874 580
750 520
778 530
727 550
702 177
687 206
645 497
595 474
816 568
629 534
643 548
727 121
785 582
756 503
615 502
750 99
799 488
791 480
715 78
855 563
785 565
788 589
829 574
704 174
628 499
748 155
611 484
719 558
694 522
713 169
658 542
702 125
780 518
736 81
733 95
695 516
640 532
787 580
609 536
719 557
874 571
673 483
745 158
766 480
808 592
853 554
717 552
662 173
751 101
805 556
690 217
598 534
680 214
706 542
846 571
777 555
734 91
699 188
725 92
823 572
724 555
611 521
743 548
737 536
661 487
680 197
744 508
717 533
623 512
656 482
579 553
782 562
688 195
688 520
747 167
745 541
724 87
593 472
646 537
734 171
805 587
632 498
664 192
712 172
814 576
738 530
704 546
655 201
668 188
743 94
617 537
750 97
648 496
647 537
786 569
698 184
858 551
717 153
831 571
607 543
583 543
849 556
698 201
634 484
700 544
726 487
772 559
625 495
735 171
648 497
591 537
677 184
718 123
773 557
740 527
644 170
711 537
678 482
688 542
610 508
622 515
691 206
607 526
596 472
727 545
601 488
647 543
710 137
784 514
616 543
693 488
670 185
722 526
838 577
760 505
869 582
791 539
620 545
743 498
723 532
731 88
720 121
710 90
748 177
607 519
754 495
736 168
813 558
646 483
704 169
628 501
655 172
786 558
744 503
598 530
647 176
687 218
605 522
717 131
703 136
703 141
782 556
689 542
602 486
790 545
713 127
847 573
614 482
602 484
866 577
739 91
709 162
780 593
698 195
653 490
824 572
609 544
780 519
662 488
867 576
802 585
710 174
808 591
725 504
610 485
739 524
719 152
874 569
647 534
707 526
633 484
745 154
793 522
859 565
792 561
681 488
843 552
637 528
788 541
622 526
634 522
729 91
756 180
722 494
811 556
799 588
784 585
614 535
689 488
644 487
638 484
678 186
681 199
787 583
801 488
778 525
630 529
658 163
721 523
693 523
751 149
848 570
750 505
716 169
693 535
708 82
667 186
738 82
656 492
613 512
758 499
615 545
786 588
639 489
717 145
694 217
819 580
701 189
788 521
612 528
720 88
698 205
730 554
645 176
784 576
606 522
622 535
786 583
872 573
642 494
661 541
725 129
669 479
797 541
645 519
612 472
677 196
786 548
790 522
674 485
773 485
755 533
777 485
691 488
710 552
853 566
752 96
622 533
627 529
599 538
727 543
687 522
642 547
793 546
755 500
720 497
854 563
708 497
741 93
715 152
785 566
853 552
750 515
753 93
626 497
723 114
729 84
716 156
678 483
869 576
812 564
723 79
677 186
716 491
855 553
653 201
610 507
738 79
790 539
722 106
682 199
688 494
715 143
781 553
727 538
759 504
640 481
642 524
757 143
716 171
729 539
702 522
613 484
723 562
596 476
718 111
626 510
606 523
717 137
877 582
747 168
773 559
644 169
729 161
722 523
610 476
720 142
810 564
749 501
716 127
616 550
845 556
708 547
739 167
663 178
690 486
681 184
686 216
806 556
592 534
717 80
803 489
718 149
730 160
748 526
847 578
742 90
734 90
681 490
614 548
733 106
716 158
613 503
808 560
755 151
788 493
642 523
719 138
679 189
787 591
636 495
753 150
788 581
730 552
803 483
744 496
605 492
700 489
767 519
727 126
682 184
716 85
591 534
702 174
745 90
709 164
671 182
704 551
852 570
613 535
714 497
795 563
604 492
664 181
744 174
726 527
772 490
794 495
731 528
701 528
655 481
784 589
855 545
752 158
844 555
799 532
712 499
729 552
693 524
849 559
661 200
759 507
733 83
670 483
620 488
726 77
777 527
812 546
709 163
787 558
751 91
654 172
705 551
600 470
785 575
818 572
744 158
879 580
858 561
722 530
638 521
680 187
710 534
704 171
750 519
685 215
730 543
726 86
608 540
694 186
793 484
797 524
629 530
798 549
688 522
780 559
847 557
602 485
789 544
747 147
730 526
709 66
784 521
733 82
802 488
786 590
611 472
663 173
691 198
857 550
708 525
806 541
736 85
666 204
647 204
704 495
805 494
724 111
851 575
853 548
646 546
625 500
742 499
708 130
651 528
812 587
775 557
778 587
787 535
731 110
686 215
721 139
707 528
705 517
622 525
647 175
624 498
703 531
700 518
784 554
751 90
730 142
738 104
793 562
737 85
720 495
711 536
731 538
756 535
732 170
726 506
684 189
810 560
596 482
637 495
786 556
754 150
698 182
709 136
636 484
716 533
712 131
854 554
690 526
591 535
723 556
618 484
693 536
709 498
779 561
659 487
843 551
735 169
687 216
655 200
745 177
802 556
741 536
838 572
582 548
638 518
757 515
723 84
614 549
633 510
837 573
665 522
746 154
774 521
715 500
688 544
645 479
769 518
694 189
755 514
715 113
794 580
743 90
606 481
691 526
725 127
813 545
722 528
661 483
661 488
702 545
718 493
713 168
688 532
623 533
723 503
785 521
809 587
768 518
717 140
714 171
752 532
717 499
758 95
720 123
728 550
698 126
719 140
622 500
717 529
663 205
756 515
738 100
608 522
721 553
754 151
729 530
755 498
631 501
695 135
733 541
705 170
732 496
717 564
642 525
681 186
783 478
740 162
722 165
843 550
809 560
752 539
607 517
629 503
614 508
629 511
758 144
636 497
820 573
874 574
813 560
843 576
797 585
605 531
802 557
623 500
722 511
729 162
753 496
802 586
713 85
845 571
783 578
701 542
689 522
800 533
806 587
715 172
641 528
783 570
742 104
696 517
725 524
791 581
662 205
684 214
728 124
607 521
642 526
719 493
727 164
642 479
646 481
652 525
808 590
761 504
730 538
668 487
676 191
786 592
797 546
627 534
795 580
784 577
645 517
731 496
720 167
732 87
858 564
645 480
646 480
728 556
700 191
842 571
803 565
719 561
602 482
629 501
708 544
711 543
791 495
599 537
804 587
722 79
756 517
746 502
716 535
741 537
612 504
655 536
697 542
792 537
771 556
786 547
629 513
744 178
692 532
656 198
801 479
750 511
782 520
814 579
874 572
692 215
781 576
604 528
801 486
650 504
716 559
809 559
687 211
774 557
698 137
609 538
693 532
779 525
796 582
710 172
608 543
743 538
653 172
632 501
720 92
660 540
616 482
781 551
726 544
699 536
811 559
731 109
732 96
783 477
745 507
792 480
852 572
784 578
779 592
779 562
859 552
641 522
610 545
798 557
712 159
728 495
657 528
612 514
705 525
817 572
730 213
814 578
790 490
618 529
621 529
712 113
667 484
784 587
803 488
687 487
728 536
646 485
728 143
742 543
604 490
601 473
645 521
812 556
612 482
794 554
731 539
800 582
777 530
700 493
710 522
732 90
621 492
708 132
639 520
776 481
749 161
765 515
712 81
585 542
729 526
614 510
695 542
833 579
747 148
690 204
612 503
775 489
637 521
702 188
727 144
664 489
731 111
834 581
700 515
741 542
595 475
665 179
721 542
721 135
728 133
750 522
656 524
609 534
648 539
710 162
791 561
633 524
727 142
862 572
720 207
727 537
756 150
841 576
624 499
645 485
718 564
627 514
642 518
704 497
729 104
876 584
850 558
851 554
643 547
663 495
709 525
589 537
810 557
815 567
785 477
724 114
601 531
648 493
730 159
660 168
720 119
606 474
614 541
676 486
637 519
607 524
638 506
754 154
799 584
606 518
854 548
763 509
751 151
743 96
805 555
805 558
730 553
798 487
616 546
638 514
650 538
701 494
663 201
694 544
794 556
713 110
687 205
656 527
655 524
691 547
607 532
649 523
760 506
857 563
715 173
730 89
711 127
698 191
707 530
640 479
746 174
714 551
620 547
783 585
707 498
763 507
792 549
826 574
697 138
709 551
763 514
753 502
665 185
639 479
697 136
725 91
678 485
738 80
656 200
706 512
801 590
849 570
705 529
661 486
731 510
637 529
754 518
721 501
797 550
750 514
586 543
628 511
668 203
722 142
869 584
646 528
729 212
750 521
717 150
730 87
755 495
660 521
737 160
668 483
793 488
787 488
736 160
738 531
730 158
860 560
676 195
713 173
751 155
756 178
641 479
754 103
641 489
685 525
642 489
681 484
726 162
690 485
729 114
615 544
663 166
743 160
725 126
730 92
737 493
850 570
649 488
660 173
729 546
724 81
620 548
720 122
725 513
719 527
643 170
711 498
711 522
750 503
708 78
819 581
726 550
647 523
592 537
724 113
714 88
646 541
656 199
786 551
701 546
718 119
685 206
837 577
714 533
698 197
698 172
749 159
771 559
728 129
620 531
697 205
713 134
719 500
852 554
811 564
733 550
716 132
809 564
670 481
718 144
736 496
640 534
741 497
589 532
773 558
755 141
840 574
607 479
850 557
630 503
758 506
791 490
794 581
727 146
877 584
723 162
878 579
621 546
756 505
626 528
710 67
617 516
645 525
751 153
799 530
642 495
648 491
615 541
754 153
723 126
806 590
749 156
692 538
751 532
646 484
636 513
778 556
617 482
676 185
693 533
697 522
710 499
700 137
817 580
712 91
621 515
610 535
804 591
621 491
708 526
736 95
738 167
735 541
713 555
695 491
649 492
749 151
731 212
689 205
735 95
757 95
855 566
632 499
688 521
642 488
698 193
710 134
620 490
708 68
839 578
700 179
657 196
728 547
718 530
787 565
728 90
641 518
642 482
785 476
851 566
756 495
794 525
638 530
707 511
687 198
726 166
713 115
755 496
850 576
718 520
756 533
807 535
657 486
848 579
743 103
735 512
728 555
696 218
679 190
633 490
752 520
659 166
723 502
631 505
738 496
782 576
727 494
654 175
719 534
624 529
662 206
756 513
692 545
743 543
744 89
748 524
757 149
798 545
730 551
606 525
722 137
734 511
858 566
711 534
737 496
746 91
659 170
653 491
742 547
646 527
780 524
722 500
709 168
860 568
803 586
746 90
643 488
721 137
749 512
861 556
617 480
723 513
625 535
714 553
725 160
675 189
707 524
720 166
777 525
693 538
737 495
645 167
661 196
597 532
713 90
616 483
733 185
608 479
731 211
712 93
615 542
859 556
728 486
688 531
703 174
668 187
769 519
729 117
724 529
701 536
611 471
612 520
663 167
756 141
717 560
818 579
634 520
709 166
614 501
753 518
803 557
650 523
722 541
779 551
798 586
725 80
641 174
719 154
745 495
746 495
745 494
747 495
745 493
730 539
715 129
745 492
860 556
745 491
746 491
746 490
746 489
746 488
747 488
745 488
748 488
744 488
745 487
749 488
748 487
743 488
745 486
750 488
749 489
742 488
746 486
744 486
751 488
750 487
832 570
746 485
744 485
751 489
750 486
747 485
746 484
743 485
744 484
751 486
749 486
747 484
742 485
744 483
752 486
747 483
742 486
744 482
753 486
741 486
743 482
754 486
694 196
742 482
755 486
742 481
756 486
741 481
742 480
757 486
756 487
757 485
757 484
758 484
756 484
759 484
756 483
760 484
759 485
755 483
756 482
761 484
760 485
759 486
761 483
761 482
762 482
760 482
763 482
759 482
760 481
764 482
618 528
765 482
704 189
766 482
765 483
703 547
739 166
765 484
689 195
791 579
766 484
635 495
759 148
686 214
766 485
619 498
725 143
768 484
857 562
769 484
768 483
785 576
840 576
769 485
769 483
712 89
734 172
859 557
770 485
770 483
679 489
672 484
635 496
719 532
770 486
771 483
770 482
708 524
802 587
659 165
770 487
771 484
771 482
762 97
785 581
608 526
805 490
845 578
620 530
693 534
623 535
596 473
728 136
792 582
611 529
702 547
722 117
712 160
856 549
724 548
747 177
778 482
873 580
859 563
697 216
724 554
815 568
760 480
760 479
760 478
760 477
759 477
854 545
759 476
759 475
760 475
758 475
761 475
757 475
758 474
762 475
756 475
757 474
758 473
762 476
762 474
755 475
757 473
758 472
756 473
758 471
756 472
759 471
757 471
757 470
757 469
757 468
758 468
757 467
757 466
758 466
757 465
757 464
758 464
757 463
758 463
756 463
757 462
755 463
757 461
756 461
757 460
755 461
756 460
757 459
755 460
758 459
757 458
755 459
759 459
758 458
755 458
760 459
759 458
758 457
755 457
760 460
755 456
761 460
754 456
762 460
761 461
753 456
754 455
761 462
753 455
754 454
762 462
761 463
752 455
763 462
762 463
761 464
751 455
752 454
764 462
761 465
823 571
765 462
764 461
762 465
824 573
734 521
766 462
765 461
763 465
762 466
733 520
734 520
767 462
766 463
762 467
739 517
767 463
767 461
761 467
736 519
767 464
768 461
767 460
760 467
735 520
739 518
767 465
769 461
768 460
736 520
739 519
768 465
766 465
769 460
743 521
743 523
736 521
768 466
765 465
766 466
770 460
739 520
743 522
768 467
770 459
737 521
740 520
742 522
768 468
771 459
770 458
738 521
740 521
741 522
738 522
768 469
772 459
769 458
740 522
739 522
739 523
769 469
768 470
773 459
772 458
769 457
657 197
668 196
659 167
666 195
667 196
770 469
768 471
774 459
773 460
768 457
769 456
660 167
656 173
723 111
658 173
693 219
771 469
770 470
770 468
768 472
774 458
786 486
770 456
729 103
660 171
726 114
731 103
730 104
771 470
769 472
775 458
792 543
771 456
770 455
779 520
780 520
781 520
748 161
746 160
771 471
770 472
776 458
775 457
710 76
782 477
781 517
778 516
779 515
777 526
748 162
749 163
770 473
776 459
776 457
776 524
786 526
786 522
746 161
771 473
770 474
777 459
786 527
779 530
787 493
655 176
770 475
777 460
787 520
788 520
784 522
784 520
710 72
770 476
778 531
719 520
788 518
797 483
771 476
784 518
777 533
792 522
791 519
798 482
701 124
697 124
772 476
771 477
793 523
791 517
793 525
790 516
791 515
694 139
773 476
784 516
794 526
791 525
790 514
744 166
774 476
794 527
788 514
785 513
746 165
775 476
785 512
798 528
797 528
710 73
775 477
798 530
801 533
798 525
800 534
710 74
776 477
799 534
800 535
800 537
796 483
777 477
803 535
800 538
804 535
798 539
798 481
777 478
777 476
805 537
772 462
797 539
666 181
778 478
797 540
805 539
808 534
713 112
665 183
779 478
806 539
794 539
796 541
666 184
666 182
780 478
779 477
794 538
798 542
710 75
781 478
780 477
794 541
811 537
812 537
664 205
781 477
791 540
795 542
793 543
750 455
750 456
750 454
749 456
750 453
749 453
748 453
747 453
748 454
746 453
748 455
745 453
746 452
747 455
744 453
747 456
743 453
744 452
747 457
743 454
744 451
748 457
746 457
744 450
748 458
746 458
745 450
744 449
748 459
745 458
746 459
746 450
743 449
749 459
747 459
744 458
746 449
742 449
749 460
747 460
744 457
746 448
742 450
742 448
750 460
749 461
747 448
745 448
742 451
742 447
748 461
749 462
748 448
747 447
741 451
750 462
747 446
740 451
751 462
750 463
748 446
747 445
739 451
740 450
750 464
749 446
746 445
740 449
750 465
750 446
745 445
746 444
739 449
751 465
749 465
750 466
751 446
744 445
745 444
746 443
738 449
749 466
743 445
746 442
737 449
738 450
738 448
748 466
742 445
746 441
737 448
738 447
747 466
741 445
747 441
737 447
747 467
740 445
747 440
736 447
747 468
740 446
740 444
747 439
747 469
740 447
739 444
748 439
747 438
746 469
749 439
747 437
745 469
750 439
748 437
746 437
744 469
745 468
751 439
750 438
746 436
743 469
745 467
752 439
745 436
742 469
752 440
752 438
744 436
742 470
753 440
753 438
752 437
743 436
744 435
742 471
753 441
751 437
743 437
744 434
743 471
754 441
742 437
743 438
744 433
743 472
754 442
741 437
743 439
743 433
744 432
744 472
755 442
740 437
647 535
742 439
742 433
744 431
756 442
741 439
745 431
743 431
740 439
741 440
745 430
743 430
740 440
745 429
746 429
746 428
747 428
746 427
748 428
747 427
746 426
748 429
746 425
749 429
746 424
750 429
749 430
747 424
745 424
751 429
750 428
749 431
752 429
751 428
750 427
750 431
753 429
750 432
754 429
751 432
750 433
755 429
754 428
752 432
750 434
756 429
755 430
754 427
753 432
750 435
757 429
755 431
753 427
754 426
749 435
750 436
757 430
755 426
748 435
757 431
755 425
758 431
757 432
756 425
757 433
757 425
757 434
758 425
757 435
759 425
757 436
760 425
759 426
759 424
758 436
761 425
759 427
758 437
761 424
760 427
758 427
759 437
761 423
760 437
760 438
760 436
761 438
761 436
762 438
761 439
762 436
762 439
763 436
762 435
763 439
764 436
763 435
763 440
765 436
764 437
763 434
763 441
766 436
764 434
763 433
764 441
763 442
767 436
765 434
764 433
762 433
765 441
762 442
768 436
766 434
765 433
761 433
762 432
761 442
768 437
767 434
766 433
765 432
760 442
761 443
768 438
768 434
767 433
769 438
767 432
770 438
768 432
771 438
770 437
768 431
771 437
769 431
769 430
770 430
769 429
769 428
768 428
767 428
768 427
767 427
766 427
767 426
765 427
765 428
765 426
764 428
765 429
765 425
765 424
764 424
765 423
763 424
766 423
763 423
767 423
766 422
768 423
767 422
766 421
766 420
766 419
767 419
767 418
767 417
767 416
768 416
769 416
770 416
769 417
771 416
770 417
770 415
772 416
770 418
770 414
770 413
771 413
769 413
770 412
771 412
768 413
605 465
772 412
604 465
773 412
772 411
603 465
774 412
773 411
602 465
775 412
602 466
775 413
602 467
776 413
602 468
777 413
602 478
601 477
770 411
770 410
770 409
770 408
769 408
769 407
769 406
770 406
768 406
770 405
767 406
771 405
770 404
767 405
772 405
770 403
773 405
771 403
769 403
770 402
773 404
769 402
769 401
768 401
769 400
768 400
768 399
767 399
766 399
765 399
766 398
765 400
766 397
767 397
766 396
768 397
767 396
769 397
767 395
769 396
767 394
768 394
768 393
768 392
768 391
769 391
767 391
768 390
770 391
767 390
768 389
771 391
766 390
769 389
768 388
771 392
765 390
767 388
771 393
765 391
767 387
764 391
767 386
763 391
768 386
762 391
769 386
768 385
762 390
770 386
769 387
762 389
770 385
761 389
771 385
770 384
760 389
761 388
759 389
760 390
760 388
761 387
758 389
759 390
761 386
758 390
758 388
759 391
762 386
760 386
757 388
758 387
763 386
762 385
756 388
758 386
762 384
755 388
756 389
758 385
763 384
762 383
755 387
758 384
764 384
754 387
755 386
757 384
758 383
765 384
764 383
753 387
754 386
756 386
756 384
764 382
752 387
753 386
755 384
764 381
751 387
753 385
755 383
763 381
764 380
750 387
753 384
764 379
750 386
765 379
763 379
750 385
766 379
762 379
751 385
749 385
767 379
761 379
762 378
748 385
768 379
761 380
761 378
762 377
748 386
748 384
768 380
761 381
760 378
761 377
763 377
762 376
748 387
747 384
760 381
759 378
761 376
764 377
763 376
747 387
748 388
760 382
759 377
765 377
764 376
763 375
746 387
749 388
748 389
758 377
764 375
745 387
746 386
748 390
758 376
765 375
764 374
748 391
757 376
758 375
766 375
764 373
747 391
756 376
758 374
767 375
765 373
764 372
746 391
747 392
755 376
767 376
765 372
764 371
746 392
746 390
754 376
766 372
763 371
746 393
753 376
754 375
752 376
754 374
751 376
752 377
753 374
751 377
751 375
752 374
753 373
750 377
750 375
750 378
749 375
750 379
749 379
748 379
749 380
747 379
748 378
746 379
747 378
745 379
747 377
744 379
745 378
744 380
743 380
744 381
742 380
745 381
744 382
741 380
745 382
744 383
741 379
743 383
740 379
741 378
742 383
739 379
741 377
741 383
742 384
741 376
741 384
742 385
742 376
741 375
740 384
740 375
739 384
740 385
740 374
740 386
739 374
740 387
738 374
739 373
741 387
740 388
737 374
738 375
739 372
739 388
736 374
737 375
738 376
740 372
739 371
736 375
738 377
740 371
738 371
736 376
738 378
741 371
738 370
738 369
737 369
738 368
739 368
740 368
739 367
741 368
740 367
739 366
742 368
739 365
740 365
739 364
741 365
738 364
739 363
742 365
741 364
738 363
741 363
737 363
738 362
742 363
741 362
736 363
743 363
735 363
743 364
743 362
734 363
735 362
744 362
743 361
733 363
735 361
745 362
733 362
736 361
733 361
736 360
736 359
736 358
737 358
736 357
738 358
736 356
739 358
736 355
740 358
735 355
741 358
734 355
742 358
741 359
733 355
743 358
741 360
733 356
743 359
449 445
733 357
450 445
448 447
734 357
732 357
447 448
451 445
448 448
731 357
451 446
450 447
730 357
731 358
731 356
449 448
451 447
729 357
731 355
450 448
728 357
729 358
727 357
726 357
725 357
724 357
725 358
725 356
723 357
725 355
723 358
723 356
726 355
723 359
723 355
727 355
723 360
722 355
723 354
722 360
723 361
721 355
721 360
721 356
721 354
721 361
720 356
721 353
720 361
720 357
722 353
721 352
719 357
722 352
720 352
721 351
718 357
723 352
719 352
721 350
717 357
718 356
724 352
718 352
719 351
717 358
717 352
718 353
718 351
719 350
717 359
716 352
717 353
718 350
719 349
716 359
716 353
717 354
717 350
719 348
715 359
716 360
716 354
717 355
716 350
720 348
719 347
714 359
715 358
716 361
715 354
716 355
715 350
721 348
719 346
713 359
715 361
716 362
714 354
715 355
715 349
722 348
712 359
713 360
713 358
713 354
715 356
715 348
723 348
722 347
711 359
713 361
712 354
714 348
715 347
723 347
722 346
713 362
712 355
714 347
724 347
721 346
712 362
713 363
711 355
713 347
714 346
725 347
711 362
712 363
714 363
713 346
725 348
725 346
710 362
714 364
713 345
725 345
710 363
712 345
726 345
725 344
710 364
711 345
712 344
727 345
726 344
711 364
710 345
712 343
728 345
726 343
711 365
709 345
712 342
728 344
726 342
711 366
709 346
709 344
713 342
726 341
712 366
710 366
709 347
713 341
726 340
709 366
710 347
713 340
727 340
725 340
708 366
709 367
711 347
714 340
728 340
727 339
724 340
708 367
708 365
709 368
715 340
714 339
727 338
724 341
708 368
708 364
716 340
715 341
714 338
727 337
724 342
708 369
708 363
716 339
715 338
713 338
714 337
728 337
727 336
708 370
707 363
708 362
716 338
715 337
712 338
714 336
729 337
726 336
709 370
706 363
708 361
715 336
729 338
729 336
709 371
706 364
706 362
708 360
715 335
730 338
729 339
730 336
710 371
709 372
709 360
707 360
715 334
730 339
710 372
708 372
709 373
715 333
730 340
709 374
715 332
730 341
708 374
714 332
715 331
730 342
708 375
715 330
730 343
707 375
716 330
715 329
729 343
730 344
706 375
717 330
715 328
731 344
730 345
706 376
706 374
716 328
714 328
715 327
732 344
706 377
705 374
713 328
715 326
733 344
704 374
712 328
716 326
733 345
733 343
704 373
711 328
712 327
717 326
734 345
703 373
704 372
710 328
711 327
712 326
718 326
735 345
702 373
710 329
710 327
718 325
736 345
735 344
702 374
702 372
709 329
710 326
719 325
718 324
737 345
736 346
701 374
702 371
709 330
720 325
719 324
718 323
738 345
737 344
701 375
701 371
709 331
721 325
719 323
737 343
701 376
700 371
710 331
708 331
709 332
721 324
719 322
738 343
737 342
700 376
701 377
699 371
700 372
707 331
708 332
721 323
739 343
737 341
699 376
698 371
706 331
707 332
722 323
721 322
740 343
738 341
737 340
698 376
697 371
698 370
705 331
723 323
722 322
721 321
741 343
697 376
698 375
696 371
698 369
704 331
722 321
741 344
696 376
697 377
698 374
695 371
696 372
696 370
697 369
703 331
723 321
742 344
741 345
695 376
697 378
699 374
694 371
695 372
695 370
696 373
697 368
702 331
723 320
743 344
695 375
698 378
697 379
694 372
697 367
701 331
702 332
724 320
744 344
696 379
694 373
698 367
701 332
701 330
702 333
724 319
745 344
744 345
693 373
694 374
699 367
701 333
700 330
701 329
725 319
724 318
745 343
744 346
692 373
700 367
701 334
699 330
702 329
726 319
725 318
724 317
746 343
745 346
743 346
692 372
701 367
700 368
701 335
699 331
699 329
703 329
726 320
726 318
724 316
746 342
745 347
742 346
743 347
691 372
692 371
701 368
700 369
702 335
700 335
698 331
727 320
726 321
726 317
725 316
724 315
746 341
692 370
697 331
728 320
727 321
723 315
724 314
746 340
692 369
697 332
729 320
723 314
747 340
691 369
692 368
696 332
697 333
729 319
723 313
747 339
690 369
692 367
695 332
696 333
697 334
730 319
723 312
748 339
689 369
692 366
694 332
696 334
698 334
731 319
730 318
723 311
749 339
689 368
693 366
692 365
694 331
732 319
731 320
723 310
750 339
749 338
688 368
689 367
694 330
733 319
731 321
723 309
750 340
750 338
687 368
688 367
695 330
694 329
733 318
731 322
724 309
751 340
751 338
687 367
694 328
734 318
733 317
725 309
752 340
752 338
751 337
686 367
687 366
695 328
735 318
734 317
732 317
725 308
752 341
752 339
752 337
686 366
687 365
695 327
735 317
732 316
725 307
753 337
685 366
688 365
687 364
695 326
735 316
732 315
754 337
684 366
694 326
695 325
736 316
731 315
755 337
754 336
683 366
684 367
684 365
693 326
694 325
696 325
736 315
731 314
756 337
754 335
684 368
684 364
692 326
693 325
697 325
737 315
736 314
731 313
757 337
756 338
754 334
684 369
683 364
684 363
691 326
697 324
738 315
735 314
731 312
756 339
755 334
753 334
683 369
682 364
685 363
684 362
690 326
698 324
697 323
739 315
738 314
753 333
683 370
681 364
684 361
689 326
690 325
699 324
696 323
697 322
740 315
738 313
752 333
753 332
682 370
681 363
684 360
688 326
689 327
690 324
700 324
695 323
741 315
740 314
738 312
751 333
754 332
682 371
680 363
681 362
689 328
691 324
689 324
700 325
695 322
741 316
741 314
740 313
750 333
754 331
682 372
679 363
681 361
688 328
688 324
694 322
740 312
750 334
750 332
754 330
683 372
681 372
678 363
679 364
681 360
687 328
694 321
740 311
755 330
754 329
683 373
678 362
679 365
680 360
681 359
687 327
694 320
740 310
755 329
684 373
677 362
678 361
680 365
679 366
680 359
682 359
686 327
695 320
694 319
741 310
755 328
685 373
677 361
678 360
679 367
683 359
685 327
695 319
741 309
756 328
755 327
685 374
678 359
678 367
685 328
696 319
742 309
741 308
757 328
756 327
754 327
686 374
677 359
678 358
677 367
678 368
684 328
696 318
743 309
758 328
754 326
679 358
678 357
677 368
678 369
683 328
697 318
696 317
744 309
743 310
758 329
758 327
754 325
678 356
676 368
679 369
682 328
698 318
696 316
745 309
744 308
758 330
758 326
678 355
675 368
676 369
679 370
681 328
682 327
698 319
746 309
745 310
745 308
758 331
757 326
758 325
677 355
674 368
676 370
679 371
680 328
682 326
698 320
747 309
746 310
746 308
758 332
759 325
758 324
677 354
673 368
674 367
675 370
680 371
679 372
680 327
681 326
698 321
747 310
746 307
758 333
760 325
759 324
676 354
677 353
672 368
673 367
674 370
678 372
679 373
679 327
681 325
748 310
746 306
759 323
675 354
676 353
678 353
677 352
671 368
673 370
679 374
678 327
680 325
749 310
748 311
746 305
759 322
674 354
675 355
675 353
671 369
672 370
679 375
678 328
680 324
749 309
748 312
747 305
745 305
759 321
673 354
670 369
680 375
679 376
678 329
680 323
750 309
748 313
747 304
759 320
672 354
673 353
670 370
679 377
678 330
679 323
751 309
750 308
748 314
747 303
760 320
759 319
672 353
679 378
677 330
678 331
679 322
752 309
751 310
750 307
748 315
748 303
759 318
672 352
679 379
679 321
753 309
751 311
750 306
747 315
760 318
758 318
672 351
680 379
680 321
678 321
753 308
752 311
749 306
746 315
747 316
760 317
757 318
758 317
671 351
680 380
678 320
753 307
745 315
747 317
761 317
760 316
670 351
680 381
678 319
754 307
753 306
746 317
762 317
760 315
669 351
670 352
681 381
678 318
754 306
752 306
763 317
762 318
760 314
668 351
669 352
677 318
755 306
754 305
752 305
763 318
761 314
667 351
676 318
677 317
756 306
754 304
752 304
764 318
762 314
667 352
676 317
677 316
756 305
765 318
762 315
762 313
666 352
675 317
678 316
677 315
757 305
766 318
765 319
666 353
674 317
675 316
679 316
678 315
758 305
767 318
673 317
674 318
679 317
768 318
673 318
673 316
769 318
673 319
770 318
769 319
673 320
771 318
673 321
771 319
771 317
672 321
772 319
771 316
672 322
773 319
772 316
771 315
672 323
774 319
771 314
673 323
672 324
774 318
772 314
770 314
771 313
672 325
772 313
769 314
671 325
768 314
769 315
769 313
670 325
769 312
669 325
769 311
668 325
770 311
768 311
769 310
668 324
771 311
769 309
668 323
772 311
770 309
768 309
667 323
773 311
771 309
667 322
773 312
771 308
667 321
774 312
771 307
668 321
775 312
772 307
771 306
668 320
775 311
773 307
771 305
669 320
776 311
775 310
774 307
770 305
771 304
670 320
776 310
777 310
776 309
778 310
779 310
779 311
779 312
778 312
778 313
778 314
779 314
778 315
779 315
778 316
780 315
779 316
781 315
780 316
782 315
781 316
782 316
782 314
781 317
783 314
783 313
784 313
783 312
785 313
785 312
785 311
786 311
785 310
787 311
784 310
785 309
788 311
787 310
784 309
785 308
788 312
783 309
784 308
789 312
782 309
783 308
784 307
789 313
784 306
789 314
783 306
784 305
790 314
782 306
783 305
785 305
791 314
781 306
782 305
783 304
791 315
791 313
780 306
781 305
792 313
779 306
781 304
792 312
781 303
781 302
781 301
780 301
779 301
779 300
778 300
777 300
778 299
776 300
778 298
776 299
778 297
776 298
777 297
775 298
777 296
775 297
777 295
775 296
778 295
777 294
774 296
776 294
773 296
776 293
772 296
773 297
776 292
772 297
772 295
776 291
776 290
777 290
775 290
778 290
779 290
778 289
779 289
779 288
780 288
779 287
781 288
779 286
782 288
781 289
780 286
778 286
779 285
783 288
782 287
781 290
778 285
779 284
782 286
782 290
777 285
778 284
779 283
783 286
783 290
776 285
778 283
780 283
779 282
783 291
775 285
777 283
781 283
780 282
783 292
775 286
775 284
777 282
781 284
783 293
774 284
777 281
782 284
781 285
773 284
774 283
777 280
773 283
776 280
776 279
775 279
776 278
774 279
773 279
774 280
774 278
772 279
773 278
774 281
774 277
772 280
775 281
773 281
774 276
774 275
774 274
775 274
773 274
776 274
775 273
772 274
776 275
776 273
777 273
776 272
776 271
777 271
776 270
777 270
776 269
776 268
777 268
777 267
778 267
777 266
779 267
776 266
777 265
780 267
779 266
776 265
777 264
780 266
779 265
775 265
781 266
774 265
775 264
781 265
773 265
782 265
772 265
783 265
771 265
772 264
783 264
771 266
772 263
784 264
771 267
772 262
785 264
771 262
785 263
770 262
785 262
769 262
770 261
785 261
769 263
786 261
784 261
768 263
787 261
783 261
767 263
788 261
787 260
783 260
766 263
789 261
788 262
765 263
766 262
790 261
789 260
788 263
764 263
791 261
790 262
789 263
764 262
790 263
763 262
791 263
762 262
763 261
792 263
763 260
793 263
763 259
794 263
793 264
793 262
763 258
794 264
793 261
763 257
795 264
793 260
763 256
795 265
794 260
763 255
796 265
795 266
795 260
762 255
797 265
795 267
762 254
798 265
797 264
795 268
761 254
799 265
798 266
797 263
795 269
760 254
800 265
798 267
798 263
795 270
759 254
801 265
800 264
797 267
798 268
799 263
796 270
794 270
758 254
759 253
802 265
800 263
799 268
797 270
793 270
794 271
758 255
759 252
803 265
798 270
797 269
792 270
793 271
793 269
757 255
759 251
804 265
799 270
792 271
792 269
756 255
758 251
805 265
800 270
799 271
791 271
792 268
756 256
756 254
758 250
799 272
792 267
756 253
757 250
758 249
800 272
798 272
792 266
757 249
759 249
758 248
797 272
756 249
759 248
797 273
755 249
759 247
796 273
797 274
755 248
760 247
759 246
797 275
754 248
760 246
798 275
796 275
753 248
761 246
795 275
796 276
753 249
762 246
794 275
795 274
796 277
752 249
762 245
793 275
796 278
751 249
762 244
751 250
751 248
763 244
762 243
751 251
763 243
752 251
751 252
764 243
763 242
753 251
750 252
764 242
763 241
749 252
762 241
748 252
749 251
761 241
762 240
747 252
748 253
760 241
746 252
747 253
748 254
759 241
745 252
749 254
758 241
759 242
759 240
750 254
749 255
757 241
759 243
759 239
751 254
757 240
760 239
759 238
751 255
756 240
760 238
761 238
762 238
761 237
761 236
760 236
761 235
759 236
762 235
763 235
763 234
764 234
763 233
763 232
764 232
765 232
766 232
767 232
766 231
766 230
767 230
766 229
767 229
765 229
768 229
764 229
769 229
768 228
764 230
764 228
770 229
769 230
768 227
764 227
771 229
765 227
771 230
771 228
765 226
771 231
772 228
765 225
771 232
773 228
765 224
773 229
773 227
764 224
763 224
763 225
763 223
763 222
762 222
763 221
761 222
764 221
760 222
765 221
764 220
760 223
760 221
760 224
759 221
760 220
760 225
758 221
760 219
759 225
757 221
761 219
759 219
760 218
758 225
760 217
757 225
759 217
760 216
757 226
757 224
758 217
761 216
756 226
757 217
758 218
762 216
755 226
757 216
762 217
754 226
755 225
757 215
754 227
757 214
753 227
754 228
758 214
756 214
752 227
754 229
755 214
754 214
753 214
754 213
752 214
754 212
751 214
755 212
754 211
750 214
756 212
755 211
754 210
749 214
750 215
757 212
753 210
754 209
748 214
757 211
754 208
748 215
757 210
755 208
753 208
754 207
748 216
758 210
755 207
752 208
754 206
759 210
751 208
754 205
760 210
759 211
750 208
751 209
755 205
753 205
754 204
761 210
760 211
760 209
750 209
750 207
752 205
753 204
762 210
760 208
749 209
750 210
750 206
751 205
752 204
763 210
762 211
762 209
750 211
749 206
751 204
752 203
764 210
749 205
750 204
752 202
765 210
764 209
748 205
750 203
751 202
766 210
747 205
750 202
767 210
766 211
746 205
750 201
767 211
767 209
745 205
750 200
768 209
767 208
745 206
749 200
750 199
769 209
768 208
766 208
744 206
748 200
750 198
769 210
769 208
766 207
743 206
744 207
747 200
748 201
750 197
770 210
769 211
770 208
769 207
766 206
743 205
746 200
748 202
750 196
771 210
770 211
765 206
766 205
742 205
743 204
745 200
746 199
747 202
749 196
750 195
772 210
771 211
764 206
766 204
742 204
746 198
747 203
751 195
750 194
773 210
771 212
764 207
767 204
765 204
741 204
742 203
746 197
746 203
752 195
750 193
773 211
763 207
768 204
767 203
741 203
747 197
746 196
753 195
752 196
752 194
750 192
773 212
768 203
740 203
745 196
746 195
754 195
774 212
773 213
768 202
740 202
744 196
745 195
755 195
754 194
775 212
774 213
773 214
769 202
743 196
744 197
744 195
756 195
774 214
773 215
770 202
742 196
744 194
757 195
774 215
772 215
773 216
741 196
742 195
757 196
773 217
740 196
742 194
758 196
757 197
774 217
772 217
739 196
759 196
757 198
772 218
738 196
739 197
739 195
760 196
737 196
739 198
739 194
761 196
736 196
739 199
738 194
739 193
762 196
735 196
738 199
739 192
763 196
762 197
762 195
734 196
738 192
739 191
763 197
762 198
762 194
733 196
737 192
739 190
761 198
762 193
732 196
733 197
737 193
738 190
739 189
761 199
763 193
761 193
733 198
738 189
764 193
760 193
761 192
734 198
733 199
738 188
765 193
764 194
759 193
761 191
735 198
732 199
737 188
766 193
759 192
761 190
732 200
736 188
737 187
767 193
766 192
762 190
731 200
735 188
737 186
768 193
763 190
762 189
730 200
738 186
736 186
737 185
769 193
762 188
729 200
730 201
739 186
735 186
770 193
761 188
728 200
729 201
729 199
740 186
739 185
734 186
771 193
761 187
727 200
728 201
729 202
729 198
741 186
733 186
734 187
771 194
771 192
760 187
761 186
726 200
729 203
730 198
742 186
741 187
741 185
732 186
733 187
771 191
760 186
762 186
725 200
729 204
730 197
743 186
741 188
733 188
770 191
771 190
763 186
762 185
724 200
725 201
725 199
729 205
744 186
743 187
743 185
732 188
769 191
764 186
762 184
723 200
730 205
728 205
745 186
744 187
731 188
768 191
765 186
764 187
764 185
763 184
761 184
723 201
731 205
728 206
746 186
745 187
745 185
731 189
731 187
765 187
765 185
764 188
761 183
723 202
727 206
745 184
730 189
766 187
765 188
766 185
657 537
724 202
723 203
727 207
746 184
744 184
729 189
767 187
766 188
658 539
650 537
723 204
726 207
747 184
744 183
729 190
767 188
766 189
642 533
651 537
722 204
726 208
748 184
744 182
766 190
647 536
726 209
748 183
745 182
649 538
659 540
726 210
746 182
639 530
646 534
725 210
726 211
747 182
746 181
657 539
646 539
724 210
725 211
727 211
726 212
646 538
723 210
728 211
727 212
658 541
723 209
728 212
728 210
727 213
646 543
723 208
761 182
760 182
761 181
759 182
762 181
759 181
758 181
759 180
757 181
760 180
756 181
606 492
606 493
606 494
605 494
606 495
605 495
607 495
604 495
608 495
607 496
604 496
609 495
603 496
604 497
610 495
602 496
604 498
611 495
610 496
602 497
602 495
605 498
604 499
602 494
605 499
603 499
601 494
605 500
602 499
600 494
606 500
605 501
601 499
599 494
600 493
607 500
604 501
601 500
598 494
599 495
608 500
603 501
598 493
599 496
609 500
608 501
603 502
598 496
609 501
608 502
602 502
603 503
597 496
601 502
603 504
596 496
600 502
602 504
603 505
595 496
596 497
601 504
595 495
596 498
600 504
594 495
599 504
593 495
599 505
599 503
593 496
593 494
598 503
592 496
592 494
593 493
598 502
591 496
592 497
591 494
597 502
591 497
590 494
589 494
588 494
587 494
587 493
587 492
586 492
585 492
584 492
584 493
583 493
582 493
581 493
581 492
580 492
581 491
579 492
582 491
578 492
579 491
582 490
582 489
582 488
583 488
583 487
584 487
585 487
584 486
586 487
584 485
587 487
583 485
584 484
588 487
582 485
583 484
589 487
588 488
582 484
583 483
590 487
588 489
581 484
590 488
589 489
581 483
589 490
581 482
589 491
582 482
581 481
590 491
582 481
581 480
582 480
580 480
582 479
579 480
582 478
583 478
582 477
583 477
582 476
581 476
580 476
580 477
580 475
579 477
579 475
580 474
578 475
580 473
577 475
578 476
581 473
579 473
576 475
577 474
581 472
576 476
577 473
575 476
577 472
574 476
576 472
573 476
572 476
573 477
573 475
571 476
572 475
573 474
573 473
574 473
572 473
573 472
574 472
571 473
570 473
571 472
569 473
571 471
568 473
570 471
568 474
568 472
570 470
567 472
566 472
566 471
566 470
566 469
566 468
567 468
566 467
568 468
565 467
566 466
569 468
568 469
564 467
567 466
566 465
567 465
566 464
565 464
566 463
564 464
567 463
566 462
563 464
568 463
565 462
562 464
563 465
568 462
565 461
561 464
563 466
569 462
568 461
565 460
560 464
562 466
570 462
568 460
564 460
559 464
560 463
562 467
571 462
568 459
563 460
559 465
562 468
572 462
569 459
563 461
563 459
558 465
562 469
569 458
562 459
558 466
562 470
570 458
562 458
558 467
563 470
561 470
562 471
570 457
562 457
558 468
564 470
570 456
559 468
558 469
564 469
571 456
559 469
557 469
558 470
571 455
559 470
556 469
571 454
559 471
555 469
572 454
570 454
571 453
560 471
559 472
554 469
573 454
569 454
570 453
559 473
554 470
574 454
573 455
568 454
559 474
553 470
574 455
574 453
567 454
568 453
559 475
552 470
553 471
575 455
574 452
567 455
568 452
560 475
558 475
559 476
551 470
552 469
553 472
576 455
575 456
574 451
568 451
561 475
560 476
557 475
558 476
559 477
550 470
551 469
554 472
576 456
575 457
575 451
574 450
568 450
562 475
560 477
558 477
549 470
550 471
550 469
551 468
554 473
576 457
573 450
574 449
568 449
563 475
558 478
549 469
550 472
551 467
555 473
577 457
572 450
574 448
569 449
567 449
563 476
557 478
549 472
550 473
552 467
550 467
551 466
556 473
578 457
571 450
572 449
574 447
569 448
566 449
563 477
557 479
548 472
551 473
553 467
552 466
549 467
557 473
556 474
571 451
575 447
574 446
570 448
569 447
566 450
563 478
556 479
547 472
548 473
551 474
553 466
548 467
570 451
575 446
573 446
568 447
565 450
564 478
563 479
546 472
547 471
551 475
553 465
548 468
548 466
576 446
573 445
568 446
564 450
565 451
565 478
563 480
546 473
552 475
550 475
551 476
553 464
548 465
568 445
563 450
564 451
565 479
565 477
563 481
553 475
552 476
554 464
553 463
549 465
548 464
568 444
562 450
563 451
565 476
563 482
554 475
553 462
549 464
547 464
569 444
567 444
568 443
561 450
563 452
565 475
564 482
562 482
555 475
554 462
552 462
550 464
546 464
547 463
569 443
567 443
560 450
565 474
565 482
555 462
552 461
551 464
545 464
547 462
570 443
566 443
560 451
565 473
565 483
555 461
544 464
545 465
547 461
565 443
560 452
564 473
566 483
565 484
543 464
544 465
544 463
547 460
565 444
565 442
559 452
563 473
567 483
565 485
544 466
544 462
547 459
564 444
565 441
558 452
559 453
562 473
567 484
567 482
565 486
544 467
543 462
548 459
563 444
564 445
565 440
557 452
558 451
561 473
567 485
567 481
566 486
565 487
544 468
543 461
548 458
562 444
563 445
565 439
558 450
568 485
565 488
544 469
542 461
543 460
549 458
564 439
568 486
565 489
545 469
541 461
543 459
550 458
564 438
564 489
565 490
541 460
544 459
564 437
563 489
564 490
565 491
541 459
544 458
564 436
565 492
541 458
565 436
564 435
564 492
541 457
566 436
565 435
564 493
542 457
540 457
541 456
567 436
564 494
539 457
541 455
568 436
563 494
539 458
539 456
542 455
540 455
569 436
568 435
563 495
539 455
543 455
542 454
569 437
568 434
562 495
563 496
538 455
543 456
543 454
569 434
568 433
561 495
562 496
564 496
537 455
569 433
567 433
562 497
565 496
536 455
570 433
569 432
566 433
567 432
562 498
565 495
535 455
536 456
536 454
571 433
567 431
562 499
535 454
536 453
571 434
571 432
566 431
567 430
562 500
534 454
537 453
571 435
572 432
565 431
568 430
567 429
563 500
562 501
533 454
537 452
572 435
573 432
564 431
568 429
564 500
563 501
561 501
562 502
532 454
537 451
573 435
564 432
564 430
568 428
564 501
564 499
560 501
562 503
532 455
536 451
574 435
573 436
573 434
563 430
569 428
565 501
565 499
560 502
532 456
536 450
574 436
563 429
570 428
566 501
560 503
531 456
532 457
535 450
574 437
562 429
571 428
570 429
567 501
559 503
530 456
535 449
574 438
562 428
571 427
568 501
567 502
529 456
530 457
534 449
574 439
561 428
562 427
572 427
568 502
528 456
533 449
573 439
574 440
560 428
563 427
572 426
569 502
568 503
527 456
528 457
532 449
572 439
559 428
564 427
563 426
573 426
570 502
569 503
526 456
527 457
528 458
532 450
532 448
571 439
558 428
559 429
565 427
564 426
574 426
573 425
570 503
570 501
526 455
527 458
531 450
531 448
570 439
559 430
565 428
564 425
575 426
573 424
571 503
570 500
527 459
531 451
530 448
531 447
558 430
565 429
564 424
572 424
573 423
572 503
571 500
570 499
527 460
529 448
531 446
557 430
571 424
574 423
573 503
528 460
528 448
529 447
530 446
531 445
556 430
557 429
570 424
571 423
575 423
574 503
528 461
528 449
532 445
555 430
556 429
569 424
570 425
570 423
571 422
575 424
575 422
574 504
574 502
528 462
527 449
533 445
532 444
555 431
555 429
569 425
569 423
570 426
570 422
576 422
575 421
575 504
575 502
574 501
528 463
526 449
533 446
532 443
555 432
555 428
570 421
576 421
574 421
576 504
574 500
529 463
528 464
525 449
526 448
534 446
533 447
531 443
532 442
555 433
555 427
569 421
576 420
574 420
577 504
528 465
524 449
525 448
533 442
532 441
555 434
554 427
555 426
577 420
573 420
578 504
577 505
527 465
523 449
524 448
534 442
533 441
531 441
553 427
555 425
578 420
573 419
578 503
527 466
522 449
531 440
552 427
555 424
579 420
578 421
578 502
527 467
521 449
522 448
531 439
552 426
555 423
580 420
578 422
528 467
526 467
520 449
521 450
532 439
530 439
552 425
554 423
555 422
581 420
528 468
520 450
533 439
532 438
529 439
553 425
552 424
553 423
582 420
581 421
529 468
528 469
533 438
529 440
551 424
553 422
582 421
582 419
530 468
527 469
533 437
529 441
550 424
583 419
582 418
531 468
530 467
528 441
584 419
581 418
532 468
531 469
527 441
528 442
585 419
580 418
581 417
531 470
526 441
585 420
585 418
580 417
532 470
530 470
531 471
525 441
526 442
586 420
585 421
585 417
580 416
530 471
525 440
585 422
584 417
579 416
580 415
529 471
524 440
525 439
586 422
584 416
579 415
529 472
523 440
525 438
587 422
586 423
583 416
584 415
578 415
528 472
523 441
523 439
526 438
524 438
525 437
588 422
586 424
584 414
577 415
578 414
528 473
522 441
523 442
522 439
587 424
585 414
584 413
577 416
527 473
528 474
521 441
521 439
588 424
584 412
577 417
526 473
528 475
520 441
521 442
521 438
588 425
585 412
584 411
577 418
525 473
519 441
588 426
586 412
584 410
524 473
518 441
588 427
587 412
586 413
584 409
523 473
524 474
517 441
589 427
587 427
587 411
585 409
523 472
524 475
517 440
590 427
586 427
588 411
587 410
585 408
522 472
523 471
524 476
516 440
591 427
590 428
589 411
588 410
586 408
524 471
525 476
523 476
524 477
515 440
592 427
591 426
590 429
588 409
586 407
525 471
526 476
522 476
524 478
514 440
593 427
591 429
589 429
588 408
586 406
526 471
527 476
521 476
522 477
523 478
524 479
514 441
514 439
593 426
591 430
589 430
586 405
527 477
521 477
524 480
514 442
514 438
594 426
591 431
589 431
585 405
586 404
520 477
525 480
523 480
513 442
514 443
514 437
595 426
594 425
590 431
589 432
584 405
586 403
520 478
526 480
513 443
514 444
513 437
514 436
594 424
584 404
585 403
586 402
520 479
513 444
514 445
514 435
594 423
583 404
584 403
585 402
519 479
512 444
514 446
514 434
595 423
583 403
584 402
585 401
518 479
511 444
515 446
514 447
515 434
513 434
596 423
582 403
584 401
585 400
517 479
510 444
511 443
515 447
513 447
513 433
596 424
596 422
584 400
586 400
585 399
517 480
517 478
509 444
512 447
513 432
596 421
583 400
587 400
585 398
517 481
517 477
509 443
511 447
514 432
597 421
582 400
588 400
585 397
518 481
516 481
517 482
516 477
509 442
511 446
514 431
597 420
581 400
588 401
585 396
519 481
517 483
515 477
509 441
510 446
515 431
514 430
598 420
580 400
518 483
515 478
515 476
510 441
508 441
509 446
515 430
513 430
599 420
580 399
519 483
518 484
515 475
510 440
509 447
516 430
512 430
600 420
599 419
579 399
580 398
518 485
515 474
510 439
517 430
516 429
511 430
600 421
600 419
599 418
580 397
517 485
518 486
516 474
514 474
511 439
509 439
518 430
517 431
517 429
516 428
511 429
600 422
600 418
598 418
580 396
519 486
518 487
517 474
513 474
514 473
512 439
511 438
519 430
518 429
517 432
517 428
515 428
516 427
510 429
601 418
598 417
581 396
580 395
518 488
512 474
520 430
519 431
518 432
516 426
510 428
602 418
582 396
581 395
579 395
580 394
519 488
517 488
518 489
511 474
512 475
512 473
521 430
510 427
603 418
602 417
582 397
582 395
579 394
516 488
518 490
512 476
512 472
521 429
511 427
510 426
603 419
602 416
582 394
515 488
519 490
517 490
513 476
511 476
513 472
522 429
521 428
603 420
601 416
602 415
582 393
514 488
519 491
517 491
511 477
521 427
604 420
602 414
581 393
582 392
519 492
516 491
510 477
511 478
522 427
520 427
521 426
604 421
582 391
518 492
515 491
510 478
522 426
583 391
581 391
582 390
514 491
515 490
509 478
523 426
583 390
581 390
514 492
508 478
524 426
523 425
584 390
514 493
508 479
508 477
524 427
514 494
507 479
508 476
524 428
514 495
506 479
507 476
525 428
523 428
513 495
514 496
505 479
507 475
526 428
525 429
515 496
505 480
507 474
526 427
525 430
505 481
508 474
525 431
504 481
526 431
524 431
525 432
503 481
527 431
526 432
523 431
502 481
528 431
527 432
527 430
523 432
523 430
502 482
502 480
529 431
527 433
522 432
502 483
501 480
502 479
530 431
522 433
501 483
500 480
502 478
521 433
522 434
499 480
502 477
523 434
499 481
499 479
501 477
502 476
523 435
498 481
499 482
498 479
501 476
523 436
498 482
500 482
498 478
500 476
497 482
497 478
498 477
496 482
496 478
497 477
498 476
495 482
496 479
496 477
494 482
495 483
495 477
496 476
494 483
494 481
496 475
494 480
495 475
496 474
495 480
493 480
494 475
495 474
496 473
492 480
493 475
494 476
492 475
492 476
492 474
491 474
490 474
491 473
490 475
489 475
490 476
488 475
490 477
488 476
491 477
490 478
487 476
490 479
486 476
485 476
485 477
485 478
485 479
486 479
485 480
487 479
486 480
484 480
487 480
487 478
486 481
483 480
484 481
487 481
482 480
488 481
481 480
482 481
489 481
480 480
482 482
489 482
479 480
480 479
483 482
482 483
478 480
482 484
477 480
478 479
481 484
482 485
477 479
480 484
482 486
477 478
479 484
482 487
476 478
478 484
479 485
479 483
483 487
481 487
482 488
475 478
476 477
477 484
478 485
483 488
476 476
476 484
475 476
476 485
475 475
475 485
476 486
474 475
475 474
474 485
474 474
474 486
474 484
474 473
474 487
473 473
473 487
472 473
473 472
472 487
471 473
472 474
472 472
471 487
470 473
471 472
472 475
472 471
470 487
471 486
471 471
472 476
472 470
469 487
471 485
470 471
472 477
469 488
470 485
469 471
473 477
469 485
470 484
468 471
469 484
467 471
469 483
467 472
467 470
469 482
466 472
467 473
465 472
464 472
463 472
464 473
464 474
465 474
463 474
464 475
462 474
462 473
461 473
460 473
459 473
460 472
459 474
460 471
459 475
460 470
460 475
461 470
459 470
460 476
462 470
461 469
458 470
461 468
458 471
462 468
457 471
456 471
457 472
456 472
456 470
455 472
456 473
454 472
455 473
456 474
453 472
454 471
457 474
453 473
454 470
457 475
453 474
453 470
453 475
452 470
451 470
450 470
451 471
450 469
451 472
449 469
450 468
450 472
451 473
448 469
450 467
449 472
451 467
450 466
448 472
452 467
447 472
453 467
447 473
454 467
454 468
454 466
454 465
454 464
455 464
453 464
454 463
455 463
454 462
455 462
456 462
457 462
457 463
458 463
459 463
460 463
459 464
460 462
459 465
461 462
460 461
458 465
460 460
458 466
461 460
459 460
457 466
458 467
462 460
458 460
459 459
456 466
457 467
462 459
457 468
462 458
463 458
461 458
464 458
463 457
465 458
466 458
465 457
466 459
466 457
465 456
467 459
465 455
467 460
466 455
464 455
468 460
463 455
469 460
462 455
463 454
469 459
461 455
462 454
470 459
462 453
470 458
462 452
470 457
461 452
471 457
469 457
460 452
472 457
459 452
460 451
472 456
458 452
459 451
460 450
472 455
457 452
459 450
473 455
471 455
458 450
473 454
457 450
474 454
456 450
474 453
455 450
456 449
475 453
474 452
455 451
456 448
473 452
474 451
455 448
472 452
473 451
475 451
454 448
473 450
475 450
454 449
473 449
475 449
453 449
473 448
452 449
474 448
472 448
451 449
451 448
743 357
744 357
743 356
745 357
744 356
743 355
745 356
743 354
745 355
680 216
679 216
