97 75
52 94
92 93
78 105
58 113
81 80
137 63
101 64
103 84
113 82
138 60
113 83
118 69
63 104
106 71
98 67
86 95
65 88
116 70
119 82
104 84
124 55
65 106
64 80
100 74
84 102
53 104
61 121
80 79
73 73
121 63
135 61
102 66
117 46
53 95
51 99
108 42
109 44
101 63
110 89
103 80
108 64
123 59
62 114
98 87
100 75
129 55
122 83
80 94
62 84
102 87
78 100
105 85
56 112
60 121
141 60
73 83
120 65
75 84
83 87
102 98
84 93
68 89
99 68
54 109
53 93
137 60
109 63
75 106
106 93
89 100
147 61
119 43
121 82
122 65
98 61
100 72
56 116
123 52
81 105
112 82
145 57
53 122
73 74
120 46
97 71
125 59
122 44
73 90
56 108
121 81
65 86
82 84
114 86
82 86
67 96
72 89
80 83
119 80
115 42
91 91
83 90
61 105
103 59
98 65
82 106
118 67
94 100
74 85
114 69
109 47
91 95
75 93
99 63
100 68
96 70
84 88
80 82
109 82
115 81
111 91
145 60
124 58
51 101
63 102
84 94
67 87
108 62
83 108
54 92
127 56
57 107
135 54
82 100
118 66
84 92
122 56
132 60
76 80
125 46
73 112
100 63
113 59
96 73
119 84
96 87
54 90
50 101
69 98
68 94
82 85
56 98
116 42
116 64
95 61
123 63
69 106
113 38
100 98
107 99
113 75
145 59
109 84
83 89
104 68
54 93
79 96
134 61
82 109
125 62
68 88
99 96
85 109
64 92
66 93
65 94
55 118
105 83
110 86
146 62
90 99
78 97
85 90
69 92
60 100
119 69
117 39
61 113
75 101
111 43
104 62
123 81
62 105
77 105
113 39
120 77
99 60
87 101
136 61
57 118
78 73
113 60
56 96
66 79
79 83
142 64
97 101
111 75
102 99
73 101
107 40
94 73
110 87
146 58
108 75
135 60
70 83
149 65
110 43
92 85
118 80
86 101
123 61
131 57
91 89
102 93
60 105
77 80
112 43
76 111
115 40
57 111
84 90
70 82
103 79
141 61
96 74
92 84
74 90
74 76
60 113
54 122
117 40
101 85
120 75
117 65
104 91
105 87
67 86
111 61
73 106
145 66
107 70
62 99
145 61
125 47
105 94
99 62
92 99
121 46
119 44
54 106
122 53
72 107
72 83
52 91
123 53
120 64
91 99
150 67
110 88
113 40
84 91
98 98
143 63
93 100
56 97
144 61
116 68
82 102
95 97
103 99
134 57
109 86
123 55
104 92
123 75
94 98
66 85
81 82
115 61
131 55
121 60
120 84
77 75
101 73
140 59
117 43
95 72
81 103
117 69
70 81
134 60
82 108
143 61
110 82
60 106
115 82
58 115
94 87
53 97
102 82
73 84
98 59
64 82
55 111
56 114
75 99
74 100
52 89
92 88
119 85
102 60
105 67
96 71
54 107
93 88
125 61
62 83
100 97
101 100
100 67
61 98
124 45
114 70
95 98
75 102
116 73
70 92
75 100
76 93
72 108
100 69
102 100
68 100
63 105
111 42
108 82
99 75
117 44
92 83
112 69
71 92
68 97
126 59
98 76
102 97
63 84
71 83
59 100
147 63
59 120
66 102
53 96
114 73
121 79
82 105
98 96
75 111
74 99
114 41
121 75
137 61
58 119
114 40
71 81
121 84
128 57
102 101
108 40
89 94
96 59
81 79
91 83
100 60
81 110
82 99
52 97
66 84
66 101
118 48
99 87
55 96
117 64
53 92
122 45
90 93
95 87
97 70
79 98
105 68
112 40
60 120
125 63
60 97
81 97
121 85
118 75
139 60
88 99
49 97
66 91
117 76
128 55
116 41
63 83
109 83
108 41
104 61
117 45
131 56
122 47
115 69
58 111
97 78
66 94
61 82
117 50
128 61
103 97
56 115
53 123
124 54
109 45
105 61
100 61
119 74
151 66
80 98
111 62
117 42
54 120
101 97
110 44
119 46
92 90
66 104
110 61
63 101
103 81
84 100
57 108
90 94
75 76
91 88
101 69
57 120
119 67
67 94
114 74
61 101
110 60
87 99
122 80
104 89
102 85
65 79
59 116
68 92
72 110
102 59
118 46
96 69
117 75
121 58
75 105
116 71
121 78
77 79
124 50
110 62
51 100
56 95
120 44
109 88
111 40
77 78
63 103
51 102
101 87
133 60
60 114
66 86
111 87
97 100
62 115
62 113
113 71
70 102
94 99
111 74
122 63
76 103
56 111
135 56
147 62
69 102
125 60
62 106
77 100
96 98
103 70
138 61
129 53
133 57
73 82
120 38
93 82
57 121
106 87
67 104
103 69
117 81
72 75
136 56
75 77
150 66
71 93
122 58
67 90
50 99
52 104
79 100
96 77
64 81
96 101
72 94
85 88
122 67
55 114
142 62
116 62
66 103
87 103
115 59
95 71
108 73
99 88
109 62
66 82
99 98
71 110
96 75
79 81
102 65
102 81
75 98
79 95
72 93
137 62
57 113
128 58
106 95
114 44
58 106
67 105
57 106
106 70
94 71
106 63
66 97
83 99
54 118
121 76
52 92
80 110
91 90
74 101
98 64
92 100
145 67
118 47
121 57
120 74
119 81
101 82
64 105
111 82
125 81
88 95
142 63
112 70
104 66
67 82
54 119
58 114
82 107
116 74
79 105
76 84
108 99
121 64
72 96
128 53
77 77
96 72
123 62
53 94
83 100
109 48
129 54
130 56
59 115
90 98
87 98
117 49
104 93
119 42
116 82
114 82
73 111
85 108
98 77
67 101
110 84
111 90
87 100
115 73
107 71
72 82
80 81
56 118
119 38
68 101
112 73
73 98
82 97
56 119
132 56
52 88
66 90
85 102
85 94
146 65
112 75
76 100
106 64
121 77
99 61
76 102
116 40
86 94
139 59
107 63
94 61
123 50
122 77
82 104
147 65
93 83
78 98
82 87
73 99
145 58
142 61
74 93
64 79
120 79
105 84
86 93
69 101
123 49
54 111
109 46
146 61
114 60
52 98
76 105
73 96
54 121
116 63
74 74
117 82
148 65
146 60
96 76
67 95
74 92
81 87
62 82
128 60
77 74
53 106
106 98
74 84
83 88
121 83
79 94
127 58
52 90
107 75
120 80
114 83
152 66
71 105
104 69
116 72
74 102
112 61
98 63
132 58
126 58
126 62
76 76
77 83
129 56
120 68
101 71
81 84
68 99
91 86
109 64
125 58
124 47
93 86
123 54
87 102
116 67
102 84
112 39
55 116
123 46
85 107
124 52
111 41
68 98
65 104
79 104
66 92
97 87
103 95
94 72
107 96
141 63
133 56
67 99
73 89
77 84
135 57
117 48
105 82
92 86
74 91
106 99
106 40
126 63
104 87
123 56
56 120
122 49
50 97
122 57
73 93
106 83
102 90
124 46
106 61
59 113
97 99
112 71
107 64
101 70
121 59
66 95
118 85
59 106
105 71
55 122
97 63
78 95
122 48
116 46
122 75
76 94
69 89
118 79
87 93
116 61
72 111
107 74
106 94
65 92
106 39
104 59
64 93
61 100
128 56
53 90
123 51
110 40
118 39
97 62
53 88
57 115
123 58
119 65
109 75
77 73
64 104
126 57
74 73
111 89
118 74
119 48
101 86
118 65
120 57
107 97
116 47
103 94
78 96
123 78
54 105
98 75
66 88
113 72
72 95
91 82
104 94
91 81
104 70
104 67
96 60
122 81
83 107
148 63
68 82
55 123
103 66
79 79
115 60
110 75
74 105
120 76
107 95
80 105
84 103
113 61
96 99
74 106
83 102
75 75
52 102
55 121
77 76
114 84
140 60
80 80
63 81
117 80
107 73
102 64
123 48
87 97
64 83
118 44
125 82
93 87
121 80
57 116
81 99
52 103
121 65
97 98
74 111
124 81
80 84
131 58
98 78
78 79
104 90
57 112
84 101
102 69
55 117
89 95
122 82
67 92
55 108
113 70
122 55
99 97
128 59
84 107
116 75
51 97
86 102
107 98
108 83
79 99
117 77
112 59
53 107
86 109
101 60
56 123
99 59
91 93
81 109
69 105
148 64
100 87
104 96
119 39
112 74
54 108
113 74
103 87
104 88
74 75
87 95
107 72
98 101
144 57
72 109
72 106
116 77
61 115
58 120
65 105
100 73
104 71
119 57
62 101
122 66
74 104
122 46
65 82
86 96
90 95
101 72
135 55
124 75
73 92
67 88
132 59
54 104
96 61
65 101
75 91
107 83
70 105
52 99
95 88
104 60
97 59
149 66
109 85
114 85
51 90
112 44
146 66
112 68
103 90
89 99
72 105
102 83
82 103
113 44
116 69
108 100
81 85
66 83
121 48
103 96
73 97
81 98
100 66
61 99
98 66
119 68
119 83
84 99
103 93
109 40
112 38
117 74
68 90
124 63
123 77
60 98
87 96
116 45
67 97
78 83
72 74
54 110
121 66
54 96
111 44
