400 502
461 517
578 642
455 550
590 485
594 503
577 541
549 694
453 531
512 506
557 490
574 502
635 584
492 518
579 613
675 605
597 505
711 611
552 678
594 489
606 665
343 449
430 497
475 530
627 696
691 628
577 629
621 621
574 628
705 639
524 550
470 538
460 529
566 541
576 548
568 482
467 535
573 545
496 497
575 617
500 505
573 630
563 677
383 497
590 611
706 626
623 682
700 657
580 483
546 682
731 617
611 634
564 645
590 511
535 536
501 506
543 485
585 636
465 524
594 512
690 637
462 522
622 621
687 601
572 641
561 712
703 656
585 628
580 634
463 546
670 602
393 479
735 615
604 677
435 517
538 526
633 621
565 452
663 597
580 479
460 533
587 508
461 574
551 535
573 544
587 638
600 625
422 502
573 597
592 682
519 508
576 536
415 485
546 532
559 496
608 638
567 642
572 628
577 542
687 606
589 494
497 514
546 665
584 620
686 603
605 659
586 528
707 647
560 635
472 506
552 479
712 722
601 660
624 692
479 537
626 616
669 591
592 677
591 615
464 533
427 487
422 487
686 601
644 605
425 505
483 504
564 677
637 704
625 595
423 483
459 511
562 456
465 528
540 695
702 674
580 629
708 675
605 666
525 535
631 583
438 516
423 497
550 708
498 506
733 615
413 502
644 604
563 453
729 619
569 479
661 599
569 478
401 499
425 501
582 608
439 507
590 612
461 564
594 613
709 682
692 615
578 637
713 713
648 599
671 594
670 592
689 691
514 507
526 537
503 504
495 526
392 483
475 506
547 665
381 497
606 630
679 591
550 479
629 681
559 678
539 675
624 595
482 506
531 504
548 696
438 485
714 728
632 697
689 631
444 508
622 616
474 527
577 483
714 723
708 706
544 671
493 529
596 489
709 703
523 514
509 523
636 622
716 622
609 628
428 506
568 642
576 547
667 587
603 679
594 686
560 636
630 679
715 665
472 501
499 506
704 646
403 496
472 504
562 726
700 673
624 698
463 543
610 635
571 460
578 595
558 526
563 716
626 699
630 625
575 536
393 477
507 531
559 646
678 598
560 726
693 619
622 596
571 629
569 489
585 623
631 614
636 623
575 478
559 537
710 614
496 487
551 530
457 545
554 677
528 530
678 593
577 488
573 657
580 628
595 489
393 483
603 628
554 697
681 590
460 570
641 595
492 527
524 509
462 531
593 509
725 596
417 496
388 507
713 726
604 678
507 514
447 509
676 604
402 496
573 661
580 673
471 542
688 600
570 723
573 484
552 715
598 501
625 606
618 680
476 570
465 525
385 500
570 484
452 519
505 532
578 486
385 482
583 487
563 473
600 624
475 502
554 489
708 662
499 508
736 620
639 609
438 525
455 510
704 691
434 524
393 502
594 509
591 685
587 675
544 673
396 505
582 523
579 615
463 531
516 511
474 573
556 715
594 621
459 568
587 622
467 509
569 652
435 518
684 600
691 614
404 482
594 683
570 722
581 480
462 572
556 707
723 605
509 520
571 503
703 626
434 513
710 702
441 529
633 704
692 619
546 669
606 678
463 517
593 490
489 497
412 485
689 615
554 536
630 606
718 615
709 665
557 492
700 611
558 678
464 566
712 677
548 478
694 630
578 462
636 582
467 564
405 484
603 674
712 708
612 681
637 577
603 673
459 546
601 673
697 631
607 634
576 508
573 539
635 622
595 674
552 524
557 714
384 482
466 511
579 462
524 508
555 714
403 490
707 709
687 634
704 685
530 542
670 591
664 597
482 570
466 532
588 508
554 475
601 629
722 612
565 463
555 483
572 626
506 513
639 603
508 505
703 674
579 642
577 595
460 555
697 695
402 499
559 497
557 482
532 536
504 505
392 505
640 603
622 697
560 509
393 481
404 483
553 682
670 598
419 491
704 698
416 485
676 609
373 498
557 472
591 492
590 610
391 501
565 671
559 712
495 495
488 504
552 680
465 538
492 533
555 524
564 497
544 493
554 682
576 482
552 694
573 659
558 713
646 599
635 601
715 720
616 632
506 529
402 497
520 514
635 705
716 725
464 522
725 603
581 603
574 466
694 608
605 658
566 479
698 620
637 582
590 613
578 512
569 643
707 695
705 675
618 630
566 480
582 520
476 572
462 560
518 510
727 619
471 513
406 483
488 497
494 496
564 489
617 632
638 589
636 600
581 524
688 615
436 486
563 712
590 512
535 697
623 694
570 664
510 512
578 634
463 540
633 613
565 456
509 511
490 496
563 474
485 503
592 485
575 673
533 530
461 543
545 491
594 676
565 507
461 540
563 653
503 505
696 607
539 528
711 675
578 650
523 550
574 635
546 699
681 613
576 544
471 503
592 681
423 503
714 727
710 667
718 612
466 564
597 511
689 632
638 622
373 491
698 610
541 500
559 640
721 612
596 498
560 648
563 541
584 610
635 704
632 622
711 723
696 613
698 606
505 526
637 703
722 720
588 635
591 673
671 590
546 477
563 662
472 520
581 536
578 463
711 666
566 538
649 607
713 715
475 510
710 672
398 505
546 666
540 499
565 727
480 535
567 672
565 476
615 633
420 491
670 586
507 530
379 502
418 498
590 684
706 685
520 505
685 613
535 539
702 641
677 612
626 607
700 619
581 542
419 503
618 623
571 640
539 696
715 721
457 522
553 534
462 574
477 539
611 681
572 465
459 516
489 533
580 638
576 543
684 599
583 636
478 535
410 483
582 487
565 495
728 594
560 541
708 626
417 494
727 599
566 540
569 657
376 498
717 721
543 494
565 498
555 719
728 601
703 652
620 626
688 613
463 533
382 482
466 508
579 616
559 508
609 682
717 612
437 528
548 477
698 688
536 695
712 668
637 585
410 491
541 646
534 501
552 709
561 490
621 625
685 633
470 501
428 499
687 600
459 569
579 512
671 604
456 512
689 635
594 618
418 500
678 592
576 629
386 482
465 526
577 464
455 512
538 676
637 586
558 642
587 692
617 641
537 534
538 503
463 574
668 596
714 610
584 636
471 533
559 728
625 682
696 623
555 493
572 654
726 604
600 626
578 631
547 489
560 468
431 485
501 509
591 512
579 661
704 611
670 594
449 512
705 701
466 530
568 537
461 514
436 513
735 617
453 523
560 537
704 636
638 587
542 699
377 494
451 514
724 723
527 503
568 539
578 630
674 611
572 502
565 672
581 675
577 463
437 485
716 723
512 501
498 489
462 524
550 680
434 507
528 510
473 571
557 638
597 498
467 568
697 694
586 492
709 676
715 725
575 485
494 526
577 535
471 501
702 615
626 698
681 600
575 636
619 629
628 618
547 482
580 462
656 608
401 493
385 499
603 629
697 610
477 570
511 510
433 508
571 461
592 494
655 600
589 505
573 540
590 617
669 598
576 639
544 678
483 532
560 495
639 594
591 485
616 625
646 601
583 516
547 530
718 607
577 663
671 593
565 673
437 519
714 667
581 631
569 503
701 681
448 529
688 636
599 501
690 606
474 526
672 589
668 603
714 670
396 507
496 506
377 485
623 693
596 500
560 532
705 702
712 675
463 547
553 696
457 521
492 531
527 546
562 663
472 566
722 727
510 519
580 648
592 614
671 595
700 633
642 595
551 710
620 613
549 484
547 663
698 695
504 524
547 491
565 460
508 514
460 546
724 605
569 665
584 528
496 516
714 715
593 675
467 569
576 640
472 568
708 648
642 593
498 497
496 495
620 627
554 695
700 622
626 594
526 548
641 596
547 705
424 498
622 619
690 615
442 529
591 507
697 626
416 484
527 502
539 502
691 615
378 497
705 696
666 597
626 612
552 528
653 602
458 565
566 726
411 493
463 539
639 589
629 680
658 607
708 617
579 648
418 491
534 539
555 487
440 527
716 665
383 490
534 535
410 492
473 524
588 493
552 478
635 581
566 654
380 486
634 612
486 503
416 480
576 642
469 536
589 626
705 685
575 628
690 609
418 490
698 605
595 512
718 611
676 611
476 538
475 571
461 569
417 497
560 708
567 728
555 482
552 681
527 540
713 612
564 646
708 682
649 608
466 535
658 600
706 679
558 497
708 695
574 544
559 642
653 601
532 503
461 516
732 616
500 518
634 610
565 467
393 482
715 723
451 525
582 645
662 599
557 634
404 481
461 568
570 654
433 523
627 682
658 605
582 519
384 488
597 623
691 689
623 601
633 583
394 504
479 538
534 500
590 673
481 506
582 620
460 517
508 511
710 663
585 508
569 457
388 483
581 645
701 638
558 499
560 543
547 709
474 503
648 602
701 636
600 659
562 493
539 697
481 572
580 631
614 641
717 610
434 485
486 504
718 722
578 507
559 543
714 668
526 540
469 532
679 596
553 533
704 627
472 569
584 605
387 499
587 693
721 719
508 535
724 617
580 601
540 531
567 732
675 609
576 671
536 536
691 631
597 621
589 688
559 709
638 590
527 528
589 610
557 678
559 644
507 533
701 642
538 542
402 488
446 529
589 508
421 488
621 627
584 612
596 674
540 646
580 637
464 558
559 535
410 482
499 496
601 670
599 620
708 696
528 504
685 614
574 667
709 664
629 697
546 491
556 541
597 500
655 602
458 515
545 484
584 530
458 518
578 542
523 511
704 688
547 710
559 707
396 510
709 700
704 608
431 505
608 681
468 536
712 706
576 507
630 619
702 673
704 620
575 668
468 567
593 511
572 659
564 665
567 730
703 611
382 481
377 499
543 489
382 490
573 652
583 534
665 597
562 651
591 495
427 505
414 501
465 544
686 614
593 679
562 634
556 521
526 507
452 531
682 595
722 597
604 668
557 642
402 501
584 674
455 527
496 518
735 616
586 621
527 533
631 604
377 492
637 604
573 494
581 510
539 529
464 542
708 673
598 685
571 491
542 701
636 614
710 700
629 678
706 695
587 507
619 679
689 633
567 647
708 641
611 630
622 683
657 602
567 509
619 612
507 535
701 619
638 581
543 533
474 530
677 593
593 690
566 727
466 509
728 596
614 681
419 508
700 635
591 616
547 660
410 493
547 666
455 511
706 649
710 711
591 491
563 652
600 628
589 618
586 609
385 488
710 703
419 507
423 485
473 522
582 596
698 604
509 503
598 686
508 515
627 703
678 611
689 609
613 622
627 681
448 531
550 531
547 662
483 502
566 724
569 642
524 549
415 480
683 633
570 628
551 484
515 508
538 675
486 499
717 719
525 502
724 722
598 691
631 623
567 543
579 673
559 539
568 460
583 605
631 624
505 505
566 665
466 533
640 596
470 567
419 497
510 506
687 635
545 490
454 529
683 595
588 624
544 489
559 638
566 653
572 627
713 672
542 697
637 603
568 663
530 508
716 718
529 509
576 509
554 476
637 706
564 541
635 597
630 709
689 637
619 634
586 505
594 685
705 688
422 498
638 586
584 630
461 546
619 635
711 613
549 476
566 497
581 525
581 601
648 603
592 679
439 508
563 463
682 594
592 516
528 511
374 499
405 483
378 503
670 593
562 725
552 676
570 657
623 687
656 600
419 502
543 491
629 608
573 668
622 698
496 505
603 666
585 599
420 488
510 517
561 637
460 522
665 602
421 482
693 630
464 538
423 487
562 471
565 466
581 596
472 538
713 613
589 683
700 618
717 614
672 601
574 673
472 511
569 543
424 488
493 518
675 611
661 594
484 500
704 693
453 517
508 536
548 709
632 696
625 609
588 612
567 492
601 662
403 499
504 536
538 500
659 609
485 558
417 502
544 497
696 610
501 505
564 664
707 624
436 512
696 615
572 506
707 634
492 528
554 491
401 491
567 482
701 693
563 472
721 713
457 546
595 618
567 540
535 502
383 508
724 596
572 667
630 711
470 537
567 497
406 482
712 723
565 478
713 711
457 548
636 588
512 503
640 613
609 629
736 619
575 499
416 496
700 656
724 615
433 493
545 701
510 523
554 704
699 609
387 498
565 728
443 508
522 514
555 721
593 619
701 646
534 542
638 613
714 676
597 690
685 632
602 631
616 626
403 498
557 528
483 656
659 601
553 726
715 676
421 492
547 704
467 542
584 599
547 711
536 528
631 682
695 619
527 532
640 602
506 505
566 728
385 489
574 669
571 654
541 527
566 725
550 530
628 690
374 498
614 642
432 485
565 506
611 625
724 604
704 679
689 606
580 661
702 675
550 681
672 604
477 504
488 496
720 610
529 504
423 486
702 640
708 661
599 505
373 497
555 720
543 493
689 613
567 452
556 703
566 506
622 679
591 480
423 484
710 664
573 498
576 539
502 516
622 615
711 612
632 695
636 594
714 671
588 623
676 605
709 661
723 615
467 556
622 699
586 624
728 595
411 495
579 602
563 645
631 615
585 629
522 512
403 480
631 622
623 698
497 508
564 670
436 519
511 523
576 514
555 695
374 491
561 507
644 606
551 473
725 616
379 505
459 566
416 481
631 706
495 503
624 600
646 598
566 676
686 636
536 698
727 618
419 496
630 608
634 584
474 502
461 562
497 489
550 709
516 505
494 527
704 678
553 487
458 529
556 531
524 554
436 524
579 539
547 490
545 532
562 506
594 511
382 499
582 517
565 461
465 523
722 609
633 622
716 715
449 528
691 613
433 513
696 625
618 635
551 681
678 613
666 601
492 522
391 500
384 481
710 621
465 516
583 633
628 697
460 516
724 724
599 623
582 485
435 513
613 680
695 623
602 629
532 529
584 531
471 566
472 532
555 716
665 601
539 500
579 543
582 489
461 532
733 618
576 641
593 673
595 687
714 664
722 617
539 495
613 682
582 603
635 609
422 497
566 642
507 537
602 660
462 543
395 483
556 540
591 614
585 626
387 500
622 684
394 505
431 492
558 636
536 529
446 508
725 612
662 598
544 675
637 614
458 519
634 701
465 529
475 508
702 642
381 482
441 528
542 485
592 500
404 495
539 700
711 615
567 675
588 610
675 594
586 630
479 535
572 639
433 490
623 695
525 532
671 592
506 532
625 687
591 617
621 680
472 523
517 514
624 599
483 529
533 533
587 625
692 611
510 518
563 715
564 671
657 603
455 530
707 608
540 532
474 504
377 497
560 499
465 515
674 602
463 554
480 571
378 500
667 589
575 629
557 521
565 538
568 507
573 497
721 716
479 506
583 601
699 689
702 702
679 594
704 697
631 705
623 692
380 508
604 663
454 530
554 487
622 687
563 498
487 533
419 506
730 599
581 663
726 601
539 526
610 620
639 582
555 529
627 616
577 671
554 721
695 615
470 515
705 626
401 492
512 502
582 529
474 547
545 481
700 631
701 678
704 695
446 506
475 573
571 642
579 647
549 693
592 491
510 522
546 483
455 551
537 500
577 619
421 494
380 482
728 600
555 676
566 643
581 485
550 536
555 489
591 484
560 498
538 539
725 609
610 633
713 608
397 483
561 633
726 622
545 483
400 507
463 559
507 513
459 574
566 673
582 528
576 549
684 612
577 661
573 479
700 613
426 504
548 695
701 631
562 652
697 612
540 696
511 508
458 511
525 511
421 505
684 602
560 535
528 505
601 630
626 606
561 675
460 569
638 588
598 623
618 678
620 631
541 525
540 535
712 709
425 502
576 618
569 482
579 653
579 639
603 670
431 495
438 506
468 543
544 677
714 714
680 590
555 486
580 535
653 603
560 728
723 606
591 687
466 568
526 506
620 623
687 633
697 607
582 518
607 638
580 618
729 618
474 545
546 478
550 691
461 541
458 548
564 491
495 490
612 638
485 498
474 535
618 679
574 488
717 611
572 460
636 601
590 483
572 545
574 652
583 525
630 689
705 647
457 528
555 706
571 723
604 662
515 504
595 509
604 682
379 504
492 524
616 627
621 624
529 510
549 708
547 488
697 690
569 730
619 632
597 506
606 682
389 501
563 466
588 618
624 598
588 688
638 624
566 460
712 715
645 607
589 630
467 543
432 508
638 596
702 691
605 669
462 546
608 629
677 594
646 600
484 534
578 513
594 515
524 514
718 610
541 524
619 681
622 595
634 613
703 678
543 492
541 539
630 706
551 485
507 532
622 681
705 649
571 659
545 704
705 677
702 627
598 621
684 601
586 490
541 528
620 616
698 621
581 642
544 679
522 507
704 686
593 514
537 533
552 677
554 692
544 703
450 532
460 515
433 485
568 652
666 603
438 527
459 517
577 637
387 483
562 494
702 639
543 676
638 703
589 627
670 599
511 515
406 495
580 633
415 502
545 673
663 599
416 506
626 605
381 499
381 508
561 636
645 601
612 680
544 533
509 504
458 513
569 502
533 535
556 522
593 496
563 465
533 499
674 610
609 638
374 488
549 534
630 607
515 507
382 485
547 707
636 580
580 509
582 641
588 620
596 505
471 511
579 479
560 472
729 590
503 536
696 692
534 529
549 695
580 481
564 476
471 514
499 495
458 523
602 630
703 693
425 498
473 521
628 617
598 502
544 704
419 494
574 638
553 694
561 722
476 535
668 591
474 572
547 478
637 605
477 506
545 702
597 620
653 600
701 676
670 597
590 689
599 683
456 529
419 499
373 492
702 701
459 556
377 491
692 609
678 597
733 623
729 620
559 472
405 501
478 545
716 721
529 529
383 498
589 487
700 621
438 515
677 596
572 664
416 492
638 704
712 705
524 507
540 540
710 679
596 673
558 538
536 675
563 726
583 622
478 540
562 474
712 670
457 544
476 573
555 701
567 461
469 544
566 487
701 680
635 699
667 597
590 625
417 480
605 667
587 504
705 628
478 506
573 505
571 545
539 541
688 608
589 514
571 641
633 702
378 501
700 691
568 657
707 619
537 538
695 692
572 640
548 714
680 611
471 512
499 494
714 669
429 507
636 592
581 518
726 621
611 622
506 526
547 681
709 638
553 697
440 528
409 493
421 493
550 476
673 611
574 489
402 495
619 637
699 686
478 533
566 722
467 538
582 643
558 721
497 499
680 591
722 614
481 535
578 514
458 514
706 647
486 497
715 622
555 490
639 592
501 517
477 534
526 547
498 507
461 530
562 490
716 614
465 533
568 722
562 507
542 489
551 478
548 698
414 496
562 660
390 507
577 484
650 600
604 673
621 620
615 679
425 504
525 503
551 724
579 526
422 484
674 604
555 715
611 637
580 526
380 490
461 515
591 693
706 659
509 518
591 688
587 630
538 528
584 596
564 669
592 620
463 541
590 688
602 632
426 498
588 504
519 512
574 500
576 672
711 679
580 620
713 622
379 492
601 625
708 611
560 497
510 511
437 488
463 534
377 496
561 711
418 488
455 549
563 671
580 487
503 522
473 526
708 685
432 498
563 655
604 683
378 505
623 615
575 487
628 698
631 616
486 495
699 614
476 574
539 695
543 496
452 516
492 529
433 520
574 668
657 608
613 639
707 660
582 629
394 477
551 699
592 509
437 483
445 510
585 530
547 664
710 660
567 456
524 512
698 623
565 722
589 512
661 608
705 622
580 643
527 538
631 707
571 656
710 724
566 463
714 612
573 666
467 537
624 687
578 483
610 682
619 630
577 461
693 613
594 614
648 607
424 483
575 664
620 614
412 486
587 620
558 537
500 513
730 618
527 531
534 532
476 530
679 611
563 643
564 648
436 507
586 516
699 656
570 509
574 501
715 711
707 609
690 631
594 615
582 535
476 575
670 595
529 508
450 527
579 675
511 525
649 600
563 507
705 679
553 721
579 487
557 531
493 532
702 638
656 601
401 490
677 610
636 577
702 611
578 648
576 541
579 645
717 623
695 657
631 693
547 487
547 713
485 499
496 488
496 507
727 597
471 515
560 707
609 634
534 499
451 521
707 636
528 541
565 509
568 462
425 487
376 494
600 672
594 502
584 533
499 501
641 594
561 644
553 681
583 535
526 532
587 516
598 503
457 529
421 491
461 533
727 621
452 517
571 459
596 491
479 539
663 601
693 690
555 703
537 694
603 659
560 714
593 502
507 529
434 488
383 485
723 727
685 603
531 529
725 607
557 715
719 713
469 516
634 605
625 616
477 547
582 532
704 657
616 679
596 618
569 480
435 520
500 514
467 532
644 607
577 620
480 506
702 648
736 621
460 572
564 647
622 622
564 678
567 536
710 705
450 533
553 528
471 537
650 607
506 524
460 523
403 486
574 479
506 527
426 487
726 610
412 495
572 662
582 509
483 530
698 656
556 718
565 497
709 659
527 539
378 494
404 496
566 667
660 607
700 674
559 710
723 722
510 514
540 500
590 514
645 608
578 633
698 612
595 614
559 708
597 618
720 609
415 492
479 572
631 605
725 613
581 661
419 504
677 603
567 664
527 544
532 535
515 502
573 596
702 645
715 664
482 531
705 683
604 661
700 676
671 591
555 707
595 613
623 614
480 569
417 506
460 528
710 666
564 680
560 677
680 599
527 547
580 596
474 529
524 516
510 673
402 498
466 544
435 521
457 520
527 511
709 648
593 678
454 512
626 611
547 712
605 682
559 469
707 711
582 543
598 684
550 485
427 506
622 680
507 505
581 483
540 526
594 682
468 565
528 506
597 491
566 542
438 514
392 501
600 673
540 533
554 709
379 503
496 504
474 546
567 538
581 509
622 597
497 515
612 639
580 485
707 640
707 613
556 472
438 518
712 681
560 716
622 695
722 725
385 501
465 527
422 505
419 505
577 499
548 715
450 526
563 728
537 698
432 493
430 506
539 532
620 612
520 507
727 598
480 536
461 565
576 515
607 678
684 608
470 566
612 634
629 609
588 674
402 485
614 621
458 546
702 694
502 522
574 664
577 639
468 566
552 534
571 493
467 534
399 506
530 504
645 603
580 480
709 701
493 496
635 702
625 698
568 538
468 535
553 700
461 542
584 527
540 534
663 594
717 722
582 605
662 597
573 506
588 636
499 524
713 676
628 688
703 608
515 505
531 505
693 629
484 502
575 538
735 619
714 708
622 602
597 671
404 502
484 503
626 688
392 503
596 509
634 606
706 688
530 510
453 524
533 538
580 604
461 560
712 611
484 501
537 527
539 699
414 486
591 613
702 680
696 609
570 543
583 521
445 529
699 611
636 702
407 483
731 598
398 503
464 565
423 488
573 638
375 498
719 714
546 531
569 654
512 519
670 604
584 602
410 496
711 672
504 535
566 543
576 510
408 498
465 509
457 555
532 532
583 674
629 709
722 596
578 661
721 717
683 598
631 711
472 521
555 491
464 543
638 594
581 605
396 483
559 639
670 605
547 714
623 702
510 530
651 604
590 516
576 545
526 511
541 496
566 723
511 500
712 680
729 592
600 671
573 493
524 505
712 672
574 651
546 683
552 679
703 701
578 652
582 542
692 627
686 604
546 714
548 680
629 682
689 636
460 571
449 529
573 629
714 725
692 620
393 503
718 715
417 501
550 486
691 632
412 494
475 505
566 457
704 648
470 503
707 623
546 476
551 482
589 625
707 625
441 508
570 731
559 641
459 531
401 501
416 497
410 485
714 662
464 557
612 679
700 614
610 637
592 690
465 564
713 674
623 688
517 513
570 656
713 682
572 642
662 594
538 525
588 611
627 609
460 575
624 621
629 706
401 502
573 487
656 609
437 484
707 635
580 507
589 684
709 706
711 664
547 533
704 689
719 610
550 487
573 464
587 621
722 604
417 505
585 627
454 513
535 538
536 697
496 501
626 690
602 678
568 665
462 562
557 493
720 716
565 494
554 716
483 569
474 548
503 534
590 480
434 489
575 501
467 567
461 556
555 541
639 600
724 616
554 525
637 599
530 530
538 697
704 609
383 481
696 605
668 585
675 608
405 502
625 702
512 510
411 485
701 637
435 488
676 600
692 610
471 502
572 493
697 656
559 713
567 502
426 500
577 536
673 588
527 508
619 633
476 506
616 633
578 674
468 533
492 519
700 632
618 638
696 624
560 725
570 489
478 542
706 611
458 556
376 506
708 693
594 488
637 600
503 523
537 536
638 582
547 706
465 547
535 532
531 510
637 576
560 647
506 528
705 659
703 691
523 552
585 625
570 458
535 501
575 652
618 639
657 600
667 603
380 483
453 520
413 503
473 572
577 487
633 696
394 483
431 507
500 515
636 603
483 570
575 637
687 636
552 480
637 584
555 539
461 544
565 644
679 597
558 533
570 491
581 618
695 628
637 580
657 604
414 487
462 541
696 626
473 504
512 512
706 640
562 633
391 505
476 547
563 454
644 603
473 530
637 575
570 495
664 601
469 539
693 689
587 674
562 497
623 618
638 592
601 659
628 608
639 596
566 648
690 690
576 511
565 510
572 507
533 537
494 531
561 676
544 674
605 629
579 486
632 711
568 480
631 712
422 482
457 519
567 667
622 601
567 462
539 540
705 611
473 523
437 518
646 602
624 682
542 700
406 492
494 518
709 619
677 591
500 523
526 549
505 525
547 680
582 601
403 497
591 625
561 539
570 483
688 631
713 609
390 500
694 691
460 557
554 722
722 615
445 507
615 634
578 539
462 571
560 722
553 690
523 505
494 488
610 683
380 488
478 541
692 690
722 605
691 608
712 724
377 498
387 510
703 655
567 673
559 536
415 482
729 591
564 654
488 534
624 690
622 682
667 590
592 501
456 554
591 684
398 502
377 506
380 507
455 544
646 607
563 475
452 521
723 609
678 603
553 691
579 595
535 541
570 730
703 620
458 512
699 610
433 507
570 507
672 605
622 623
598 694
709 672
384 499
707 633
702 685
392 479
575 484
698 631
707 674
490 497
591 624
563 663
567 535
465 546
548 708
509 530
579 596
594 510
534 540
711 622
514 502
571 722
564 452
393 478
571 485
711 610
707 651
675 607
481 537
419 488
583 623
620 625
569 507
467 531
509 531
556 482
674 606
712 711
550 475
676 591
468 532
668 602
622 696
702 637
648 600
631 703
568 536
588 506
704 610
710 622
509 537
539 497
727 603
567 481
574 487
497 516
631 617
626 689
436 526
709 617
691 627
586 637
695 654
627 617
494 501
581 526
455 553
399 503
593 620
680 610
602 670
585 637
476 504
668 586
510 504
557 716
626 603
435 526
424 497
484 504
458 522
576 628
553 699
551 529
715 716
558 715
458 530
573 672
502 505
712 622
480 573
701 677
508 516
589 483
538 677
524 551
400 505
521 515
523 507
474 549
577 539
597 619
638 600
601 676
563 493
511 518
510 513
671 602
493 487
641 602
711 662
734 618
555 702
696 631
506 535
637 596
538 501
513 518
617 679
543 529
523 515
622 620
541 495
673 605
717 715
553 677
527 543
573 499
664 603
500 519
538 534
700 634
545 699
452 513
582 595
714 663
710 701
517 511
561 492
556 529
426 499
563 495
474 522
442 528
566 509
429 505
706 641
597 624
589 516
452 525
565 477
549 709
538 502
658 608
555 708
436 488
712 610
625 597
453 529
558 539
626 702
620 640
636 607
706 637
582 525
622 700
705 636
707 700
502 526
572 504
585 521
476 508
559 636
725 606
636 624
466 543
466 507
591 686
512 518
544 531
514 510
572 665
475 509
643 602
504 537
605 664
689 638
638 625
564 728
389 502
432 505
583 532
609 630
712 704
391 483
469 531
729 597
598 672
531 535
678 596
634 614
580 528
590 488
498 501
550 472
602 661
690 616
501 535
484 533
413 495
599 672
417 493
577 537
500 522
566 452
712 710
572 663
429 498
517 508
709 675
629 695
583 604
472 570
497 490
466 514
588 637
551 691
502 517
387 506
667 588
677 611
713 667
470 502
729 593
716 610
452 520
398 504
591 508
626 697
472 502
567 666
705 640
671 589
714 620
635 594
559 498
706 681
705 652
702 681
614 624
681 593
698 657
627 615
383 499
626 604
711 668
404 486
501 522
477 571
715 722
655 603
708 616
722 598
561 715
538 527
614 622
574 637
586 493
490 494
526 535
497 491
484 559
598 692
540 495
439 527
584 673
674 601
576 675
626 613
590 494
623 689
546 482
595 515
624 695
449 511
481 536
564 676
569 544
602 668
591 610
565 457
564 463
549 691
431 506
579 631
587 612
476 571
624 594
463 556
383 502
460 540
375 497
612 682
574 482
593 614
385 487
603 630
585 600
673 604
496 500
698 689
618 637
389 484
705 695
402 506
666 599
580 645
703 640
619 627
578 506
454 520
574 543
457 549
469 542
573 461
583 517
600 506
477 546
677 601
575 465
544 484
662 595
549 533
542 539
508 532
696 691
389 500
529 505
635 605
477 537
646 603
508 537
701 614
434 490
563 467
712 669
581 535
578 618
445 506
500 509
593 681
720 615
390 482
567 491
576 674
706 610
677 600
595 505
691 607
564 453
635 583
591 497
610 640
639 604
479 534
604 674
567 480
539 498
604 675
723 720
409 496
473 545
707 701
694 615
579 635
705 651
701 611
566 461
551 698
386 487
715 609
585 542
425 503
620 600
583 506
718 623
506 531
519 511
542 679
629 679
662 596
591 494
524 532
584 598
589 515
499 490
707 688
585 673
686 608
622 598
567 729
563 490
685 635
453 525
437 489
434 520
559 499
693 604
569 492
444 528
581 662
547 485
662 601
658 606
395 505
558 541
622 627
577 633
554 527
580 529
566 644
565 491
726 618
628 689
573 463
702 636
529 540
567 505
494 500
567 644
466 527
560 493
565 508
720 607
464 547
733 620
461 555
597 684
625 602
579 614
726 603
564 508
581 643
608 682
707 681
540 539
590 482
528 529
605 680
536 499
375 492
585 516
463 536
593 618
638 591
727 601
596 690
582 633
571 546
580 542
500 524
575 547
425 500
574 617
579 617
632 620
636 583
582 674
570 504
575 486
590 513
549 714
495 492
544 672
589 513
576 596
570 506
470 531
508 531
550 535
615 623
493 530
725 605
495 496
578 643
726 619
606 658
463 562
570 494
630 609
604 629
546 681
582 662
611 624
686 602
609 635
574 494
454 553
565 459
591 620
585 624
556 713
604 666
703 653
678 610
574 465
552 691
520 506
602 676
588 619
576 638
382 503
595 503
711 614
614 623
536 696
567 484
587 493
696 614
665 605
583 522
635 706
560 678
535 499
573 504
636 701
732 614
576 673
486 500
594 688
436 487
726 600
469 511
491 525
584 542
482 572
702 620
478 532
575 506
572 652
401 495
597 510
497 502
698 602
627 607
564 663
525 507
672 606
463 537
548 704
534 541
553 724
562 540
594 495
387 505
554 706
553 698
545 485
618 641
625 603
720 725
661 607
633 698
543 677
583 629
610 634
431 496
557 530
381 489
478 538
548 710
437 514
483 506
669 586
559 542
631 694
556 526
435 514
485 559
685 612
635 580
485 533
473 525
558 532
654 601
482 529
607 658
710 677
555 538
559 493
456 547
522 513
562 468
704 622
710 675
544 532
623 683
701 633
563 637
421 504
560 469
473 503
713 725
474 550
683 596
558 531
562 643
703 700
564 716
586 489
706 675
555 485
546 530
549 692
702 646
565 541
694 690
549 705
620 615
561 541
696 620
679 602
537 499
538 538
552 724
710 662
580 484
563 497
579 599
669 585
708 683
530 535
602 671
601 672
562 496
567 463
679 603
588 509
556 523
552 710
568 503
710 723
576 464
715 724
566 458
596 507
725 614
464 537
714 716
475 547
627 593
707 612
479 569
715 610
518 511
578 649
676 594
540 496
577 631
705 612
637 594
626 609
636 705
502 535
686 635
571 657
586 507
581 462
703 648
420 493
719 607
693 618
577 652
477 548
554 703
549 531
653 604
590 486
639 614
553 695
570 642
588 495
528 540
676 596
569 662
454 514
698 622
716 720
588 689
567 652
638 603
378 492
525 549
549 477
568 541
582 597
675 601
553 485
591 496
510 500
596 672
512 523
463 564
621 601
557 721
708 694
575 539
728 598
663 598
549 475
541 531
610 638
607 679
565 651
559 507
584 521
552 490
597 503
618 636
574 616
634 622
565 676
487 496
471 545
689 605
459 510
559 470
585 529
568 492
569 483
622 628
567 498
581 644
596 490
565 669
576 506
486 533
705 627
719 716
690 635
604 670
489 494
595 621
377 495
674 609
382 492
574 481
553 536
599 693
587 489
654 603
584 609
611 623
566 491
552 698
581 633
417 495
567 488
571 664
475 549
475 507
509 506
566 488
547 695
556 721
732 619
376 491
622 618
474 521
689 634
573 628
544 530
639 607
700 688
409 483
630 605
579 536
574 506
602 633
574 634
723 723
542 698
544 529
568 504
460 562
554 701
625 690
586 692
554 526
527 530
568 493
420 504
715 728
700 686
573 481
570 508
492 526
702 644
593 516
460 556
714 683
461 557
636 605
432 509
596 504
396 506
551 524
697 691
701 613
669 587
588 507
606 666
572 653
627 697
380 485
528 543
619 613
634 700
427 498
498 495
589 495
418 499
578 635
711 709
673 601
532 534
467 530
401 506
637 592
637 623
588 510
577 630
437 506
555 474
423 502
494 489
710 704
594 675
583 542
614 643
583 526
638 626
617 636
567 486
514 509
593 501
492 495
403 481
687 614
422 488
581 488
483 568
465 522
677 613
567 483
524 503
496 517
700 636
465 530
618 640
688 635
497 488
532 533
631 702
541 698
608 634
402 487
414 503
536 537
507 524
387 487
645 599
533 501
564 679
543 530
713 708
618 632
620 680
507 526
643 593
558 710
425 506
632 583
407 495
477 545
652 604
527 545
566 456
435 528
585 506
538 699
551 475
557 536
554 524
707 642
585 509
705 697
568 731
535 694
375 491
587 624
558 716
579 649
508 517
516 512
725 622
382 502
551 715
585 675
382 484
423 504
625 604
468 538
704 699
584 541
581 523
510 529
408 497
432 507
385 502
587 505
628 703
709 662
427 507
718 719
452 514
696 694
602 677
469 540
416 501
495 501
453 522
723 597
572 651
591 692
573 595
622 701
583 530
509 538
387 508
445 508
696 655
564 493
558 638
579 528
550 537
614 633
560 723
579 618
481 534
583 598
605 679
527 534
477 543
570 505
631 695
600 501
717 613
532 537
582 526
630 583
697 605
688 607
431 493
546 667
580 599
553 725
574 663
620 639
546 671
524 511
571 489
543 699
451 512
590 491
388 484
579 507
723 608
598 683
498 496
636 604
473 505
500 520
551 474
595 682
469 530
577 512
481 531
518 508
442 508
405 492
575 544
705 635
503 535
562 716
580 635
554 528
436 506
579 484
381 484
722 712
566 539
526 534
492 523
584 506
581 641
622 702
472 531
601 669
694 605
456 527
477 530
408 483
621 619
704 658
540 699
711 708
499 505
564 490
570 493
509 524
516 514
588 622
630 695
580 675
418 494
381 493
564 651
556 486
586 623
508 509
674 607
568 542
513 512
570 490
497 493
496 490
492 521
460 573
729 598
507 534
388 500
418 505
581 459
695 620
403 506
693 631
576 537
719 616
708 610
708 709
642 603
578 636
569 484
685 601
579 598
610 621
466 510
562 495
565 678
379 506
486 496
634 583
578 671
587 677
703 607
566 489
578 632
384 502
725 611
632 702
504 523
548 533
577 540
551 708
550 714
592 674
713 681
479 540
695 626
519 513
598 508
584 623
432 491
702 643
719 615
681 612
582 508
641 593
535 535
538 541
464 555
544 699
558 720
709 611
577 618
474 569
567 487
631 620
582 488
478 536
702 672
395 501
610 623
567 539
564 650
724 597
384 506
560 712
563 456
374 490
516 513
568 487
456 549
438 517
647 607
475 535
560 473
583 533
457 527
691 633
511 524
706 651
567 506
471 531
591 483
537 535
408 495
561 537
445 509
377 493
610 632
692 633
572 497
564 492
494 503
453 513
403 502
478 539
477 531
477 538
597 689
694 627
684 598
583 602
463 563
709 637
591 498
465 512
564 454
632 605
707 673
585 609
637 608
594 616
573 671
679 595
588 690
714 613
596 503
706 686
623 627
469 515
556 491
512 504
571 628
579 597
440 508
437 513
705 660
648 606
536 503
520 508
420 506
700 687
568 732
532 528
706 680
631 618
629 618
513 510
560 494
486 498
636 608
699 688
639 613
466 529
577 486
378 499
574 665
634 699
525 537
392 507
455 552
726 605
623 595
439 518
632 613
502 534
704 649
627 702
498 515
536 538
539 535
496 503
463 557
554 700
402 490
573 658
440 515
528 502
435 508
548 484
610 639
389 507
657 605
544 701
439 506
589 506
723 607
374 489
695 614
576 661
553 523
550 484
524 553
667 598
601 627
555 718
708 613
690 613
564 662
602 672
380 489
705 684
534 533
546 713
570 725
617 623
586 674
418 501
689 690
588 630
594 617
706 652
510 515
472 533
400 499
531 502
560 713
462 530
735 618
415 479
696 611
603 672
597 687
557 713
592 688
711 711
622 617
589 674
399 502
583 507
698 694
695 605
495 504
577 543
587 676
415 496
626 593
481 530
719 712
696 657
699 691
559 729
589 623
696 656
402 500
462 517
583 488
547 661
393 501
543 531
553 524
558 527
555 475
583 609
566 652
679 599
664 604
459 524
720 723
385 506
696 608
565 664
447 530
380 499
707 659
631 704
556 524
552 708
614 679
612 625
553 490
477 532
632 618
570 460
573 460
596 684
616 623
731 618
555 527
619 624
715 666
632 698
611 635
447 508
711 677
519 514
694 692
433 491
598 693
714 711
562 635
583 625
625 596
719 715
544 702
685 608
556 678
436 485
476 534
500 535
624 618
553 477
595 506
725 610
659 608
633 620
435 485
500 517
493 519
618 629
712 667
559 540
592 496
587 610
582 480
579 652
637 705
499 489
514 518
560 492
681 594
625 613
529 542
419 493
533 531
583 634
397 508
639 703
647 599
638 601
600 627
582 506
710 680
491 495
637 583
707 696
431 498
561 677
478 547
425 488
701 691
697 623
464 559
722 726
394 503
593 491
513 506
416 482
564 507
715 714
707 616
521 505
470 541
692 613
630 626
559 534
720 604
426 486
459 515
509 505
478 543
580 630
677 602
599 621
435 523
562 467
471 568
539 534
713 714
595 676
540 697
597 685
670 603
706 645
542 530
553 689
554 529
713 683
464 517
577 664
509 514
612 622
567 674
708 634
551 528
493 531
412 493
530 507
480 534
570 663
573 538
595 615
469 514
712 673
567 507
574 670
625 601
535 500
639 606
567 541
560 724
471 546
715 708
473 570
466 534
583 608
556 527
493 526
601 626
561 714
656 607
638 579
492 525
661 593
614 680
551 483
472 567
587 635
557 640
598 500
556 677
605 661
537 503
580 536
452 518
684 615
715 715
577 465
511 506
573 543
722 719
480 570
414 495
443 528
591 509
459 565
571 484
456 544
664 605
605 674
549 680
576 499
709 702
534 694
707 685
691 690
594 681
730 598
448 510
715 663
424 504
586 508
572 499
437 512
420 496
560 508
476 549
403 485
393 480
574 671
459 530
717 622
685 634
707 675
561 716
598 671
722 613
639 605
626 614
413 486
669 596
707 682
709 674
483 534
708 688
724 614
496 496
572 666
552 711
577 514
708 627
692 612
706 701
473 531
415 486
641 597
464 564
508 510
591 516
578 515
710 712
437 520
708 622
626 682
622 685
586 491
582 607
552 727
634 611
470 540
577 462
450 512
606 667
699 613
468 540
723 721
607 681
379 501
588 625
706 646
557 527
392 481
714 673
713 706
559 721
559 645
566 535
683 597
492 532
405 486
578 484
582 507
606 632
561 643
553 715
704 623
637 588
725 608
478 534
549 537
417 492
553 708
732 615
534 697
668 584
581 604
592 675
578 482
710 706
524 552
666 587
571 486
585 489
590 490
686 607
461 554
586 627
561 640
565 654
595 677
582 619
584 629
461 531
589 493
384 497
582 606
556 720
553 692
596 687
565 475
677 590
585 610
562 678
549 530
612 629
545 700
500 516
487 503
553 478
539 499
596 621
569 501
577 662
598 622
548 530
387 509
563 455
503 516
599 506
490 533
465 514
426 506
636 609
731 619
509 533
396 500
624 616
513 502
568 673
707 626
497 492
559 533
583 597
681 610
496 494
565 648
733 621
490 495
489 498
463 538
474 501
459 567
562 661
541 530
448 511
561 639
580 461
448 530
703 628
551 476
705 624
717 723
677 604
633 701
543 680
461 561
558 472
554 690
628 696
624 603
568 459
626 617
493 495
701 673
386 506
469 566
483 500
591 493
570 503
492 520
699 612
384 490
612 630
636 589
549 474
691 630
525 512
546 481
423 496
507 525
589 691
569 722
468 509
573 651
407 492
526 541
521 507
570 544
374 501
704 647
561 728
692 630
463 553
699 690
572 480
549 712
473 569
575 546
581 674
693 628
399 507
570 492
703 646
597 688
591 500
498 502
587 637
579 674
629 707
399 505
621 623
594 684
536 527
489 495
527 507
718 608
707 641
559 647
478 570
577 596
514 506
718 609
579 643
593 488
590 481
563 654
527 504
382 508
581 507
500 521
698 692
664 606
494 529
691 609
483 531
512 511
564 510
558 637
472 545
466 542
566 664
577 594
535 531
576 665
584 516
687 615
457 547
583 527
418 497
708 711
568 655
661 601
469 543
613 633
693 609
470 542
546 672
496 492
709 660
694 623
589 510
512 500
629 689
513 519
594 674
582 621
734 615
604 676
582 483
578 651
629 696
628 614
704 687
379 482
475 504
693 627
405 487
629 619
415 501
567 722
640 606
708 619
720 724
513 504
456 545
436 525
622 690
526 536
501 534
698 691
625 689
508 524
556 492
639 590
543 532
614 640
691 606
678 591
733 622
420 494
712 679
571 662
671 603
509 517
575 545
630 604
726 609
555 692
484 499
491 526
580 609
461 513
572 661
460 530
583 621
565 496
725 615
566 668
678 599
429 506
606 629
703 699
606 669
635 624
562 470
596 512
386 509
435 522
540 497
380 487
471 510
450 531
523 512
578 672
504 526
596 510
600 629
482 571
553 716
466 512
661 600
638 595
677 599
699 623
564 649
382 489
496 493
377 486
573 496
572 484
564 473
402 489
556 530
696 659
643 603
394 501
720 719
582 521
603 662
505 535
417 490
713 610
714 622
546 668
592 692
528 508
573 503
450 525
558 536
590 623
602 679
385 490
635 610
681 611
451 513
461 563
436 527
565 455
400 506
461 522
728 618
693 617
698 603
588 516
681 592
457 550
567 459
433 519
391 507
378 486
604 669
590 489
554 488
578 511
573 664
535 534
584 597
582 602
376 485
558 493
705 653
572 505
395 500
562 492
572 543
595 684
696 693
619 631
521 514
706 653
573 625
466 528
621 615
569 663
571 655
709 635
543 495
604 679
469 538
548 697
446 528
463 560
669 593
553 489
541 699
633 605
453 530
590 508
582 664
579 637
563 476
396 508
566 478
553 693
431 494
416 479
565 662
637 597
711 673
456 550
433 524
558 494
421 487
572 668
726 613
626 595
557 635
703 641
638 623
693 616
418 489
703 627
719 719
563 457
411 496
668 593
533 502
629 606
630 614
606 662
708 700
393 504
733 619
678 604
552 489
663 600
379 499
695 631
712 707
544 485
593 500
547 659
567 648
457 513
465 543
484 529
470 536
635 701
640 594
541 538
461 566
579 620
462 523
445 504
626 610
620 679
682 612
570 627
569 627
598 510
545 489
636 581
607 682
602 662
440 514
713 727
566 675
554 708
525 550
545 672
559 643
708 649
387 507
736 617
568 654
571 658
380 492
555 677
715 707
455 554
708 684
601 501
381 492
631 625
503 526
457 554
488 533
580 641
504 522
727 600
525 531
558 707
588 691
572 479
583 624
576 465
456 530
541 490
574 499
728 591
670 596
446 530
601 506
575 479
704 656
596 499
487 499
595 508
720 713
665 603
397 505
580 482
563 644
483 535
460 574
543 704
447 510
562 637
562 541
721 615
660 602
554 705
656 602
637 613
592 691
546 670
542 496
592 678
704 650
414 502
380 484
566 459
551 479
576 664
704 628
501 507
565 465
553 723
420 497
548 662
525 551
627 608
604 671
699 631
532 531
562 677
459 518
436 514
638 593
461 572
431 497
512 499
570 459
511 511
714 621
493 527
621 614
508 533
704 624
607 629
656 606
530 503
638 604
723 724
419 501
558 482
630 682
636 597
634 704
698 607
572 723
721 724
527 506
637 626
468 514
465 531
553 486
560 727
688 606
607 677
559 495
688 691
619 639
422 483
623 690
444 529
701 675
695 629
635 614
463 530
594 687
710 637
725 618
573 462
715 667
528 542
566 492
593 489
634 696
623 686
596 617
709 620
725 595
469 535
715 717
693 615
396 509
462 555
582 486
510 521
574 538
522 552
717 615
573 495
562 712
553 535
550 725
590 487
620 681
620 622
456 520
468 542
523 516
572 625
552 699
508 539
578 508
593 674
435 507
537 502
611 638
463 555
701 692
436 483
609 681
564 466
566 655
612 678
431 509
706 638
428 498
547 486
582 663
590 616
575 541
577 466
702 614
490 498
576 512
561 638
493 522
705 609
709 622
630 622
467 514
714 672
576 484
569 653
479 570
709 666
709 707
544 681
727 620
381 481
668 598
555 526
593 688
579 660
551 534
586 622
668 599
637 579
637 578
494 495
588 511
696 658
565 721
570 545
472 534
713 723
612 633
545 680
465 513
458 567
579 542
721 726
707 610
562 466
703 651
563 464
716 717
597 691
347 381
458 510
464 516
593 495
561 635
702 678
709 711
707 649
510 520
628 681
439 515
681 591
554 698
619 628
709 636
516 508
543 490
585 630
547 708
383 507
541 489
578 536
598 509
483 533
572 660
579 672
382 491
680 598
438 520
453 521
610 630
568 502
435 524
387 482
573 502
554 477
536 694
533 529
672 588
499 515
701 621
684 607
464 531
551 709
577 593
700 646
633 703
581 620
438 526
618 624
551 472
694 619
686 605
467 570
716 719
667 601
639 608
434 522
593 515
431 491
527 529
390 484
638 606
434 517
576 538
726 596
479 505
569 459
706 660
672 592
530 531
697 620
549 706
666 605
593 689
497 496
472 503
414 506
596 506
714 611
683 612
727 596
435 519
563 496
622 594
570 479
684 633
480 572
620 601
384 507
478 537
468 564
551 692
562 728
435 486
577 641
571 507
585 528
569 725
559 722
710 676
405 494
567 460
476 503
526 502
403 501
621 626
573 639
379 486
705 676
461 545
401 494
567 721
704 626
572 481
592 673
543 675
611 632
700 623
405 485
483 505
604 660
593 686
560 539
552 482
591 499
562 662
575 671
667 584
556 475
538 495
581 609
455 520
684 614
559 723
709 651
605 662
588 512
510 516
391 506
730 620
497 503
721 604
548 491
574 596
605 632
583 635
458 528
563 672
577 636
704 621
493 497
659 607
471 530
589 488
680 600
557 677
486 494
638 602
573 488
514 512
701 656
574 507
513 505
705 678
524 504
584 611
579 525
592 480
504 525
575 596
674 605
606 679
706 636
554 537
723 617
374 500
729 594
539 539
635 703
548 485
526 538
410 484
443 530
495 518
707 661
708 618
460 566
553 711
564 456
488 503
507 528
721 596
641 603
629 698
482 535
591 689
468 508
631 619
546 704
491 533
518 507
496 499
652 600
377 505
497 501
584 532
709 634
471 538
566 666
405 493
704 701
574 542
561 468
596 513
477 544
577 642
623 685
489 534
725 617
583 620
455 529
567 654
470 568
493 503
570 665
576 666
553 722
568 730
565 453
702 693
703 625
494 490
567 663
712 676
616 624
707 614
437 525
474 525
558 471
571 488
564 717
530 529
712 615
470 511
552 485
546 485
590 674
449 527
703 649
459 572
659 600
558 717
547 532
474 528
613 640
515 503
557 541
548 712
592 512
383 484
533 503
704 690
405 495
565 489
498 508
541 526
712 678
607 680
598 506
460 539
449 531
726 599
561 508
586 506
381 498
554 718
610 681
605 668
624 688
604 659
588 692
611 636
555 717
629 708
576 487
667 586
546 703
575 482
555 540
672 602
588 621
599 624
475 527
695 606
582 527
504 538
707 620
535 529
564 644
624 702
538 698
580 595
548 705
647 602
582 531
722 724
579 638
531 503
702 656
473 506
621 628
555 484
562 473
578 620
668 590
570 724
575 505
703 685
611 621
579 646
585 611
637 598
666 598
550 534
559 541
386 501
563 452
606 631
695 655
514 517
557 707
424 501
390 483
573 465
459 545
451 515
572 540
459 523
632 614
583 529
386 508
568 506
581 638
631 692
581 608
589 492
626 597
577 506
562 727
633 623
508 538
457 556
704 651
564 681
556 490
721 714
523 554
576 637
634 698
710 673
690 638
624 601
478 544
576 652
496 498
709 679
429 497
408 496
699 694
726 602
543 497
705 658
701 620
501 510
436 528
623 598
587 609
434 525
706 612
624 617
537 675
558 640
579 527
576 617
493 488
623 621
504 539
660 601
558 508
627 614
570 457
573 459
574 484
555 492
415 506
572 725
562 469
454 552
511 507
621 617
502 507
560 644
713 712
550 715
602 669
445 505
605 665
559 532
579 601
623 613
697 611
571 487
597 672
559 473
706 622
452 515
605 663
695 627
695 630
562 472
567 649
579 634
696 629
620 624
558 635
559 471
571 725
575 635
701 679
703 654
413 501
580 600
514 508
501 508
585 674
380 506
651 600
566 669
694 628
593 680
592 676
601 624
669 603
551 477
523 551
403 487
545 529
707 615
423 505
582 522
696 612
630 710
602 674
568 543
416 483
710 668
571 479
712 674
444 530
463 522
706 639
624 691
703 695
492 563
520 512
595 507
710 611
552 481
721 712
551 725
553 727
707 710
694 604
711 705
703 694
611 631
386 500
708 651
706 711
627 597
555 472
555 682
496 508
694 609
562 508
627 689
578 593
690 608
581 629
473 550
473 551
473 552
472 552
473 553
472 553
474 553
473 554
471 553
475 553
470 553
471 554
475 552
469 553
471 555
476 552
670 590
468 553
469 552
477 552
468 554
469 551
478 552
477 553
467 554
468 555
468 551
479 552
467 555
480 552
479 551
481 552
480 551
482 552
480 550
697 608
482 553
481 550
480 549
482 554
483 554
483 555
483 556
483 557
483 558
482 558
483 559
481 558
486 559
487 559
488 559
487 560
487 558
488 560
487 561
487 562
488 562
488 563
488 564
488 565
489 565
488 566
490 565
487 566
491 565
490 566
486 566
492 565
490 567
486 567
493 565
492 564
491 567
489 567
486 568
494 565
489 568
487 568
486 569
495 565
489 569
486 570
496 565
489 570
485 570
486 571
497 565
488 570
489 571
487 571
498 565
487 572
487 573
486 573
485 573
486 574
485 572
486 575
487 575
485 575
488 575
489 575
489 576
489 574
489 577
490 574
490 577
488 577
489 578
488 578
489 579
490 579
492 497
491 579
581 460
492 579
491 578
580 460
493 579
539 678
542 689
541 688
540 687
369 594
536 693
545 681
544 680
546 659
538 678
539 677
543 689
540 686
489 580
488 580
488 581
487 581
488 582
486 581
488 583
686 606
489 583
488 584
495 583
490 583
494 581
496 582
388 502
490 584
490 582
495 581
491 582
496 583
492 582
491 581
494 582
493 582
496 581
485 581
484 581
483 581
484 582
484 580
484 583
483 583
482 583
482 584
482 585
483 585
482 586
483 586
481 586
481 587
481 588
480 588
480 589
479 589
478 589
478 588
477 588
478 587
476 588
476 589
475 589
474 589
474 590
474 591
475 591
473 591
476 591
473 592
473 593
474 593
472 593
473 594
475 593
471 593
476 593
470 593
471 592
477 593
469 593
470 594
477 594
468 593
469 592
470 595
478 594
467 593
469 591
469 595
470 596
478 595
466 593
468 591
468 595
478 596
465 593
467 591
467 595
468 596
478 597
465 594
467 590
467 596
477 597
478 598
464 594
467 589
466 596
479 598
478 599
467 588
466 597
480 598
477 599
478 600
465 597
481 598
480 599
478 601
465 598
482 598
481 597
477 601
464 598
483 598
482 597
477 602
463 598
464 599
483 599
483 597
476 602
462 598
484 599
483 596
476 603
461 598
462 599
462 597
484 600
476 604
460 598
461 599
485 600
484 601
475 604
476 605
459 598
461 600
486 600
485 601
483 601
484 602
474 604
475 605
477 605
458 598
461 601
485 602
473 604
474 605
478 605
457 598
461 602
486 602
485 603
473 603
474 606
479 605
478 606
478 604
457 597
462 602
487 602
485 604
474 607
480 605
478 607
478 603
456 597
457 596
463 602
488 602
487 601
484 604
474 608
480 606
480 604
478 608
455 597
458 596
464 602
463 603
463 601
489 602
483 604
475 608
473 608
480 607
479 608
454 597
455 598
455 596
465 602
464 601
489 601
482 604
472 608
480 608
479 609
455 595
465 603
489 600
482 605
482 603
472 609
481 608
479 610
454 595
466 603
465 604
490 600
489 599
482 606
471 609
482 608
478 610
479 611
453 595
467 603
465 605
491 600
482 609
478 611
479 612
452 595
453 596
453 594
467 602
465 606
492 600
483 609
480 612
452 596
466 606
492 601
492 599
484 609
481 612
451 596
452 597
467 606
493 601
492 598
485 609
481 613
450 596
452 598
491 598
485 610
482 613
481 614
449 596
451 598
452 599
491 597
485 611
483 613
482 614
480 614
448 596
449 595
452 600
484 613
483 612
482 615
447 596
485 613
482 616
447 597
447 595
486 613
481 616
482 617
447 598
486 612
481 617
482 618
446 598
447 599
487 612
481 618
446 599
448 599
488 612
481 619
445 599
446 600
448 600
488 613
481 620
444 599
448 601
489 613
488 614
482 620
480 620
444 598
448 602
489 614
488 615
479 620
443 598
444 597
448 603
490 614
489 615
478 620
479 621
442 598
447 603
448 604
489 616
479 622
441 598
446 603
447 604
448 605
490 616
480 622
440 598
449 605
448 606
490 617
481 622
480 623
439 598
450 605
447 606
491 617
480 624
438 598
450 606
450 604
446 606
447 607
492 617
481 624
479 624
480 625
437 598
438 599
450 607
451 604
445 606
446 607
492 618
482 624
478 624
436 598
438 600
451 607
449 607
446 608
493 618
492 619
483 624
482 625
482 623
477 624
478 625
436 599
436 597
439 600
437 600
451 608
446 609
494 618
491 619
484 624
482 626
477 625
478 626
435 597
436 596
439 601
451 609
445 609
495 618
494 617
490 619
476 625
479 626
434 597
436 595
440 601
439 602
450 609
451 610
444 609
495 619
495 617
494 616
489 619
490 620
475 625
433 597
435 595
439 603
444 610
444 608
496 619
495 616
488 619
489 620
490 621
475 626
432 597
433 598
438 603
439 604
444 611
443 608
488 618
490 622
474 626
475 627
433 599
437 603
438 604
440 604
445 611
442 608
491 622
474 627
476 627
434 599
432 599
433 600
438 605
441 604
441 608
492 622
473 627
434 600
431 599
438 606
441 605
441 603
493 622
472 627
473 628
430 599
438 607
442 605
494 622
471 627
472 628
473 629
429 599
439 607
437 607
438 608
442 606
494 623
471 628
474 629
473 630
429 598
439 608
436 607
438 609
494 624
470 628
474 630
428 598
429 597
435 607
436 606
438 610
495 624
493 624
494 625
475 630
474 631
427 598
428 597
429 596
435 608
436 605
476 630
475 631
427 597
434 608
477 630
476 631
475 632
426 597
434 609
477 629
475 633
425 597
433 609
475 634
425 596
433 610
476 634
475 635
432 610
433 611
477 634
431 610
433 612
478 634
477 633
431 609
433 613
479 634
478 633
430 609
433 614
480 634
429 609
432 614
480 633
428 609
431 614
432 615
481 633
480 632
431 613
482 633
430 613
483 633
429 613
430 612
484 633
483 632
428 613
429 612
430 611
484 632
428 614
485 632
427 614
428 615
486 632
426 614
428 616
487 632
486 633
428 617
488 632
486 634
427 617
428 618
488 631
487 634
485 634
486 635
428 619
489 631
488 630
486 636
429 619
490 631
486 637
487 637
486 638
488 637
486 639
489 637
487 639
485 639
488 639
485 640
488 640
485 641
488 641
485 642
489 641
487 641
488 642
486 642
484 642
490 641
489 642
488 643
484 643
491 641
489 643
484 644
492 641
491 642
490 643
489 644
485 644
493 641
489 645
485 645
494 641
493 640
489 646
486 645
485 646
495 641
494 642
486 646
496 641
486 647
496 640
487 647
497 640
487 648
498 640
499 640
498 639
499 641
499 639
498 638
500 641
499 642
500 639
499 638
497 638
499 643
501 639
496 638
497 637
498 643
499 644
502 639
496 637
497 643
498 644
500 644
503 639
496 636
497 644
500 645
503 638
496 644
504 638
503 637
496 645
505 638
502 637
503 636
495 645
496 646
506 638
505 639
502 636
504 636
503 635
494 645
496 647
502 635
503 634
493 645
496 648
504 634
496 649
505 634
504 633
497 649
495 649
496 650
505 633
504 632
495 650
496 651
506 633
503 632
494 650
495 651
497 651
502 632
503 631
495 652
497 652
501 632
503 630
494 652
495 653
498 652
500 632
502 630
494 653
496 653
500 631
502 629
493 653
494 654
496 654
500 630
502 628
492 653
497 654
497 661
502 627
491 653
492 652
498 654
497 655
503 627
501 627
491 654
492 651
499 654
497 656
504 627
500 627
491 655
491 651
500 654
505 627
499 627
492 655
490 655
491 650
500 655
505 628
505 626
498 627
499 626
489 655
490 650
491 649
501 655
497 627
499 625
489 656
489 650
492 649
491 648
501 656
498 625
499 624
489 657
488 650
493 649
502 656
498 624
500 624
490 657
489 658
487 650
503 656
497 624
501 624
491 657
490 658
488 658
504 656
497 623
502 624
492 657
490 659
487 658
505 656
497 622
503 624
502 625
493 657
490 660
486 658
505 655
493 658
491 660
490 661
486 659
506 655
494 658
489 661
485 659
507 655
495 658
484 659
508 655
507 656
507 654
496 658
495 659
483 659
484 660
507 653
496 659
496 657
495 660
482 659
484 661
508 653
494 660
495 661
481 659
483 661
484 662
509 653
508 652
493 660
496 661
495 662
481 658
483 662
485 662
510 653
508 651
493 661
494 662
495 663
481 657
483 663
486 662
485 663
510 654
510 652
493 662
496 663
495 664
481 656
483 664
487 662
486 661
511 654
510 651
493 663
496 664
495 665
481 655
487 663
512 654
511 651
510 650
496 665
495 666
482 655
481 654
513 654
512 655
512 651
511 650
509 650
496 666
494 666
480 654
514 654
512 656
513 651
511 649
496 667
494 667
479 654
480 653
515 654
512 657
497 667
493 667
478 654
479 655
480 652
515 653
513 657
492 667
493 668
478 655
478 653
481 652
480 651
516 653
514 657
492 668
477 653
481 651
480 650
516 652
515 657
514 656
491 668
477 652
482 651
516 651
516 657
515 658
515 656
491 669
476 652
477 651
483 651
482 650
517 651
517 657
515 659
490 669
491 670
475 652
477 650
484 651
483 652
517 650
516 659
492 670
474 652
477 649
484 650
483 653
518 650
517 659
492 671
473 652
477 648
484 653
483 654
519 650
518 649
518 659
493 671
473 653
476 648
485 653
484 654
519 649
518 648
519 659
518 660
494 671
493 672
472 653
476 647
486 653
485 654
707 622
520 649
519 648
518 647
520 659
519 658
493 673
472 654
476 646
621 681
521 649
519 647
521 659
520 658
519 657
493 674
475 646
476 645
590 618
522 649
519 646
522 659
520 657
494 674
474 646
477 645
522 648
519 645
523 659
522 660
521 657
494 675
473 646
523 648
519 644
524 659
523 660
523 658
522 661
494 676
473 647
473 645
524 648
519 643
523 661
494 677
472 647
473 648
524 649
524 647
518 643
495 677
471 647
472 648
473 649
525 649
525 647
517 643
518 642
496 677
471 648
473 650
526 649
525 650
525 646
516 643
518 641
497 677
496 678
470 648
471 649
527 649
526 650
526 648
525 651
515 643
516 644
516 642
517 641
498 677
497 678
496 679
469 648
471 650
527 650
524 651
514 643
516 645
517 640
499 677
496 680
468 648
470 650
527 651
523 651
517 639
499 678
499 676
497 680
495 680
467 648
469 650
528 651
527 652
522 651
518 639
500 678
499 679
497 681
494 680
467 649
467 647
528 652
522 652
519 639
501 678
500 679
493 680
467 646
529 652
522 653
520 639
519 638
502 678
493 681
466 646
467 645
530 652
523 653
521 653
521 639
520 640
519 637
503 678
492 681
465 646
468 645
524 653
521 638
520 637
503 679
503 677
492 682
521 637
504 679
504 677
503 676
491 682
492 683
522 637
505 679
504 680
503 675
490 682
492 684
523 637
506 679
504 675
503 674
489 682
491 684
524 637
505 675
504 674
502 674
488 682
489 681
490 684
524 638
524 636
506 675
505 676
505 674
487 682
488 683
489 680
489 684
525 638
524 635
507 675
486 682
488 684
489 685
526 638
525 635
508 675
485 682
486 683
486 681
488 685
489 686
527 638
526 637
525 634
508 676
508 674
484 682
485 683
528 638
525 633
509 676
508 673
483 682
484 683
485 684
526 633
524 633
525 632
510 676
509 673
507 673
483 683
483 681
527 633
526 632
524 632
511 676
507 672
483 680
528 633
526 631
523 632
511 677
511 675
483 679
527 631
526 630
522 632
523 631
511 674
483 678
528 631
527 630
526 629
522 631
512 674
483 677
529 631
512 673
484 677
529 630
513 673
512 672
484 676
529 629
513 672
484 675
528 629
514 672
485 675
483 675
528 628
515 672
486 675
527 628
528 627
516 672
515 671
486 676
486 674
527 627
529 627
516 673
516 671
486 677
486 673
530 627
517 673
516 670
487 677
486 678
485 673
486 672
531 627
530 628
530 626
518 673
488 677
484 673
486 671
531 626
530 625
519 673
489 677
483 673
485 671
486 670
529 625
530 624
520 673
519 674
490 677
483 672
484 671
486 669
528 625
529 624
531 624
530 623
521 673
520 674
519 675
491 677
482 672
483 671
486 668
529 623
532 624
530 622
521 674
518 675
482 671
486 667
528 623
529 622
533 624
530 621
517 675
482 670
487 667
485 667
486 666
527 623
533 625
530 620
516 675
517 676
482 669
488 667
485 666
486 665
527 624
534 625
531 620
515 675
517 677
483 669
481 669
482 668
488 668
535 625
531 619
516 677
536 625
535 626
531 618
516 678
535 627
532 618
530 618
516 679
535 628
532 617
529 618
530 617
516 680
535 629
532 616
529 617
517 680
515 680
536 629
533 616
531 616
528 617
518 680
517 681
515 681
536 630
531 615
528 616
518 679
515 682
537 630
531 614
528 615
516 682
538 630
537 631
530 614
528 614
516 683
539 630
537 632
528 613
516 684
540 630
536 632
528 612
515 684
516 685
540 631
540 629
535 632
514 684
517 685
516 686
541 631
540 628
535 633
535 631
516 687
542 631
541 632
541 628
539 628
535 634
534 631
515 687
516 688
542 632
542 630
536 634
534 630
514 687
515 688
517 688
542 633
542 629
536 635
513 687
514 688
517 689
543 633
542 634
543 629
512 687
513 686
514 689
517 690
544 633
543 634
543 628
512 688
513 689
514 690
518 690
544 634
543 635
512 689
519 690
544 635
512 690
520 690
519 691
544 636
511 690
512 691
520 689
519 692
545 636
544 637
510 690
511 691
512 692
521 689
520 688
519 693
546 636
544 638
510 691
512 693
522 689
521 688
519 694
547 636
543 638
544 639
512 694
522 690
518 694
548 636
544 640
512 695
523 690
545 640
543 640
513 695
524 690
546 640
545 641
542 640
513 696
525 690
546 641
541 640
542 641
514 696
526 690
525 689
541 639
542 642
515 696
527 690
526 689
541 642
515 697
515 695
527 691
526 688
540 642
515 698
516 695
528 691
527 692
527 688
526 687
539 642
540 643
515 699
529 691
526 692
527 687
525 687
540 644
529 692
703 636
527 686
541 644
530 692
484 656
527 685
541 645
484 655
528 685
526 685
527 684
528 687
529 687
530 687
531 687
530 686
532 687
533 687
532 686
533 686
532 685
534 686
531 685
532 684
533 684
532 683
532 682
531 682
532 681
530 682
533 681
532 680
534 681
535 681
534 682
535 682
535 680
536 682
535 683
536 683
536 684
537 684
538 684
537 685
538 683
537 686
539 683
538 686
537 687
540 683
537 688
540 682
538 688
537 689
540 681
538 689
536 689
537 690
541 681
540 680
539 689
535 689
537 691
542 681
539 680
540 689
539 690
537 692
543 681
542 680
539 679
541 689
540 688
536 692
373 496
374 496
372 496
371 496
370 496
371 497
369 496
369 497
369 495
368 497
369 498
368 495
370 498
369 499
368 499
369 500
367 499
370 500
366 499
366 500
365 500
364 500
363 500
362 500
362 501
361 501
362 502
362 503
362 504
361 504
360 504
360 505
359 505
358 505
358 506
357 506
356 506
357 507
355 506
356 505
355 507
356 504
354 507
355 508
357 504
355 504
356 503
355 509
357 503
356 502
356 509
355 510
357 502
357 509
357 501
357 510
357 500
357 511
356 500
357 499
356 511
355 500
356 499
358 499
356 512
354 500
355 499
356 513
354 499
357 513
355 513
353 499
357 514
354 513
352 499
353 498
357 515
353 513
354 514
354 512
353 497
356 515
353 514
353 512
353 496
356 516
352 514
352 496
351 514
351 496
350 514
351 513
351 495
350 515
351 494
349 515
350 516
350 494
349 516
351 516
349 494
350 493
349 517
349 495
350 492
349 518
349 496
351 492
350 518
349 519
348 496
349 497
351 491
349 520
349 498
351 490
349 521
348 498
349 499
352 490
350 490
348 521
347 498
348 499
350 499
349 500
353 490
352 489
347 521
348 522
347 499
347 497
350 500
349 501
354 490
353 491
352 488
346 521
347 522
348 523
346 499
346 497
351 500
353 488
351 488
345 521
346 520
348 524
345 499
353 487
344 521
349 524
348 525
344 499
345 500
353 486
344 522
347 525
348 526
344 498
345 501
352 486
353 485
343 522
347 526
348 527
343 498
353 484
342 522
349 527
348 528
342 498
353 483
342 521
350 527
347 528
341 498
342 497
354 483
351 527
346 528
340 498
342 496
355 483
354 482
352 527
346 529
339 498
342 495
355 482
354 481
353 527
352 528
346 530
339 499
339 497
341 495
356 482
354 480
352 529
345 530
346 531
338 499
339 500
338 497
341 494
356 481
353 480
354 479
353 529
351 529
345 531
347 531
337 499
338 500
340 500
353 479
354 478
354 529
344 531
345 532
666 589
336 499
338 501
340 501
355 478
355 529
343 531
345 533
340 452
343 456
335 499
340 502
356 478
355 530
345 534
344 455
334 499
340 503
357 478
356 530
355 531
344 534
342 449
334 500
334 498
341 503
339 503
340 504
358 478
357 479
357 477
357 530
355 532
343 534
344 535
340 451
334 501
333 498
341 504
340 505
357 476
358 530
357 531
357 529
354 532
343 535
343 533
343 455
334 502
333 497
342 504
339 505
340 506
357 475
359 530
358 529
357 528
353 532
342 450
341 451
335 502
333 502
333 496
343 504
338 505
340 507
357 474
360 530
359 529
356 528
352 532
343 454
342 451
333 503
333 495
344 504
343 505
343 503
339 507
358 474
357 473
360 529
356 527
351 532
352 533
352 531
343 453
332 503
333 494
345 504
343 506
339 508
359 474
356 473
357 472
356 526
352 534
342 452
331 503
334 494
332 494
346 504
345 503
344 506
339 509
356 472
352 535
343 452
344 452
330 503
331 504
331 494
347 504
345 506
340 509
339 510
356 471
352 536
345 452
329 503
331 505
330 494
331 495
348 504
347 505
346 506
345 507
338 510
355 471
365 371
329 502
332 505
331 506
330 493
348 505
347 506
337 510
338 511
354 471
367 371
328 502
331 507
348 506
347 507
336 510
337 511
353 471
351 378
327 502
328 501
331 508
347 508
352 471
353 472
353 470
350 379
366 371
326 502
327 501
330 508
348 508
346 508
352 470
353 473
353 469
367 372
354 382
325 502
348 509
346 509
351 470
354 469
351 379
351 381
324 502
325 503
350 470
355 469
354 468
366 372
324 501
325 504
349 470
350 471
356 469
354 467
353 382
323 501
324 500
325 505
349 469
354 466
352 381
322 501
325 500
324 499
325 506
348 469
349 468
351 380
366 373
322 502
322 500
326 500
325 499
347 469
337 350
321 502
322 503
321 500
322 499
325 498
346 469
353 381
321 503
322 504
320 500
322 498
326 498
346 468
352 380
359 381
322 505
319 500
327 498
326 497
345 468
346 467
365 373
336 350
323 505
321 505
318 500
319 499
328 498
327 499
326 496
344 468
345 467
347 467
353 380
359 378
320 505
321 506
317 500
318 499
325 496
326 495
343 468
345 466
347 466
359 380
320 506
320 504
321 507
317 501
318 498
324 496
342 468
343 469
348 466
347 465
360 379
320 507
316 501
317 498
324 495
341 468
343 470
347 464
364 373
319 507
315 501
323 495
341 467
344 470
342 470
347 463
336 351
354 380
318 507
314 501
322 495
323 494
340 467
348 463
359 379
317 507
314 500
323 493
339 467
349 463
348 462
363 373
336 352
316 507
314 499
322 493
338 467
339 466
349 462
354 379
357 380
315 499
314 498
321 493
322 492
338 468
349 461
358 379
362 373
316 499
314 497
320 493
337 468
349 460
337 352
355 379
315 497
314 496
319 493
320 492
336 468
337 469
349 459
357 379
361 373
361 375
313 496
319 492
335 468
337 470
349 458
362 374
338 352
356 379
334 468
350 458
348 458
360 375
334 469
334 467
350 457
347 458
361 374
340 351
334 470
333 467
334 466
351 457
350 456
347 459
339 352
334 471
332 467
334 465
352 457
350 455
347 460
356 378
334 472
332 466
333 465
334 464
351 455
346 460
360 374
334 473
332 465
335 464
352 455
346 461
340 352
356 377
335 473
332 464
335 463
352 454
346 462
359 374
340 353
339 354
336 473
331 464
335 462
352 453
356 376
358 374
340 354
337 473
330 464
331 463
336 462
335 461
353 453
356 375
357 374
340 355
356 374
357 373
337 474
337 472
330 465
330 463
335 460
354 453
353 452
341 355
356 373
357 372
342 355
338 474
337 475
330 462
335 459
353 451
341 356
353 375
356 372
349 367
342 356
339 474
338 475
336 475
337 476
329 462
334 459
354 451
352 451
353 374
356 371
349 368
348 369
342 357
335 475
337 477
328 462
355 451
351 451
352 374
351 373
353 373
355 371
349 369
343 357
352 373
334 475
338 477
327 462
328 461
355 450
350 451
351 452
351 450
354 371
350 369
343 358
362 368
352 372
333 475
326 462
356 450
349 451
350 452
350 450
353 371
350 370
344 358
362 369
352 371
351 370
345 358
332 475
326 461
357 450
348 451
349 450
350 449
344 359
361 367
361 369
352 370
346 358
331 475
332 476
325 461
326 460
357 451
347 451
348 450
349 449
345 359
360 367
360 369
352 369
330 475
332 477
326 459
358 451
357 452
346 451
347 452
348 449
349 448
346 359
345 360
357 369
360 368
330 476
330 474
331 477
325 459
326 458
359 451
357 453
345 451
346 450
347 453
348 448
349 447
352 368
346 360
358 369
359 368
331 478
324 459
327 458
326 457
360 451
359 452
503 506
345 450
347 454
350 447
352 367
348 359
347 360
358 368
331 479
323 459
326 456
361 451
346 380
345 449
347 455
351 447
350 446
357 367
352 366
349 365
348 360
332 479
331 480
322 459
323 460
323 458
326 455
361 452
347 380
346 455
352 447
346 362
358 367
359 366
333 479
332 480
331 481
322 460
325 455
326 454
362 452
348 380
348 379
346 456
351 366
350 365
348 361
333 478
330 481
321 460
324 455
326 453
363 452
347 378
348 378
346 457
347 362
358 366
320 460
326 452
364 452
363 453
363 451
348 377
349 377
351 376
351 365
352 364
319 460
320 459
325 452
363 454
350 377
365 370
351 377
352 378
349 361
348 362
358 365
318 460
319 461
319 459
325 451
364 454
350 378
366 370
351 364
349 362
357 365
319 462
319 458
325 450
365 454
364 455
356 364
318 462
319 463
318 458
319 457
326 450
325 449
358 364
317 462
318 463
319 456
324 449
351 363
350 362
317 463
318 456
319 455
324 448
357 364
359 362
317 464
319 454
324 447
351 362
357 363
317 465
320 454
324 446
358 362
317 466
320 453
325 446
323 446
352 362
357 362
317 467
326 446
325 445
322 446
323 445
353 362
356 362
354 362
353 361
316 467
327 446
326 445
325 444
321 446
322 447
322 445
355 362
354 361
355 361
315 467
316 468
327 445
325 443
321 447
321 445
322 448
355 360
356 359
314 467
325 442
321 448
320 445
321 444
322 449
352 357
355 359
314 468
314 466
326 442
325 441
320 448
320 444
322 450
353 355
352 356
358 351
355 358
313 468
325 440
320 449
323 450
322 451
353 356
357 351
355 357
354 356
360 351
357 352
312 468
313 469
326 440
325 439
320 450
355 356
360 352
356 352
355 355
359 352
311 468
313 470
327 440
319 450
356 353
355 354
359 353
310 468
311 469
312 470
313 471
328 440
327 441
327 439
318 450
356 354
358 353
357 354
358 354
309 468
310 467
313 472
329 440
327 438
317 450
318 451
359 356
358 355
359 355
310 466
312 472
313 473
330 440
329 441
327 437
316 450
318 452
365 358
360 355
364 358
361 355
311 466
309 466
312 473
313 474
329 442
327 436
315 450
316 451
317 452
364 357
363 354
362 355
364 354
311 473
314 474
329 443
327 435
314 450
316 452
364 356
363 355
370 359
364 355
311 474
315 474
314 475
330 443
328 435
326 435
327 434
313 450
314 449
315 452
370 358
372 358
365 355
371 358
365 350
366 355
310 474
330 444
329 435
328 434
327 433
312 450
313 451
369 357
371 357
372 356
366 350
366 354
369 356
371 356
310 475
330 445
330 435
329 436
328 433
326 433
312 451
312 449
367 350
366 353
370 356
368 350
367 353
370 355
309 475
331 435
329 437
325 433
326 432
311 451
368 351
367 352
370 354
368 352
371 353
309 476
332 435
331 436
324 433
311 452
370 353
369 352
371 352
370 352
370 351
374 354
370 350
309 477
332 434
324 434
324 432
310 452
311 453
427 373
374 353
373 352
372 349
371 350
426 367
426 373
427 372
309 478
332 433
323 434
324 431
309 452
310 453
311 454
376 352
374 352
373 349
372 350
426 368
427 369
426 372
427 371
375 352
310 478
308 478
333 433
322 434
324 430
308 452
309 453
309 451
312 454
374 351
373 350
426 369
426 371
375 351
374 350
311 478
310 479
334 433
333 432
321 434
323 430
309 454
313 454
312 455
426 370
375 350
413 366
422 369
310 480
334 434
334 432
333 431
322 430
314 454
312 456
424 369
425 370
379 365
376 350
310 481
334 435
335 432
333 430
322 431
311 456
413 367
423 369
424 370
375 366
378 365
336 432
334 430
332 430
321 431
322 432
376 349
414 367
423 370
376 366
377 365
377 347
337 432
331 430
320 431
377 349
376 348
415 367
421 371
423 371
337 433
337 431
330 430
320 432
320 430
423 375
424 374
376 365
372 363
378 349
377 348
337 434
338 431
337 430
329 430
330 429
319 432
415 368
422 371
423 374
373 359
376 364
374 364
339 431
337 429
328 430
318 432
319 433
373 363
378 348
416 368
339 432
337 428
328 429
318 433
318 431
422 372
422 374
423 373
373 360
340 432
336 428
337 427
328 428
317 433
318 434
318 430
375 364
374 363
379 348
341 432
340 433
318 435
317 430
416 369
422 373
375 359
342 432
341 431
317 435
316 430
374 360
375 363
374 362
343 432
342 433
341 430
317 436
315 430
316 431
380 348
416 370
421 373
375 360
375 362
344 432
343 431
342 434
340 430
317 437
314 430
315 431
381 348
416 371
420 373
375 361
382 348
344 431
316 437
314 431
314 429
315 432
416 372
419 377
420 374
376 361
383 348
417 372
344 430
316 438
313 431
313 429
419 376
420 375
377 361
383 347
388 344
417 373
345 430
344 429
316 439
313 432
312 429
419 375
377 360
383 346
387 344
417 374
418 375
346 430
345 429
343 429
344 428
315 439
316 440
312 432
312 428
377 359
383 345
387 345
387 347
417 375
377 358
346 431
343 428
317 440
316 441
312 427
384 345
387 346
417 376
347 431
346 432
342 428
318 440
316 442
313 427
376 358
385 345
386 346
412 376
348 431
341 428
342 427
319 440
315 442
313 426
416 376
376 357
385 346
413 376
349 431
320 440
315 443
313 425
415 376
376 356
375 355
385 347
386 348
350 431
349 432
349 430
321 440
315 444
314 425
312 425
414 376
376 355
385 348
383 350
414 377
351 431
349 433
314 444
314 424
413 378
376 354
385 349
384 350
383 351
352 431
351 432
349 434
314 423
414 378
377 354
385 350
384 351
414 379
378 354
352 432
352 430
351 433
349 435
313 423
386 350
385 351
414 380
379 354
352 433
352 429
348 435
349 436
312 423
313 422
388 351
386 351
389 352
390 353
413 380
379 353
387 351
386 352
353 433
352 434
352 428
311 423
312 422
313 421
389 353
411 381
413 381
379 352
380 359
387 352
354 433
352 427
311 424
313 420
388 353
412 381
413 382
413 384
380 352
380 358
387 353
355 433
354 434
353 427
351 427
310 424
313 419
412 382
413 383
381 352
381 358
387 354
412 383
381 353
381 357
386 354
410 384
411 383
356 433
354 435
354 427
351 426
314 419
312 419
381 354
381 356
386 355
410 383
381 355
385 355
390 362
357 433
355 435
355 427
314 418
311 419
312 418
410 382
382 355
384 355
389 360
358 433
355 436
356 427
355 428
355 426
310 419
312 417
389 362
409 382
408 387
383 355
384 356
358 432
356 436
355 425
312 416
389 361
408 382
408 386
358 431
357 436
356 425
355 424
312 415
383 356
388 361
408 383
407 386
383 357
387 361
359 431
358 436
357 437
312 414
407 383
407 385
383 358
385 362
386 361
383 386
360 431
359 436
313 414
312 413
381 384
406 383
406 385
361 431
360 430
360 436
359 435
314 414
312 412
383 359
385 361
383 385
382 384
405 385
362 431
360 437
315 414
312 411
406 384
383 360
384 361
386 387
363 431
362 432
361 437
315 415
313 411
383 384
405 384
383 361
381 363
386 386
384 384
364 431
363 430
316 415
313 410
401 385
404 384
383 362
382 363
385 364
387 386
385 384
364 430
314 410
402 385
404 383
383 363
384 364
387 385
386 384
365 430
314 409
404 380
402 384
403 383
383 364
365 429
315 409
387 384
403 380
402 383
383 365
366 429
365 428
316 409
315 408
388 384
401 379
402 380
401 383
394 380
383 366
388 383
367 429
366 428
364 428
317 409
315 407
401 380
401 382
395 380
383 367
388 382
389 381
401 381
395 379
385 366
384 367
388 381
367 430
367 428
363 428
316 407
314 407
400 381
397 378
396 379
385 367
387 381
388 380
399 381
367 427
362 428
316 406
313 407
397 379
385 368
387 380
399 380
398 379
385 369
386 380
399 379
412 405
368 427
367 426
317 406
316 405
386 369
388 369
385 380
399 378
413 405
369 427
366 426
318 406
316 404
387 369
385 375
385 379
400 378
415 404
370 427
315 404
413 404
387 370
385 372
385 376
371 427
314 404
385 378
400 377
414 404
413 403
371 428
314 403
387 371
386 372
386 376
385 377
400 376
414 403
372 428
371 429
313 403
314 402
389 370
390 371
387 372
387 376
387 378
386 377
373 428
370 429
312 403
314 401
393 374
398 375
399 376
414 402
389 371
388 372
373 427
370 430
311 403
314 400
387 377
394 374
398 376
414 401
419 400
389 372
388 377
395 374
374 427
370 431
310 403
315 400
314 399
397 376
415 401
419 399
389 373
389 377
375 427
371 431
369 431
370 432
310 404
310 402
316 400
315 399
395 375
396 376
415 400
418 399
389 374
376 427
375 426
371 432
309 402
316 401
316 399
315 398
389 376
395 376
416 400
417 399
390 374
377 427
376 428
375 425
309 401
316 398
315 397
389 375
394 376
416 399
378 427
309 400
317 398
315 396
391 374
390 375
393 376
416 398
419 397
379 427
378 428
308 400
318 398
315 395
391 375
392 376
412 395
417 392
418 393
416 397
380 427
379 426
378 429
308 399
319 398
316 395
314 395
419 396
420 395
391 376
412 396
417 393
417 397
419 395
380 428
380 426
378 430
307 399
319 397
316 394
314 394
391 377
413 396
417 394
381 426
380 425
306 399
320 397
317 394
316 393
313 394
314 393
417 396
418 395
382 426
305 399
321 397
320 396
317 393
312 394
313 393
391 378
383 426
382 427
304 399
305 398
321 398
320 395
317 392
311 394
384 426
303 399
305 397
322 398
321 399
321 395
320 394
317 391
385 426
384 427
303 400
305 396
323 398
322 399
320 393
318 391
316 391
386 426
385 425
305 395
324 398
319 393
320 392
316 390
387 426
306 395
304 395
324 399
321 392
387 425
304 394
324 400
322 392
388 425
304 393
324 401
323 392
322 393
388 424
304 392
323 393
389 424
388 423
304 391
324 393
390 424
387 423
388 422
304 390
325 393
391 424
390 425
386 423
388 421
305 390
304 389
326 393
325 392
391 423
387 421
304 388
326 394
326 392
392 423
391 422
303 388
304 387
326 395
393 423
392 422
302 388
303 387
304 386
394 423
393 424
305 386
394 422
393 425
395 422
393 426
396 422
394 426
397 422
398 422
397 423
399 422
400 422
399 423
400 421
399 424
401 421
400 420
400 424
402 421
399 420
400 419
401 424
402 422
401 419
402 424
401 425
402 423
402 419
401 418
403 424
401 426
403 419
401 417
401 427
403 420
403 418
400 417
401 416
401 428
404 420
399 417
400 428
405 420
398 417
400 429
397 417
398 418
400 430
396 417
397 418
401 430
396 416
397 419
401 431
395 416
402 431
401 432
395 415
403 431
401 433
394 415
395 414
404 431
402 433
400 433
401 434
396 414
395 413
405 431
399 433
401 435
397 414
394 413
395 412
406 431
405 432
399 432
402 435
398 414
393 413
406 432
399 431
402 436
399 414
392 413
398 431
402 437
399 415
399 413
392 412
398 430
402 438
400 413
399 412
392 411
398 429
401 413
391 411
392 410
402 413
391 410
393 410
403 413
391 409
393 409
403 414
403 412
390 409
391 408
404 414
403 415
403 411
389 409
391 407
404 415
388 409
391 406
404 416
387 409
388 408
392 406
404 417
386 409
393 406
405 417
385 409
386 410
394 406
384 409
385 408
394 405
384 410
384 408
395 405
394 404
384 411
383 408
394 403
384 412
395 403
394 402
383 412
396 403
395 402
393 402
382 412
397 403
395 401
382 413
397 402
396 401
382 414
398 402
381 414
399 402
380 414
400 402
399 401
379 414
399 400
378 414
398 400
378 415
398 399
378 416
397 399
398 398
379 416
377 416
396 399
398 397
376 416
377 417
396 398
397 397
376 415
377 418
395 398
396 397
397 396
375 415
376 414
377 419
394 398
395 397
397 395
374 415
378 419
376 419
393 398
395 396
397 394
373 415
379 419
378 420
376 420
393 399
393 397
395 395
398 394
373 416
379 420
379 418
378 421
375 420
393 400
393 396
399 394
398 393
373 417
380 418
378 422
393 395
400 394
399 395
399 393
398 392
374 417
373 418
380 417
377 422
378 423
392 395
393 394
400 395
399 392
398 391
375 417
372 418
376 422
379 423
378 424
391 395
393 393
401 395
399 391
372 419
376 423
394 393
401 396
400 391
371 419
375 423
395 393
401 391
370 419
396 393
395 392
402 391
369 419
395 391
403 391
402 390
368 419
394 391
395 390
403 392
402 389
367 419
394 390
395 389
404 392
403 393
403 389
367 418
393 390
394 389
395 388
405 392
402 393
403 394
403 388
367 417
392 390
394 388
396 388
395 387
406 392
404 394
367 416
392 389
393 388
396 387
395 386
407 392
406 391
405 394
404 395
368 416
367 415
393 387
397 387
396 386
408 392
407 393
407 391
405 395
404 396
369 416
366 415
392 387
396 385
409 392
408 393
369 415
366 414
392 386
397 385
396 384
409 393
409 391
365 414
391 386
410 393
409 394
410 391
390 386
391 385
411 393
390 385
391 384
412 393
391 383
413 393
412 392
392 383
391 382
414 393
413 392
412 391
393 383
392 382
415 393
412 390
394 383
393 384
393 382
392 381
415 394
413 390
394 382
392 380
415 395
414 390
395 382
392 379
416 395
415 396
415 390
414 391
391 379
417 395
414 396
415 391
347 532
348 532
347 533
347 534
347 535
347 536
347 537
348 537
347 538
346 538
347 539
348 539
348 540
349 540
348 541
347 541
347 542
347 543
346 543
345 543
346 544
345 544
345 542
344 544
345 541
344 545
344 546
344 547
345 547
343 547
343 548
343 549
344 549
343 550
342 550
343 551
344 551
343 552
344 552
344 553
344 554
343 554
344 555
344 556
343 556
344 557
342 556
343 557
341 556
343 558
340 556
342 558
340 557
340 555
341 558
339 557
340 558
341 559
341 560
342 560
340 560
343 560
343 561
343 562
342 562
343 563
342 563
344 563
343 564
341 563
345 563
343 565
340 563
341 564
346 563
342 565
343 566
339 563
347 563
344 566
343 567
338 563
348 563
347 562
345 566
342 567
338 564
349 563
347 561
346 566
342 568
337 564
338 565
349 562
347 566
346 567
346 565
341 568
336 564
339 565
350 562
348 566
341 569
335 564
336 565
336 563
350 561
349 566
340 569
341 570
334 564
335 563
336 566
350 560
340 570
333 564
350 559
339 570
340 571
333 563
351 559
349 559
340 572
333 562
352 559
349 558
340 573
334 562
353 559
349 557
339 573
334 561
353 560
338 573
339 574
353 561
337 573
339 575
354 561
337 572
339 576
355 561
337 571
356 561
337 570
357 561
356 562
337 569
357 562
336 569
337 568
358 562
359 562
360 562
359 561
360 563
360 561
361 563
360 564
360 565
359 565
360 566
358 565
359 566
361 566
360 567
359 567
362 566
361 567
362 567
361 568
363 567
361 569
364 567
362 569
360 569
361 570
365 567
364 568
364 566
363 569
359 569
361 571
366 567
365 566
364 565
358 569
360 571
367 567
357 569
359 571
368 567
357 570
357 568
359 572
368 566
357 567
359 573
369 566
357 566
360 573
358 573
369 565
361 573
357 573
358 574
370 565
369 564
362 573
356 573
371 565
368 564
369 563
363 573
355 573
356 574
371 564
367 564
369 562
364 573
363 572
354 573
356 575
372 564
366 564
369 561
364 574
354 572
357 575
373 564
369 560
364 575
354 571
357 576
373 565
373 563
369 559
365 575
363 575
364 576
353 571
374 565
373 562
368 559
366 575
365 576
362 575
363 576
352 571
375 565
374 562
372 562
373 561
368 558
367 575
366 574
361 575
363 577
373 560
368 557
367 576
366 573
361 576
363 578
374 560
367 557
368 556
360 576
374 559
366 557
368 555
359 576
374 558
366 558
366 556
369 555
359 577
375 558
373 558
366 559
370 555
369 554
359 578
373 557
365 559
371 555
369 553
360 578
373 556
365 560
371 556
371 554
368 553
360 579
364 560
365 561
372 554
371 553
368 552
360 580
371 552
367 552
361 580
371 551
366 552
362 580
361 581
371 550
365 552
362 581
371 549
365 553
363 581
371 548
365 554
364 581
372 548
371 547
365 581
364 582
364 580
373 548
371 546
366 581
365 580
364 583
374 548
373 549
370 546
367 581
363 583
364 584
375 548
374 547
368 581
367 582
365 584
364 585
376 548
375 549
374 546
369 581
366 584
363 585
377 548
376 547
375 550
375 546
374 545
369 580
375 551
373 545
370 580
376 551
374 551
373 544
371 580
376 552
374 552
372 544
371 579
377 552
373 552
374 553
372 543
371 578
378 552
373 553
372 542
372 578
371 577
378 551
373 542
371 542
372 577
371 576
379 551
378 550
374 542
370 542
371 541
373 577
379 550
369 542
371 540
374 577
380 550
379 549
368 542
369 541
372 540
371 539
375 577
374 576
380 549
367 542
369 540
371 538
375 578
374 575
381 549
367 543
367 541
369 539
372 538
375 579
374 574
381 548
366 543
367 544
366 541
367 540
368 539
369 538
373 538
376 579
375 580
375 574
366 544
368 544
367 539
373 539
377 579
376 580
374 580
368 545
367 538
377 580
377 578
368 546
366 538
367 537
377 581
378 578
368 547
367 536
377 582
369 547
367 547
367 535
378 582
376 582
377 583
368 535
366 535
367 534
379 582
375 582
376 583
365 535
379 581
376 584
364 535
365 536
365 534
380 581
375 584
363 535
365 537
365 533
375 585
362 535
363 536
364 537
365 532
374 585
375 586
362 534
363 537
366 532
365 531
373 585
374 586
375 587
362 537
367 532
366 531
372 585
373 584
376 587
361 537
366 530
372 586
377 587
361 538
366 529
372 587
378 587
361 539
367 529
365 529
366 528
371 587
372 588
379 587
360 539
361 540
368 529
367 528
365 528
366 527
370 587
371 588
373 588
380 587
379 588
362 540
361 541
366 526
371 589
374 588
381 587
379 589
360 541
367 526
365 526
370 589
374 589
382 587
381 586
380 589
379 590
359 541
369 589
374 590
382 588
382 586
358 541
368 589
374 591
383 588
382 585
367 589
374 592
383 589
382 584
366 589
383 590
383 584
382 583
365 589
366 590
383 591
384 584
381 583
382 582
364 589
365 590
383 592
385 584
381 582
382 581
364 588
365 591
384 592
382 592
386 584
383 581
363 588
364 591
365 592
385 592
382 593
386 585
384 581
383 580
365 593
386 592
386 586
384 580
383 579
366 593
365 594
387 592
386 593
384 579
364 594
365 595
388 592
387 591
386 594
363 594
365 596
389 592
362 594
366 596
364 596
365 597
389 593
361 594
367 596
366 597
364 597
365 598
390 593
361 595
361 593
368 596
366 598
364 598
365 599
391 593
368 595
366 599
392 593
369 595
393 593
517 658
