381 414
713 456
510 389
515 545
610 503
716 456
489 391
416 424
501 517
713 414
442 446
412 649
713 405
435 622
448 439
391 657
493 394
432 363
407 627
481 414
415 636
622 527
518 529
382 640
500 522
601 460
451 432
728 444
515 504
423 640
509 547
729 514
425 389
615 506
705 490
399 403
519 566
476 408
512 568
604 538
505 513
504 389
465 583
483 566
394 401
391 412
478 579
455 563
614 473
726 447
414 635
424 434
622 494
423 443
702 466
698 466
449 601
494 397
697 395
399 397
606 507
499 536
386 642
622 524
496 526
666 466
434 590
641 502
441 437
498 490
661 510
516 534
709 430
607 520
696 396
643 481
376 411
697 491
406 385
626 528
414 392
626 493
425 439
487 544
435 592
732 504
466 583
504 391
486 545
442 448
438 451
489 487
502 532
411 376
425 353
655 472
431 421
716 427
395 409
636 502
424 392
427 452
378 423
691 502
722 447
716 407
691 499
620 461
602 518
699 473
393 414
521 525
653 487
485 517
510 384
619 461
405 381
416 351
509 548
699 493
438 347
528 562
697 494
496 538
476 581
528 608
525 562
487 560
498 396
514 513
658 517
486 518
731 506
661 516
651 484
490 397
665 501
519 525
439 598
478 585
475 575
634 476
527 608
425 432
693 471
622 528
451 429
716 495
509 392
422 648
695 467
507 566
480 575
724 460
517 511
611 457
503 504
507 467
617 508
401 644
608 464
706 405
677 504
475 565
448 581
434 434
478 589
416 366
675 495
453 585
421 642
652 490
506 514
588 536
525 555
712 486
507 616
609 480
720 455
424 428
398 632
620 498
461 570
695 492
508 384
432 365
661 449
414 643
486 387
440 605
723 427
482 601
659 459
426 598
441 443
487 566
694 493
507 525
731 439
415 642
598 532
502 513
638 503
598 455
383 414
407 428
459 576
507 565
713 490
468 552
511 382
680 519
625 531
680 505
509 617
518 607
501 538
653 450
706 501
620 535
495 567
650 486
431 422
711 484
624 494
726 460
509 628
427 632
589 540
711 429
486 487
662 450
601 537
497 631
605 461
419 437
702 469
500 505
501 543
604 467
419 440
476 423
714 420
662 457
494 516
427 438
433 607
489 506
655 478
603 513
514 537
522 521
484 395
416 640
459 581
487 390
513 396
410 392
720 444
634 475
492 394
411 393
499 535
377 412
498 613
522 610
624 479
496 394
663 469
392 412
384 644
700 495
517 607
406 422
490 482
502 505
436 591
617 505
612 546
718 500
390 417
640 510
723 504
459 580
496 395
734 452
457 430
610 459
503 499
721 511
592 530
697 475
421 435
599 455
384 414
489 488
467 432
597 540
373 418
725 485
446 580
633 506
463 587
719 511
407 420
526 536
397 405
613 470
637 502
658 508
488 388
491 405
429 621
421 643
700 399
712 504
708 468
518 507
674 497
462 424
451 428
415 639
717 424
714 425
391 658
378 422
405 404
484 566
512 489
452 563
410 427
681 518
414 638
496 491
692 467
601 527
493 606
483 405
490 542
612 466
483 595
666 512
435 361
498 495
528 537
386 651
405 405
454 581
633 491
463 436
476 425
461 430
517 503
450 581
607 547
626 494
646 478
411 403
713 419
438 450
427 423
502 489
716 506
430 626
475 582
505 612
491 602
390 415
640 506
423 433
452 589
397 404
615 460
680 508
487 535
650 512
714 410
513 506
403 657
416 393
488 385
436 605
426 386
408 279
466 433
426 453
599 457
624 527
499 537
622 462
488 536
524 565
475 591
693 501
709 466
659 474
717 493
380 420
489 405
375 411
460 573
685 499
461 425
437 420
407 650
496 566
408 412
495 489
602 519
411 632
494 610
718 425
391 654
711 492
624 531
476 589
378 643
469 417
475 584
406 628
710 502
512 486
494 407
420 354
683 499
617 535
652 513
718 491
421 637
478 418
502 632
516 610
705 489
419 436
736 451
502 539
661 471
616 473
661 470
509 555
727 450
390 414
602 515
713 410
625 476
724 428
377 414
475 596
507 473
720 425
476 566
591 526
589 541
459 424
493 607
413 374
448 433
375 410
506 491
454 437
473 426
727 455
401 405
495 558
413 657
715 490
714 494
507 475
506 512
415 657
706 404
615 453
617 534
601 508
503 502
478 587
495 562
630 535
433 344
643 508
510 382
658 466
660 470
427 340
728 430
500 488
422 652
431 618
626 531
722 495
632 534
503 397
498 530
717 500
424 641
424 431
430 457
712 423
510 475
658 501
472 604
513 476
510 538
436 436
692 491
658 490
731 456
462 587
453 581
677 495
653 451
462 451
380 643
439 443
482 388
665 519
493 407
652 449
437 593
490 486
604 506
665 508
613 439
426 450
665 503
701 484
708 429
439 604
411 278
419 435
408 418
457 435
501 507
433 596
495 564
446 430
415 403
511 540
384 410
504 536
492 604
721 490
437 586
482 403
504 511
486 562
507 489
423 358
711 417
522 518
520 566
506 493
674 521
459 582
426 388
710 504
411 429
482 521
711 506
493 395
485 514
667 467
395 653
635 471
699 488
480 568
405 382
491 509
654 482
404 416
441 436
423 630
416 372
426 428
605 514
509 520
698 399
624 530
602 508
717 446
520 608
389 416
522 556
628 535
496 612
488 505
601 506
415 637
717 444
684 518
632 505
698 477
484 396
424 346
658 477
433 433
428 358
702 501
697 479
528 566
418 443
393 654
729 449
417 388
482 513
652 482
499 629
637 509
696 502
392 415
725 455
477 413
457 575
599 532
611 508
419 438
482 597
372 414
377 411
484 487
421 384
612 467
718 459
421 654
484 485
437 343
632 532
681 508
644 482
406 405
625 481
419 441
684 498
687 405
520 551
632 480
424 645
691 500
628 475
426 599
510 520
401 418
633 493
428 343
519 529
610 525
449 433
492 607
485 516
614 539
495 561
615 507
719 456
482 603
508 519
507 474
617 462
728 428
498 497
622 474
385 647
493 557
709 418
404 634
436 435
506 495
723 488
494 395
401 372
716 457
480 593
488 567
418 630
415 632
515 540
495 560
448 425
462 568
407 371
418 657
728 432
473 586
458 575
513 484
429 424
507 556
431 456
440 431
435 343
671 511
517 529
389 417
476 414
631 482
429 623
419 639
713 468
412 383
493 610
389 411
694 467
718 448
598 531
492 546
664 469
677 523
666 504
404 377
437 359
505 389
489 521
703 465
382 419
650 510
728 451
476 406
459 425
502 504
491 556
436 434
407 429
410 649
421 367
490 556
616 535
504 564
516 506
407 430
695 501
652 487
500 394
495 569
515 551
427 646
669 505
508 467
456 575
589 539
647 508
500 511
506 556
410 278
600 528
729 433
591 536
474 584
671 504
663 472
414 398
435 620
612 453
639 503
441 599
510 491
469 548
644 509
459 432
604 522
423 444
505 623
511 539
507 515
415 395
499 394
666 507
661 457
698 400
482 545
484 393
398 397
418 368
599 531
478 586
515 503
424 435
412 405
495 494
618 460
702 495
474 564
481 568
474 603
532 553
394 414
718 406
648 492
617 532
674 507
721 425
490 519
717 499
692 402
505 558
425 447
727 445
479 595
653 483
703 398
724 488
505 388
506 473
507 564
513 485
415 641
458 423
671 521
653 493
431 425
436 437
668 511
525 554
506 607
693 472
488 557
530 537
491 539
724 457
619 530
630 492
451 585
482 404
411 374
496 512
401 648
505 466
697 503
484 518
375 418
412 655
472 601
622 525
512 524
510 621
479 574
402 649
630 493
443 359
410 372
678 518
615 462
502 544
654 473
585 533
431 446
487 564
490 538
393 649
664 472
609 465
661 472
497 527
615 536
470 560
468 601
703 402
422 435
383 407
650 513
431 453
610 539
700 400
712 407
409 433
719 488
590 533
612 524
443 358
472 565
415 354
695 490
506 500
487 517
668 465
439 597
615 473
522 536
667 511
508 394
402 658
452 584
713 406
518 565
463 588
427 424
488 487
419 353
505 535
522 520
513 515
401 416
432 458
438 439
441 420
461 571
625 494
431 361
533 553
400 405
699 494
712 493
608 453
436 606
503 565
422 426
490 406
437 418
702 473
501 540
489 406
494 566
408 375
514 385
639 507
508 381
388 650
414 424
457 433
592 532
678 499
415 633
615 452
429 451
439 419
503 512
434 424
450 438
709 414
732 513
712 506
404 632
661 519
708 412
471 564
500 468
506 536
659 468
670 519
637 499
631 501
473 594
507 468
697 473
505 490
707 411
437 434
510 476
501 528
673 522
612 509
730 449
584 533
507 469
734 457
617 528
422 639
415 396
664 477
468 553
623 529
627 501
691 405
507 519
598 505
434 611
510 526
500 566
530 555
682 495
430 350
714 500
474 555
474 590
506 554
682 503
637 497
461 573
448 597
399 405
404 383
488 535
504 393
709 417
414 640
608 541
417 385
426 426
444 602
513 505
506 565
475 571
513 575
653 495
711 410
730 508
490 539
403 399
382 641
723 512
426 425
416 643
384 408
507 508
620 497
492 390
438 441
669 522
497 564
433 447
394 632
413 423
719 458
499 613
435 359
417 389
661 514
496 532
442 433
672 520
501 612
457 429
511 524
713 488
702 499
720 458
616 462
615 467
459 436
683 516
449 589
490 403
716 459
476 582
424 348
441 431
405 377
660 465
656 453
514 478
598 529
505 391
626 498
428 598
626 529
702 397
410 393
481 599
703 490
529 555
613 454
421 352
472 429
410 377
661 501
598 536
725 457
472 594
630 531
631 502
650 490
613 522
656 448
437 344
625 482
415 427
714 421
508 392
721 456
493 545
732 444
713 506
622 492
612 465
692 468
432 424
476 424
414 636
412 404
711 480
410 647
501 500
500 494
510 387
475 567
384 417
633 505
711 504
407 629
404 376
510 502
391 420
508 566
404 399
414 396
711 414
440 437
399 401
418 367
512 502
421 356
715 406
528 446
610 480
428 422
381 411
383 641
495 568
392 418
629 535
483 485
638 505
494 611
699 470
494 558
417 365
609 537
603 515
514 517
525 558
468 584
464 584
489 388
420 449
477 589
718 511
722 506
623 527
384 409
686 397
427 345
611 453
713 486
417 423
646 508
631 499
433 343
423 385
455 565
434 595
498 521
508 608
506 496
487 490
666 505
406 650
705 487
672 507
469 547
447 436
501 525
483 568
516 510
621 526
517 549
723 508
428 351
695 402
434 605
496 631
713 426
722 457
390 657
638 473
371 417
404 636
415 398
709 428
716 455
474 599
395 652
495 492
405 636
516 503
473 483
507 495
507 623
459 433
602 524
414 402
388 418
434 596
732 456
490 401
514 562
473 584
656 488
704 469
492 392
624 477
639 504
420 643
493 401
720 512
701 495
434 622
699 466
422 361
698 491
713 489
626 476
631 505
494 608
461 436
729 458
510 395
722 448
449 603
641 477
384 642
425 378
404 380
441 432
651 486
655 480
484 572
428 346
674 522
516 535
703 501
442 445
719 493
440 597
481 405
657 512
641 476
446 432
407 380
487 563
505 472
702 398
624 528
728 508
447 602
722 511
717 507
617 502
487 559
424 630
450 563
450 560
651 510
669 510
425 440
416 420
500 513
508 631
497 614
502 525
671 520
484 388
428 345
610 462
416 353
660 500
492 610
491 557
489 518
483 388
662 468
411 380
390 420
424 350
378 419
600 457
735 516
685 399
504 496
476 595
649 491
511 556
406 400
434 459
394 651
418 422
486 517
633 484
651 454
711 413
494 396
406 637
716 421
720 488
718 488
439 621
502 479
678 500
655 473
441 445
507 607
617 507
453 584
486 512
485 515
417 657
426 382
427 432
505 502
405 416
497 490
631 536
732 454
717 421
716 509
440 423
665 504
636 500
670 505
514 524
459 431
475 418
604 461
631 503
611 542
510 549
508 525
432 455
377 415
469 601
410 646
397 631
481 602
661 478
505 616
728 511
454 431
426 422
513 507
494 403
654 486
613 441
634 500
477 418
666 508
726 453
380 423
498 610
706 484
723 447
590 536
496 490
446 581
432 596
655 494
402 657
676 495
679 508
698 401
663 512
414 382
441 601
716 458
477 408
529 608
501 515
632 495
402 419
651 449
694 400
494 557
730 433
503 479
710 403
481 598
508 509
395 656
509 607
696 470
431 358
496 569
664 467
519 506
507 567
419 643
509 558
403 416
435 587
503 477
427 382
659 510
717 509
658 512
396 418
639 476
404 413
504 630
506 626
677 494
433 614
400 649
484 392
508 562
652 486
619 531
595 503
440 447
658 474
677 493
730 454
469 602
699 474
495 544
735 451
697 502
513 482
702 400
440 443
405 431
460 565
398 652
475 602
536 552
409 429
497 495
458 424
512 525
430 601
387 416
614 475
390 655
606 514
627 480
622 481
711 425
468 432
513 543
474 596
418 644
589 537
490 393
594 530
623 483
498 493
505 550
514 607
706 403
603 521
592 538
374 412
512 562
487 485
710 425
663 498
699 491
611 504
406 646
449 604
409 631
443 601
427 647
438 344
473 583
679 510
490 405
500 565
684 400
665 471
431 621
425 434
406 423
476 416
403 411
730 506
489 504
637 472
489 385
709 500
491 605
613 452
425 345
698 502
414 423
612 507
718 460
413 401
636 469
522 523
617 474
722 455
610 453
440 360
506 627
716 406
381 413
471 427
485 488
657 489
617 461
474 408
468 429
640 507
585 535
402 411
720 449
415 397
461 568
497 488
423 647
384 646
683 496
406 648
509 525
709 425
696 397
677 521
511 510
587 534
617 537
712 483
469 550
495 395
381 412
438 446
486 404
501 516
719 459
469 561
400 401
503 533
718 426
433 421
404 647
503 627
629 487
708 413
730 514
719 507
714 466
423 353
414 365
514 479
514 383
729 428
437 449
505 634
503 628
634 505
684 496
479 576
440 438
655 490
718 422
591 537
616 529
420 630
730 444
515 516
471 422
468 427
609 505
515 536
499 521
513 568
491 603
437 423
439 436
399 654
509 504
634 473
613 442
724 482
608 462
694 401
661 491
722 488
437 587
522 608
662 454
418 427
713 491
457 566
421 436
604 459
441 419
683 495
473 403
417 424
439 347
733 513
483 573
680 518
511 502
509 621
516 533
499 534
630 494
438 442
470 598
686 405
705 488
505 470
669 466
462 436
462 423
502 518
725 513
724 483
601 536
608 504
693 467
442 422
423 650
659 449
616 534
485 397
407 427
660 501
690 500
663 450
721 488
501 623
605 538
416 637
517 550
729 509
494 571
660 464
459 429
712 402
720 443
504 502
662 449
635 473
461 569
432 359
509 506
614 453
714 406
424 367
386 646
648 491
698 503
418 365
470 604
426 345
403 396
727 510
400 419
422 386
513 381
682 516
457 580
586 534
716 422
705 501
709 484
735 453
663 478
435 424
662 502
700 488
505 525
725 512
611 461
435 621
526 606
469 421
491 391
507 487
499 495
701 465
478 594
426 391
415 384
414 403
409 377
418 642
502 502
429 622
494 399
464 429
411 653
662 473
455 586
458 436
433 616
438 435
474 425
423 449
425 347
428 438
522 522
518 551
686 401
662 469
471 600
663 515
511 511
520 523
491 482
708 417
507 500
645 508
664 515
660 499
597 503
400 656
430 621
460 568
504 550
503 630
696 491
610 543
377 422
531 555
433 448
504 524
422 381
423 652
408 371
501 526
436 596
710 480
501 518
500 529
652 473
508 548
501 542
513 573
485 486
509 466
409 279
505 556
721 458
487 518
607 546
619 502
509 491
495 570
653 449
384 416
445 602
476 579
725 428
409 395
511 564
470 417
504 627
493 398
382 410
641 510
413 656
494 514
410 432
413 630
731 514
498 535
421 432
710 483
658 450
510 567
483 546
509 468
414 385
654 512
700 473
518 514
710 494
405 410
506 555
525 521
488 512
373 414
518 564
504 396
396 655
441 433
519 527
413 649
402 401
380 644
388 419
479 564
418 654
507 612
611 481
682 507
503 501
664 503
489 483
622 529
433 445
408 636
438 452
493 538
658 505
512 487
476 415
504 466
463 582
506 490
722 425
419 442
409 280
629 531
399 655
477 405
480 596
508 501
658 468
390 649
420 443
479 569
624 481
660 469
713 470
600 536
507 507
415 634
411 417
508 495
694 399
402 642
631 500
393 651
412 391
502 512
502 506
670 503
378 644
525 565
704 501
392 658
509 505
714 461
487 393
624 535
511 525
503 500
441 602
437 427
510 562
609 546
654 481
604 460
489 602
407 631
432 343
440 599
523 520
682 505
428 352
411 651
424 646
721 429
396 402
720 507
471 597
714 411
476 596
631 483
514 549
639 496
499 513
467 427
617 477
490 508
493 539
529 551
529 569
477 584
643 479
490 505
404 406
606 505
422 427
674 508
480 594
606 461
487 391
659 465
626 532
678 501
402 412
390 413
661 502
441 422
727 483
513 489
612 522
506 632
702 467
431 363
636 497
657 477
410 380
726 511
408 429
514 547
640 476
684 517
489 384
420 353
501 508
712 422
731 442
425 444
667 465
489 559
474 600
630 532
486 388
497 615
695 491
500 532
436 592
405 654
408 631
509 622
715 499
411 432
381 410
657 511
498 513
383 420
518 515
504 535
638 496
499 496
503 508
430 365
492 605
506 534
664 470
513 389
669 509
381 641
502 396
386 654
672 512
733 458
515 561
429 450
382 414
502 516
529 565
403 395
426 350
715 463
374 411
441 421
480 414
434 612
492 539
423 365
435 358
502 503
413 383
489 536
438 607
511 395
478 415
701 469
506 609
410 401
603 522
663 477
618 472
714 456
651 512
485 565
477 411
731 511
682 398
617 460
507 569
633 480
660 494
489 544
416 392
516 517
587 533
414 418
501 522
643 506
513 517
373 412
708 466
493 512
528 525
470 600
656 477
604 539
416 423
427 440
429 627
712 489
456 566
475 574
517 544
509 559
426 385
479 416
668 467
489 389
734 517
507 509
634 504
516 531
504 623
616 467
719 494
424 422
718 458
417 636
504 394
416 418
429 624
389 410
489 603
627 496
660 510
483 407
471 605
425 446
632 497
447 434
596 535
706 483
591 531
425 379
487 388
437 596
702 504
472 560
735 452
496 633
398 418
460 579
730 519
618 507
527 609
406 407
613 465
513 510
432 445
514 546
384 413
609 525
463 568
664 497
696 487
468 555
528 570
697 398
512 546
395 418
372 417
429 423
523 534
497 611
683 507
525 522
405 419
639 475
500 628
405 653
413 395
657 479
731 507
721 495
484 573
513 521
703 483
665 520
458 430
420 360
613 438
422 356
694 466
701 497
501 509
504 483
677 520
509 566
450 428
517 545
469 432
665 510
676 511
430 619
526 563
424 389
433 434
389 658
475 579
637 483
649 482
601 519
614 540
423 363
433 610
596 502
431 608
495 515
480 564
719 444
598 501
450 439
726 487
419 443
450 434
637 508
501 535
482 407
608 539
714 457
416 369
683 519
713 409
516 609
654 490
629 494
711 403
730 458
655 493
705 470
717 422
497 563
519 562
448 438
424 353
717 491
612 445
712 417
484 575
653 491
696 488
422 364
647 479
653 453
448 437
503 516
472 417
657 516
495 493
661 469
471 482
438 620
420 356
449 580
460 577
475 583
504 498
422 366
710 413
423 379
731 435
504 516
403 655
482 566
654 489
489 397
631 484
620 499
455 589
471 560
423 359
464 585
619 499
488 391
631 535
646 482
510 619
622 538
667 517
509 522
437 597
502 467
683 503
639 473
517 606
720 495
505 607
525 608
429 630
377 420
469 597
656 459
626 535
494 544
481 575
472 597
663 509
447 601
506 511
606 462
488 387
419 636
521 524
690 405
707 484
632 533
506 613
484 571
425 382
526 564
397 408
405 646
676 519
480 576
535 551
665 472
403 400
594 537
481 564
503 466
403 645
476 574
474 602
485 387
400 631
678 511
612 440
450 431
449 581
670 506
498 528
687 499
506 467
417 439
400 403
597 502
509 394
432 615
451 430
507 471
477 412
461 587
503 396
450 589
497 396
649 484
487 561
602 454
434 586
712 425
452 564
516 527
379 417
607 460
663 503
498 611
500 520
643 502
427 352
501 537
455 564
515 514
697 466
621 499
419 642
433 622
503 509
658 473
494 609
605 467
722 505
670 504
686 398
519 515
487 601
484 545
511 475
619 460
498 531
716 428
626 491
494 402
512 527
502 623
462 586
495 563
509 626
407 410
476 592
398 419
427 349
384 415
708 501
415 394
409 276
510 486
488 533
461 586
623 538
379 644
710 505
503 480
499 527
522 553
720 456
411 375
512 538
403 374
484 517
600 527
510 489
510 386
635 493
526 522
507 609
510 396
420 367
607 525
729 445
517 546
414 634
487 567
426 387
467 583
458 426
709 426
509 609
701 476
618 530
424 383
491 604
528 555
484 568
506 615
494 489
502 497
422 384
429 454
462 576
642 479
404 421
509 618
505 627
714 486
510 558
632 498
638 507
717 488
712 487
408 430
424 642
422 654
615 458
479 423
478 576
505 565
511 492
711 421
657 455
662 448
422 362
439 425
472 482
400 416
523 536
655 457
606 464
503 531
586 535
705 468
513 481
725 447
415 418
513 502
717 447
651 476
421 366
402 418
517 608
509 391
483 520
724 484
614 466
654 495
711 494
627 531
634 507
399 652
716 508
494 562
530 552
701 494
421 446
424 366
432 459
675 520
620 494
486 601
619 496
678 498
425 433
593 537
425 644
448 605
501 490
504 537
477 576
407 630
517 509
664 501
489 556
483 484
500 512
518 480
615 459
621 472
612 510
619 471
656 478
410 391
647 483
425 391
431 423
401 655
654 515
593 527
412 270
430 627
531 608
446 602
727 452
414 642
605 465
456 435
723 428
654 453
602 523
681 507
719 454
394 656
704 484
519 528
437 441
460 436
392 413
471 419
492 562
622 472
477 415
513 569
510 548
521 566
666 517
394 653
528 573
409 278
665 509
487 392
717 497
429 360
506 625
491 608
485 513
702 402
663 501
506 471
431 351
704 487
448 604
475 585
657 517
510 605
656 452
665 518
499 631
610 456
474 553
503 635
699 492
402 406
482 569
691 498
607 524
504 497
506 550
415 391
475 425
733 457
429 422
476 586
422 354
475 408
489 507
502 635
462 573
472 561
398 404
459 566
467 433
634 503
488 517
492 488
513 572
730 511
499 488
402 414
681 509
621 532
447 581
502 523
596 540
712 468
469 559
619 497
434 610
491 542
492 509
421 444
440 445
501 468
628 494
704 497
652 489
406 634
413 419
535 549
667 518
391 419
520 554
491 401
609 504
475 426
453 564
471 567
493 561
415 424
426 600
415 419
419 366
517 516
687 397
512 510
726 427
599 458
651 475
409 373
710 417
666 515
513 390
420 384
605 510
483 596
721 427
508 632
716 448
438 596
512 382
713 493
706 402
386 643
714 504
502 524
509 467
420 655
683 497
665 522
406 408
435 594
467 429
498 496
509 503
500 527
401 645
610 457
474 402
483 602
530 553
388 417
437 591
414 364
435 585
636 508
490 536
644 510
409 391
494 492
613 506
458 428
717 423
421 652
481 401
518 525
431 449
720 510
705 405
604 523
411 631
734 445
454 586
514 606
618 537
654 477
451 595
525 524
460 567
402 395
414 400
405 631
615 539
405 428
475 568
657 448
495 488
468 554
514 480
415 393
495 526
728 512
648 481
679 511
418 390
609 538
709 468
409 372
409 375
450 433
634 472
605 511
711 419
489 489
510 383
706 482
513 524
425 363
415 370
506 614
417 421
402 416
475 413
700 471
529 549
615 537
725 460
503 612
603 509
471 426
657 508
425 390
616 537
477 594
631 537
651 483
429 440
517 517
469 481
493 541
660 476
512 542
522 535
526 538
451 594
414 399
498 609
472 419
712 414
488 521
704 402
410 656
692 465
697 472
456 434
423 350
611 454
521 536
392 651
620 501
472 600
413 651
394 631
500 535
730 509
427 385
492 545
720 427
682 504
640 502
413 399
512 389
486 397
712 470
714 455
675 496
482 520
470 564
424 382
398 403
628 482
474 419
476 410
525 607
611 507
490 507
482 546
506 502
477 568
446 603
506 515
478 588
400 399
397 630
603 508
623 493
657 473
477 567
452 588
451 563
713 423
406 429
584 534
674 511
423 367
495 559
637 507
513 397
658 460
712 416
402 631
600 504
473 564
612 464
515 544
429 356
403 372
632 496
423 384
609 455
452 587
610 454
724 448
655 451
710 481
415 638
435 362
620 496
414 639
489 557
731 437
473 420
409 649
600 454
498 512
702 399
476 572
672 505
509 610
635 501
512 540
707 489
411 385
417 641
712 418
427 422
458 425
531 607
413 404
405 407
526 607
406 426
430 346
595 538
423 646
415 372
523 518
420 426
592 527
498 491
516 502
396 654
600 537
450 427
508 515
501 396
597 533
419 432
704 483
665 514
702 498
657 490
657 447
528 569
433 347
483 601
426 438
620 532
504 565
656 457
438 419
434 616
516 612
434 613
509 627
660 458
494 400
677 511
371 416
459 428
470 427
618 505
698 494
513 503
611 525
472 603
494 393
481 547
731 436
512 381
697 480
691 504
489 512
718 507
652 474
418 354
659 461
400 371
619 498
658 511
488 559
619 535
514 511
721 507
428 362
449 431
424 430
608 547
520 526
630 533
733 504
622 473
619 503
504 626
686 399
386 417
462 583
402 656
675 497
505 476
512 522
420 438
704 498
478 575
504 612
420 357
510 510
498 529
662 509
511 562
731 519
526 524
734 515
710 464
477 595
525 563
663 452
379 414
514 477
712 426
691 402
421 655
653 482
470 480
721 449
484 404
428 631
462 425
436 427
692 466
415 656
383 418
615 463
396 656
651 492
722 456
433 359
471 606
469 560
474 574
514 484
494 568
717 406
373 411
419 427
728 510
405 649
718 494
419 364
501 611
705 404
596 534
406 649
425 448
493 488
406 631
504 390
726 449
493 544
603 520
625 534
484 520
653 490
505 608
395 651
596 504
518 550
470 418
515 537
659 518
700 463
640 505
473 419
501 496
511 619
661 448
503 491
608 543
449 579
401 399
612 540
594 533
406 380
464 568
699 399
647 509
678 504
443 602
661 490
604 511
476 418
726 457
415 643
417 355
400 402
485 404
443 603
462 582
529 562
663 495
443 600
490 544
501 565
383 419
487 404
414 393
668 466
430 455
511 555
484 576
692 471
605 476
599 501
417 642
702 497
409 435
511 563
416 382
415 373
623 536
408 372
453 587
684 398
494 408
638 497
655 495
476 591
527 564
425 385
520 527
732 455
448 594
515 526
401 650
463 575
516 511
709 482
379 416
504 509
495 398
451 439
599 536
412 418
665 515
514 541
601 457
405 380
665 521
468 430
425 422
476 567
522 534
406 430
474 420
488 386
429 457
403 418
509 489
620 495
374 418
685 400
522 517
635 470
713 407
650 492
478 593
519 551
519 507
406 431
609 547
488 602
515 524
502 537
455 588
704 500
476 404
428 340
709 403
426 646
400 417
602 512
602 527
434 592
711 500
385 650
432 622
433 424
710 484
403 375
501 503
499 628
486 405
411 418
479 404
707 403
444 428
710 429
602 522
420 435
514 515
733 517
449 602
481 546
491 383
623 484
439 596
508 617
515 478
422 355
469 566
439 345
469 425
513 516
699 478
456 565
427 343
372 418
612 442
643 482
660 493
428 623
703 500
649 510
470 597
439 439
470 434
503 393
504 526
395 631
426 352
496 400
404 409
493 397
371 414
464 583
701 488
706 470
697 399
522 478
390 411
436 585
428 599
431 597
476 565
711 412
469 585
503 550
702 484
661 513
409 277
486 602
628 531
716 498
429 349
611 469
695 502
475 414
708 403
415 630
473 585
584 535
720 508
733 518
705 481
433 444
521 534
623 537
413 393
731 444
651 490
718 427
496 609
484 602
413 396
496 401
506 624
512 547
723 507
513 383
412 650
470 585
499 468
658 509
627 475
408 431
507 568
656 473
396 409
693 487
674 509
508 500
505 474
684 499
711 491
511 521
493 406
518 566
688 499
424 379
717 408
493 513
404 400
399 399
377 421
695 487
459 579
470 566
524 566
715 489
652 493
711 416
494 398
663 511
473 554
420 656
417 652
722 493
507 383
605 540
509 502
616 532
642 481
519 517
490 543
513 477
720 457
733 454
722 489
609 539
516 611
406 411
726 484
452 592
503 563
402 648
619 501
522 519
443 437
627 494
683 518
495 573
730 512
430 358
617 530
437 419
498 533
463 574
468 559
434 364
613 476
455 580
419 637
523 535
418 386
434 420
656 483
510 556
710 410
482 570
653 486
441 434
662 453
486 386
486 600
658 459
497 540
717 427
422 363
731 433
484 601
711 468
507 470
721 448
609 459
494 392
590 531
594 538
610 504
428 632
396 408
728 443
610 449
683 398
507 476
513 509
424 349
670 522
433 459
471 566
438 619
607 466
418 652
493 562
431 350
500 528
477 422
631 498
431 346
680 501
703 484
515 562
702 401
664 450
712 415
402 659
606 463
713 500
517 480
657 474
423 427
404 633
515 480
411 382
620 472
635 503
719 448
426 630
482 483
481 407
505 496
417 387
412 382
470 419
422 649
399 642
388 654
617 472
394 418
418 655
678 509
559 455
446 433
406 653
661 475
499 493
496 611
489 398
399 400
720 490
527 570
434 614
674 520
612 468
515 528
728 509
504 474
506 391
421 647
401 657
722 427
588 537
462 569
433 618
436 604
405 427
507 477
498 564
412 629
712 502
716 460
692 498
683 517
508 626
501 527
618 538
481 416
617 467
491 541
666 518
508 491
478 580
429 347
636 501
640 508
469 554
470 420
635 483
501 635
666 516
474 403
430 357
386 650
643 478
405 426
600 534
651 474
601 459
399 404
514 510
504 477
608 505
648 480
514 490
512 521
732 519
514 528
607 504
611 447
700 504
676 499
513 504
426 364
635 469
378 645
731 508
605 524
473 566
497 569
659 477
468 583
392 420
613 524
430 625
516 481
481 403
726 510
645 509
481 601
420 639
495 545
658 507
613 471
454 592
384 407
708 404
612 447
614 442
635 484
417 630
473 582
438 594
507 391
477 593
716 408
425 349
593 528
411 652
458 427
444 600
668 468
423 440
470 433
409 396
731 454
417 395
516 605
510 523
405 418
437 585
612 444
613 474
450 594
602 459
483 567
658 465
427 381
439 442
417 644
704 485
673 511
488 483
510 620
422 425
421 636
473 600
715 461
401 419
420 444
503 613
419 629
729 457
610 451
501 488
423 628
719 425
432 608
610 460
499 396
419 387
622 499
701 402
454 430
407 628
524 536
417 386
654 455
484 394
700 494
412 393
666 522
501 536
491 390
392 649
468 433
502 393
651 448
431 424
418 442
621 497
487 489
432 346
643 503
506 558
659 501
439 423
462 584
643 510
710 482
525 560
385 646
681 500
621 525
712 403
479 594
656 479
698 476
651 447
432 619
702 470
493 489
696 398
483 570
428 344
515 541
506 567
501 624
504 518
516 562
733 444
406 377
435 590
715 424
705 483
501 625
414 383
507 491
659 463
502 500
503 623
630 489
729 448
420 629
482 482
639 505
632 481
716 426
612 525
732 508
699 503
513 607
438 425
604 520
717 425
509 636
602 526
717 494
662 452
426 597
497 494
492 398
423 380
514 561
430 453
378 421
416 630
491 484
384 643
497 608
490 603
719 489
655 456
524 557
654 451
413 279
448 595
611 448
701 491
404 654
454 587
495 487
626 481
454 588
428 342
414 404
437 619
657 456
514 568
601 458
606 466
422 637
404 420
462 427
500 623
693 468
713 495
413 631
449 595
656 449
491 545
651 508
402 415
519 606
734 516
654 516
400 372
634 484
379 420
558 447
591 535
658 461
685 496
632 500
427 363
417 643
474 563
679 512
605 466
422 628
432 345
730 505
448 601
432 344
449 427
521 556
612 539
711 493
419 365
500 506
457 423
500 508
408 427
518 563
436 603
422 651
644 508
390 648
399 402
718 510
460 582
516 561
515 539
507 486
480 413
510 608
435 342
612 452
508 507
524 563
524 520
463 583
398 398
429 438
516 536
432 621
505 609
614 472
509 539
506 390
511 489
605 539
386 652
396 631
426 452
529 552
428 622
477 414
593 531
423 432
701 487
452 591
408 278
498 489
411 395
659 480
420 368
660 517
445 436
429 598
687 404
661 476
601 509
393 418
677 500
710 500
622 526
485 571
662 516
608 545
691 501
504 631
433 597
438 593
383 410
701 471
733 443
508 625
587 535
609 502
497 395
412 631
404 655
460 428
406 654
414 354
521 609
711 495
509 619
604 519
481 600
600 535
433 590
459 568
422 353
618 504
439 417
635 500
505 483
502 565
408 627
711 463
498 562
416 373
403 371
713 467
433 606
596 536
661 511
599 456
462 585
501 628
424 650
468 585
499 494
408 402
605 519
432 446
512 387
509 630
490 537
421 354
508 605
504 525
520 480
506 612
424 429
448 436
485 395
378 414
492 393
599 506
665 500
428 361
652 448
417 420
712 420
659 479
414 270
512 545
624 480
699 479
721 512
666 511
409 427
606 460
436 421
612 443
641 509
490 394
729 504
402 399
416 391
500 519
448 593
474 568
405 635
506 535
719 497
505 473
461 426
481 570
662 455
685 405
441 603
488 534
453 431
390 656
519 481
415 386
420 657
682 519
379 415
508 564
393 650
487 557
373 413
664 468
506 492
721 428
442 599
445 429
483 571
401 411
622 495
485 566
614 506
418 653
708 484
692 501
698 479
461 582
401 631
725 486
512 488
592 531
665 467
727 428
717 455
714 426
454 582
718 444
435 421
681 519
439 359
523 557
503 391
439 445
719 443
614 474
456 580
610 450
605 541
627 498
712 463
679 504
701 486
450 562
528 572
611 510
406 652
377 413
708 502
612 505
704 499
406 371
524 608
506 568
407 415
439 447
511 607
501 621
454 565
448 596
692 401
406 418
409 417
490 392
533 555
529 550
477 579
479 568
447 603
497 613
679 509
510 522
420 637
460 587
706 496
506 489
436 359
477 421
700 491
733 508
489 520
424 449
611 523
662 494
505 394
440 359
429 628
656 481
674 506
661 494
446 431
429 629
472 602
499 518
508 558
718 447
426 343
474 554
602 538
419 448
499 532
621 495
425 388
459 430
430 362
589 533
645 478
609 453
511 388
434 363
501 513
490 383
729 444
660 508
476 569
603 519
607 458
624 478
623 481
420 448
470 599
611 506
414 657
507 557
418 436
498 532
440 598
486 393
610 452
660 477
449 438
507 494
408 280
600 529
658 506
451 593
656 455
508 563
636 483
459 567
526 525
606 539
527 563
661 458
428 349
423 428
438 605
399 653
423 641
613 437
411 401
712 484
719 427
657 451
524 534
735 517
469 426
628 501
653 474
453 562
660 502
612 504
505 500
429 625
700 478
722 512
731 438
451 583
474 404
421 353
732 520
511 547
454 563
603 538
492 511
390 654
693 491
438 345
455 566
731 457
483 395
454 585
427 453
431 360
508 630
614 471
608 542
380 421
716 489
430 600
621 533
527 565
508 393
412 395
454 589
515 510
426 424
403 373
504 513
510 492
422 360
416 365
657 465
491 392
527 562
659 478
528 556
613 475
397 633
698 488
451 589
656 485
622 535
496 567
719 495
504 512
597 536
626 499
510 388
438 449
436 441
701 473
500 635
408 419
715 505
415 640
410 396
716 425
712 501
607 462
653 473
463 461
642 510
437 605
423 629
592 529
428 360
445 600
507 554
426 349
431 457
420 427
608 459
528 607
376 422
508 557
404 645
417 391
651 482
503 498
630 503
421 359
609 456
706 481
622 534
661 453
523 566
409 646
468 558
483 406
501 539
448 426
475 572
415 631
424 363
394 633
421 365
732 510
458 437
503 395
587 536
512 541
514 551
383 417
513 561
410 403
477 586
429 601
631 485
435 596
713 494
506 552
611 545
475 586
723 513
521 555
384 645
482 484
409 402
503 513
694 397
607 459
490 487
457 434
522 566
431 595
656 465
600 510
434 609
511 558
501 494
474 598
716 429
476 584
458 580
521 608
418 426
416 371
592 533
436 587
708 464
469 564
681 501
507 613
450 601
491 488
423 366
505 635
515 513
598 506
507 611
606 511
416 657
651 452
719 512
725 449
484 407
451 431
439 437
487 558
503 478
398 633
634 471
657 488
516 608
714 505
412 651
662 511
713 492
508 477
428 621
665 468
514 548
634 482
426 451
475 403
435 605
732 515
429 439
441 435
483 545
470 562
731 441
401 642
658 513
481 566
510 566
389 654
403 649
693 404
469 433
488 489
393 402
512 476
701 482
724 459
494 401
647 482
528 571
665 513
521 478
397 655
402 645
385 410
516 428
461 429
389 415
488 565
606 524
484 516
476 590
560 455
678 519
522 557
405 415
725 510
612 477
451 560
473 603
415 365
658 510
431 598
713 404
717 492
433 611
427 387
492 563
429 348
378 420
506 476
622 483
494 494
521 523
520 558
409 432
513 395
514 542
406 386
414 375
684 399
707 417
520 534
630 500
685 401
701 503
655 512
403 650
431 609
719 492
404 631
695 403
617 473
607 521
526 553
502 496
520 607
467 557
513 480
469 563
417 354
488 405
508 518
457 563
503 388
436 424
603 510
422 641
487 405
702 496
712 404
503 614
619 506
660 478
514 560
503 536
432 421
467 430
617 536
728 457
734 444
626 492
619 500
408 373
524 609
478 404
518 516
675 508
629 488
592 537
715 423
659 450
640 509
630 488
517 481
418 366
434 344
452 427
705 499
474 597
495 571
735 445
392 414
480 598
594 532
654 514
504 563
672 508
694 492
428 630
501 505
403 631
640 496
515 515
629 481
714 463
521 554
484 519
611 509
722 458
436 343
509 492
509 507
512 383
640 477
660 463
697 488
397 652
611 460
509 477
639 474
631 504
454 580
492 510
502 612
503 526
406 379
515 608
444 436
709 410
510 390
434 618
653 452
501 634
438 346
516 544
727 429
398 634
436 439
430 356
519 550
467 431
388 411
621 535
478 574
639 502
708 463
610 526
422 640
491 483
429 359
720 429
474 591
512 394
699 477
534 552
607 539
605 462
712 410
408 646
618 506
613 461
503 532
474 483
420 432
710 491
661 493
601 538
600 532
726 459
601 515
426 351
421 445
696 394
660 491
422 449
643 480
695 399
468 557
606 520
661 517
487 486
707 410
516 509
493 608
514 482
508 633
501 630
410 648
675 511
412 385
694 501
714 491
592 534
426 648
665 511
637 498
491 397
644 483
656 451
716 494
523 609
519 480
678 512
713 503
475 570
498 526
703 470
431 596
707 404
492 608
672 521
515 549
498 630
619 504
502 507
614 461
664 452
733 507
504 515
731 510
398 631
596 503
484 405
410 417
659 469
726 450
481 406
491 540
419 439
472 595
510 607
491 403
502 520
517 605
431 622
428 648
720 454
459 577
460 578
504 490
424 432
498 538
487 484
472 566
431 450
500 630
500 397
425 630
662 478
712 419
435 360
477 410
503 483
385 411
483 515
663 499
515 525
478 568
415 426
700 503
504 614
498 488
521 557
376 417
434 460
409 434
491 511
701 481
496 608
433 605
402 372
436 438
633 485
489 390
708 467
438 595
645 482
433 460
712 505
659 462
606 519
516 529
661 492
411 419
496 402
500 496
721 426
528 554
510 609
406 651
453 595
602 525
696 469
488 518
503 633
495 392
477 419
497 612
618 459
514 550
495 572
468 550
729 520
634 469
655 514
475 564
515 546
613 479
621 534
603 511
673 521
510 564
434 421
655 485
715 425
502 625
411 649
421 630
718 489
434 343
662 517
731 509
715 500
409 379
415 374
401 410
487 562
667 504
714 408
411 381
426 449
599 530
716 505
421 386
510 521
509 557
666 465
710 503
716 507
614 464
631 486
470 554
670 518
713 466
503 632
503 481
513 527
419 640
407 424
529 537
443 599
455 581
453 592
404 418
664 502
482 565
406 384
727 454
512 561
496 489
477 577
400 411
435 589
622 482
607 464
383 642
385 417
476 593
631 481
479 415
424 426
705 467
439 444
492 399
502 630
724 458
508 502
504 476
730 457
425 438
518 506
489 505
654 478
701 478
474 575
693 469
514 382
403 413
703 487
634 474
501 541
653 454
437 451
380 415
472 564
490 509
526 554
511 567
475 581
415 371
703 397
426 363
726 483
439 449
718 461
413 403
490 483
697 477
624 493
625 529
497 532
595 536
430 599
394 409
709 463
428 385
371 415
414 374
451 592
700 465
425 449
472 585
668 522
724 449
659 513
507 614
477 404
427 437
679 501
679 519
430 423
709 490
528 568
496 632
472 418
656 484
612 470
600 509
613 440
427 429
376 416
414 401
703 498
391 418
503 634
713 408
651 485
535 552
440 604
482 389
444 358
503 525
385 648
520 525
508 503
683 501
662 514
431 445
520 507
381 644
725 483
435 610
428 450
612 461
385 643
470 422
416 395
502 521
495 609
430 349
498 517
734 513
482 401
439 620
442 600
506 472
731 443
506 525
702 471
636 473
530 554
694 398
709 429
393 653
425 646
420 652
383 644
402 417
608 460
596 538
521 480
481 597
712 482
649 514
483 513
412 630
660 473
390 416
588 539
436 594
484 574
718 443
592 525
683 498
378 418
517 536
424 644
693 465
499 522
508 636
715 486
431 455
420 638
649 515
482 564
389 657
498 608
502 519
499 529
588 534
712 469
469 427
526 537
437 425
398 399
627 499
627 481
676 520
410 402
586 531
509 556
415 369
502 468
502 397
491 512
716 492
408 411
435 427
504 510
406 427
499 533
438 608
490 512
600 506
705 485
445 428
505 515
730 521
407 402
672 511
464 436
414 386
495 512
648 511
524 556
648 510
403 398
427 599
420 366
425 428
397 407
641 478
597 505
503 394
477 420
715 455
646 510
484 513
403 409
474 426
489 565
416 367
509 562
452 582
670 511
430 451
509 395
628 481
702 475
730 504
482 390
706 497
730 507
669 511
680 504
497 630
656 458
478 424
658 451
701 397
597 531
404 411
514 503
419 358
499 564
724 447
625 535
679 499
407 646
406 401
421 431
404 375
451 581
516 606
523 565
440 419
454 436
711 415
617 527
656 460
432 449
502 535
712 421
424 347
445 599
416 387
416 427
609 464
433 617
618 498
424 444
412 374
661 474
519 607
512 573
716 424
427 362
430 454
522 554
427 648
473 598
477 574
501 613
485 393
711 469
602 516
423 361
708 410
687 401
433 621
493 511
438 606
452 581
731 504
709 413
505 632
680 502
409 380
424 384
403 656
675 499
501 510
401 652
727 444
504 500
612 446
469 604
502 469
490 535
511 568
391 417
652 453
561 456
437 603
512 386
428 629
673 507
402 652
496 515
457 564
508 622
686 499
695 469
516 508
707 501
385 649
484 387
679 502
622 497
663 496
442 435
534 553
515 529
429 346
448 598
604 507
508 395
403 397
440 603
481 569
704 490
594 531
722 494
515 481
437 347
429 342
413 418
406 424
613 453
702 481
427 342
606 504
495 612
479 414
596 533
425 641
401 400
698 492
716 500
710 506
406 636
460 576
588 533
532 552
461 423
475 427
438 359
592 526
446 436
617 529
457 428
506 551
430 347
412 392
513 537
619 505
400 652
603 459
703 469
513 486
382 644
654 484
478 417
420 386
732 442
501 487
402 400
520 529
480 597
676 500
517 543
618 502
718 509
492 401
397 418
398 406
606 506
697 490
637 504
405 406
608 544
409 418
514 384
612 545
722 507
605 523
499 538
642 509
425 437
393 413
399 631
386 653
708 411
502 628
503 482
589 538
509 629
663 500
637 500
499 630
617 475
494 538
712 503
434 362
387 652
599 504
662 474
450 561
667 466
405 634
419 631
512 395
599 529
508 517
503 631
710 490
674 512
705 486
413 385
481 567
492 603
506 616
449 426
592 528
433 363
727 451
418 387
463 576
503 490
512 544
422 444
476 403
393 401
699 480
435 619
448 431
491 505
734 514
438 436
512 574
732 511
380 414
417 427
387 650
448 599
678 494
488 390
700 466
609 463
667 505
398 654
713 420
398 655
659 492
442 359
610 458
441 359
509 560
517 506
657 452
429 599
515 533
475 569
403 406
496 398
490 402
600 505
725 488
708 465
424 427
683 506
723 458
713 487
411 656
642 502
439 446
631 532
732 512
510 547
401 649
731 446
527 607
518 562
634 532
405 633
714 490
664 509
496 392
471 604
651 509
691 503
507 392
422 440
648 478
503 467
433 609
609 481
724 461
599 499
481 402
602 517
410 374
655 455
496 494
660 509
666 513
723 505
724 513
717 460
469 422
591 532
609 458
706 502
431 359
415 420
497 539
518 546
608 520
637 503
475 580
440 449
502 488
490 520
727 456
497 566
531 552
476 405
395 401
512 475
497 528
500 564
431 619
506 506
692 490
417 425
404 412
457 565
440 448
522 609
509 605
461 428
458 566
502 522
689 498
425 392
444 435
491 544
710 404
620 531
634 494
436 440
429 358
682 500
594 536
447 430
396 632
447 431
503 496
432 620
634 493
705 402
510 385
621 501
410 631
442 437
601 507
396 401
500 636
422 359
421 437
518 544
489 399
524 555
406 410
399 419
419 638
496 564
466 557
414 384
407 419
421 427
470 481
419 655
406 421
418 353
509 390
633 507
471 481
514 483
728 429
682 499
591 533
601 524
610 502
395 410
486 565
655 489
515 538
431 362
666 472
426 432
390 412
665 516
490 605
416 354
467 556
472 426
461 567
709 501
601 512
468 551
427 630
727 432
418 428
506 610
411 654
418 439
405 429
417 390
506 553
601 454
500 518
426 436
497 538
485 487
447 435
728 433
723 457
627 535
511 389
467 428
519 534
730 443
431 452
435 586
622 491
593 534
509 561
508 516
616 507
525 534
670 507
607 510
661 518
485 546
409 431
666 506
463 437
487 385
470 602
654 452
721 510
498 537
733 519
648 482
387 417
458 577
412 380
727 446
617 471
423 631
512 523
691 505
461 576
424 448
517 551
608 540
396 652
700 472
685 519
477 423
663 497
504 387
492 557
724 506
508 635
480 567
725 456
424 386
421 448
517 508
404 646
500 396
518 534
618 529
701 475
416 386
406 420
468 417
703 464
510 539
660 474
699 465
379 423
527 572
590 538
490 518
462 429
527 571
434 591
604 514
689 499
529 606
394 417
507 548
453 563
609 454
630 487
647 510
482 405
494 567
437 424
508 382
431 365
501 622
633 492
515 517
662 515
650 514
525 536
460 432
405 383
514 512
465 436
421 447
623 535
525 561
654 485
599 454
700 469
459 575
697 470
505 467
419 657
713 460
634 483
503 469
610 540
398 420
528 565
397 629
681 503
642 477
396 403
435 584
436 588
392 654
713 463
415 382
517 534
461 427
656 450
498 394
659 458
626 495
435 435
477 424
442 601
608 521
474 418
521 558
702 468
410 395
635 502
678 520
432 360
492 391
699 502
516 528
717 448
728 431
508 634
633 532
436 420
620 462
422 650
657 460
515 506
494 612
450 429
727 453
487 487
726 428
404 410
726 446
402 647
427 428
514 574
512 558
422 383
407 651
611 503
485 485
513 571
436 361
504 467
490 404
594 529
529 609
707 468
613 478
510 477
411 655
665 470
432 364
405 420
493 392
502 543
476 573
451 427
432 347
394 650
425 364
459 578
693 492
422 630
427 450
432 452
436 619
406 415
506 507
720 513
476 409
516 549
614 437
422 647
732 457
518 479
661 464
696 395
469 420
615 461
496 495
450 579
699 464
611 540
694 469
697 476
515 606
715 459
467 553
506 513
527 524
623 477
671 519
608 525
661 508
516 530
518 517
460 427
484 386
608 538
480 403
473 597
724 505
653 512
662 479
601 456
442 447
621 462
525 559
423 435
496 533
471 425
409 376
608 510
493 540
471 554
469 549
663 473
448 600
616 527
735 454
433 449
624 529
421 653
488 484
466 429
731 445
637 484
710 501
627 495
632 494
407 411
610 545
432 609
653 494
465 429
713 418
649 483
712 485
527 537
667 522
584 536
679 498
449 594
401 406
439 599
506 505
480 406
487 398
396 404
627 500
428 341
445 430
629 482
632 485
623 462
470 559
659 517
514 514
721 454
611 449
527 523
651 453
607 511
698 480
506 623
508 623
515 527
416 631
502 509
470 603
656 480
509 517
633 494
434 619
675 522
719 496
480 595
452 583
515 543
631 494
434 594
419 630
651 511
404 374
658 467
714 459
416 368
622 530
406 383
428 440
461 572
535 550
399 656
626 475
513 546
495 538
605 464
401 651
513 570
697 489
424 643
440 596
516 548
497 565
622 493
391 649
734 454
527 526
634 531
525 520
509 490
411 430
434 360
516 532
510 525
522 567
521 479
420 359
416 352
486 513
483 597
423 381
612 506
523 533
479 403
654 513
488 603
400 642
650 491
718 501
485 545
676 508
616 533
702 465
425 352
731 440
585 532
497 512
505 552
510 517
729 450
387 654
694 403
463 573
514 491
613 477
504 469
609 543
502 490
613 539
659 490
513 490
603 507
520 552
727 457
714 462
424 440
706 489
412 401
514 540
659 506
596 505
507 617
407 636
500 613
701 483
411 416
422 448
379 418
492 405
495 513
459 569
496 517
490 510
719 461
476 417
470 584
669 468
444 437
419 641
614 465
525 564
712 500
660 449
631 534
509 540
627 497
706 468
506 483
729 459
663 514
508 607
726 485
614 463
478 416
662 501
407 375
530 608
661 452
497 517
726 512
511 561
652 512
479 424
680 503
436 589
514 527
475 407
643 507
403 407
482 602
617 531
406 425
700 493
503 621
663 513
700 480
437 592
721 489
508 624
512 543
423 364
403 408
484 603
503 622
696 479
472 596
490 391
527 525
652 492
659 451
694 487
418 364
427 391
651 473
700 470
705 469
701 490
714 493
472 428
697 397
630 484
409 275
419 386
717 445
610 542
411 431
504 388
622 480
670 521
700 481
431 451
415 425
423 386
503 534
656 489
720 442
435 591
731 434
402 646
715 494
508 606
622 531
408 380
409 374
389 418
415 387
621 481
669 512
689 500
451 584
716 444
439 438
713 504
665 466
493 405
717 511
682 506
414 630
494 513
714 460
509 382
407 426
625 477
495 401
650 482
494 515
420 358
439 418
488 397
598 530
699 463
469 562
497 562
504 470
497 394
495 527
702 487
419 654
701 474
370 416
725 487
447 433
425 436
417 422
406 402
471 585
664 514
458 433
497 526
517 548
717 461
710 468
512 607
407 378
712 424
484 397
460 566
513 574
664 451
732 458
586 532
609 545
701 399
463 429
508 383
656 495
397 406
668 505
483 603
658 516
504 392
711 482
401 656
614 467
596 539
648 479
489 383
607 543
693 470
669 521
507 550
437 426
401 643
615 538
430 598
503 518
435 433
653 455
471 428
716 488
504 632
491 487
732 514
488 543
470 586
516 507
512 539
413 658
420 383
487 602
404 648
623 525
515 505
507 549
380 410
505 494
424 436
507 381
510 381
664 471
405 400
422 642
717 498
603 514
560 456
607 538
424 381
705 497
402 413
506 611
376 415
475 406
406 378
419 632
503 535
608 455
656 512
652 488
675 498
730 503
480 416
472 554
505 557
496 516
478 567
485 602
734 451
655 450
719 449
452 595
505 633
433 615
510 540
528 606
424 651
413 655
517 562
487 565
452 590
416 636
517 430
507 488
698 474
710 463
611 440
502 528
432 447
709 427
698 470
713 422
671 507
695 395
526 523
486 396
590 537
511 386
438 423
487 545
533 554
676 523
433 608
506 494
527 554
630 481
493 605
695 397
682 501
477 578
424 385
393 419
650 515
697 474
409 378
488 544
438 604
628 496
644 478
605 513
487 512
425 426
435 434
504 628
515 542
467 555
694 402
693 498
610 463
603 512
487 397
489 404
729 451
630 486
422 432
452 431
642 478
474 414
472 483
671 505
448 424
718 499
483 516
462 572
520 553
510 622
656 482
498 498
499 498
497 498
500 498
499 499
496 498
499 500
495 498
496 497
499 501
495 499
495 497
500 501
499 502
730 520
498 502
499 503
662 495
658 447
677 522
685 518
659 491
702 503
511 486
702 502
494 497
493 497
493 496
492 496
492 495
492 494
491 494
490 494
489 494
490 493
488 494
489 495
490 492
487 494
491 492
486 494
485 494
484 494
483 494
484 495
484 493
482 494
484 496
482 493
483 496
482 492
483 497
482 491
483 498
483 491
481 491
484 498
482 498
483 490
480 491
485 498
482 499
480 490
485 497
481 499
482 500
479 490
486 497
480 499
481 500
482 501
478 490
479 499
482 502
478 499
483 502
481 502
482 503
478 498
482 504
477 498
478 497
483 504
481 504
476 498
477 497
478 496
484 504
480 504
476 499
476 497
485 504
479 504
476 500
477 500
475 500
474 500
475 501
474 499
475 502
474 498
475 503
473 498
475 504
476 504
474 504
473 504
472 504
472 505
472 503
472 506
471 503
472 502
471 506
470 503
472 501
470 506
469 503
473 501
472 500
469 506
470 507
469 502
468 506
468 502
469 501
467 506
468 507
467 502
469 500
467 507
466 502
467 501
469 499
465 502
466 501
467 500
470 499
468 499
465 501
470 498
468 498
465 500
468 497
464 500
465 499
467 497
467 496
466 496
466 495
466 494
467 494
465 494
466 493
464 494
466 492
464 493
463 493
464 492
464 491
464 490
464 489
465 489
463 489
464 488
465 488
462 489
466 488
461 489
467 488
460 489
468 488
459 489
460 490
460 488
469 488
468 487
458 489
459 488
469 489
468 486
458 488
469 490
468 485
457 488
458 487
470 490
468 490
469 485
468 484
458 486
470 491
467 490
468 483
459 486
470 482
468 482
459 485
467 482
468 481
459 484
467 481
426 380
467 480
427 380
466 480
637 473
638 472
466 479
616 476
466 478
612 469
528 567
466 477
617 470
465 477
616 471
464 477
465 476
619 472
463 477
465 475
617 476
463 478
463 476
464 475
465 474
616 475
462 478
465 473
462 479
464 473
465 472
461 479
462 480
465 471
460 479
462 481
464 471
465 470
461 481
462 482
464 470
465 469
460 481
462 483
465 468
459 481
466 468
465 467
458 481
467 468
465 466
458 482
465 465
457 482
466 465
465 464
456 482
457 483
464 464
465 463
456 483
464 463
466 463
465 462
463 463
464 462
467 463
462 463
468 463
467 462
436 451
462 462
469 463
467 461
461 462
462 461
469 464
468 461
467 460
460 462
462 460
470 464
469 461
468 460
463 460
461 460
462 459
468 459
464 460
460 460
468 458
460 459
469 458
468 457
459 459
423 644
470 458
469 457
468 456
458 459
459 458
470 457
467 456
457 459
471 457
470 456
466 456
456 459
457 458
472 457
470 455
465 456
466 457
455 459
457 457
472 456
470 454
464 456
466 458
454 459
455 460
455 458
457 456
473 456
472 455
469 454
470 453
464 457
465 458
453 459
455 461
458 456
457 455
474 456
468 454
471 453
463 457
464 458
453 460
456 461
458 455
457 454
475 456
468 453
452 460
456 462
458 454
457 453
451 460
456 463
458 453
456 453
450 460
456 464
459 453
455 453
450 459
456 465
460 453
454 453
455 452
449 459
450 458
455 465
456 466
461 453
460 454
460 452
453 453
455 451
448 459
451 458
455 466
456 467
462 453
460 451
452 453
455 450
448 460
451 457
457 467
463 453
461 451
459 451
452 452
456 450
455 449
447 460
448 461
452 457
458 467
457 468
464 453
463 454
461 450
452 451
447 461
448 462
459 467
457 469
465 453
464 454
462 450
461 449
452 450
446 461
448 463
460 467
458 469
457 470
460 449
453 450
445 461
449 463
460 466
458 470
456 470
459 449
453 449
444 461
445 460
450 463
461 466
460 465
455 470
456 471
453 448
444 462
451 463
462 466
459 465
455 471
455 469
453 447
443 462
444 463
452 463
451 464
459 464
455 472
453 446
442 462
443 463
459 463
454 472
455 473
452 446
442 461
443 464
458 463
454 473
451 446
452 445
442 460
443 465
452 444
443 460
441 460
442 465
451 444
443 459
441 459
441 465
450 444
443 458
441 458
441 466
441 464
450 445
450 443
443 457
440 458
441 457
441 467
441 463
449 443
450 442
444 457
442 457
439 458
441 456
440 467
441 468
440 463
449 442
451 442
444 456
439 459
440 456
442 468
441 469
448 442
452 442
444 455
439 456
440 469
447 442
448 441
453 442
444 454
439 455
439 469
440 470
446 442
447 443
447 441
454 442
444 453
438 455
439 468
446 443
446 441
447 440
455 442
454 443
454 441
444 452
437 455
438 454
438 468
445 443
445 441
456 442
437 456
437 468
444 441
456 443
456 441
436 456
443 441
444 440
457 443
456 444
457 441
456 440
435 456
443 440
457 444
456 445
456 439
434 456
435 455
442 440
458 444
457 439
456 438
434 457
434 455
441 440
442 439
455 438
456 437
433 457
440 440
441 441
454 438
457 437
456 436
432 457
440 439
441 442
503 465
502 465
503 464
501 465
502 464
500 465
499 465
498 465
499 464
497 465
498 466
499 463
496 465
497 466
498 467
499 462
495 465
499 461
494 465
495 466
498 461
499 460
493 465
498 460
500 460
493 466
493 464
498 459
501 460
492 466
492 464
493 463
498 458
502 460
491 466
491 464
492 463
494 463
498 457
502 461
490 464
494 462
498 456
490 463
495 462
497 456
490 462
495 461
497 455
489 462
496 455
488 462
495 455
487 462
494 455
495 456
495 454
487 461
493 455
494 456
495 453
487 460
493 454
494 457
496 453
487 459
492 454
493 457
496 452
492 453
496 451
491 453
492 452
496 450
490 453
491 452
492 451
495 450
496 449
490 452
494 450
496 448
496 447
495 447
494 447
493 447
494 446
494 445
495 445
496 445
495 444
495 443
496 443
495 442
495 441
496 441
495 440
497 441
494 440
495 439
498 441
495 438
499 441
498 440
494 438
495 437
500 441
498 439
495 436
501 441
499 439
494 436
495 435
501 442
500 439
499 438
493 436
501 439
499 437
492 436
502 439
500 437
499 436
491 436
502 440
502 438
501 437
500 436
503 438
502 437
504 438
505 438
504 437
505 439
505 437
504 436
504 435
504 434
504 433
505 433
503 433
504 432
506 433
504 431
507 433
504 430
508 433
507 434
503 430
509 433
507 435
510 433
511 433
511 432
511 431
510 431
511 430
510 430
511 429
511 428
512 428
513 428
512 427
513 429
512 426
514 429
513 426
511 426
512 425
515 429
510 426
512 424
516 429
515 430
515 428
509 426
513 424
512 423
516 430
515 427
508 426
514 424
512 422
516 431
516 427
508 427
508 425
514 423
512 421
517 431
516 432
517 427
516 426
508 424
514 422
512 420
517 432
515 432
518 427
509 424
507 424
511 420
512 419
518 432
514 432
519 427
518 426
509 423
513 419
518 433
513 432
520 427
519 428
519 426
513 418
518 434
520 426
514 418
513 417
519 434
517 434
521 426
515 418
512 417
520 434
516 434
517 435
522 426
516 418
521 434
520 435
515 434
523 426
517 418
516 417
522 434
514 434
518 418
522 435
514 435
518 419
518 417
523 435
514 436
518 416
524 435
523 436
513 436
519 416
524 436
524 434
512 436
513 437
520 416
524 437
513 438
521 416
524 438
514 438
512 438
521 415
523 438
524 439
515 438
514 439
511 438
521 414
523 439
524 440
514 440
511 439
511 437
522 414
520 414
524 441
514 441
510 439
511 440
525 441
523 441
510 440
511 441
526 441
522 441
510 441
511 442
526 442
526 440
509 441
526 443
527 440
509 442
525 443
528 440
529 440
528 441
528 439
530 440
529 441
531 440
530 441
530 439
529 442
530 438
529 443
531 438
529 438
529 444
532 438
531 437
528 444
533 438
531 436
528 445
534 438
533 437
535 438
535 439
535 437
536 437
536 436
536 435
537 435
536 434
538 435
537 434
535 434
536 433
539 435
538 436
534 434
536 432
540 435
539 436
536 431
539 437
537 431
535 431
540 437
539 438
535 430
540 438
539 439
534 430
540 439
533 430
541 439
542 439
541 440
543 439
541 441
544 439
541 442
544 440
544 438
541 443
545 438
544 437
542 443
541 444
545 437
544 436
543 443
540 444
541 445
545 436
543 436
543 444
539 444
542 445
541 446
546 436
542 436
543 435
544 444
543 445
541 447
546 435
543 434
541 448
544 434
540 448
544 433
539 448
544 432
539 449
545 432
543 432
538 449
539 450
546 432
543 431
538 450
540 450
547 432
542 431
538 451
540 451
548 432
547 431
542 430
537 451
541 451
548 433
541 430
537 452
542 451
541 452
548 434
540 430
536 452
537 453
543 451
549 434
548 435
539 430
540 429
535 452
537 454
544 451
543 450
548 436
540 428
534 452
535 453
549 436
534 451
535 454
550 436
549 437
534 450
534 454
550 437
550 435
533 450
534 449
533 454
551 437
551 435
532 450
535 449
534 448
532 454
552 435
531 450
535 448
534 447
532 455
532 453
553 435
531 451
534 446
532 456
553 436
553 434
530 451
534 445
532 457
554 436
554 434
530 452
535 445
533 457
532 458
554 437
555 434
529 452
536 445
532 459
555 437
554 438
529 453
537 445
536 444
553 438
554 439
528 453
554 440
528 454
554 441
527 454
554 442
555 442
553 442
554 443
555 443
552 442
553 443
556 443
551 442
557 443
551 443
551 441
558 443
557 444
551 444
550 441
559 443
557 445
549 441
560 443
561 443
560 444
560 442
560 445
560 441
561 445
560 446
561 441
559 441
562 445
559 446
560 447
561 440
562 444
559 447
560 448
562 440
563 444
561 448
560 449
563 440
562 439
564 444
563 443
559 449
560 450
564 440
563 441
562 438
564 443
561 450
560 451
565 440
564 441
561 438
564 442
561 451
560 452
566 440
561 437
565 442
562 451
561 452
559 452
566 441
566 439
563 451
561 453
558 452
567 441
567 439
566 438
564 451
563 450
562 453
557 452
558 453
558 451
568 439
566 437
564 450
562 454
556 452
557 453
558 454
568 438
565 450
564 449
563 454
558 455
568 437
566 450
565 449
434 584
557 455
558 456
569 437
566 451
612 523
556 455
558 457
570 437
567 451
566 452
597 532
555 455
557 457
571 437
570 438
567 452
377 645
557 458
572 437
571 436
568 452
567 453
556 458
572 438
572 436
567 454
556 459
573 438
572 439
572 435
567 455
555 459
556 460
572 440
573 435
566 455
567 456
554 459
555 460
573 440
571 440
574 435
565 455
568 456
567 457
553 459
554 460
554 458
574 440
573 441
575 435
574 434
565 456
569 456
567 458
554 457
576 435
575 436
575 434
569 457
576 434
569 458
576 433
570 458
576 432
571 458
570 459
575 432
572 458
571 459
570 460
574 432
573 458
572 459
570 461
574 431
574 458
569 461
574 430
575 458
568 461
569 462
574 429
576 458
575 459
575 457
569 463
574 428
576 459
570 463
569 464
575 428
574 427
576 460
570 464
576 428
574 426
576 461
577 428
575 426
577 461
575 461
577 429
577 427
576 426
578 461
578 429
577 430
578 427
576 425
579 461
579 429
579 427
576 424
580 461
579 462
579 460
580 429
576 423
580 460
579 463
579 459
580 430
580 428
576 422
580 459
580 463
578 459
579 458
581 430
580 431
577 422
575 422
581 459
580 458
581 463
580 464
582 430
580 432
577 421
574 422
575 421
582 459
580 457
582 463
580 465
582 431
581 432
577 420
574 421
583 459
583 463
582 464
580 466
583 431
581 433
578 420
577 419
584 459
583 464
580 467
584 431
583 432
582 433
581 434
579 420
576 419
577 418
585 459
584 460
584 458
583 465
581 467
580 468
585 431
583 433
580 434
579 421
579 419
575 419
577 417
584 457
584 465
581 468
585 430
584 433
583 434
580 421
579 422
579 418
575 418
583 457
584 456
585 465
582 468
585 433
584 434
581 421
579 423
580 418
583 456
585 456
584 455
586 465
582 469
579 424
581 418
580 417
583 455
586 456
585 455
587 465
586 466
583 469
580 424
578 424
582 418
583 454
586 457
586 455
588 465
587 464
586 467
583 470
581 424
583 418
582 454
587 457
587 455
589 465
588 466
583 471
581 423
583 419
583 417
581 454
582 453
588 457
587 458
587 454
590 465
582 471
582 423
584 419
583 416
582 452
588 458
588 454
591 465
582 472
583 423
584 420
583 415
583 452
581 452
589 454
592 465
591 466
582 473
583 424
585 420
584 415
583 414
584 452
581 451
590 454
593 465
582 474
584 424
586 420
585 421
584 414
582 414
585 452
591 454
593 466
593 464
583 474
581 474
582 475
585 424
587 420
584 413
582 413
586 452
591 453
593 467
580 474
586 424
585 425
588 420
587 421
582 412
586 453
591 452
593 468
579 474
580 475
586 425
585 426
588 419
587 422
582 411
592 452
591 451
594 468
578 474
580 476
584 426
589 419
588 418
586 422
587 423
583 411
581 411
591 450
595 468
577 474
578 475
590 419
584 411
580 411
592 450
591 449
595 469
576 474
577 475
591 419
590 420
585 411
584 410
580 412
580 410
593 450
592 449
591 448
596 469
595 470
575 474
577 476
592 419
590 421
586 411
579 410
580 409
594 450
593 451
591 447
597 469
574 474
575 475
577 477
593 419
592 418
590 422
587 411
578 410
581 409
595 450
590 447
591 446
598 469
597 468
573 474
574 475
576 477
577 478
594 419
588 411
577 410
581 408
595 449
589 447
590 446
598 470
597 467
572 474
573 473
575 477
595 419
594 418
588 412
588 410
576 410
582 408
596 449
589 448
599 470
598 467
597 466
571 474
574 477
575 478
595 420
589 412
575 410
576 409
582 407
597 449
596 448
588 448
599 471
570 474
575 479
595 421
590 412
574 410
575 411
576 408
583 407
598 449
596 447
588 449
600 471
569 474
570 473
574 479
595 422
591 412
590 413
574 411
574 409
584 407
598 450
596 446
601 471
569 473
570 472
594 422
592 412
591 413
573 411
573 409
574 408
585 407
598 451
595 446
596 445
602 471
568 473
569 472
570 471
594 423
592 411
591 414
573 412
572 409
573 408
586 407
597 451
594 446
595 445
597 445
602 472
602 470
567 473
569 471
570 470
593 411
592 410
591 415
571 409
587 407
586 408
597 444
602 473
602 469
569 470
594 411
591 410
592 415
591 416
570 409
571 410
587 406
597 443
602 474
569 469
594 410
569 409
570 408
598 443
597 442
602 475
569 468
594 409
568 409
597 441
603 475
602 476
569 467
595 409
568 410
568 408
596 441
597 440
602 477
570 467
568 467
596 409
567 410
567 408
595 441
597 439
602 478
571 467
570 466
567 467
597 409
596 410
596 408
567 411
566 408
597 438
603 478
602 479
571 466
566 467
597 408
596 411
596 407
566 411
565 408
566 407
597 437
602 480
572 466
565 467
598 408
597 411
595 407
596 406
566 412
564 408
598 437
597 436
603 480
601 480
564 467
565 468
598 411
595 406
597 406
596 405
566 413
598 436
596 436
597 435
604 480
600 480
563 467
564 466
565 469
598 412
594 406
597 405
566 414
605 480
604 481
604 479
600 479
562 467
563 468
564 469
565 470
599 412
598 413
594 405
566 415
606 480
604 482
599 479
562 468
562 466
565 471
600 412
594 404
565 415
566 416
607 480
606 481
604 483
561 466
564 471
565 472
600 413
600 411
594 403
564 415
566 417
607 479
603 483
604 484
561 465
563 471
564 472
565 473
601 413
600 410
594 402
563 415
564 416
566 418
607 478
604 485
560 465
561 464
563 472
563 470
564 473
565 474
601 414
601 410
595 402
563 416
567 418
606 478
603 485
604 486
559 465
560 464
562 464
561 463
565 475
602 414
601 415
602 410
595 401
562 416
563 417
568 418
605 478
606 477
602 485
605 486
558 465
560 463
563 464
561 462
566 475
564 475
603 414
600 415
601 416
602 409
596 401
561 416
563 418
606 476
601 485
605 487
558 466
563 465
561 461
566 476
563 475
603 415
601 417
597 401
607 476
606 475
600 485
601 486
605 488
557 466
558 467
562 461
561 460
566 477
604 415
600 417
601 418
597 400
608 476
606 474
599 485
600 484
601 487
605 489
556 466
558 468
567 477
566 478
605 415
599 417
601 419
598 400
597 399
609 476
605 474
599 486
600 483
601 488
606 489
555 466
568 477
605 414
599 418
599 400
598 399
596 399
610 476
609 475
599 487
601 489
607 489
606 490
555 467
569 477
568 478
606 414
605 413
599 419
600 400
596 398
611 476
610 477
609 474
598 487
601 490
608 489
607 490
606 491
554 467
555 468
605 412
599 420
601 400
596 397
610 474
609 473
597 487
601 491
609 489
608 490
605 491
606 492
554 468
556 468
596 396
608 473
596 487
601 492
608 491
607 492
597 396
596 395
600 492
601 493
609 491
607 493
599 492
610 491
607 494
599 493
610 490
608 494
606 494
598 493
611 490
608 495
606 495
597 493
611 489
608 496
605 495
606 496
596 493
611 488
604 495
605 496
595 493
612 488
610 488
604 494
605 497
595 492
612 487
603 494
604 497
605 498
595 491
613 487
603 493
606 498
613 486
607 498
606 499
614 486
608 498
606 500
615 486
614 485
609 498
605 500
615 487
615 485
614 484
610 498
604 500
616 487
615 488
616 485
615 484
614 483
610 499
610 497
603 500
617 487
614 482
611 497
603 501
603 499
618 487
615 482
612 497
611 496
603 502
619 487
616 482
615 481
602 502
619 488
616 481
615 480
601 502
602 503
619 489
617 481
614 480
615 479
601 501
602 504
618 481
613 480
615 478
601 500
603 504
619 481
612 480
475 482
600 500
601 499
604 504
603 505
620 481
611 480
474 482
599 500
605 504
604 505
428 339
428 338
428 337
428 336
429 336
428 335
428 334
428 333
429 333
428 332
430 333
427 332
428 331
430 332
429 331
429 330
429 329
429 328
430 328
429 327
431 328
428 327
432 328
431 327
427 327
433 328
427 328
427 326
434 328
427 329
427 325
434 327
426 329
426 325
434 326
426 330
426 324
425 330
426 331
425 324
424 330
425 331
424 324
425 323
423 330
424 323
425 322
422 330
425 321
421 330
422 329
426 321
425 320
421 331
426 320
424 320
426 319
424 319
427 319
424 318
428 319
423 318
429 319
428 318
422 318
429 320
428 317
422 317
429 321
427 317
428 316
421 317
422 316
427 316
420 317
423 316
427 315
419 317
427 314
419 316
427 313
418 316
427 312
417 316
428 312
426 312
417 317
417 315
425 312
416 317
416 315
424 312
425 311
416 318
423 312
425 310
423 311
426 310
427 310
426 309
428 310
426 308
427 308
425 308
427 307
424 308
428 307
427 306
423 308
424 307
429 307
427 305
422 308
430 307
427 304
422 307
431 307
432 307
432 308
432 306
432 309
433 306
432 305
433 309
434 306
433 310
435 306
435 305
436 305
435 304
437 305
436 304
436 303
437 303
436 302
436 301
437 301
436 300
438 301
437 300
436 299
438 302
437 299
439 302
438 299
440 302
438 298
441 302
440 301
438 297
441 303
441 301
438 296
442 303
441 300
439 296
437 296
443 303
442 304
439 295
444 303
443 304
440 295
445 303
444 304
444 302
440 294
446 303
444 305
441 294
447 303
446 302
445 305
444 306
442 294
441 293
448 303
447 304
446 301
446 305
444 307
442 293
441 292
448 304
446 300
445 307
444 308
443 293
442 292
441 291
449 304
448 305
447 300
445 300
443 308
444 309
440 291
441 290
450 304
448 306
447 299
444 310
439 291
440 290
442 290
450 303
449 306
448 299
447 298
445 310
443 310
440 289
451 303
450 306
449 299
448 298
447 297
446 310
442 310
440 288
450 307
450 299
449 300
449 298
447 310
446 309
442 309
441 288
450 308
450 298
449 301
449 297
441 309
442 288
450 309
450 301
449 296
441 308
443 288
442 287
451 309
450 310
451 301
450 296
444 288
443 289
442 286
451 310
449 310
450 311
452 301
451 296
450 295
441 286
442 285
452 310
450 312
452 302
452 296
450 294
443 285
442 284
453 310
449 312
453 302
452 297
449 294
450 293
441 284
442 283
449 313
453 303
450 292
440 284
442 282
453 304
449 292
450 291
439 284
440 285
442 281
454 304
452 304
453 305
448 292
451 291
441 281
442 280
455 304
454 305
447 292
451 290
440 281
441 280
442 279
456 304
455 303
446 292
447 291
451 289
439 281
443 279
442 278
456 303
455 302
447 290
439 280
442 277
456 302
455 301
447 289
438 280
443 277
442 276
457 302
447 288
441 276
458 302
448 288
440 276
441 275
459 302
458 303
458 301
448 287
440 275
459 303
458 300
448 286
440 274
449 286
447 286
440 273
449 285
446 286
441 273
440 272
449 284
446 287
446 285
441 272
439 272
449 283
445 287
441 271
438 272
450 283
448 283
442 271
437 272
438 273
438 271
451 283
447 283
448 282
437 271
438 274
451 282
447 282
436 271
451 281
446 282
435 271
451 280
445 282
446 281
434 271
435 270
450 280
451 279
445 283
445 281
433 271
435 269
450 279
445 284
444 281
432 271
436 269
435 268
449 279
444 280
431 271
435 267
449 278
430 271
431 272
434 267
449 277
430 272
430 270
434 266
450 277
430 273
429 270
430 269
434 265
451 277
429 273
430 274
429 269
431 269
433 265
451 276
428 273
429 274
432 265
451 275
427 273
431 265
452 275
426 273
431 266
452 274
426 274
426 272
431 267
453 274
452 273
426 275
426 271
454 274
425 275
426 270
454 275
454 273
424 275
426 269
454 276
455 273
423 275
424 276
427 269
455 276
422 275
423 274
424 277
456 276
421 275
423 273
456 277
456 275
420 275
421 274
422 273
456 278
457 275
420 276
456 279
458 275
419 276
456 280
459 275
458 274
418 276
419 277
688 403
417 276
418 275
689 401
416 276
418 274
411 273
415 276
416 275
419 274
418 273
412 276
413 271
689 403
414 276
415 277
415 275
690 401
690 403
415 274
410 273
411 276
412 277
414 274
414 271
412 271
692 400
690 402
413 274
412 278
695 404
693 403
412 274
413 273
412 279
693 402
689 405
411 274
412 275
413 272
687 403
688 401
689 404
460 275
461 275
462 275
463 275
462 276
462 274
464 275
463 276
465 275
464 274
463 277
466 275
465 276
465 274
463 278
466 274
465 277
463 279
466 273
466 277
463 280
467 273
466 272
466 278
464 280
463 281
467 272
465 272
465 280
467 271
464 272
465 271
465 281
468 271
467 270
465 270
466 281
469 271
467 281
469 272
468 281
470 272
468 282
471 272
469 282
468 283
472 272
471 273
471 271
470 282
467 283
468 284
471 274
471 270
470 283
467 284
470 274
471 269
470 284
469 274
472 269
470 269
471 268
471 284
473 269
471 267
472 284
473 268
472 285
472 283
473 267
473 285
473 266
474 285
474 266
474 286
475 266
475 286
476 266
475 287
476 267
476 265
475 288
477 267
477 265
476 288
477 264
476 289
477 263
476 290
477 262
477 290
475 290
476 291
478 262
474 290
476 292
478 261
473 290
474 289
477 292
475 292
476 293
478 260
475 293
479 260
475 294
480 260
479 259
474 294
475 295
480 261
473 294
476 295
475 296
481 261
480 262
473 295
477 295
475 297
480 263
472 295
473 296
478 295
477 296
481 263
480 264
471 295
473 297
478 296
482 263
480 265
472 297
479 296
483 263
472 298
479 297
483 264
472 299
479 298
484 264
471 299
479 299
485 264
484 265
470 299
471 300
480 299
485 265
485 263
484 266
469 299
471 301
481 299
486 265
484 267
469 300
469 298
472 301
482 299
481 300
486 266
484 268
469 301
469 297
473 301
482 300
486 267
483 268
469 302
469 296
473 302
473 300
482 301
487 267
483 269
468 302
468 296
473 303
474 300
482 302
488 267
483 270
468 303
468 295
472 303
473 304
474 299
488 268
488 266
483 271
467 303
468 304
472 304
474 304
489 268
488 269
488 265
483 272
467 304
472 305
474 305
488 270
489 265
488 264
482 272
483 273
471 305
490 265
487 264
488 263
484 273
483 274
470 305
489 263
483 275
469 305
470 304
489 262
483 276
490 262
484 276
483 277
491 262
484 277
482 277
491 263
491 261
484 278
492 263
491 260
484 279
493 263
492 264
492 260
484 280
494 263
492 265
492 259
485 280
484 281
493 265
493 259
492 258
485 281
494 259
491 258
494 260
490 258
491 257
495 260
491 256
496 260
492 256
491 255
497 260
496 261
492 255
498 260
493 255
498 261
498 259
494 255
499 261
499 259
495 255
494 256
494 254
500 261
500 259
494 253
500 262
500 258
493 253
494 252
500 263
492 253
495 252
501 263
499 263
500 264
492 252
496 252
495 251
502 263
498 263
499 264
500 265
491 252
497 252
495 250
498 264
500 266
490 252
497 251
496 250
494 250
497 264
501 266
490 253
496 249
501 267
489 253
496 248
501 268
488 253
496 247
502 268
500 268
487 253
488 254
488 252
497 247
495 247
502 269
499 268
486 253
488 251
497 246
502 270
499 269
486 252
489 251
488 250
497 245
503 270
502 271
486 251
489 250
487 250
488 249
498 245
496 245
504 270
503 271
502 272
485 251
499 245
495 245
504 271
504 269
503 272
501 272
484 251
500 245
499 244
494 245
505 271
505 269
503 273
501 273
483 251
484 252
484 250
500 246
499 243
493 245
494 246
506 269
500 273
482 251
500 247
499 242
506 270
499 273
500 274
481 251
482 250
501 247
499 241
507 270
498 273
500 275
480 251
481 250
502 247
499 240
508 270
497 273
498 272
499 275
500 276
480 250
481 249
503 247
500 240
499 239
509 270
508 271
497 272
500 277
479 250
481 248
503 246
499 238
510 270
509 269
497 271
500 278
478 250
479 249
504 246
500 238
499 237
511 270
509 268
496 271
500 279
477 250
478 251
479 248
505 246
504 245
498 237
511 271
510 268
509 267
501 279
499 279
500 280
476 250
479 247
505 247
505 245
504 244
497 237
511 272
510 267
509 266
498 279
500 281
475 250
476 249
480 247
505 248
506 245
503 244
504 243
496 237
511 267
509 265
501 281
474 250
475 251
475 249
476 248
480 246
506 248
504 248
507 245
502 244
503 243
505 243
504 242
496 238
496 236
512 267
510 265
502 281
501 282
473 250
474 251
475 252
476 247
481 246
507 248
506 249
507 246
507 244
506 243
505 242
504 241
495 238
496 235
513 267
512 266
511 265
503 281
501 283
473 251
474 252
475 247
476 246
482 246
508 248
507 249
507 247
508 244
503 241
504 240
494 238
495 239
496 234
514 267
513 268
512 265
501 284
474 253
474 247
476 245
482 247
507 250
502 241
505 240
494 237
495 240
495 234
496 233
515 267
512 264
502 284
500 284
474 254
474 246
476 244
483 247
502 240
493 237
494 234
516 267
502 285
499 284
500 285
474 255
474 245
476 243
484 247
493 236
493 234
517 267
516 268
503 285
499 285
475 255
473 255
473 245
476 242
485 247
484 246
492 236
493 235
492 234
518 267
517 266
516 269
498 285
499 286
476 255
475 256
472 255
472 245
473 244
475 242
484 245
491 234
492 233
517 265
517 269
516 270
499 287
477 255
472 254
471 245
472 246
472 244
473 243
475 241
484 244
490 234
492 232
517 264
518 269
517 270
499 288
478 255
477 254
471 254
474 241
483 244
491 232
492 231
517 271
500 288
499 289
470 254
473 241
474 240
482 244
491 231
493 231
517 272
501 288
499 290
469 254
474 239
481 244
491 230
516 272
500 290
498 290
499 291
468 254
473 239
474 238
491 229
516 273
500 291
497 290
467 254
472 239
475 238
474 237
490 229
491 228
516 274
501 291
497 291
467 255
467 253
471 239
475 237
489 229
492 228
491 227
502 291
497 292
467 256
466 253
470 239
488 229
493 228
491 226
503 291
496 292
497 293
468 256
467 257
470 240
494 228
491 225
504 291
503 292
495 292
497 294
468 257
466 257
469 240
490 225
505 291
503 293
495 293
498 294
468 240
469 241
489 225
490 224
505 290
504 293
467 240
468 241
469 242
488 225
489 226
489 224
490 223
505 289
505 293
466 240
468 242
487 225
489 227
490 222
505 288
505 294
466 239
468 243
486 225
487 224
488 227
490 221
506 288
505 287
506 294
505 295
467 243
468 244
486 226
487 223
490 220
507 288
506 287
505 296
468 245
488 223
490 219
506 296
467 245
468 246
491 219
490 218
507 296
466 245
467 246
468 247
492 219
489 218
490 217
507 297
507 295
465 245
466 244
493 219
492 220
490 216
507 298
508 295
464 245
465 244
494 219
493 220
509 295
463 245
464 246
495 219
494 220
493 221
510 295
509 296
463 244
464 247
496 219
493 222
511 295
462 244
464 248
497 219
512 295
461 244
462 243
497 220
497 218
513 295
462 242
498 220
497 221
497 217
514 295
462 241
497 222
496 217
514 296
461 241
462 240
496 222
497 223
496 216
515 296
514 297
460 241
462 239
496 223
497 224
496 215
515 297
513 297
514 298
459 241
460 242
463 239
462 238
498 224
497 225
497 215
495 215
496 214
514 299
459 242
463 238
462 237
499 224
497 226
498 215
496 213
515 299
513 299
514 300
458 242
461 237
499 225
499 223
497 227
499 215
498 216
495 213
516 299
514 301
457 242
500 225
499 222
498 227
500 215
495 212
517 299
516 300
513 301
457 241
501 225
500 214
494 212
517 300
513 302
456 241
502 225
500 213
493 212
494 211
518 300
517 301
512 302
455 241
501 213
500 212
492 212
494 210
519 300
518 301
517 302
511 302
454 241
455 240
502 213
499 212
492 211
494 209
519 301
517 303
453 241
454 242
455 239
503 213
492 210
494 208
520 301
518 303
516 303
453 240
454 243
456 239
504 213
503 212
492 209
494 207
521 301
520 302
518 304
452 240
455 243
457 239
504 214
503 211
492 208
495 207
521 300
520 303
518 305
451 240
455 244
458 239
504 215
503 210
491 208
492 207
495 206
521 299
521 303
518 306
450 240
456 244
455 245
458 238
505 215
503 215
504 216
504 210
503 209
490 208
492 206
496 206
522 299
520 299
521 304
518 307
449 240
454 245
458 237
506 215
505 216
504 217
502 209
491 206
492 205
496 205
521 305
518 308
449 239
453 245
454 246
457 237
507 215
505 217
503 217
502 208
492 204
497 205
522 305
518 309
448 239
453 246
454 247
456 237
508 215
503 218
493 204
497 204
523 305
519 309
517 309
448 238
453 247
455 247
454 248
456 236
508 214
502 218
494 204
498 204
523 306
523 304
520 309
516 309
447 238
448 237
453 248
456 235
509 214
501 218
494 205
494 203
498 203
523 307
524 304
521 309
515 309
446 238
449 237
448 236
457 235
455 235
456 234
509 213
501 217
498 202
525 304
521 310
514 309
515 310
515 308
445 238
450 237
449 236
447 236
456 233
509 212
497 202
498 201
526 304
522 310
521 311
513 309
444 238
445 239
445 237
451 237
450 238
450 236
449 235
455 233
456 232
509 211
497 201
527 304
523 310
522 311
521 312
512 309
443 238
445 240
445 236
451 236
449 234
455 232
457 232
509 210
496 201
497 200
528 304
527 305
524 310
520 312
511 309
444 240
445 235
452 236
450 234
454 232
457 231
510 210
508 210
496 200
528 305
527 306
525 310
519 312
511 310
511 308
443 240
444 235
453 236
450 233
458 231
511 210
495 200
496 199
529 305
526 310
525 311
518 312
519 313
519 311
510 310
443 241
444 234
453 237
451 233
459 231
511 211
496 198
530 305
517 312
509 310
442 241
443 242
444 233
454 237
452 233
460 231
511 212
497 198
495 198
530 306
516 312
508 310
509 311
509 309
442 242
444 242
443 233
444 232
454 238
452 232
460 230
512 212
497 197
530 307
507 310
509 312
441 242
442 233
452 231
461 230
512 213
498 197
531 307
506 310
507 311
507 309
510 312
441 233
453 231
451 231
461 229
513 213
512 214
499 197
532 307
531 308
505 310
506 311
506 309
507 308
511 312
441 232
453 230
461 228
514 213
512 215
500 197
533 307
504 310
506 308
508 308
511 313
440 232
453 229
462 228
515 213
514 212
500 198
534 307
504 311
505 308
508 307
511 314
439 232
440 231
453 228
462 227
516 213
501 198
535 307
534 308
534 306
503 311
504 308
509 307
508 306
511 315
439 233
439 231
440 230
454 228
452 228
453 227
462 226
516 214
501 199
535 306
534 309
502 311
511 316
439 234
452 227
463 226
461 226
517 214
516 215
501 200
534 310
501 311
502 310
510 316
511 317
438 234
451 227
452 226
464 226
460 226
518 214
516 216
501 201
535 310
534 311
500 311
502 309
510 317
437 234
438 235
451 226
464 227
464 225
459 226
519 214
518 213
515 216
516 217
502 201
536 310
535 311
533 311
534 312
500 312
510 318
436 234
437 235
450 226
451 225
464 228
520 214
519 215
519 213
517 217
516 218
502 202
536 309
534 313
499 312
509 318
510 319
436 235
449 226
451 224
465 228
464 229
521 214
520 215
520 213
516 219
503 202
535 313
533 313
498 312
510 320
435 235
448 226
451 223
466 228
465 229
464 230
522 214
521 215
520 212
516 220
504 202
532 313
533 314
498 313
498 311
510 321
434 235
435 236
448 225
452 223
451 222
466 229
466 227
464 231
523 214
520 211
517 220
516 221
504 203
504 201
531 313
533 315
498 314
497 311
509 321
510 322
433 235
435 237
447 225
448 224
453 223
467 229
466 226
463 231
524 214
521 211
519 211
518 220
516 222
505 203
504 200
533 316
499 314
496 311
508 321
510 323
432 235
435 238
446 225
447 224
448 223
453 224
453 222
466 225
524 215
522 211
521 210
518 211
519 220
518 221
515 222
504 199
533 317
495 311
507 321
510 324
431 235
432 234
434 238
447 223
454 224
453 225
453 221
524 216
523 211
521 209
519 221
518 222
514 222
515 223
505 199
504 198
533 318
494 311
507 320
511 324
431 236
432 233
433 238
434 239
446 223
453 220
525 216
524 217
521 208
513 222
514 221
534 318
533 319
493 311
494 312
512 324
511 325
430 236
433 239
446 222
453 219
526 216
524 218
521 207
512 222
513 221
534 319
492 311
512 325
512 323
429 236
433 240
446 221
526 217
526 215
523 218
522 207
520 207
521 206
512 223
535 319
534 320
491 311
512 326
512 322
429 237
432 240
445 221
446 220
527 217
526 218
527 215
523 219
523 207
519 207
521 205
511 223
512 224
535 320
534 321
491 312
491 310
513 326
512 327
513 322
428 237
444 221
447 220
528 217
528 215
524 207
519 208
519 206
522 205
510 223
512 225
534 322
513 327
512 328
514 322
427 237
428 238
443 221
444 220
448 220
529 217
525 207
524 208
519 205
522 204
512 226
534 323
514 327
512 329
426 237
442 221
443 222
448 219
530 217
524 209
519 204
535 323
533 323
512 330
425 237
426 236
441 221
442 222
449 219
448 218
531 217
525 209
519 203
536 323
512 331
425 238
425 236
426 235
441 220
450 219
532 217
526 209
520 203
536 324
511 331
424 238
424 236
425 235
426 234
441 219
450 218
532 218
526 210
526 208
520 202
536 325
510 331
423 238
424 239
427 234
440 219
441 218
450 217
533 218
532 219
527 210
520 201
510 332
422 238
423 239
424 240
428 234
439 219
440 218
451 217
450 216
534 218
532 220
527 211
521 201
520 200
510 333
422 239
422 237
428 233
440 217
450 215
534 217
520 199
511 333
509 333
422 240
429 233
428 232
439 217
449 215
534 216
521 199
511 334
508 333
421 240
422 241
430 233
428 231
449 214
535 216
534 215
521 198
511 335
507 333
429 231
427 231
448 214
536 216
521 197
507 332
429 230
447 214
448 213
536 217
520 197
521 196
506 332
507 331
429 229
447 215
448 212
537 217
519 197
522 196
521 195
505 332
507 330
429 228
446 215
448 211
537 218
522 195
520 195
504 332
505 333
430 228
449 211
538 218
523 195
519 195
504 331
505 334
430 227
450 211
449 210
539 218
523 194
518 195
504 330
431 227
451 211
539 219
539 217
524 194
523 193
517 195
518 196
503 330
432 227
451 210
540 219
539 220
539 216
525 194
524 193
523 192
516 195
517 196
432 228
432 226
538 220
540 216
525 193
515 195
433 228
432 229
432 225
526 193
514 195
515 196
433 229
431 229
433 225
527 193
526 192
513 195
514 196
514 194
433 230
434 225
528 193
527 192
526 191
514 197
514 193
433 231
435 225
527 191
515 193
513 193
434 231
432 231
435 224
527 190
513 192
435 223
527 189
434 223
526 189
434 222
525 189
526 188
433 222
434 221
524 189
526 187
432 222
524 188
526 186
432 223
523 188
527 186
525 186
431 223
522 188
523 187
527 185
524 186
430 223
521 188
528 185
524 185
429 223
520 188
528 184
524 184
428 223
520 187
525 184
428 224
428 222
520 186
525 183
427 222
428 221
520 185
526 183
525 182
427 221
429 221
519 185
525 181
426 221
427 220
429 220
518 185
524 181
525 180
426 220
427 219
430 220
517 185
524 180
525 179
425 220
426 219
428 219
427 218
517 186
526 179
525 178
424 220
427 217
517 187
526 178
423 220
428 217
426 217
518 187
517 188
422 220
429 217
426 216
421 220
422 221
430 217
429 218
425 216
420 220
430 216
425 215
419 220
420 221
418 220
420 222
417 220
420 223
416 220
417 221
421 223
415 220
417 222
421 224
418 222
416 222
421 225
