603 724
600 732
583 731
520 523
642 716
550 719
523 556
626 716
319 336
553 664
477 532
643 725
517 640
524 503
326 361
556 718
592 711
533 489
492 513
458 540
512 714
489 495
528 501
562 648
535 713
495 544
634 725
534 607
650 725
463 538
486 494
632 710
516 514
320 316
459 540
555 743
607 701
569 653
535 714
616 735
593 679
561 515
606 689
542 703
332 383
401 313
492 538
569 660
472 546
486 551
558 355
342 332
571 736
336 320
582 742
575 740
558 524
613 690
317 381
623 719
628 719
608 700
612 713
603 757
605 700
458 708
568 658
594 698
607 691
498 708
544 686
513 524
644 599
495 561
616 602
494 539
572 744
482 494
616 585
320 389
514 745
482 712
564 740
334 372
592 710
609 735
319 342
613 711
507 716
513 715
531 481
342 334
488 689
570 654
497 499
324 323
614 749
490 706
541 509
522 560
483 700
583 744
518 561
620 723
499 553
573 702
316 382
516 527
579 746
557 350
563 517
605 759
496 520
511 512
519 508
602 701
333 328
328 361
562 678
328 355
620 586
488 699
621 611
524 721
570 741
627 602
603 756
613 748
625 726
530 714
624 702
475 706
496 546
642 609
524 462
642 728
549 513
652 709
514 513
658 724
636 601
557 680
599 728
662 727
642 586
613 712
573 740
531 470
566 731
550 514
549 746
321 335
339 327
479 487
599 722
499 527
630 585
565 739
539 746
559 341
326 379
650 602
333 386
531 495
496 563
510 712
530 464
607 690
322 323
478 532
628 714
506 553
622 738
587 700
599 752
605 701
537 482
544 722
574 755
476 483
647 724
512 725
496 540
465 710
631 600
517 636
651 721
611 689
403 315
524 724
464 708
585 733
487 612
322 318
628 600
462 710
560 713
488 698
647 723
597 761
538 703
493 613
332 381
499 550
496 504
597 729
322 331
653 599
320 338
470 706
573 666
540 736
618 577
594 746
612 749
607 752
529 500
480 620
476 702
522 504
338 395
486 693
484 507
607 730
595 679
522 720
632 731
477 549
547 715
519 729
591 711
547 757
619 735
489 612
332 328
556 351
327 313
503 554
672 727
528 763
529 728
542 746
632 602
502 557
546 761
504 549
481 484
476 486
619 736
502 548
333 383
526 733
531 475
348 404
474 486
539 717
640 592
604 722
596 694
561 674
541 478
619 721
482 698
320 317
513 528
494 686
546 693
515 555
562 658
547 759
459 537
601 739
548 746
616 609
634 737
531 486
503 723
560 352
493 514
337 394
502 710
324 348
623 732
554 668
574 751
623 581
321 341
657 726
483 508
487 504
565 684
529 466
609 692
624 572
558 346
626 603
524 552
568 356
597 692
604 737
587 704
623 707
574 745
558 716
628 724
635 592
582 739
640 606
362 390
617 603
664 727
558 666
595 738
620 602
553 335
586 593
567 654
558 710
532 489
538 508
585 724
576 755
478 491
550 741
483 614
476 482
594 733
518 504
514 542
555 513
475 481
520 516
326 357
514 744
593 696
555 670
579 704
474 484
501 506
600 685
481 615
480 557
611 587
519 632
568 734
533 496
522 752
551 665
536 746
524 631
616 732
323 351
494 540
565 355
489 695
325 322
464 543
528 710
335 363
494 705
650 605
524 558
601 723
505 495
487 709
525 758
475 546
480 629
489 679
478 536
510 720
468 704
476 705
484 620
325 365
631 727
544 755
560 717
546 753
554 679
527 483
329 354
532 462
651 723
619 710
493 547
556 686
655 723
488 613
625 727
555 668
509 728
639 601
538 464
519 517
658 728
584 727
550 691
630 728
600 741
653 587
583 704
553 341
589 735
615 714
579 710
518 628
612 606
597 759
634 598
546 712
527 478
518 564
621 603
492 687
647 722
597 748
628 732
599 685
403 316
489 507
645 713
338 393
497 708
458 533
476 548
617 737
336 390
575 746
612 586
484 488
591 680
531 502
524 557
618 576
498 493
497 520
564 731
350 389
490 692
525 536
551 748
495 515
630 713
551 664
497 703
642 608
334 366
541 728
526 480
481 540
325 340
484 494
555 655
545 507
647 607
554 744
556 715
652 601
504 502
468 548
608 707
544 508
330 383
545 737
638 711
525 534
498 520
588 680
547 712
571 681
548 742
334 380
499 525
612 686
642 596
519 506
602 702
496 516
526 535
481 541
530 456
509 720
568 653
650 707
360 389
354 395
400 312
324 331
548 710
326 351
496 703
531 503
521 629
611 589
499 552
480 619
555 662
548 700
530 620
590 707
613 592
649 723
528 715
489 546
519 542
627 725
561 646
567 650
473 545
527 618
515 513
510 556
666 725
476 503
663 726
519 528
321 346
477 685
327 315
546 508
583 702
558 744
621 581
523 748
515 792
562 354
648 708
335 320
504 722
533 463
597 727
558 671
491 542
523 750
597 679
562 654
613 718
506 725
637 602
401 314
613 719
326 364
556 649
332 380
524 554
555 678
626 724
537 506
484 615
558 649
519 728
522 507
536 482
550 753
537 745
582 706
555 342
646 592
530 461
533 469
326 363
489 699
321 347
624 609
476 537
359 392
525 462
518 631
322 347
603 746
315 348
599 733
613 593
522 759
524 759
550 659
623 702
635 708
599 754
640 591
602 685
638 714
542 734
504 527
548 717
493 688
556 684
518 538
549 665
652 602
567 736
352 387
559 651
554 743
521 759
480 684
644 713
640 602
533 498
476 687
607 728
561 647
611 592
622 705
487 508
485 495
645 586
546 748
645 716
338 327
485 504
493 708
595 736
661 728
473 535
310 344
594 721
511 527
613 723
553 662
559 519
491 690
595 733
524 726
599 732
500 505
517 730
333 379
505 551
560 741
504 504
330 376
531 468
571 682
617 746
608 742
572 755
488 495
468 705
343 334
535 502
635 725
605 708
606 752
488 679
556 669
519 738
531 492
530 725
574 651
333 380
599 741
558 515
548 515
607 729
547 508
554 656
480 541
652 603
573 743
621 712
551 719
500 551
619 711
585 732
357 396
493 545
635 603
547 700
317 337
498 505
601 732
555 717
658 727
507 710
547 754
330 319
604 754
511 526
326 377
457 532
621 720
475 700
600 754
504 505
527 729
523 459
479 539
654 718
560 710
511 554
606 707
485 485
495 498
477 506
320 340
607 700
560 708
543 746
594 697
566 735
503 549
547 703
328 331
556 341
642 715
641 604
668 725
486 495
476 479
635 591
595 728
492 545
556 343
515 557
334 367
491 536
319 316
554 667
532 708
617 611
627 607
636 709
622 739
463 546
555 666
542 723
489 700
607 693
565 726
588 724
652 714
323 323
520 627
318 355
629 731
573 652
581 708
479 537
628 606
329 357
470 547
557 712
585 734
484 508
530 496
330 377
499 545
587 701
497 705
528 732
627 728
534 714
590 604
321 333
527 476
616 739
518 551
486 504
349 398
521 636
591 603
571 683
652 719
540 703
552 663
644 725
535 715
535 716
575 703
505 552
540 745
464 710
336 322
541 725
329 362
611 713
549 687
566 739
626 581
609 731
612 734
549 712
545 509
332 314
638 602
506 629
499 539
620 584
504 630
645 725
544 571
607 722
524 719
594 696
527 765
616 600
496 562
605 754
336 325
527 501
553 689
480 491
559 744
458 537
555 685
652 726
629 600
599 737
331 374
517 509
554 686
521 635
615 708
565 656
483 507
614 607
579 701
598 733
315 345
599 734
558 357
479 619
559 344
640 590
587 736
620 710
551 691
506 555
599 683
462 709
510 717
318 341
518 541
481 685
520 635
629 581
346 388
480 508
592 605
661 726
495 685
598 692
467 708
652 717
517 541
557 674
553 513
670 727
596 723
547 716
518 527
529 467
487 611
569 736
520 553
553 338
354 386
527 717
322 322
543 739
458 548
571 658
490 500
467 710
627 711
630 581
477 491
549 721
647 589
570 659
327 378
327 331
496 544
484 483
613 687
493 516
484 498
469 549
641 728
659 720
499 554
671 724
517 637
560 745
646 585
528 458
550 717
557 649
601 720
480 503
633 708
333 320
608 728
586 704
476 505
597 731
558 655
322 316
326 385
521 503
555 676
477 551
652 710
618 603
334 371
522 509
617 738
585 747
501 723
591 708
557 664
589 604
650 720
519 563
629 585
487 535
355 387
585 727
333 367
570 664
512 527
356 401
474 487
485 616
598 750
567 684
468 709
488 494
474 704
606 729
553 688
339 320
357 387
547 692
494 681
647 591
327 375
500 553
604 721
609 588
548 743
585 731
597 684
524 561
494 498
560 682
482 709
533 721
492 708
485 500
520 555
590 741
324 322
642 714
521 624
550 715
546 741
516 744
487 544
562 649
620 736
609 741
541 747
496 634
556 751
608 583
580 708
577 655
622 737
511 728
548 704
641 711
483 544
553 337
596 745
526 619
487 712
541 717
521 748
545 713
491 511
638 605
498 497
318 380
480 556
503 630
629 722
542 735
545 742
509 719
579 754
510 540
334 391
544 742
508 525
593 699
628 729
617 586
408 319
480 558
609 751
492 562
566 733
527 475
518 720
549 738
591 604
321 343
571 737
535 501
489 500
564 679
547 693
488 510
619 575
498 529
335 318
634 721
565 731
503 506
496 523
565 657
547 758
559 714
519 513
574 667
321 317
342 331
649 708
472 545
535 484
349 399
610 759
642 711
497 631
480 626
600 702
528 479
336 334
493 500
515 556
482 540
557 667
325 328
485 482
497 535
533 487
547 506
463 544
628 581
651 722
485 550
558 674
582 744
621 604
629 584
620 721
564 729
322 343
610 751
495 535
503 535
501 550
486 613
562 731
547 698
519 748
463 535
610 748
331 366
478 488
616 596
536 483
649 610
319 356
650 601
319 380
547 751
556 347
504 721
559 650
332 319
557 646
558 343
527 758
480 545
472 482
618 739
559 682
584 738
620 609
540 738
534 482
557 671
605 722
357 392
647 590
357 391
480 625
569 651
609 694
645 703
522 561
525 526
647 609
598 753
603 721
628 720
628 730
618 721
567 734
338 328
604 720
615 586
497 527
518 629
633 731
603 687
523 502
623 573
651 726
477 550
542 691
609 707
637 592
516 726
475 480
575 755
543 755
549 688
544 754
638 606
626 732
470 700
596 693
641 600
560 359
640 588
614 748
540 507
344 387
647 703
651 587
626 719
344 334
649 716
523 720
562 356
496 541
627 742
498 506
600 737
610 584
626 743
671 721
649 606
492 499
573 755
596 696
336 389
485 620
541 736
499 531
602 711
569 663
545 511
476 706
529 712
569 684
636 710
597 756
572 652
567 737
632 724
546 737
584 705
519 504
546 709
527 733
410 317
611 720
567 744
547 689
519 505
599 739
554 665
549 511
550 739
457 542
584 739
477 552
612 709
647 604
616 586
334 384
649 706
634 724
566 530
350 388
523 726
622 706
320 337
482 608
555 350
479 503
492 690
332 392
640 587
576 673
532 501
552 659
536 705
512 715
546 721
481 608
560 707
330 365
550 665
476 545
614 733
353 387
496 500
570 736
602 751
543 703
583 706
496 522
590 737
526 502
562 517
651 720
598 709
551 660
550 516
621 577
556 670
530 619
611 687
495 705
464 545
549 741
527 457
489 713
508 726
512 512
546 690
612 720
640 607
646 594
577 701
605 725
499 551
609 708
346 389
475 687
524 559
552 513
606 690
647 608
315 340
571 666
559 644
539 715
575 748
331 383
593 738
475 537
325 364
551 690
562 730
584 737
539 506
329 313
557 653
635 734
491 513
625 738
488 546
507 713
559 743
557 673
591 737
506 724
599 727
564 730
564 676
564 654
560 514
508 555
516 736
640 605
510 525
596 728
479 491
615 709
495 499
589 699
527 732
655 727
320 380
651 727
335 371
510 541
509 555
551 720
480 510
542 743
317 355
508 715
522 631
560 709
601 734
513 513
627 743
558 341
485 692
401 312
647 610
502 554
530 715
626 605
544 507
558 653
498 551
613 722
621 585
403 312
621 576
552 714
627 716
487 698
591 738
546 342
536 704
561 656
476 703
575 747
543 693
316 383
633 734
540 477
614 606
491 507
481 501
642 601
318 336
519 635
563 526
532 491
541 688
337 326
646 721
619 608
332 317
590 735
564 653
623 611
607 760
333 390
475 545
328 317
536 747
544 753
511 556
608 732
530 711
479 506
552 746
464 548
598 746
597 734
614 719
484 619
557 522
463 536
507 632
556 743
504 556
600 710
548 751
343 387
499 709
648 705
649 720
330 330
549 754
520 750
597 747
595 722
529 490
598 730
633 709
594 700
349 401
577 656
647 714
548 698
309 343
517 639
322 389
333 373
545 512
549 348
557 746
547 699
532 472
612 690
603 748
479 482
547 511
534 496
597 746
520 744
318 358
336 333
645 704
521 548
599 744
546 760
516 742
538 741
672 728
584 741
527 762
597 698
622 723
526 461
521 511
535 480
555 653
621 709
350 387
579 665
559 684
519 723
611 586
628 601
518 636
651 725
562 738
480 621
493 682
521 527
481 556
524 530
576 701
321 323
554 344
597 725
548 759
520 743
562 674
531 472
321 345
565 727
586 738
484 706
599 751
498 535
325 329
547 514
488 536
351 387
495 545
560 522
525 454
455 544
564 678
548 707
348 405
485 499
597 743
556 667
563 515
344 329
553 336
590 727
496 626
517 547
604 711
600 707
467 703
647 709
327 327
621 582
649 717
606 700
578 746
559 346
597 758
559 652
321 324
623 710
320 345
616 748
525 535
342 388
328 369
595 678
649 604
559 674
545 703
460 538
527 726
553 745
559 649
516 542
522 630
489 690
489 705
617 720
489 535
541 507
517 745
325 358
575 704
559 347
575 667
485 544
320 335
507 555
520 527
511 510
636 602
506 722
462 538
337 390
597 744
590 701
614 714
633 722
517 544
323 356
491 502
611 593
527 456
518 508
630 600
607 745
466 546
624 582
515 726
500 545
570 648
596 730
365 393
603 737
323 387
464 541
526 730
468 706
476 504
598 699
323 349
525 529
629 730
494 523
553 657
327 316
548 514
617 612
488 551
548 342
524 764
597 687
570 740
458 547
562 355
461 546
534 485
332 382
622 734
623 603
514 795
521 758
565 728
589 728
519 727
552 668
594 699
478 548
535 606
585 722
477 539
326 317
329 353
608 727
565 734
494 545
634 722
521 526
559 683
629 742
514 550
355 401
627 712
483 608
560 752
347 402
591 707
332 364
552 657
493 621
562 682
643 602
583 726
640 727
472 701
528 723
559 712
519 730
328 310
567 739
334 320
488 508
557 359
605 749
537 703
654 727
605 740
332 386
530 490
604 687
499 495
555 649
605 758
484 499
559 518
500 537
596 736
480 539
598 738
623 722
575 668
608 726
524 722
613 732
602 741
325 327
517 638
628 721
562 653
510 726
475 688
476 547
335 365
325 331
504 550
497 502
632 709
564 683
555 651
647 603
323 382
491 546
583 707
514 516
356 396
479 621
458 532
629 582
457 534
643 723
536 463
399 314
607 725
582 726
549 739
600 711
565 737
521 630
491 512
641 592
532 706
651 716
403 317
402 314
553 743
659 722
615 747
567 655
508 714
616 598
526 725
331 319
639 727
556 353
554 717
490 503
558 354
467 549
558 518
491 547
501 505
645 724
340 330
617 735
609 722
355 399
479 685
547 748
629 580
604 688
526 750
627 717
545 350
474 546
583 705
582 704
481 609
574 743
327 362
562 525
532 470
592 604
500 550
569 654
550 348
576 702
532 494
480 554
559 742
559 673
474 535
543 743
530 465
571 652
602 705
618 606
336 328
557 353
495 522
637 608
627 737
528 714
531 484
575 652
594 720
481 486
467 546
325 339
521 523
592 679
455 543
514 529
595 692
600 719
514 725
463 549
606 721
477 490
573 664
364 390
480 487
521 746
354 384
611 606
659 719
576 754
349 403
521 554
487 503
471 547
523 503
529 475
556 654
558 677
631 742
527 724
559 678
575 666
596 735
535 464
478 546
518 725
473 481
504 554
499 506
477 505
644 598
599 720
641 712
616 603
622 702
615 749
322 321
541 730
456 545
568 649
606 734
483 686
516 509
548 757
510 554
616 731
512 746
338 323
519 518
528 728
523 525
540 714
474 483
324 337
466 549
470 548
621 739
490 702
496 505
633 726
541 690
626 727
333 327
495 681
532 467
460 707
543 717
542 730
626 711
550 720
489 553
323 343
330 312
507 714
482 612
460 544
487 706
529 717
523 749
335 366
612 735
540 743
491 701
601 700
329 358
597 685
519 551
590 733
480 553
535 505
518 547
550 660
333 385
631 726
618 711
623 612
326 358
563 680
571 667
622 712
504 500
329 311
602 724
494 524
488 503
528 461
523 560
591 701
494 621
530 478
524 723
562 351
540 506
612 710
523 558
485 487
523 721
667 726
559 343
595 737
337 393
600 708
616 716
498 498
625 610
640 711
518 632
542 717
608 584
600 701
572 749
541 723
506 709
649 703
347 387
508 722
555 654
511 717
558 748
546 703
630 730
547 694
499 548
457 544
556 348
618 732
641 716
576 657
601 733
354 401
601 740
482 710
670 721
626 741
498 707
561 653
510 632
527 730
489 551
560 754
499 528
481 546
590 709
558 356
579 709
544 733
616 719
471 546
606 749
556 749
579 705
648 722
565 736
543 507
559 671
562 353
324 366
598 694
575 640
610 691
356 390
636 708
559 653
475 535
631 603
492 547
323 358
617 606
600 731
606 731
568 746
642 597
601 695
597 709
636 711
657 727
609 587
569 648
608 697
643 714
647 711
517 512
486 706
529 488
326 359
619 605
336 392
535 711
532 475
342 333
622 707
488 534
322 319
546 750
494 536
592 741
547 722
609 734
526 501
585 723
479 536
522 749
409 318
604 686
625 605
333 384
491 680
519 514
510 730
622 575
638 715
639 602
573 701
478 485
616 734
560 520
636 592
576 746
633 733
486 612
609 609
508 717
561 713
670 723
658 723
563 654
496 502
344 333
556 668
507 711
322 352
567 658
619 574
473 701
604 760
351 392
556 662
477 548
493 622
490 701
572 654
558 349
508 554
580 710
658 722
571 739
523 630
339 330
499 534
525 457
598 723
333 381
595 745
508 712
569 682
607 695
518 543
574 753
316 337
480 481
494 504
559 359
328 356
530 462
536 703
502 723
520 546
593 737
525 730
627 729
606 754
523 753
627 741
515 631
320 343
464 538
550 712
610 737
529 487
647 710
492 709
344 385
486 708
468 707
621 737
545 685
627 718
601 755
557 749
533 715
492 706
549 514
484 616
572 739
547 695
520 542
486 508
507 525
603 754
535 504
521 637
638 725
504 493
549 510
475 536
516 640
479 508
595 695
511 729
483 619
645 715
546 683
551 515
609 586
656 721
324 381
512 513
338 321
622 719
557 352
606 688
343 389
321 342
541 738
560 526
558 350
528 716
546 738
486 482
330 314
354 387
331 365
646 586
640 594
558 339
529 479
336 388
532 468
537 462
653 726
642 603
600 704
482 696
555 686
327 356
556 680
554 657
350 399
322 335
478 685
358 393
315 343
505 525
562 350
532 717
585 741
495 627
531 482
576 654
562 742
606 759
330 357
627 738
538 506
480 488
522 747
322 314
582 707
496 535
488 709
559 746
633 598
324 383
519 726
584 735
628 733
504 501
545 732
631 602
541 727
481 510
345 386
602 703
651 588
617 605
565 356
644 721
560 674
519 746
331 368
504 494
591 739
494 633
618 609
511 553
529 718
505 500
519 550
348 389
623 718
590 700
614 732
323 381
491 510
572 738
466 548
481 701
534 486
633 735
520 727
574 665
610 590
492 559
563 360
598 756
324 328
608 694
638 713
654 601
490 690
588 725
328 318
488 711
526 735
593 722
329 366
538 713
465 546
533 719
551 750
333 374
336 391
518 563
538 463
576 745
557 662
313 344
555 665
522 554
525 749
570 683
563 359
558 684
643 587
647 721
538 717
616 711
521 720
612 722
498 527
322 351
496 499
567 653
455 545
504 498
602 754
319 389
494 499
515 628
487 551
480 685
548 341
622 733
512 524
516 738
593 692
556 515
548 513
589 725
634 603
527 757
557 515
601 702
329 312
559 342
328 383
582 740
560 675
497 546
532 496
604 700
499 538
486 709
597 710
399 318
630 742
554 339
321 328
518 555
586 735
602 725
353 400
503 494
536 477
550 661
602 747
462 708
321 356
647 708
481 539
495 518
627 721
540 691
553 339
525 532
348 390
517 738
545 741
518 719
627 713
612 687
543 722
516 740
623 571
492 558
350 403
481 487
492 540
495 529
458 535
533 718
530 716
361 391
314 349
547 684
535 746
649 587
485 612
502 527
547 688
493 707
631 731
509 722
514 792
328 381
599 710
525 757
559 643
527 760
607 751
537 747
593 698
618 735
569 683
508 526
537 478
326 360
532 484
610 720
573 665
630 714
323 340
627 724
652 708
621 719
350 391
537 463
357 401
325 341
592 736
328 313
348 401
595 709
336 329
322 332
512 713
554 747
615 711
459 533
603 747
518 539
321 325
542 731
490 495
596 722
552 720
593 695
548 716
625 732
526 718
563 355
519 507
496 624
596 676
495 504
470 701
604 741
608 741
512 793
532 503
465 545
492 539
495 538
507 712
328 362
620 603
318 337
550 512
530 460
524 758
575 675
540 476
562 680
558 645
465 548
329 377
488 697
561 742
632 732
619 585
322 349
341 330
648 604
351 393
637 713
539 714
508 727
488 545
599 740
617 584
581 703
523 554
616 599
477 553
457 535
505 498
554 335
603 755
360 391
608 746
570 652
325 330
482 544
482 501
498 495
587 737
605 710
556 514
544 738
545 508
528 475
489 696
558 681
484 686
318 315
336 332
335 388
502 549
549 717
557 678
327 314
552 743
521 734
324 358
644 706
632 725
477 486
337 336
532 719
533 482
343 388
521 507
667 727
548 708
559 710
484 698
337 325
634 592
519 520
531 709
526 457
501 537
547 753
574 742
409 319
318 316
343 329
524 562
602 723
568 743
643 711
477 483
621 579
335 387
502 709
576 667
476 490
503 505
594 722
541 505
588 701
503 536
621 587
498 494
485 613
645 599
532 480
326 356
634 734
492 704
494 703
543 716
605 742
546 732
647 707
614 593
620 720
517 542
487 506
559 345
514 793
542 477
355 390
615 750
459 532
563 659
612 721
556 679
487 553
661 719
479 701
617 733
544 509
525 765
647 584
326 318
532 498
644 723
621 710
485 509
505 557
561 655
527 728
590 732
481 485
642 599
586 740
604 689
617 600
665 727
497 706
621 711
332 320
567 745
616 707
557 343
548 512
573 736
609 749
545 708
487 509
599 709
603 753
624 573
547 752
488 500
590 679
483 482
525 724
495 514
512 528
523 757
323 388
607 731
564 658
588 735
563 678
517 514
319 357
554 687
627 601
491 614
459 538
609 608
580 746
530 499
507 723
463 540
347 389
622 603
499 526
555 652
478 487
532 478
344 328
537 742
474 705
337 329
457 708
589 705
606 744
485 693
551 514
536 607
488 712
479 507
597 760
478 686
518 749
585 702
336 330
553 668
560 742
611 591
521 752
637 711
546 708
536 506
616 708
495 682
513 529
529 493
537 715
631 725
546 723
532 502
554 714
529 764
509 514
334 387
527 477
568 737
541 477
320 357
575 674
575 669
487 507
321 390
610 588
351 401
563 666
653 600
628 738
555 514
610 594
521 753
619 576
336 335
650 717
616 706
627 581
558 667
488 614
545 753
358 392
561 743
618 575
645 705
547 696
517 606
559 753
463 539
318 357
520 748
525 735
550 742
494 538
525 503
601 726
532 476
572 700
485 705
615 595
639 603
564 739
316 345
345 333
548 701
627 733
632 599
518 514
537 702
560 667
325 318
584 729
497 635
559 711
628 722
473 546
321 352
496 530
611 588
489 611
609 758
610 606
637 728
496 501
561 350
616 717
320 353
645 609
577 664
629 583
529 501
604 740
490 502
660 719
460 533
547 755
530 712
618 573
537 744
596 737
560 343
541 743
569 665
646 597
573 753
582 702
513 747
617 736
610 758
511 721
473 534
558 711
491 613
622 582
622 710
547 761
554 688
527 725
602 704
559 665
498 530
641 595
479 700
500 557
354 385
645 603
324 318
478 502
491 704
527 482
550 341
598 744
480 628
643 728
554 649
462 393
557 351
525 557
520 751
504 503
574 750
353 384
623 734
640 589
598 695
551 742
320 352
634 602
358 394
347 400
568 733
488 688
485 686
619 708
526 460
520 634
324 382
329 383
521 563
564 742
513 514
332 374
610 750
336 371
332 387
490 507
597 730
523 561
383 345
488 611
400 315
572 653
320 336
360 395
485 483
542 744
497 545
549 747
482 703
525 525
580 665
347 390
488 700
644 717
622 584
613 710
611 711
562 681
526 463
331 367
615 706
477 489
592 602
534 718
532 707
548 750
552 690
615 606
559 666
633 707
555 715
541 703
647 588
327 361
322 388
608 749
515 509
591 710
622 578
550 342
610 735
536 706
624 717
480 701
599 696
569 740
604 724
501 556
625 740
518 721
549 512
480 538
464 709
462 707
489 549
609 693
560 521
622 612
343 335
356 387
535 477
521 623
560 746
622 570
346 330
490 693
513 525
327 309
636 604
482 545
578 664
561 673
574 666
599 695
467 711
458 542
517 733
559 747
524 754
562 516
618 607
559 524
565 682
494 683
498 552
482 610
620 580
611 609
526 758
656 722
585 735
547 750
516 529
533 483
619 573
481 699
402 312
577 754
474 485
627 734
523 632
590 728
530 718
525 754
466 710
587 680
607 699
636 734
554 351
349 400
647 595
617 587
556 674
495 525
526 531
632 733
575 672
537 741
561 645
624 610
488 687
561 644
483 699
506 723
529 710
507 556
549 698
516 629
321 330
607 744
495 626
411 328
481 502
631 601
495 630
581 746
473 486
521 638
477 488
536 707
496 529
336 323
543 704
606 701
483 701
491 540
563 358
494 543
547 691
488 713
501 709
511 710
511 523
518 748
621 609
456 708
561 730
324 349
645 608
487 710
596 756
525 756
611 710
350 390
597 728
546 349
529 721
539 745
592 737
555 347
540 505
409 320
597 739
530 721
650 603
645 717
528 487
546 348
480 505
554 662
536 466
579 703
626 610
590 739
542 716
533 464
490 506
597 750
519 527
642 717
515 548
482 485
598 751
613 720
639 604
577 673
566 684
481 506
315 341
524 755
501 555
605 724
548 738
615 594
504 710
328 330
501 535
334 319
669 727
345 330
524 765
574 664
601 701
333 364
483 611
488 710
550 515
576 744
539 477
320 354
523 559
625 717
329 314
569 667
317 339
487 500
577 666
528 456
510 724
616 715
459 708
516 548
582 743
625 718
499 559
660 726
542 727
481 620
550 755
485 549
482 613
559 716
491 615
490 548
332 315
332 323
610 607
321 358
526 755
610 749
475 701
552 742
584 728
492 707
487 713
480 555
517 555
324 333
527 480
559 751
589 603
603 704
657 722
567 356
644 586
575 653
656 717
583 739
631 604
651 586
324 379
518 542
604 736
548 711
334 365
541 691
596 746
615 719
400 314
621 612
597 732
628 718
596 739
501 536
541 729
628 716
547 512
608 691
560 515
483 484
476 546
569 668
322 380
614 730
563 682
494 525
549 686
505 723
519 745
489 550
522 505
512 726
635 726
491 545
598 728
321 380
588 728
476 700
648 704
670 722
482 614
526 751
521 745
481 494
320 324
492 536
551 341
360 390
330 362
533 716
555 656
511 524
518 537
489 688
486 543
585 744
642 600
568 747
479 544
580 703
533 706
639 594
625 582
573 749
545 738
466 703
605 709
478 553
503 527
585 725
564 666
492 686
334 328
589 701
469 708
487 510
553 714
521 562
563 738
556 671
533 477
479 505
463 537
572 748
528 466
629 713
354 404
650 714
510 713
625 702
588 704
580 709
483 687
534 717
533 488
496 542
669 722
597 762
512 712
494 615
613 715
519 516
344 331
647 705
464 542
647 586
516 547
569 681
473 483
525 725
484 700
515 526
556 742
638 593
554 348
521 524
530 713
499 533
545 686
562 741
402 317
324 384
329 368
555 351
595 732
482 615
515 515
409 317
627 605
644 705
649 601
319 315
529 499
527 731
633 724
624 739
601 737
330 382
317 354
457 531
315 342
547 749
653 717
591 741
584 725
623 610
329 310
458 536
530 487
541 735
348 403
646 591
323 331
517 513
499 546
354 397
610 589
552 662
645 597
324 363
568 650
482 701
341 331
482 694
554 658
653 601
651 710
336 321
326 332
570 668
599 719
526 765
515 514
595 677
613 606
569 662
526 719
322 386
530 495
604 710
547 685
577 663
538 461
576 653
609 709
649 705
360 393
539 508
483 710
560 678
491 679
327 376
504 557
596 677
574 652
475 703
646 593
592 694
643 609
509 730
511 730
461 537
558 747
526 462
535 706
620 582
324 314
611 688
479 553
617 717
336 324
527 718
492 689
530 463
468 701
496 547
609 759
486 500
467 709
604 758
468 708
530 710
541 724
595 757
477 687
611 708
552 340
519 731
528 709
483 618
644 597
525 755
533 500
612 748
576 670
476 539
516 641
606 758
595 683
643 604
520 547
504 555
347 405
550 711
668 728
509 526
322 328
584 746
490 494
482 492
561 649
595 700
570 650
570 658
644 607
626 718
651 708
490 700
610 736
498 539
356 398
469 706
639 600
496 527
619 733
519 732
334 373
609 695
488 694
639 726
628 715
577 661
608 751
487 695
322 317
644 608
321 354
554 654
491 700
525 533
580 747
617 583
591 740
520 626
558 646
475 483
613 733
566 356
317 382
646 715
646 587
473 547
520 549
529 714
611 759
517 529
528 480
550 740
354 383
536 715
484 496
519 753
322 340
332 322
553 713
627 726
482 495
487 692
504 629
592 735
322 348
546 739
495 543
464 549
515 744
562 515
610 585
353 402
492 537
530 482
595 739
584 745
536 713
516 739
599 735
576 747
518 544
514 551
520 522
670 725
556 683
498 709
515 542
536 464
485 694
532 461
485 508
480 482
487 693
574 669
645 605
575 700
484 703
554 341
519 743
615 585
496 683
552 745
335 328
518 724
316 346
496 503
486 549
497 707
545 714
540 690
603 711
524 531
666 724
627 606
634 735
615 596
400 317
622 722
595 676
527 763
531 619
475 705
601 694
351 389
628 731
617 748
648 725
485 507
489 706
534 719
355 403
528 725
617 739
545 748
594 676
528 482
487 707
548 510
504 723
550 513
526 720
639 713
609 691
647 712
360 394
669 725
339 393
639 599
642 588
598 719
490 557
556 661
582 741
468 700
458 546
499 537
482 707
491 544
509 721
458 545
509 712
315 346
542 738
644 724
411 330
489 693
550 713
555 663
505 553
344 330
608 733
310 343
592 712
546 685
483 545
485 704
601 736
510 526
650 586
518 722
512 711
564 356
643 597
334 381
596 749
655 725
529 723
550 718
576 672
518 742
631 584
584 730
585 703
459 539
596 733
521 510
623 570
557 650
583 703
654 724
514 515
323 385
619 604
471 701
605 744
520 573
575 673
519 720
609 721
483 616
646 588
327 366
598 683
596 684
637 712
529 461
624 718
513 714
321 355
648 726
599 711
511 725
480 544
607 696
584 724
560 519
334 317
520 753
494 505
490 679
617 721
334 390
476 480
488 552
622 736
650 606
531 490
601 725
551 747
502 506
617 711
326 366
532 721
598 755
596 687
619 607
661 721
610 591
509 554
569 661
493 499
527 460
629 721
620 585
320 342
531 465
489 555
480 483
328 357
495 497
503 493
493 681
567 733
662 726
570 681
321 357
513 530
483 703
551 749
499 535
566 659
646 705
356 391
524 556
530 503
582 725
334 375
483 697
522 523
634 736
603 752
650 722
622 604
351 386
528 720
623 572
584 744
557 742
547 737
666 727
481 623
557 747
621 722
516 528
643 603
495 527
322 381
629 718
610 608
483 610
552 660
606 741
557 516
343 332
558 523
605 760
480 502
499 558
503 548
482 708
535 712
546 512
608 699
532 497
568 659
616 733
621 736
620 604
476 540
325 385
533 499
332 321
529 483
507 635
519 742
522 632
553 744
506 525
324 336
528 724
655 717
329 355
490 704
589 707
522 510
526 536
669 723
482 509
545 733
559 664
319 355
483 494
563 742
480 630
478 542
608 748
555 343
520 554
592 695
575 671
600 723
522 758
608 608
653 727
610 711
590 698
624 604
521 525
590 726
496 534
518 562
335 323
317 379
599 743
604 712
561 683
491 509
514 555
533 714
542 507
331 312
495 707
458 534
345 331
495 703
572 664
620 606
538 746
587 723
649 722
550 747
493 548
577 703
336 319
548 709
587 702
345 332
526 478
615 598
510 710
671 727
483 612
631 585
648 727
511 511
555 664
332 316
331 323
326 328
538 505
325 348
547 515
618 712
515 527
526 722
609 720
491 706
594 679
518 540
531 497
480 623
546 722
531 721
345 388
588 737
478 547
550 721
404 312
481 545
651 707
506 552
641 601
329 330
495 530
516 511
563 516
609 711
517 742
461 545
616 611
494 614
548 696
559 515
563 649
499 549
643 586
353 401
548 722
639 711
570 670
479 538
347 388
514 517
355 402
577 746
564 677
477 700
616 597
571 740
356 388
492 516
480 624
505 494
321 332
616 608
524 532
337 321
576 748
327 333
555 684
524 525
502 536
539 507
557 718
597 726
529 476
569 664
469 701
591 699
643 727
546 759
518 747
648 605
650 706
631 599
596 758
537 743
535 486
646 595
541 746
495 702
538 747
317 356
525 751
566 730
325 320
339 321
538 466
493 504
490 546
565 738
605 723
606 743
607 697
546 341
562 739
570 653
550 714
569 745
531 617
339 329
460 545
568 745
510 635
495 523
559 348
511 525
505 497
649 704
527 759
333 329
322 320
592 691
525 531
553 340
499 498
651 717
468 702
631 730
621 580
481 504
495 686
489 554
484 544
481 621
484 707
494 707
321 321
465 703
520 520
548 755
315 338
491 541
616 610
491 535
598 737
541 508
529 725
590 734
563 357
399 317
637 607
512 514
485 703
574 746
364 389
482 711
312 344
529 468
617 731
317 380
478 541
553 665
527 458
557 715
334 364
332 385
486 544
637 726
515 549
649 586
596 680
544 741
532 465
654 717
605 752
618 584
596 682
637 601
518 733
523 555
552 658
364 391
476 538
625 733
530 617
485 488
525 721
350 401
621 608
472 547
598 686
491 543
627 739
483 707
544 747
338 326
477 535
490 549
539 716
513 725
513 713
546 684
658 725
622 585
401 318
509 718
558 358
510 723
508 539
574 650
554 669
625 581
479 541
490 547
578 754
573 737
617 601
520 563
542 737
527 761
655 726
547 743
483 485
583 746
518 745
519 636
556 682
538 462
482 621
619 606
486 616
520 541
464 544
649 608
481 483
670 724
517 741
557 684
573 654
558 359
532 716
531 462
559 754
472 483
330 375
561 648
484 497
484 613
540 747
605 732
328 360
543 689
494 503
325 381
528 718
321 340
590 699
529 720
494 513
509 556
542 718
491 500
534 716
577 657
581 701
555 657
607 721
535 482
572 698
611 735
614 731
568 663
333 316
499 532
600 695
355 404
544 703
628 742
506 716
641 596
557 711
624 738
585 705
488 696
544 714
326 319
521 505
566 732
352 401
555 515
623 582
575 651
622 574
478 700
590 706
481 505
479 534
555 679
502 550
569 658
574 700
525 528
508 728
529 732
530 493
464 546
573 703
539 703
323 336
630 584
515 746
555 650
322 359
491 705
483 510
632 601
572 699
641 727
561 745
495 513
611 594
585 746
519 575
531 493
559 752
514 746
529 722
487 505
624 732
587 724
495 516
627 727
570 649
522 636
548 697
619 609
479 510
549 347
563 729
562 740
468 703
504 506
586 723
591 679
514 631
328 309
599 742
530 498
549 756
621 735
496 543
531 613
638 726
494 704
513 746
570 657
537 466
544 739
502 559
517 527
611 749
590 742
492 688
325 351
469 548
565 740
648 712
628 602
523 719
615 593
524 752
334 392
543 733
504 507
567 743
502 724
565 683
519 734
513 792
596 679
531 489
547 510
492 564
490 691
401 317
490 703
531 710
652 721
348 402
557 354
572 681
550 722
495 546
653 728
351 390
646 590
609 583
493 536
334 382
556 710
532 466
553 658
542 714
583 724
565 735
550 716
529 478
336 393
320 321
327 379
531 479
482 491
637 593
500 506
563 658
593 710
551 662
643 726
608 698
518 738
498 496
630 721
563 739
634 726
620 576
324 340
545 712
651 602
651 709
475 699
558 654
549 722
485 496
571 668
594 745
548 741
606 740
483 685
596 692
555 348
411 329
531 473
610 713
410 318
647 727
474 703
525 527
542 692
620 583
519 515
591 678
573 754
574 752
489 610
556 716
549 757
549 704
478 506
317 316
483 509
617 602
514 526
532 482
322 358
608 730
316 338
496 517
584 726
566 657
603 750
559 672
601 741
543 747
520 575
518 556
488 706
527 727
543 687
462 537
327 377
487 494
519 549
329 365
505 710
558 656
476 487
531 494
551 722
580 702
463 708
605 688
520 632
554 675
482 695
459 709
521 564
597 686
324 367
521 502
622 704
557 748
627 740
632 598
627 722
564 357
519 733
484 484
491 708
496 539
648 714
560 653
331 385
576 756
615 712
328 333
535 704
636 728
608 759
532 469
568 739
621 708
315 349
661 730
640 608
646 603
335 362
520 577
497 702
618 586
622 573
485 486
505 711
599 712
548 702
622 576
601 685
481 711
559 713
315 347
492 563
559 349
613 587
619 720
329 363
516 541
608 724
528 457
334 323
321 329
328 382
326 314
571 664
564 657
554 676
622 718
326 365
487 691
509 717
549 753
599 750
495 540
587 738
581 702
478 492
563 730
566 654
518 729
474 702
615 605
622 732
558 742
550 756
483 492
488 505
578 666
617 604
537 476
360 392
481 509
482 685
585 704
622 587
572 745
551 745
616 714
548 691
541 745
524 529
641 608
481 503
511 514
589 737
598 741
329 364
480 537
597 723
607 707
559 715
570 611
538 745
561 678
647 606
654 726
496 528
644 703
597 712
656 723
515 640
623 587
579 702
499 530
556 675
661 720
608 734
592 699
490 510
484 482
626 721
527 531
507 722
517 629
325 379
652 720
572 740
477 485
506 554
561 684
479 631
559 517
323 328
659 726
542 693
543 509
521 512
488 707
532 471
649 714
523 723
325 366
514 794
547 513
525 759
551 714
630 711
480 552
462 546
529 456
599 721
561 351
619 709
549 685
492 543
633 602
333 375
626 602
652 587
559 516
328 353
556 681
609 706
311 344
661 727
603 686
523 510
536 465
566 658
602 737
549 705
554 680
584 732
478 535
625 701
320 339
550 663
571 748
648 586
605 731
595 696
597 711
321 326
479 481
330 313
474 701
561 523
560 666
522 503
647 713
584 731
498 545
503 710
564 361
564 665
522 748
649 725
488 690
524 553
485 484
596 681
516 555
517 511
411 317
489 511
522 525
339 322
328 328
484 543
457 545
314 345
596 757
514 525
328 334
549 691
649 715
596 683
560 716
624 571
520 507
607 698
499 547
531 474
485 709
598 696
512 727
594 710
480 627
502 526
496 497
571 745
558 352
561 356
598 697
553 690
548 508
511 722
617 718
607 754
529 462
521 506
605 734
560 524
320 327
606 725
547 690
615 587
478 544
542 747
548 688
555 344
598 685
477 533
575 670
534 464
608 721
531 480
328 377
523 758
595 697
578 701
336 331
492 681
555 677
640 595
517 736
562 732
617 575
323 386
528 481
354 396
457 543
319 341
547 686
576 661
551 340
497 530
525 502
530 466
520 521
634 708
599 726
564 515
552 747
552 664
561 666
509 539
343 328
492 613
321 344
502 535
495 631
599 701
646 584
600 709
520 734
544 687
326 381
628 713
489 614
636 603
645 604
323 321
558 715
589 726
605 721
340 323
609 710
608 588
560 523
599 723
529 482
637 600
518 726
568 661
468 547
627 723
338 322
524 453
617 732
543 742
515 639
608 725
540 717
613 721
491 681
481 610
318 342
618 585
318 356
603 685
330 385
518 723
617 747
478 543
617 708
505 550
355 400
622 703
488 693
480 509
324 351
576 666
569 669
563 361
621 578
544 713
473 482
556 711
538 477
547 738
648 610
503 507
487 708
574 744
524 725
323 318
479 502
332 365
544 748
644 600
322 315
321 389
644 727
495 531
326 375
668 727
586 702
490 536
623 609
638 604
561 654
349 390
537 717
311 343
352 386
488 535
482 702
519 573
477 686
610 586
548 712
325 374
485 551
540 715
601 711
322 356
345 385
530 502
554 713
643 589
322 350
338 329
508 716
540 688
540 737
493 513
481 491
518 746
483 617
597 745
549 751
604 701
553 747
322 334
523 727
598 725
603 758
331 314
647 720
607 759
533 484
552 339
485 621
606 742
494 688
636 727
610 760
568 660
643 712
521 751
534 477
325 314
576 703
314 344
607 692
625 741
510 725
541 744
556 350
558 340
531 716
480 631
640 604
561 710
497 505
496 518
567 683
532 463
469 709
527 461
497 497
547 709
596 734
600 727
646 703
558 678
475 686
489 691
598 752
558 717
516 741
551 658
343 386
356 397
560 649
504 526
581 706
317 338
558 644
598 700
547 741
625 739
351 391
624 701
601 704
496 521
622 708
542 732
524 630
488 506
534 501
605 753
650 708
538 743
478 545
475 548
488 612
504 553
608 696
606 708
647 596
537 477
468 710
582 746
613 714
630 729
626 601
605 707
620 722
528 765
541 689
622 717
534 484
488 695
629 728
518 565
632 734
592 603
520 574
475 486
330 311
460 709
649 607
333 392
480 485
495 526
496 525
524 750
547 687
632 728
461 538
598 701
360 388
516 737
626 604
494 684
483 698
553 676
521 561
464 540
334 386
326 333
575 741
602 722
623 717
482 620
616 606
411 327
614 709
601 753
495 706
603 741
491 501
595 710
538 509
491 499
471 548
650 587
521 633
552 514
553 667
497 539
532 479
508 721
567 648
488 553
596 709
631 728
356 399
649 603
322 333
528 758
531 477
327 382
664 726
553 666
572 737
542 724
644 609
557 341
630 712
336 336
594 737
569 737
628 711
604 753
314 343
494 685
517 510
622 609
479 485
489 704
558 679
591 709
612 733
574 748
650 723
355 396
650 703
537 713
643 713
644 604
619 732
537 716
363 391
324 320
573 744
644 601
499 536
545 510
330 374
626 734
568 684
475 490
543 714
328 379
538 465
504 499
466 709
616 712
596 691
592 692
608 731
320 326
615 748
609 584
542 722
574 749
640 600
598 754
561 353
550 664
491 558
489 536
557 347
486 620
334 316
570 651
575 754
487 687
603 751
541 510
320 328
510 727
522 633
517 729
511 712
650 604
561 352
339 323
519 552
548 690
562 526
323 335
491 537
491 564
650 713
559 357
330 323
526 721
331 316
601 754
636 726
597 749
648 601
512 710
574 741
347 391
639 592
595 723
462 706
345 387
622 735
549 755
404 317
519 555
324 321
611 690
642 589
490 614
535 481
519 519
326 367
482 493
562 666
578 665
649 724
597 724
327 317
477 534
550 723
324 364
607 741
573 741
506 497
487 545
597 733
623 739
641 589
543 738
478 534
334 363
484 495
505 526
561 744
528 465
356 389
648 608
532 486
484 614
529 489
522 508
495 683
570 745
616 730
646 724
349 397
474 548
530 497
403 314
548 703
634 707
510 728
542 689
525 750
598 739
362 391
566 745
523 754
659 721
359 395
564 738
486 686
652 728
618 734
610 609
589 706
639 593
461 709
604 685
634 723
602 721
627 732
565 654
611 709
614 710
529 716
404 316
613 713
570 665
474 537
582 727
481 622
561 731
632 584
364 388
482 486
536 505
667 725
589 704
615 713
480 489
584 740
335 392
642 587
545 722
529 477
505 496
494 546
321 319
598 684
318 314
558 680
601 719
643 601
494 516
519 553
607 734
474 481
623 604
483 696
524 457
568 648
587 735
517 508
559 352
652 718
482 699
531 491
581 707
328 368
514 549
334 318
585 740
348 400
491 678
651 603
650 610
476 481
594 692
520 637
333 389
485 706
533 501
577 654
516 745
514 726
535 703
607 746
398 318
603 701
617 719
489 506
519 627
613 586
520 548
320 355
520 745
646 707
625 731
551 711
473 484
575 701
565 729
527 459
603 749
535 503
586 739
523 752
561 682
611 691
620 587
477 492
506 710
496 519
644 722
617 609
569 666
511 552
489 510
543 688
561 712
327 328
500 709
506 708
638 607
612 593
547 507
556 717
556 349
478 539
532 460
323 315
491 686
618 600
660 730
529 491
523 718
556 664
555 714
458 541
467 701
323 342
565 655
522 512
326 374
609 696
541 714
340 322
525 719
539 465
542 733
507 726
564 355
516 540
515 540
612 591
514 540
513 540
512 540
511 540
512 539
527 719
518 545
518 546
519 546
517 546
512 538
511 538
512 537
510 538
511 537
512 536
509 538
510 537
512 535
549 664
509 537
513 535
512 534
533 486
509 536
514 535
509 535
515 535
510 535
508 535
516 535
515 536
515 534
510 534
507 535
651 728
515 533
506 535
516 533
514 533
505 535
517 533
513 533
504 535
505 536
517 532
492 517
517 531
552 661
541 733
517 530
577 662
461 707
521 521
521 733
569 670
557 517
614 585
351 403
661 731
539 688
482 619
557 750
468 549
567 735
558 750
625 604
557 751
568 735
532 709
539 689
559 750
541 726
560 750
489 503
464 547
612 588
613 585
338 394
554 513
524 563
523 563
524 564
525 564
524 565
524 566
523 566
524 567
522 566
524 568
522 567
522 565
525 568
524 569
521 567
526 568
525 569
527 568
526 567
525 570
528 568
526 566
525 571
529 568
526 565
524 571
529 569
529 567
527 565
523 571
530 569
529 570
530 567
529 566
522 571
531 569
530 570
529 571
529 565
531 568
530 571
529 572
529 564
355 391
531 571
528 572
528 564
532 571
528 573
528 563
533 571
532 572
527 573
528 574
527 563
534 571
533 570
526 573
528 575
535 571
526 574
529 575
527 575
536 571
525 574
526 575
527 576
537 571
525 575
527 577
538 571
528 577
526 577
527 578
539 571
526 578
527 579
539 570
525 578
540 570
524 578
525 579
540 569
523 578
524 577
525 580
541 569
524 576
525 581
542 569
523 576
525 582
543 569
542 570
542 568
522 576
646 714
604 749
543 570
542 571
521 576
559 663
324 385
543 571
563 683
521 577
521 575
566 655
526 582
527 582
526 583
527 583
526 584
528 583
526 585
529 583
527 585
525 585
527 586
525 586
528 586
528 587
528 588
529 588
530 588
529 589
531 588
531 589
531 590
532 590
531 591
531 592
531 593
532 593
530 593
532 594
529 593
533 594
532 595
528 593
529 594
532 596
527 593
533 596
531 596
527 592
534 596
530 596
526 592
527 591
535 596
530 597
527 590
536 596
529 597
528 590
536 597
536 595
528 597
537 597
528 596
538 597
527 596
539 597
526 596
527 595
539 598
539 596
526 595
539 599
539 600
538 600
538 601
537 601
538 602
536 601
539 602
535 601
540 602
534 601
541 602
534 602
542 602
533 602
359 396
532 602
533 603
520 737
531 602
533 604
335 333
531 603
531 601
534 604
532 604
497 612
493 566
530 603
531 604
530 601
535 604
493 623
364 393
496 631
530 600
536 604
496 560
497 560
530 599
536 605
536 603
496 706
528 764
556 676
531 599
529 599
616 720
497 611
500 555
532 599
528 599
567 530
567 529
529 613
494 624
495 560
527 599
568 528
523 454
531 456
526 599
570 524
567 528
501 559
658 726
526 600
569 524
599 694
645 714
598 698
525 600
569 526
566 528
498 611
497 610
519 737
524 600
569 525
552 522
531 614
495 634
524 601
524 599
566 527
498 560
495 629
494 628
553 675
523 601
568 525
553 677
498 610
497 609
522 601
523 602
552 523
531 615
490 558
517 627
521 601
522 600
523 603
566 526
530 616
531 618
521 602
521 600
522 599
524 603
522 603
523 604
567 525
530 613
572 701
525 603
522 604
523 605
553 523
520 451
553 680
501 557
526 603
521 604
524 605
565 524
536 606
496 625
492 565
495 624
527 603
520 604
525 605
566 525
554 523
521 735
494 619
597 696
527 604
519 604
521 451
596 695
521 743
528 604
519 605
525 451
495 628
523 734
495 619
495 615
518 605
519 606
565 525
325 333
513 724
327 330
517 605
555 521
555 523
523 733
493 615
499 632
574 703
516 605
521 452
525 452
651 714
655 724
506 631
494 612
521 736
516 606
563 528
326 331
650 718
558 522
501 554
490 556
532 477
651 715
516 607
564 525
555 522
510 722
324 380
364 392
517 749
496 619
554 685
516 608
522 452
525 453
511 632
494 689
520 625
502 558
526 734
517 608
515 608
563 525
328 380
509 515
510 515
518 630
524 733
514 608
563 527
564 526
522 736
532 619
514 630
513 608
557 521
618 720
528 620
596 686
513 609
513 607
556 522
522 453
499 560
513 631
513 610
521 454
512 631
511 631
513 611
510 633
510 634
512 611
510 636
509 635
562 523
560 525
511 611
507 634
528 618
491 687
510 611
511 612
507 633
487 686
506 632
506 630
563 523
531 457
509 611
521 737
523 456
523 455
508 611
563 522
558 525
515 629
529 619
507 611
508 610
519 736
561 526
560 527
492 566
506 611
508 609
520 633
496 616
495 618
506 612
506 610
508 608
521 625
527 617
505 612
505 610
506 609
507 608
524 454
522 454
505 613
504 610
505 609
507 607
505 629
492 623
505 614
504 611
504 609
507 606
494 623
501 631
496 618
504 614
503 611
503 609
508 606
507 605
497 633
502 630
503 614
502 609
507 604
531 616
493 686
508 635
503 615
501 609
507 603
661 729
493 564
503 616
501 608
508 603
507 602
514 629
533 609
498 633
503 617
500 608
509 603
506 602
502 631
535 607
493 562
504 617
502 617
499 608
560 644
509 602
505 602
506 601
496 561
535 608
499 633
504 618
501 617
491 565
493 561
494 620
532 607
533 607
504 619
500 617
501 616
495 617
496 559
500 631
533 608
505 619
500 618
501 615
526 618
523 457
326 373
496 615
493 560
506 619
500 615
501 614
528 619
331 369
533 610
533 611
532 611
531 611
499 615
501 613
511 515
490 687
498 631
518 627
530 611
530 610
492 560
499 616
499 614
502 613
497 634
500 556
494 632
531 607
496 617
516 631
498 616
498 614
499 613
493 616
494 613
494 561
523 458
358 396
498 617
498 613
499 612
496 558
530 612
328 366
500 559
534 706
497 617
497 613
330 368
494 631
547 341
499 631
542 603
542 604
542 605
542 606
541 605
543 606
541 606
540 605
544 606
540 606
544 607
545 606
540 607
544 608
540 608
545 608
543 608
540 609
546 608
541 609
547 608
541 610
547 609
547 607
548 608
547 610
547 606
548 607
547 611
549 607
547 612
548 611
546 611
550 607
549 611
550 608
550 606
549 610
550 609
551 608
550 610
551 609
551 610
552 609
551 611
553 609
551 612
552 611
553 608
554 609
551 613
553 607
554 608
551 614
554 607
473 700
550 614
554 606
555 607
550 615
549 614
556 607
550 616
549 615
556 608
556 606
550 617
551 616
548 615
556 609
556 605
550 618
551 617
549 617
552 616
547 615
556 604
557 605
553 616
547 616
546 615
557 604
555 604
558 605
553 617
553 615
547 617
555 603
559 605
554 617
547 618
554 603
559 606
559 604
555 617
559 607
559 603
556 617
558 607
559 602
560 602
558 602
561 602
558 601
562 602
558 600
562 601
563 602
558 599
557 600
563 603
559 599
556 600
563 604
559 598
560 599
556 601
556 599
555 600
563 605
564 604
554 600
563 606
562 605
565 604
554 599
563 607
564 606
566 604
553 599
315 339
565 606
567 604
565 607
566 606
565 608
567 606
566 608
568 606
567 608
568 607
569 606
568 608
569 607
568 609
569 608
570 607
568 610
571 607
568 611
567 610
572 607
568 612
572 608
572 606
569 612
567 612
573 606
569 613
570 612
566 612
573 605
574 606
569 614
510 557
566 613
573 604
570 614
566 614
573 603
574 604
572 604
571 614
566 615
567 614
573 602
575 604
571 604
571 613
572 614
566 616
573 601
574 602
575 605
570 604
572 615
573 614
566 617
573 600
576 605
569 604
573 615
574 614
566 618
573 599
577 605
575 614
567 618
565 618
573 598
577 606
576 614
565 619
564 618
573 597
574 598
577 607
576 615
576 613
564 617
563 618
573 596
577 608
576 616
577 615
576 612
563 617
574 596
572 596
577 609
578 608
576 617
563 616
575 596
571 596
576 609
579 608
576 618
563 615
571 597
570 596
579 609
579 607
577 618
563 614
570 597
569 596
579 610
579 606
580 607
578 618
569 597
578 610
579 605
578 619
569 598
579 604
578 620
568 598
579 603
578 621
579 620
577 620
567 598
580 603
579 621
567 597
580 602
579 622
580 621
581 602
579 623
581 601
582 602
579 624
583 602
579 625
583 603
583 601
584 602
578 625
583 600
585 602
577 625
585 603
586 602
577 626
577 624
585 604
587 602
577 627
577 623
585 605
588 602
577 628
576 627
576 623
585 606
584 605
588 603
588 601
578 628
586 606
584 606
525 752
588 600
589 601
579 628
586 607
545 349
589 600
579 627
580 628
555 341
589 599
581 628
546 350
589 598
590 599
582 628
524 735
549 341
589 597
590 598
582 627
583 628
524 734
524 736
589 596
591 598
582 626
583 629
523 736
590 596
588 596
517 726
583 626
584 629
590 595
587 596
583 625
585 629
590 594
586 596
584 625
586 629
591 594
585 596
587 629
592 594
585 597
585 595
584 596
588 629
592 593
593 594
585 594
584 595
588 628
589 629
592 592
586 594
584 594
522 634
588 627
590 629
593 592
591 592
546 751
584 593
588 626
587 627
590 630
593 591
588 625
587 626
590 631
591 630
593 590
589 625
590 632
592 630
594 590
592 590
590 633
593 630
594 589
589 633
593 629
594 630
594 588
500 723
589 634
588 633
593 628
595 630
594 587
589 635
587 633
595 631
595 629
596 630
595 587
589 636
590 635
596 631
595 628
596 629
595 586
589 637
590 636
596 632
595 585
590 637
588 637
596 633
597 632
596 585
590 638
587 637
598 632
596 584
597 585
587 636
586 637
598 631
599 632
596 583
586 638
585 637
598 630
599 633
596 582
597 583
595 583
586 639
598 629
600 633
596 581
598 583
594 583
586 640
585 639
598 628
600 634
601 633
596 580
598 582
599 583
594 582
593 583
584 639
598 627
600 635
602 633
600 583
593 582
592 583
584 640
598 626
602 634
603 633
600 582
601 583
593 581
592 584
583 640
599 626
597 626
604 633
600 581
601 582
601 584
592 585
582 640
596 626
605 633
599 581
602 582
601 585
602 584
582 641
596 625
595 626
605 632
599 580
602 581
582 642
599 579
602 580
603 581
581 642
598 579
602 579
603 580
581 643
580 642
603 579
581 644
580 643
580 641
579 642
604 579
581 645
580 644
580 640
578 642
604 578
582 645
579 644
580 639
577 642
605 578
583 645
578 644
581 639
605 577
606 578
583 646
578 645
605 576
606 577
606 579
607 578
583 647
577 645
606 576
604 576
607 577
607 579
583 648
576 645
606 575
603 576
608 577
608 579
576 646
575 645
603 577
608 576
608 580
576 647
575 644
608 575
608 581
609 580
575 647
575 643
574 644
608 582
575 648
576 643
573 644
476 543
575 649
572 644
593 674
476 544
576 649
572 645
572 643
597 674
577 649
572 646
571 645
572 642
589 680
577 650
578 649
572 647
571 646
570 645
573 642
594 674
577 651
569 645
573 641
574 642
597 675
577 652
569 646
574 641
590 680
589 679
576 652
569 647
568 646
575 641
593 676
594 675
596 675
485 481
485 480
485 479
486 479
487 479
486 478
487 480
486 477
488 480
487 477
489 480
487 476
487 475
486 475
487 474
485 475
487 473
488 473
486 473
489 473
485 473
484 473
483 473
482 473
483 474
481 473
480 473
481 472
480 474
481 471
480 471
481 470
482 470
483 470
483 469
483 468
482 468
483 467
482 467
483 466
482 466
484 466
485 466
486 466
485 465
487 466
485 464
486 464
485 463
486 463
484 463
487 463
483 463
484 462
488 463
483 464
483 462
484 461
489 463
488 462
484 460
490 463
489 464
484 459
490 464
489 465
484 458
488 465
489 466
485 458
484 457
489 467
486 458
485 457
490 467
486 457
485 456
491 467
490 468
485 455
491 466
484 455
485 454
492 466
483 455
485 453
493 466
482 455
494 466
493 467
481 455
482 454
494 465
493 468
480 455
481 456
482 453
494 464
493 469
479 455
480 456
482 452
495 464
493 464
494 469
492 469
493 470
478 455
479 454
480 457
483 452
481 452
496 464
495 463
494 470
477 455
480 458
483 451
497 464
495 462
495 470
476 455
477 454
483 450
498 464
495 471
475 455
476 456
484 450
498 465
496 471
495 472
474 455
475 456
476 457
484 449
499 465
495 473
474 456
474 454
476 458
485 449
484 448
500 465
495 474
473 454
474 453
476 459
486 449
485 448
501 465
500 464
496 474
494 474
472 454
473 453
474 452
477 459
475 459
486 450
486 448
501 466
500 463
494 475
472 455
472 453
473 452
475 452
474 459
475 460
487 450
486 447
501 467
500 462
493 475
471 455
472 452
475 461
487 451
486 446
502 467
501 468
500 461
492 475
471 452
472 451
475 462
488 451
487 446
486 445
501 469
492 476
470 452
472 450
476 462
474 462
475 463
489 451
486 444
491 476
469 452
472 449
474 463
490 451
486 443
490 476
468 452
469 453
473 463
474 464
485 443
486 442
467 452
472 463
474 465
484 443
486 441
467 453
467 451
472 462
474 466
484 444
485 441
486 440
467 454
466 451
467 450
471 462
475 466
473 466
474 467
484 441
485 440
467 455
465 451
468 450
467 449
470 462
475 467
472 466
469 386
484 440
485 439
466 455
467 456
464 451
465 452
469 450
467 448
470 463
470 461
476 467
475 468
472 467
472 465
483 440
485 438
468 456
467 457
467 447
469 463
477 467
472 468
471 465
486 438
485 437
466 457
466 447
468 463
477 468
472 469
487 438
465 457
465 447
466 446
468 462
477 469
473 469
488 438
464 457
466 445
467 462
477 470
489 438
463 457
465 445
466 444
466 462
478 470
477 471
490 438
489 437
464 445
466 443
465 462
466 463
464 444
466 442
465 463
466 464
463 444
464 443
466 441
464 463
466 465
463 443
464 442
466 440
463 463
467 465
466 466
463 442
466 439
463 462
466 467
462 442
463 441
467 439
466 438
462 462
463 461
466 468
461 442
463 440
467 438
465 438
461 462
467 468
465 468
468 438
465 437
461 461
468 468
465 469
468 437
464 437
465 436
460 461
469 468
468 469
464 469
465 470
469 437
468 436
466 436
465 435
469 467
463 469
465 471
470 437
467 436
464 435
469 466
462 469
463 468
465 472
471 437
463 435
464 434
462 468
463 467
465 473
472 437
471 438
463 436
463 434
462 467
466 473
464 473
473 437
472 438
462 434
461 467
466 474
463 473
473 438
461 434
462 433
460 467
461 466
466 475
463 474
463 472
461 435
462 432
461 465
466 476
462 472
463 432
461 432
467 476
466 477
461 472
462 471
460 432
468 476
465 477
460 472
461 471
459 432
469 476
468 475
464 477
461 470
458 432
464 478
464 476
460 470
458 433
464 479
463 476
459 470
457 433
464 480
462 476
459 469
457 434
465 480
464 481
462 477
458 469
457 435
466 480
463 481
457 469
458 468
457 436
466 481
463 482
457 468
458 467
458 436
456 436
457 437
466 482
463 483
456 468
455 436
457 438
465 482
466 483
455 468
456 467
455 437
455 435
458 438
457 439
466 484
454 468
456 466
455 438
454 435
455 434
459 438
465 484
454 469
454 467
456 465
453 435
447 466
460 438
454 470
453 467
454 466
457 465
452 435
453 434
458 473
461 438
455 470
453 470
453 466
451 435
452 434
457 474
448 467
455 471
452 470
452 466
449 468
454 463
454 461
459 476
456 471
451 466
452 465
458 476
458 472
457 475
456 472
451 467
451 465
452 464
448 466
456 473
450 467
450 465
453 464
454 462
447 465
457 473
449 467
454 464
458 475
455 433
455 432
454 432
455 431
453 432
454 431
456 431
455 430
454 430
456 430
455 429
453 430
452 430
453 429
451 430
453 428
450 430
451 429
452 428
450 429
450 428
449 428
449 427
449 426
449 425
448 425
448 424
448 423
449 423
448 422
448 421
449 421
448 420
448 419
449 419
448 418
450 419
449 418
451 419
450 420
449 417
451 420
451 418
449 416
452 420
449 415
453 420
449 414
453 419
449 413
453 418
449 412
454 418
450 412
455 418
451 412
456 418
455 417
452 412
451 413
451 411
456 417
452 413
452 411
451 410
451 409
452 409
450 409
451 408
453 409
449 409
450 408
454 409
453 408
449 408
455 409
449 407
456 409
449 406
456 410
456 408
448 406
456 411
456 407
447 406
455 407
456 406
446 406
447 405
456 405
445 406
447 404
457 405
456 404
445 407
458 405
457 404
444 407
457 403
444 408
457 402
443 408
458 402
456 402
457 401
442 408
459 402
458 401
455 402
457 400
441 408
460 402
458 400
454 402
456 400
457 399
441 407
460 403
458 399
441 406
460 404
458 398
441 405
460 405
459 398
458 397
442 405
461 405
460 398
458 396
443 405
461 406
461 398
460 399
459 396
458 395
443 404
462 406
461 407
462 398
461 397
460 396
458 394
444 404
463 406
462 407
461 396
459 394
458 393
444 403
464 406
463 407
463 405
462 396
458 392
444 402
465 406
464 407
463 396
462 395
443 402
465 407
465 405
464 396
462 394
442 402
443 401
466 407
466 405
465 404
464 395
463 394
442 403
442 401
467 407
466 408
464 394
463 393
442 400
466 409
463 392
464 392
463 391
464 391
463 390
463 389
464 389
463 388
465 389
464 388
462 388
463 387
465 390
465 388
461 388
465 387
460 388
466 387
460 389
467 387
459 389
468 387
467 386
458 389
469 387
467 385
457 389
469 388
468 385
467 384
456 389
469 389
467 383
455 389
456 388
470 389
468 389
469 390
466 383
467 382
454 389
455 390
469 391
465 383
466 382
453 389
455 391
469 392
465 384
452 389
454 391
468 392
469 393
451 389
452 390
452 388
454 392
468 393
470 393
469 394
450 389
454 393
471 393
449 389
450 388
454 394
472 393
471 392
449 390
449 388
453 394
473 393
472 394
448 390
449 391
449 387
452 394
473 392
472 395
447 390
449 386
451 394
473 391
473 395
472 396
446 390
447 389
448 386
451 393
473 390
474 395
445 390
446 391
448 385
450 393
473 389
474 396
445 391
448 384
449 393
450 392
474 389
473 388
474 397
445 392
448 383
474 388
472 388
475 397
473 397
445 393
449 383
447 383
475 388
476 397
473 398
444 393
446 383
475 387
477 397
476 398
444 394
445 383
446 384
476 387
475 386
478 397
477 398
476 399
443 394
444 383
476 386
474 386
479 397
478 396
477 399
442 394
443 395
443 383
444 382
477 386
476 385
479 398
478 395
477 400
441 394
443 396
442 383
443 382
478 386
476 384
480 398
479 399
479 395
477 395
477 401
440 394
443 397
441 383
478 387
478 385
476 383
481 398
479 400
480 395
477 394
440 395
440 393
444 397
441 382
478 388
479 385
475 383
482 398
481 397
480 400
479 401
480 394
477 393
445 397
441 381
480 385
475 382
483 398
481 396
481 394
476 393
477 392
445 398
445 396
440 381
441 380
475 381
483 399
483 397
482 396
481 393
477 391
446 398
446 396
439 381
441 379
474 381
483 400
481 392
476 391
447 396
438 381
442 379
473 381
484 400
481 391
476 390
448 396
447 395
437 381
438 382
443 379
442 378
485 400
484 401
482 391
476 389
449 396
448 397
448 395
436 381
444 379
486 400
484 402
483 391
482 390
448 394
435 381
445 379
444 380
444 378
487 400
484 403
484 391
482 389
434 381
435 380
444 377
487 401
485 403
484 404
485 391
484 390
481 389
433 381
434 382
435 379
445 377
443 377
444 376
487 402
486 403
484 405
486 391
485 392
432 381
434 383
445 376
487 403
486 404
485 405
486 390
432 382
432 380
433 383
434 384
446 376
488 403
487 390
432 383
431 380
432 379
435 384
447 376
446 375
488 404
487 389
431 383
430 380
432 378
448 376
447 377
447 375
489 404
487 388
431 384
429 380
430 381
431 378
432 377
449 376
490 404
488 388
486 388
430 384
431 385
428 380
433 377
450 376
449 377
449 375
490 405
490 403
488 387
485 388
429 384
430 385
431 386
434 377
451 376
450 377
491 405
491 403
490 402
489 387
484 388
428 384
431 387
434 378
434 376
451 375
450 378
491 406
492 403
490 401
490 387
483 388
428 385
430 387
435 376
451 374
451 378
492 406
492 404
491 387
427 385
452 374
451 373
452 378
451 379
493 404
491 388
426 385
452 373
453 378
494 404
492 388
491 389
426 386
426 384
452 372
494 405
426 387
426 383
453 372
452 371
495 405
425 387
426 382
454 372
496 405
424 387
425 382
454 373
454 371
497 405
496 406
423 387
424 386
455 373
454 370
498 405
497 404
496 407
424 385
456 373
455 370
453 370
499 405
497 407
496 408
423 385
457 373
456 374
456 370
453 369
500 405
499 404
496 409
422 385
458 373
457 370
456 369
452 369
501 405
499 403
421 385
459 373
458 374
457 371
451 369
501 406
500 403
499 402
420 385
459 372
458 371
451 368
501 407
499 401
419 385
500 407
501 408
500 401
498 401
418 385
502 408
501 409
500 400
417 385
418 384
502 409
501 400
416 385
417 386
418 383
503 409
502 400
501 399
415 385
417 387
418 382
503 410
503 400
502 401
501 398
414 385
417 388
419 382
504 410
503 411
503 401
501 397
413 385
417 389
420 382
502 411
503 402
500 397
412 385
417 390
420 381
501 411
502 412
504 402
500 396
411 385
412 386
418 390
416 390
420 380
500 411
502 413
504 403
500 395
411 384
412 387
418 391
415 390
419 380
420 379
502 414
504 404
500 394
410 384
413 387
419 391
418 392
415 391
420 378
503 414
501 414
505 404
504 405
501 394
409 384
420 391
414 391
419 378
500 414
504 406
501 393
408 384
409 385
409 383
421 391
420 392
414 392
419 377
505 406
502 393
409 386
409 382
421 392
421 390
420 393
413 392
418 377
506 406
505 407
502 392
409 387
408 382
422 392
422 390
421 389
413 393
417 377
506 407
506 405
505 408
502 391
410 387
408 387
407 382
408 381
422 393
421 388
413 394
417 378
417 376
507 407
507 405
503 391
501 391
407 387
406 382
408 380
421 387
412 394
413 395
416 378
508 407
508 405
504 391
503 390
501 390
406 387
407 386
405 382
406 383
406 381
407 380
411 394
413 396
415 378
416 379
509 407
508 408
505 391
503 389
500 390
501 389
405 387
405 381
410 394
411 393
413 397
414 378
416 380
510 407
505 390
502 389
500 389
404 387
404 381
405 380
413 398
414 377
417 380
416 381
511 407
506 390
505 389
499 389
500 388
404 388
404 386
404 380
405 379
412 398
413 399
413 377
512 407
511 408
507 390
505 388
498 389
499 388
500 387
403 388
403 386
403 380
406 379
405 378
411 398
412 399
413 400
412 377
513 407
512 408
511 409
508 390
501 387
500 386
403 385
402 380
403 379
405 377
410 398
411 399
413 401
411 377
513 408
511 410
508 391
502 387
501 386
500 385
402 385
403 384
401 380
406 377
405 376
409 398
410 399
411 400
414 401
512 410
508 392
499 385
401 385
401 381
401 379
406 376
404 376
405 375
408 398
415 401
512 411
508 393
498 385
400 385
401 386
400 379
401 378
406 375
403 376
407 398
415 402
513 411
509 393
507 393
498 384
400 386
399 379
400 378
401 377
406 374
403 375
406 398
407 399
416 402
514 411
513 412
510 393
506 393
507 394
497 384
399 386
401 376
407 374
402 375
405 398
407 400
417 402
514 412
511 393
510 394
506 392
507 395
497 383
399 387
408 374
402 374
404 398
405 397
406 400
418 402
417 403
417 401
515 412
512 393
511 394
506 395
507 396
398 387
409 374
403 398
405 396
405 400
406 401
418 401
417 400
516 412
513 393
512 394
505 395
507 397
398 388
410 374
409 375
403 397
404 400
406 402
419 401
418 400
516 413
514 393
504 395
508 397
506 397
410 375
410 373
403 400
405 402
517 413
515 393
504 396
411 375
411 373
402 400
403 401
405 403
517 414
516 393
411 372
401 400
402 399
405 404
518 414
517 415
516 394
516 392
411 371
401 401
404 404
405 405
518 415
516 415
517 394
516 395
516 391
411 370
400 401
403 404
405 406
519 415
518 416
515 415
516 416
515 395
516 396
517 391
516 390
412 370
411 369
399 401
400 402
404 406
405 407
520 415
518 417
514 415
515 416
516 417
514 395
515 396
518 391
516 389
413 370
410 369
398 401
400 403
404 407
405 408
521 415
514 416
515 417
513 395
515 397
518 392
516 388
413 371
413 369
409 369
410 368
400 404
404 408
406 408
405 409
521 416
514 417
513 396
515 398
517 388
515 388
516 387
414 371
414 369
408 369
410 367
401 404
400 405
403 408
407 408
522 416
514 418
512 396
514 398
518 388
515 387
516 386
415 371
414 368
408 368
409 367
401 405
399 405
408 408
523 416
522 417
513 418
513 398
519 388
516 385
416 371
414 367
407 368
402 405
398 405
409 408
408 409
408 407
523 415
522 418
512 418
513 419
512 398
519 387
515 385
417 371
414 366
406 368
397 405
398 406
408 410
523 414
523 418
521 418
511 418
511 398
519 386
514 385
515 384
418 371
415 366
406 369
406 367
396 405
398 407
409 410
408 411
524 414
522 414
524 418
510 418
511 399
519 385
513 385
418 372
418 370
406 370
405 367
406 366
395 405
410 410
408 412
525 414
524 413
525 418
511 400
518 385
519 384
512 385
419 372
419 370
405 370
406 365
394 405
395 404
410 409
408 413
525 415
524 412
525 417
520 384
519 383
512 386
420 372
419 373
419 369
404 370
405 371
393 405
394 404
395 403
408 414
525 412
519 382
511 386
420 371
419 368
404 371
404 369
392 405
395 402
409 414
407 414
526 412
520 382
519 381
419 367
403 371
403 369
404 368
391 405
394 402
395 401
410 414
527 412
521 382
518 381
519 380
420 367
418 367
402 369
390 405
393 402
394 401
395 400
528 412
521 383
519 379
420 366
418 366
401 369
389 405
390 406
393 401
395 399
529 412
528 413
522 383
520 379
518 379
421 366
417 366
418 365
400 369
401 370
401 368
390 407
393 400
396 399
529 413
528 414
523 383
521 379
520 378
517 379
421 365
417 365
400 370
400 368
401 367
390 408
392 400
393 399
529 414
528 415
523 384
522 379
521 380
520 377
517 380
422 365
399 370
399 368
400 367
402 367
389 408
393 398
530 414
529 415
528 416
524 384
522 380
521 377
516 380
423 365
398 370
399 371
399 367
402 366
388 408
392 398
393 397
530 415
527 416
528 417
522 381
522 377
521 376
515 380
423 366
423 364
398 369
399 372
398 367
403 366
402 365
388 407
393 396
531 415
527 417
529 417
523 377
521 375
514 380
423 367
424 364
423 363
401 365
402 364
393 395
531 416
522 375
520 375
521 374
513 380
514 381
424 367
424 363
423 362
400 365
403 364
402 363
393 394
532 416
523 375
520 374
425 367
425 363
422 362
423 361
402 362
393 393
533 416
520 373
425 368
426 363
421 362
422 361
423 360
402 361
394 393
392 393
393 392
533 417
533 415
519 373
425 369
427 363
426 364
422 360
401 361
402 360
394 392
391 393
393 391
533 418
533 414
518 373
425 370
427 362
426 365
421 360
401 360
391 394
393 390
534 414
518 372
425 371
427 361
427 365
420 360
421 359
400 360
393 389
518 371
424 371
425 372
426 361
428 365
419 360
421 358
399 360
393 388
518 370
423 371
426 372
426 360
428 366
418 360
419 361
419 359
422 358
421 357
399 361
399 359
394 388
518 369
422 371
429 366
428 367
417 360
419 362
423 358
421 356
398 361
398 359
399 358
517 369
518 368
430 366
417 361
417 359
418 362
424 358
423 357
398 358
400 358
399 357
516 369
519 368
518 367
430 367
430 365
417 362
417 358
423 356
398 357
401 358
400 357
399 356
515 369
516 368
520 368
430 368
430 364
416 362
417 357
424 356
423 355
402 358
401 357
400 356
514 369
515 370
516 367
520 369
520 367
431 364
430 363
415 362
418 357
417 356
425 356
422 355
423 354
401 356
400 355
513 369
516 366
521 367
520 366
430 362
418 356
416 356
425 355
423 353
402 356
400 354
512 369
513 370
513 368
522 367
521 366
431 362
430 361
419 356
416 355
426 355
423 352
401 354
399 354
511 369
523 367
521 365
432 362
430 360
419 355
427 355
423 351
402 354
398 354
399 353
511 370
511 368
521 364
433 362
431 360
419 354
428 355
427 354
423 350
402 353
397 354
399 352
510 370
511 371
511 367
521 363
433 363
433 361
431 359
428 354
422 350
423 349
403 353
396 354
397 353
398 352
509 370
510 371
512 371
511 372
520 363
433 364
434 361
432 359
431 358
423 348
404 353
396 353
509 371
509 369
510 372
512 372
511 373
435 361
434 360
433 359
430 358
424 348
423 347
405 353
404 352
395 353
508 371
509 368
512 373
435 360
433 358
430 357
424 347
423 346
394 353
508 372
508 368
436 360
433 357
429 357
423 345
393 353
507 368
432 357
428 357
424 345
423 344
393 354
393 352
506 368
432 356
422 344
423 343
393 355
392 352
393 351
506 369
506 367
431 356
432 355
424 343
392 355
391 352
392 351
394 351
393 350
506 370
505 367
433 355
425 343
390 352
395 351
393 349
507 370
505 370
506 371
504 367
433 354
389 352
390 353
396 351
395 350
505 371
506 372
503 367
434 354
433 353
388 352
395 349
504 371
505 372
506 373
502 367
503 366
435 354
432 353
387 352
395 348
505 373
506 374
502 368
503 365
436 354
435 355
431 353
432 352
386 352
387 351
396 348
395 347
505 374
507 374
501 368
504 365
502 365
436 353
431 352
386 353
387 350
397 348
395 346
505 375
508 374
500 368
501 369
505 365
504 364
501 365
437 353
430 352
386 354
387 349
398 348
396 346
505 376
508 375
500 369
501 370
505 364
501 366
429 352
430 351
387 354
387 348
399 348
398 349
508 376
501 371
505 363
500 366
428 352
430 350
388 348
387 347
400 348
399 349
399 347
507 376
500 371
505 362
499 366
427 352
431 350
429 350
430 349
386 347
387 346
401 348
400 347
507 377
505 361
498 366
432 350
429 349
385 347
402 348
400 346
506 377
507 378
506 361
504 361
432 349
428 349
429 348
384 347
385 348
403 348
402 349
400 345
506 378
508 378
507 379
507 361
506 360
504 360
433 349
432 348
427 349
384 348
384 346
401 345
399 345
400 344
506 379
509 378
508 361
503 360
431 348
432 347
426 349
383 348
384 349
383 346
401 344
400 343
506 380
509 379
509 361
502 360
431 347
433 347
432 346
382 348
382 346
402 344
401 343
510 379
509 360
501 360
431 346
432 345
381 346
382 345
403 344
402 343
401 342
510 380
510 360
509 359
500 360
501 359
433 345
432 344
380 346
381 345
382 344
404 344
403 345
403 343
402 342
510 359
509 358
500 361
501 358
434 345
433 344
431 344
379 346
383 344
382 343
405 344
404 343
403 346
510 358
501 357
435 345
433 343
430 344
379 345
381 343
404 342
511 358
501 356
436 345
433 342
430 345
378 345
381 342
404 341
501 355
437 345
436 344
432 342
377 345
380 342
405 341
501 354
438 345
431 342
432 341
376 345
377 344
380 341
502 354
500 354
438 346
438 344
432 340
375 345
376 346
376 344
380 340
503 354
502 353
499 354
439 346
438 347
438 343
432 339
374 345
381 340
379 340
504 354
503 355
503 353
498 354
499 355
440 346
439 347
438 348
438 342
432 338
373 345
381 339
379 339
505 354
503 356
498 355
498 353
441 346
439 348
437 348
437 342
438 341
433 338
432 337
372 345
373 346
381 338
378 339
506 354
505 355
497 355
498 356
497 353
498 352
442 346
437 349
436 342
434 338
433 337
431 337
371 345
382 338
377 339
378 338
506 353
496 355
496 353
497 352
499 352
442 347
442 345
436 349
437 350
436 341
434 337
370 345
383 338
376 339
378 337
507 353
506 352
495 355
495 353
497 351
500 352
443 345
442 344
435 349
436 350
437 351
436 340
435 337
370 346
370 344
384 338
383 339
376 338
508 353
495 356
494 353
501 352
500 351
444 345
443 344
441 344
437 340
435 336
369 346
369 344
370 343
385 338
384 339
384 337
376 337
508 354
508 352
495 357
493 353
494 352
500 350
444 346
444 344
436 336
435 335
369 347
386 338
384 340
375 337
376 336
508 351
496 357
494 357
495 358
499 350
445 346
445 344
444 343
437 336
434 335
435 334
368 347
369 348
386 339
384 341
374 337
375 336
509 351
508 350
495 359
445 347
446 344
437 337
437 335
435 333
367 347
370 348
385 341
384 342
373 337
374 336
375 335
508 349
496 359
495 360
445 348
447 344
446 345
446 343
438 335
437 334
371 348
370 349
385 342
373 338
375 334
509 349
508 348
495 361
446 348
444 348
448 344
439 335
370 350
372 338
373 339
376 334
374 334
375 333
509 348
507 348
496 361
494 361
447 348
448 343
440 335
369 350
377 334
374 333
510 348
507 347
447 349
447 347
448 342
441 335
368 350
378 334
373 333
511 348
507 346
448 349
449 342
448 341
441 336
441 334
367 350
368 349
379 334
372 333
512 348
507 345
449 349
449 341
447 341
442 336
441 333
366 350
367 351
367 349
380 334
372 332
513 348
508 345
450 349
449 350
449 340
447 340
443 336
440 333
441 332
365 350
367 352
380 333
514 348
513 349
508 344
449 351
450 340
446 340
444 336
439 333
441 331
364 350
366 352
381 333
515 348
514 349
508 343
448 351
444 335
439 332
440 331
441 330
363 350
364 351
365 352
366 353
382 333
516 348
515 349
515 347
508 342
447 351
440 330
442 330
362 350
363 351
363 349
366 354
383 333
382 334
517 348
515 350
507 342
440 329
443 330
363 352
363 348
365 354
366 355
383 334
383 332
516 350
507 341
439 329
440 328
443 329
363 353
363 347
367 355
384 334
383 331
517 350
516 351
507 340
438 329
440 327
444 329
363 354
364 347
385 334
384 331
382 331
518 350
516 352
437 329
438 328
445 329
363 355
364 346
385 331
382 330
519 350
515 352
516 353
436 329
445 330
445 328
363 356
365 346
364 345
385 330
382 329
520 350
515 353
435 329
436 328
446 330
445 331
446 328
364 356
362 356
366 346
364 344
386 330
385 329
382 328
520 351
514 353
445 332
447 328
364 357
361 356
362 357
365 344
363 344
387 330
384 329
385 328
381 328
521 351
520 352
513 353
445 333
448 328
365 357
360 356
362 344
388 330
387 331
386 328
385 327
381 327
521 352
520 353
446 333
449 328
359 356
360 357
360 355
361 344
389 330
388 331
388 329
384 327
385 326
381 326
522 352
450 328
449 327
359 357
360 354
360 344
390 330
383 327
384 326
385 325
523 352
522 353
451 328
449 326
358 357
359 354
360 353
359 344
360 345
391 330
390 329
383 326
384 325
386 325
524 352
522 354
452 328
450 326
357 357
358 354
360 352
392 330
390 328
383 325
384 324
525 352
524 351
521 354
452 327
451 326
450 325
357 358
357 354
358 355
359 352
360 351
393 330
391 328
384 323
526 352
525 353
524 350
452 326
450 324
356 358
357 359
357 355
358 352
393 329
391 327
384 322
526 351
451 324
355 358
356 359
357 360
356 355
393 328
392 327
391 326
527 351
526 350
451 323
354 358
355 357
356 360
357 361
394 328
526 349
452 323
354 359
355 360
358 361
357 362
395 328
394 327
527 349
453 323
353 359
354 360
359 361
358 362
356 362
357 363
396 328
395 327
527 348
454 323
353 360
359 360
355 362
357 364
397 328
396 329
396 327
527 347
455 323
352 360
360 360
355 363
357 365
397 327
396 330
527 346
455 322
351 360
352 361
360 359
354 363
355 364
357 366
397 326
395 330
528 346
526 346
456 322
455 321
350 360
351 361
354 364
355 365
358 366
356 366
398 326
397 325
528 345
526 345
457 322
456 321
455 320
349 360
350 359
351 362
355 366
399 326
397 324
528 344
458 322
457 323
456 320
348 360
350 358
355 367
400 326
396 324
397 323
529 344
459 322
347 360
348 361
348 359
354 367
355 368
401 326
395 324
396 323
398 323
397 322
530 344
460 322
346 360
347 361
354 368
402 326
399 323
531 344
530 343
461 322
346 361
346 359
353 368
354 369
402 327
399 324
399 322
532 344
531 343
345 361
346 358
352 368
402 328
533 344
531 342
344 361
352 369
401 328
402 329
534 344
533 345
533 343
532 342
531 341
343 361
344 362
351 369
352 370
403 329
402 330
535 344
533 346
342 361
343 362
343 360
350 369
352 371
404 329
403 330
536 344
341 361
343 363
349 369
353 371
352 372
404 328
537 344
536 345
536 343
340 361
341 362
341 360
343 364
348 369
349 370
352 373
405 328
538 344
536 346
341 359
342 364
347 369
348 368
353 373
406 328
539 344
536 347
342 359
340 359
341 358
342 365
347 370
347 368
353 374
407 328
406 329
406 327
540 344
537 347
536 348
342 366
347 371
353 375
406 330
406 326
541 344
538 347
537 348
536 349
342 367
354 375
352 375
353 376
407 330
405 326
406 325
541 345
541 343
341 367
351 375
353 377
408 330
405 325
407 325
406 324
542 345
541 342
340 367
351 376
351 374
353 378
408 331
404 325
405 324
408 325
406 323
543 345
542 342
541 341
339 367
353 379
408 332
408 326
408 324
406 322
544 345
543 346
542 341
338 367
339 368
353 380
408 333
408 327
405 322
545 345
338 366
339 369
354 380
409 333
405 321
546 345
545 346
545 344
337 366
338 369
355 380
410 333
405 320
547 345
337 365
337 369
355 381
355 379
410 334
410 332
404 320
405 319
547 346
547 344
337 364
337 370
355 382
356 379
410 335
410 331
403 320
404 319
406 319
405 318
547 347
548 344
337 363
336 370
337 371
355 383
357 379
409 335
411 331
410 330
403 321
404 318
407 319
548 347
546 347
548 343
336 363
335 370
548 761
548 762
548 763
549 763
547 763
550 763
549 764
547 764
551 763
549 765
546 764
547 765
550 765
547 766
547 767
548 767
549 767
548 768
549 768
549 769
549 770
549 771
550 771
549 772
551 771
549 773
550 773
548 773
550 774
547 773
551 774
546 773
547 772
552 774
551 775
547 771
552 775
552 773
551 776
553 773
554 773
553 772
555 773
554 774
553 771
556 773
554 775
557 773
555 775
554 776
558 773
553 776
554 777
558 772
555 777
556 777
555 778
556 776
555 779
556 779
555 780
557 779
554 780
558 779
554 781
559 779
553 781
560 779
552 781
561 779
552 782
562 779
561 778
551 782
552 783
562 778
561 777
550 782
560 777
561 776
550 783
550 781
562 776
561 775
549 783
550 784
549 781
563 776
561 774
550 785
548 781
549 780
563 775
560 774
561 773
549 785
550 786
548 780
563 774
560 773
562 773
550 787
547 780
563 773
549 787
550 788
546 780
547 779
563 772
549 788
551 788
545 780
547 778
563 771
548 788
551 789
545 779
548 778
564 771
563 770
547 788
551 790
544 779
565 771
564 770
563 769
546 788
551 791
543 779
566 771
564 769
545 788
552 791
542 779
543 778
567 771
566 772
564 768
545 789
545 787
553 791
541 779
568 771
544 789
554 791
553 792
540 779
569 771
568 770
544 790
555 791
553 793
540 778
569 772
569 770
568 769
544 791
555 792
552 793
570 772
568 768
543 791
556 792
552 794
570 773
569 768
567 768
543 792
557 792
551 794
571 773
570 768
543 793
557 793
572 773
571 768
570 767
543 794
557 794
573 773
572 768
571 767
570 766
543 795
557 795
573 774
573 768
570 765
542 795
557 796
574 774
573 775
574 768
541 795
556 796
557 797
575 774
574 775
575 768
540 795
555 796
558 797
575 775
576 768
540 794
555 797
558 798
577 768
576 769
539 794
540 793
555 798
559 798
577 769
538 794
541 793
555 799
560 798
559 799
578 769
537 794
538 795
538 793
555 800
579 769
537 793
538 792
554 800
580 769
538 791
554 801
580 770
537 791
538 790
553 801
580 771
536 791
538 789
553 802
581 771
536 792
537 789
552 802
553 803
582 771
535 792
537 788
551 802
552 803
553 804
583 771
534 792
535 793
537 787
550 802
551 803
553 805
584 771
533 792
534 793
534 791
536 787
549 802
551 804
553 806
585 771
584 770
532 792
533 791
535 787
549 801
553 807
586 771
585 772
584 769
532 793
532 791
534 787
535 786
548 801
554 807
553 808
587 771
585 773
583 769
584 768
532 794
533 787
535 785
554 808
553 809
588 771
587 770
585 774
583 768
585 768
531 794
532 787
533 786
552 809
589 771
587 769
584 774
583 767
531 795
533 785
552 810
590 771
589 772
589 770
584 775
582 767
531 796
533 784
552 811
590 772
589 773
584 776
581 767
532 796
530 796
531 797
534 784
533 783
553 811
552 812
591 772
588 773
589 774
585 776
583 776
580 767
581 766
533 796
529 796
533 782
551 812
552 813
592 772
587 773
589 775
586 776
582 776
580 766
581 765
533 797
528 796
529 795
532 782
533 781
550 812
552 814
593 772
586 777
581 776
582 775
581 764
534 797
533 798
527 796
528 797
528 795
529 794
531 782
550 813
553 814
552 815
593 771
587 777
580 776
582 764
581 763
534 798
533 799
528 798
528 794
529 793
530 782
554 814
552 816
588 777
587 778
579 776
582 763
581 762
533 800
527 798
528 793
529 782
530 783
555 814
551 816
587 779
580 762
534 800
532 800
526 798
529 781
555 815
555 813
550 816
588 779
580 761
534 801
531 800
525 798
526 799
529 780
556 815
556 813
550 815
588 780
580 760
534 802
530 800
531 801
524 798
526 800
529 779
557 815
549 815
588 781
580 759
535 802
534 803
530 801
523 798
524 799
524 797
530 779
528 779
529 778
558 815
557 816
557 814
548 815
581 759
536 802
535 803
534 804
529 801
530 802
522 798
530 778
527 779
528 778
559 815
558 816
558 814
582 759
581 758
537 802
533 804
534 805
522 799
526 779
527 780
528 777
560 815
559 816
558 813
582 758
581 757
538 802
533 805
522 800
525 779
528 776
561 815
559 817
580 757
538 803
533 806
521 800
525 778
529 776
562 815
559 818
579 757
580 756
539 803
538 804
520 800
521 801
524 778
530 776
562 814
559 819
578 757
540 803
538 805
520 801
521 802
523 778
524 777
531 776
563 814
562 813
558 819
578 756
541 803
540 802
539 805
519 801
522 802
522 778
523 779
523 777
531 775
564 814
563 813
562 812
557 819
541 804
540 801
539 806
518 801
523 802
521 778
522 779
522 777
563 812
561 812
557 820
540 806
539 807
518 802
518 800
523 803
520 778
521 777
560 812
540 807
538 807
517 800
524 803
520 779
521 776
560 811
541 807
540 808
537 807
516 800
524 804
519 779
542 807
540 809
536 807
537 806
516 801
516 799
525 804
524 805
519 780
543 807
542 806
539 809
536 806
516 802
518 780
519 781
544 807
538 809
539 810
515 802
516 803
517 780
518 781
544 806
537 809
514 802
517 803
517 781
517 779
544 805
536 809
516 781
517 782
516 779
544 804
535 809
515 781
517 783
544 803
534 809
535 808
515 782
517 784
534 810
514 782
515 783
518 784
516 784
517 785
533 810
513 782
517 786
532 810
512 782
517 787
532 811
511 782
518 787
517 788
532 812
510 782
519 787
518 788
517 789
533 812
531 812
532 813
510 783
510 781
516 789
517 790
531 813
532 814
509 783
510 784
510 780
515 789
517 791
530 813
533 814
508 783
510 785
510 779
515 788
517 792
530 814
534 814
533 815
507 783
510 786
511 779
518 792
517 793
530 815
507 784
511 786
510 787
512 779
511 778
519 792
529 815
512 786
510 788
513 779
519 793
519 791
529 816
512 787
512 785
511 788
509 788
513 778
520 793
519 794
529 817
512 784
508 788
519 795
528 817
513 784
507 788
520 795
518 795
527 817
514 784
507 789
507 787
520 796
526 817
527 818
507 790
525 817
527 819
507 791
525 816
506 791
507 792
525 815
505 791
507 793
524 815
525 814
504 791
505 792
508 793
506 793
507 794
523 815
524 814
525 813
503 791
504 790
506 794
507 795
522 815
524 813
502 791
503 790
505 794
507 796
522 814
502 790
503 789
505 795
508 796
506 796
521 814
501 790
503 788
506 797
521 813
501 789
503 787
506 798
500 789
503 786
507 798
506 799
499 789
504 786
508 798
507 799
499 788
505 786
504 785
508 799
499 787
509 799
508 800
500 787
499 786
510 799
508 801
498 786
511 799
509 801
508 802
512 799
511 798
509 802
512 800
511 797
510 802
509 803
512 797
511 796
511 802
509 804
512 796
512 795
512 794
513 794
491 549
491 550
492 550
493 550
492 551
494 550
493 551
