459 393
635 391
655 204
401 390
642 226
562 510
702 385
560 576
754 276
659 325
724 364
702 357
653 372
677 346
819 188
346 400
553 545
641 302
742 376
841 104
573 496
573 370
681 361
695 340
617 395
755 350
542 525
740 393
724 381
645 371
554 514
547 525
665 331
696 361
564 501
577 541
726 369
651 216
461 405
581 546
791 288
793 287
698 385
779 276
648 397
562 482
573 557
370 409
745 171
541 552
732 354
481 384
611 400
439 384
458 393
781 236
367 398
796 258
547 528
788 242
722 377
790 287
690 346
682 330
750 354
461 407
673 351
392 446
552 546
584 573
819 189
778 279
818 214
353 394
691 383
617 389
575 536
355 422
790 258
818 208
623 399
710 378
535 549
797 259
836 200
482 369
590 548
564 508
793 229
453 419
685 360
693 343
648 224
810 222
837 209
640 300
711 353
648 205
670 358
461 403
795 291
571 569
821 233
574 542
710 373
569 499
701 368
363 436
350 425
637 205
384 375
559 533
553 527
577 563
720 188
809 210
661 209
816 194
621 388
531 554
730 165
389 391
791 228
481 351
680 358
646 213
830 221
779 278
741 196
624 396
567 572
358 422
719 359
487 368
574 557
720 186
562 567
558 512
738 375
828 215
708 362
660 208
717 399
622 506
565 506
555 559
694 350
562 531
751 271
730 353
818 187
795 224
390 394
789 222
364 439
689 348
390 402
672 358
373 417
346 402
826 208
351 390
785 261
726 173
558 566
705 358
643 395
655 327
686 361
645 302
551 554
569 552
721 190
681 386
572 488
712 379
576 360
491 371
738 385
583 548
741 173
387 391
482 418
495 395
408 399
788 261
585 574
741 372
540 569
569 517
439 381
578 550
556 565
721 173
807 218
645 217
381 394
386 392
723 338
728 163
604 425
574 372
725 192
571 537
559 564
657 199
733 171
564 503
395 412
731 357
460 392
482 373
715 187
584 575
543 524
478 349
790 222
440 403
558 545
348 407
722 174
649 384
699 381
735 179
435 402
569 538
735 370
820 234
825 218
739 178
365 407
779 277
636 212
393 391
550 545
346 414
658 325
542 526
797 236
709 357
688 326
386 382
581 384
562 501
697 353
559 576
570 555
565 503
366 407
819 226
426 405
364 408
787 239
392 393
684 374
841 205
570 495
385 393
562 570
386 379
651 397
362 418
707 377
682 341
649 372
733 389
550 542
709 189
611 411
830 201
398 390
728 386
839 205
525 582
718 180
722 350
775 229
457 412
718 173
829 198
737 386
738 187
742 395
483 411
667 386
538 548
712 359
565 417
823 196
494 363
801 263
715 361
658 357
537 558
774 276
374 401
726 374
647 368
734 190
551 539
583 545
707 359
723 382
394 386
725 381
364 396
642 207
735 362
834 215
571 573
654 217
724 363
721 163
789 227
540 558
711 356
589 580
356 422
351 389
781 271
573 519
720 243
359 434
719 173
674 350
379 397
353 393
725 358
419 399
644 388
565 548
389 398
699 361
742 166
681 359
682 345
655 328
608 424
484 409
658 323
718 185
726 358
683 328
482 371
690 343
830 215
807 210
827 208
772 237
700 361
780 270
646 299
618 394
440 379
816 214
776 228
821 225
437 410
612 412
568 496
796 289
393 447
714 396
555 517
358 440
794 290
696 362
571 536
686 345
374 417
695 373
786 288
648 376
345 395
650 202
480 426
371 437
372 415
700 381
838 210
831 202
669 346
347 418
663 327
662 344
739 367
685 322
657 357
644 372
575 557
823 213
440 394
686 363
481 357
734 170
423 406
571 571
829 215
649 217
720 359
622 388
768 233
581 367
574 541
544 558
700 383
450 402
577 538
479 356
428 403
786 224
828 221
626 396
776 261
351 405
783 236
576 362
667 330
552 521
386 393
637 212
827 207
739 391
464 395
557 550
607 417
786 253
770 282
570 489
725 190
546 501
671 386
436 404
738 381
620 502
792 260
531 543
559 512
391 394
734 387
712 358
706 372
482 350
787 286
701 359
823 194
543 502
720 357
662 202
729 348
694 380
578 549
381 387
561 580
733 388
740 395
701 374
617 404
383 375
796 290
532 554
717 240
670 359
696 380
358 410
434 399
659 357
802 251
644 389
742 172
747 364
662 332
797 290
796 224
588 574
583 568
384 391
718 179
696 356
550 537
691 384
737 390
739 383
739 167
792 226
585 576
606 414
687 360
712 372
690 349
573 555
783 265
566 497
601 416
617 403
555 503
419 400
720 360
376 395
679 353
462 397
633 392
558 543
622 395
573 491
830 197
646 379
431 407
725 356
731 372
731 183
694 349
420 395
445 393
574 517
403 403
830 196
650 217
723 360
845 207
573 544
754 349
544 554
479 381
563 550
612 399
819 190
725 191
819 200
745 371
739 372
553 544
495 368
589 549
584 544
788 258
359 436
378 397
355 420
799 211
805 217
797 217
546 542
720 240
646 219
727 382
568 498
834 214
722 188
660 201
566 574
392 408
363 434
353 428
560 512
832 201
573 517
380 395
792 229
650 321
729 349
800 233
670 344
441 379
560 547
554 541
482 408
803 218
575 554
650 385
759 275
700 362
619 389
700 372
673 361
723 392
793 239
686 377
641 366
562 564
482 426
704 359
825 213
456 414
365 412
656 358
558 576
640 208
644 391
389 395
769 284
719 243
758 275
671 387
569 556
741 376
576 554
720 358
545 523
719 391
723 383
832 197
610 421
654 348
668 346
576 548
800 262
567 573
546 566
442 380
450 396
633 393
684 331
770 280
377 395
648 383
610 414
447 394
522 501
569 545
792 290
677 367
344 395
587 580
647 376
554 540
566 543
394 445
347 416
771 277
402 401
779 235
723 185
611 416
556 528
549 525
461 388
712 395
578 568
654 188
449 396
779 261
694 363
722 351
566 542
648 392
604 422
734 188
708 363
782 278
610 409
355 428
675 356
796 259
771 278
736 365
601 413
551 540
706 191
672 350
607 418
369 413
829 201
674 360
645 390
552 563
821 199
796 253
647 394
725 376
698 380
355 398
368 435
732 357
659 349
539 547
648 378
681 385
352 421
650 196
739 392
492 363
698 379
650 387
577 558
568 573
554 527
689 342
698 362
786 245
725 173
353 420
553 563
359 410
563 572
711 188
696 351
718 377
787 256
610 418
725 395
357 416
797 252
543 521
562 578
683 324
695 383
581 533
561 581
774 261
393 405
579 556
570 536
723 345
685 364
393 393
414 398
400 405
733 357
659 206
583 540
728 368
454 401
552 519
480 414
529 542
790 232
819 207
821 193
705 368
745 351
710 372
725 354
786 222
817 193
365 411
661 208
668 363
721 389
561 513
640 393
561 558
675 349
400 391
734 361
575 372
605 418
684 323
791 236
683 360
824 210
811 221
747 361
556 526
835 205
732 355
565 507
654 199
829 197
682 360
747 356
738 395
720 187
736 363
376 418
786 249
606 422
458 402
481 383
734 389
728 384
737 164
730 171
583 567
727 349
685 328
618 400
699 382
399 396
811 214
360 413
650 390
401 402
615 388
805 216
716 174
577 358
703 359
824 221
390 401
564 562
684 373
720 164
729 368
567 550
820 233
564 510
646 368
371 436
781 270
733 385
681 364
645 375
707 372
726 365
710 354
797 291
481 381
777 276
601 420
618 403
469 396
351 388
388 381
437 404
798 234
363 430
720 178
697 381
704 362
374 416
719 377
784 247
363 407
576 562
559 547
392 387
718 236
368 403
638 212
376 399
421 403
657 329
612 411
663 352
650 203
742 359
370 394
608 401
623 401
665 330
720 193
576 549
421 399
771 239
831 194
567 560
564 514
346 415
784 224
719 237
731 356
679 347
345 401
651 324
582 534
695 379
464 400
366 399
696 342
386 377
637 211
726 396
645 376
547 556
350 390
799 213
707 376
780 232
691 344
568 546
552 547
698 364
391 405
821 211
600 418
694 351
586 573
359 418
665 362
352 420
358 403
680 340
548 544
610 422
821 212
724 395
388 384
571 555
493 365
548 501
739 190
398 398
812 209
833 220
654 349
740 193
722 178
685 331
547 538
681 381
806 216
381 395
798 217
481 420
375 417
651 359
786 258
625 396
841 204
553 559
654 224
787 255
558 513
788 220
422 397
549 516
352 422
347 394
638 203
724 354
694 365
694 385
722 389
736 181
831 221
367 408
823 220
546 519
382 377
745 166
453 394
571 495
818 207
844 205
661 201
564 532
685 362
545 553
663 362
405 404
627 395
668 347
538 557
772 261
720 356
535 551
713 186
725 368
694 383
562 579
422 399
608 406
838 209
743 376
617 388
735 185
645 356
757 350
553 564
570 559
560 514
821 194
823 210
365 436
481 400
717 377
552 537
744 168
682 361
557 578
648 380
669 363
472 375
563 515
680 349
422 404
679 349
771 285
366 409
635 393
354 426
582 572
364 414
696 372
685 334
724 338
547 501
609 400
818 194
400 390
737 389
647 299
703 358
563 502
669 353
823 222
829 214
359 422
646 217
549 528
733 384
799 262
585 582
395 404
778 273
388 390
738 176
358 409
752 352
438 382
557 545
540 559
611 418
717 180
588 547
795 258
653 360
535 553
717 394
365 417
723 349
602 413
547 557
641 224
741 374
356 433
737 165
347 415
561 570
752 272
655 331
618 395
619 501
692 374
794 289
794 261
734 171
641 214
485 350
693 376
747 366
462 395
822 212
453 396
623 389
716 403
547 545
685 344
569 502
486 361
554 513
814 218
810 221
782 228
605 427
825 209
726 191
834 205
569 496
704 356
432 385
723 364
739 382
716 373
561 567
738 367
797 214
678 348
355 421
570 545
384 390
401 403
538 525
577 554
740 164
780 263
686 326
492 367
463 403
477 407
738 382
551 515
738 380
802 219
698 356
806 215
363 414
791 260
654 204
429 400
664 331
668 350
739 369
688 342
736 367
568 539
718 188
558 533
603 422
659 187
646 369
361 432
354 399
734 180
661 343
608 398
830 218
739 389
535 556
629 393
739 377
695 380
654 367
476 380
645 366
552 518
537 525
644 395
545 552
663 345
727 368
723 353
670 345
558 542
654 370
384 397
656 219
644 366
716 402
420 399
828 196
722 173
818 227
487 390
649 373
696 340
727 395
429 409
453 399
395 395
719 396
800 252
564 497
783 247
681 393
362 411
423 400
436 406
567 543
491 360
646 214
411 400
566 515
695 342
695 343
410 403
577 361
785 289
646 357
369 435
415 398
407 398
645 373
572 500
730 364
799 233
777 262
725 379
728 173
654 198
726 366
727 347
659 188
741 175
640 209
685 326
386 384
826 195
586 575
365 418
736 370
821 208
583 570
726 359
782 280
541 557
775 272
556 562
571 568
741 358
725 353
770 261
559 545
789 243
647 372
726 162
691 372
838 207
647 388
691 348
775 275
669 387
773 228
482 382
792 261
570 553
546 502
641 211
575 381
706 193
555 557
406 404
548 547
647 217
831 215
691 386
573 365
728 186
360 438
456 413
628 394
385 377
831 220
769 281
708 374
576 536
492 393
831 203
438 408
364 437
454 398
365 415
831 193
738 377
830 200
479 353
394 396
653 365
786 226
693 384
427 409
579 564
691 374
737 190
424 406
831 198
820 202
538 558
669 354
407 397
387 377
394 387
697 382
829 205
383 384
354 420
655 219
679 346
669 359
830 199
839 215
844 204
798 263
779 273
843 205
542 568
746 358
491 359
797 260
549 519
357 441
342 414
674 359
706 361
481 353
735 189
743 359
484 349
704 370
818 211
557 541
684 375
835 202
662 327
396 405
824 218
493 362
788 254
779 232
794 231
385 385
809 221
712 364
697 384
748 352
422 401
717 362
723 389
359 392
656 333
795 232
826 218
619 504
769 282
771 266
698 373
658 348
479 408
484 423
675 350
681 387
808 211
726 388
768 232
535 554
670 357
685 373
613 401
745 367
803 219
363 400
531 551
608 405
556 541
569 573
461 394
821 203
412 400
357 409
483 382
574 379
793 236
728 172
737 182
787 262
676 355
724 340
555 552
463 391
674 390
574 554
712 378
357 405
724 188
679 389
565 505
350 405
723 381
790 221
722 236
375 396
744 375
785 224
655 357
619 502
720 196
655 372
384 392
551 538
808 210
831 188
576 541
680 345
781 272
777 237
388 383
441 394
731 186
727 184
777 229
619 384
391 403
832 202
827 200
397 396
680 389
767 274
407 400
353 426
819 211
786 244
636 395
561 559
661 352
366 438
709 351
543 553
575 371
718 243
647 225
564 513
383 386
476 426
344 406
811 219
459 407
809 214
724 392
731 355
828 222
772 239
798 289
544 524
568 552
724 374
682 392
831 201
829 223
701 371
642 396
615 402
377 393
530 543
606 424
564 507
723 361
564 574
378 417
486 367
559 566
719 185
781 273
724 356
695 361
347 419
680 359
719 373
585 580
655 188
755 274
645 372
792 224
643 207
645 367
677 363
419 401
773 284
675 388
620 388
751 352
829 207
413 397
608 400
573 368
768 276
562 532
640 207
667 360
377 392
577 547
563 513
724 379
452 396
802 262
824 211
723 377
797 215
619 503
765 271
644 369
359 402
536 557
725 394
807 209
480 356
653 197
832 205
740 168
390 389
705 355
736 164
696 355
451 403
723 348
700 380
722 393
646 224
720 379
768 236
572 519
552 545
727 396
654 359
532 543
347 426
576 371
537 556
544 569
745 372
386 391
682 358
715 362
417 399
616 400
695 360
567 541
701 375
724 357
676 391
579 538
364 436
651 386
605 424
657 202
730 365
392 385
558 578
560 575
457 411
727 186
359 435
685 375
632 393
561 566
550 552
738 379
560 503
375 400
742 167
541 554
645 358
384 382
481 408
786 256
359 421
653 370
483 367
409 402
378 395
394 397
773 257
348 424
752 351
741 375
558 514
551 516
680 388
687 326
711 192
726 373
425 403
576 560
824 195
682 380
618 398
737 388
706 192
704 371
798 255
740 394
648 396
716 178
568 544
674 355
563 574
785 287
439 407
835 200
732 172
493 355
762 273
683 378
652 362
674 351
672 349
557 548
373 411
790 220
561 577
400 396
738 194
716 175
565 560
661 338
613 387
392 386
703 370
448 401
790 261
556 559
550 533
561 547
395 397
354 432
668 360
723 340
720 181
573 571
712 375
719 239
717 182
738 388
346 423
717 360
576 373
697 363
827 199
362 409
793 231
603 415
480 422
795 290
821 232
644 215
617 398
639 300
619 395
343 415
561 568
778 261
727 369
352 406
569 557
345 405
563 551
558 560
637 207
723 380
565 540
383 387
586 543
649 388
672 388
722 164
727 185
710 190
347 406
670 346
572 501
535 547
373 401
480 350
362 414
841 203
790 236
668 329
581 538
793 289
559 559
662 325
727 383
373 399
623 388
385 375
550 530
637 210
717 243
361 433
649 375
602 419
723 164
547 558
365 394
716 394
494 355
685 327
355 430
678 362
490 358
789 285
554 539
776 259
412 395
671 352
407 404
737 179
737 169
551 514
797 261
550 528
419 395
420 397
651 371
718 394
833 194
539 551
680 361
584 566
793 264
743 360
776 272
783 286
806 211
785 291
396 410
568 560
828 218
571 566
687 342
783 263
691 370
679 394
667 350
583 579
421 404
719 392
357 432
786 257
684 330
559 546
620 506
711 352
642 380
795 238
469 397
663 333
598 367
719 188
571 517
712 380
730 184
618 505
550 525
794 238
725 361
522 500
362 432
555 531
585 537
357 404
754 277
644 355
816 216
671 388
390 400
550 520
362 415
734 169
808 212
559 543
540 550
434 401
691 387
357 399
661 325
464 403
409 398
812 211
398 406
697 356
614 345
747 352
586 581
575 364
556 561
366 437
801 262
726 164
534 552
683 330
816 213
372 417
651 321
743 169
740 192
392 383
660 342
442 382
720 163
464 391
679 392
667 387
389 384
354 398
697 340
483 426
435 401
555 527
664 351
733 358
657 327
821 195
674 356
673 349
375 395
780 264
545 566
571 500
644 227
652 203
840 205
564 416
665 348
646 204
788 243
607 425
733 168
773 235
837 214
731 353
467 395
833 195
388 375
720 195
398 389
486 390
542 553
723 187
557 549
624 399
720 191
765 269
727 387
706 371
563 504
637 208
677 364
368 404
588 545
577 537
746 166
788 237
370 413
393 387
603 423
732 182
722 186
352 389
770 284
684 329
736 361
344 404
575 533
778 272
579 555
455 401
735 365
794 255
717 403
355 431
715 392
582 545
359 440
348 423
810 213
365 439
561 533
779 274
786 223
688 374
748 355
422 398
659 208
371 408
791 230
776 227
738 189
729 347
709 353
718 376
574 514
608 397
728 374
393 395
684 325
567 548
778 278
670 352
587 571
611 415
644 229
730 373
736 362
551 563
780 278
560 567
733 373
381 375
582 571
574 558
810 210
727 173
555 530
731 386
692 385
706 360
369 403
686 362
685 376
530 578
722 235
652 215
772 257
830 189
363 406
393 394
787 285
681 338
460 408
472 376
587 572
538 552
354 404
701 369
346 401
548 545
654 373
427 410
350 392
676 353
724 394
797 255
546 524
727 338
535 555
724 393
648 203
581 535
347 423
787 241
545 554
568 535
641 225
583 572
425 402
724 391
554 552
545 521
701 380
716 401
686 342
710 358
563 576
704 368
663 332
463 399
787 289
722 392
720 378
648 379
732 347
745 167
393 390
688 346
558 515
793 288
796 234
478 353
396 412
783 283
490 569
374 400
734 374
563 508
539 555
776 231
788 288
351 422
654 187
364 444
491 356
533 552
389 389
360 408
774 260
586 397
547 563
839 206
483 388
402 400
391 396
742 371
401 405
782 285
574 365
817 215
699 380
828 207
531 556
658 326
366 394
731 187
615 385
739 393
551 568
390 391
562 513
377 397
798 224
714 394
566 498
811 220
725 388
566 545
367 441
745 368
754 275
567 549
560 510
718 393
725 164
364 399
647 379
368 402
764 274
727 370
376 400
770 260
666 350
643 230
370 414
473 377
550 516
581 567
807 220
662 363
575 559
561 511
731 184
575 363
726 350
726 163
372 436
548 566
624 387
655 334
572 555
662 333
792 263
473 378
784 229
693 383
435 403
793 234
611 417
352 417
801 251
705 372
712 363
712 374
480 381
729 173
495 369
379 395
718 189
542 524
478 350
739 192
617 401
650 224
564 500
566 518
702 370
487 369
796 211
708 364
686 343
558 559
712 355
718 190
457 413
645 298
529 579
787 260
674 357
548 557
779 229
443 380
639 213
570 566
558 547
581 370
725 338
781 227
619 505
682 329
719 374
481 368
726 379
559 548
649 383
623 392
780 268
551 547
612 401
550 526
583 580
658 324
570 554
358 436
644 365
788 260
566 500
651 360
492 352
819 187
560 546
392 392
393 446
720 361
662 339
774 272
430 401
639 393
741 164
379 394
620 385
563 509
574 362
808 218
786 247
388 376
546 523
739 390
832 215
781 228
384 394
352 393
719 161
719 394
481 413
461 399
569 501
746 362
740 196
648 372
549 557
829 221
716 177
367 397
470 396
776 237
575 543
835 162
614 385
573 371
644 214
666 363
782 284
549 515
557 577
701 358
651 200
812 219
697 352
547 524
551 527
556 564
479 394
356 405
619 385
656 348
539 554
548 528
348 401
681 394
577 557
786 239
575 491
799 221
736 360
730 368
767 275
575 535
683 343
567 540
724 361
541 550
567 498
638 205
831 214
675 347
785 285
478 426
716 404
572 535
605 422
652 324
646 218
547 503
546 554
699 383
800 253
462 406
570 498
582 579
794 234
356 428
727 175
389 390
577 356
774 237
561 550
569 572
443 393
490 373
569 559
612 400
561 552
576 550
778 271
707 375
644 392
742 370
741 174
728 352
792 265
484 386
410 400
358 413
607 396
619 390
736 366
773 237
790 288
624 390
346 403
558 550
828 199
679 358
703 361
650 322
361 415
575 542
461 396
355 427
557 566
819 214
787 222
392 382
723 339
359 394
677 347
386 390
663 200
563 517
359 415
566 548
566 575
745 369
472 379
822 208
794 213
563 563
579 566
541 526
776 232
678 357
657 328
542 557
576 545
429 405
654 372
827 222
368 401
354 406
670 343
442 381
756 274
571 574
433 384
674 358
569 571
756 350
721 388
576 558
709 379
360 416
561 503
638 206
727 381
610 406
402 391
653 187
357 419
483 357
481 374
361 394
823 197
573 572
654 218
348 425
691 371
714 379
784 281
553 521
791 227
725 161
436 407
416 399
547 542
361 393
427 402
607 414
643 390
574 533
585 578
643 214
796 257
661 327
698 361
737 186
794 260
577 562
821 207
571 575
698 384
704 373
772 284
660 191
648 377
561 549
362 433
471 376
737 387
829 217
387 385
679 351
832 195
817 214
724 187
718 374
727 176
702 384
561 504
779 275
427 413
464 399
463 401
689 372
347 420
574 371
819 206
365 395
682 378
390 397
372 414
405 403
639 205
393 388
382 387
701 370
822 195
746 371
662 352
562 563
659 341
724 368
725 350
568 548
414 396
563 500
785 254
719 180
566 573
367 394
803 251
652 216
573 545
482 384
641 300
650 218
831 191
386 378
784 253
482 410
647 393
381 386
654 368
360 417
661 333
726 338
648 395
679 350
399 390
696 378
821 206
800 218
533 546
381 396
784 266
728 351
661 207
390 384
653 204
719 177
643 367
720 381
691 385
565 496
807 217
618 402
362 419
429 401
458 394
709 378
670 360
694 340
566 541
562 552
815 217
658 208
647 392
747 360
784 282
583 564
409 397
546 555
610 404
738 378
663 347
695 381
585 575
695 354
557 533
713 395
566 506
556 515
780 229
653 362
724 389
821 189
747 166
681 343
549 566
652 326
556 545
726 367
787 263
708 193
768 235
432 401
359 414
586 572
587 573
737 189
654 361
772 235
698 372
739 395
664 350
648 375
692 343
576 559
426 406
771 264
390 403
746 372
797 251
491 352
603 413
583 565
697 378
389 374
350 407
572 545
661 202
738 390
643 304
359 413
835 214
566 507
823 223
392 384
617 402
551 552
478 392
400 403
386 386
711 189
390 396
562 581
547 502
787 244
819 209
482 368
644 393
822 201
681 384
423 401
682 377
490 361
645 227
544 568
355 404
696 374
448 404
723 235
699 358
750 353
377 394
771 258
611 403
770 275
548 568
352 419
660 346
823 212
484 360
800 221
437 381
665 350
676 354
390 395
732 384
714 378
649 381
735 178
546 563
788 236
711 368
725 392
789 258
386 385
720 172
742 382
577 359
375 418
720 388
576 563
375 399
410 398
698 378
813 220
620 395
709 372
573 535
615 401
718 235
776 273
453 402
403 401
731 166
426 411
567 546
664 349
688 348
563 560
612 413
724 337
800 223
793 230
368 436
642 225
394 405
648 391
567 517
363 435
674 388
568 574
352 418
552 527
785 282
728 347
693 385
544 567
729 396
529 581
454 403
713 360
389 396
643 366
585 539
709 192
690 374
662 201
781 266
796 232
780 265
739 177
558 535
554 529
462 403
724 173
676 390
697 355
791 232
827 218
742 360
795 233
551 533
812 218
703 362
668 362
836 212
553 541
679 390
785 288
741 195
646 215
651 195
535 557
384 395
834 213
684 361
650 195
660 336
654 216
396 397
733 360
663 346
546 521
622 394
579 549
798 252
565 558
830 223
387 381
645 301
383 385
728 373
554 557
580 567
380 396
623 396
644 206
576 533
570 552
746 356
787 254
489 360
788 238
743 168
548 538
665 351
562 550
731 374
830 205
647 213
786 260
484 422
608 404
720 173
765 273
684 328
650 323
369 411
535 550
738 190
576 374
721 377
553 514
389 400
429 404
678 358
628 397
817 216
346 419
771 284
646 390
679 391
828 224
779 262
347 417
738 384
374 415
818 186
716 374
369 409
649 389
698 357
546 564
778 237
684 336
739 371
541 558
645 355
408 404
729 188
773 230
784 288
740 190
823 224
738 386
367 436
655 359
397 387
833 215
722 357
477 382
794 226
718 183
735 169
808 207
530 550
397 406
716 371
535 548
481 350
395 445
681 336
645 378
355 424
738 180
642 393
734 191
785 292
744 359
659 350
367 395
727 351
573 378
755 271
566 561
580 566
695 355
641 208
609 404
673 388
344 415
645 219
724 342
556 558
661 362
798 218
576 361
661 334
425 412
723 190
712 360
481 379
736 368
426 402
817 218
773 227
558 541
686 360
357 422
483 355
700 357
646 225
772 258
734 187
752 350
584 537
376 416
360 437
356 421
477 376
819 228
384 386
643 226
573 369
586 538
360 439
546 520
382 389
428 409
771 263
717 361
733 372
406 405
535 546
561 512
814 217
714 393
699 372
379 393
831 205
556 503
562 559
648 227
733 167
653 202
781 278
724 365
716 399
382 396
573 379
347 425
723 357
726 381
357 401
650 294
430 406
843 207
736 364
799 222
786 252
827 220
836 201
349 425
741 382
567 544
769 274
562 575
646 395
727 163
701 362
654 220
788 240
716 173
763 274
666 330
728 387
561 514
609 406
648 373
478 375
696 377
838 214
655 358
796 256
721 186
808 220
343 414
373 436
577 555
716 405
446 404
724 344
582 570
831 206
830 216
576 547
649 374
665 329
345 419
610 423
366 400
773 233
826 196
745 169
554 530
820 231
610 424
604 419
843 206
742 170
585 541
622 345
548 541
712 373
656 357
653 321
607 413
551 565
552 548
616 388
370 435
455 398
723 347
538 554
606 419
570 500
753 274
800 251
578 364
645 229
482 374
760 275
477 377
364 440
574 555
714 359
386 381
582 569
831 190
579 545
556 532
461 404
791 226
698 377
549 532
540 526
355 426
653 223
691 349
614 399
606 420
362 413
348 402
719 361
556 548
572 520
705 356
566 560
392 389
667 358
713 372
822 190
675 390
365 409
546 537
727 348
682 331
552 552
584 545
654 201
649 299
628 396
652 373
780 237
790 229
559 516
837 205
569 498
572 543
574 491
635 394
829 206
607 426
390 377
671 358
356 424
387 384
383 396
644 390
745 370
771 261
387 390
725 374
705 359
799 234
659 207
533 555
664 361
363 394
659 201
580 546
345 404
393 445
561 543
619 388
352 424
779 234
362 412
712 377
461 391
439 410
397 405
654 330
668 358
718 397
357 428
435 408
735 389
557 557
730 372
830 214
358 399
421 397
556 538
572 570
792 289
768 282
521 484
455 414
823 218
548 540
393 396
709 370
552 514
651 223
562 503
637 209
575 558
715 360
659 348
821 202
449 395
568 497
567 552
622 397
483 409
820 197
552 544
683 327
659 346
436 382
377 415
435 409
785 246
588 580
456 400
737 367
395 410
648 225
460 393
740 191
643 394
793 225
354 424
653 200
713 187
713 359
737 176
830 193
652 364
381 390
732 356
373 437
571 538
725 380
718 184
641 206
648 381
719 187
739 376
738 365
720 376
697 372
576 372
391 384
559 568
542 502
730 187
613 399
494 361
697 357
746 360
619 403
684 372
623 393
718 361
642 379
776 276
702 383
630 394
772 231
365 438
737 380
645 300
682 379
395 387
563 569
381 397
724 178
707 378
660 357
743 371
728 385
606 417
546 518
424 410
818 205
584 538
374 399
383 377
421 394
386 376
708 373
558 517
732 187
356 430
404 403
661 339
772 262
363 441
785 222
737 360
565 497
821 190
821 191
818 213
661 335
365 435
611 404
362 410
557 540
836 213
680 338
679 388
446 392
587 570
392 405
770 262
820 211
396 387
681 392
727 380
583 546
826 223
572 493
668 351
348 418
433 385
550 536
367 413
580 564
654 221
603 427
725 186
739 388
786 225
557 552
574 364
748 354
355 423
532 556
777 272
677 366
557 564
389 376
645 370
717 371
614 401
688 345
680 339
642 303
728 382
644 208
572 536
660 355
711 358
663 351
783 260
428 401
603 416
574 382
483 368
720 177
539 552
730 347
345 406
480 401
640 301
357 417
535 552
832 191
711 357
652 222
386 374
580 572
361 412
687 325
651 385
607 424
828 220
772 240
476 375
674 387
407 399
548 537
565 500
693 350
376 398
783 235
395 446
571 367
373 400
823 219
581 536
719 395
654 200
828 201
663 329
836 204
783 227
569 542
696 373
649 378
581 568
723 173
573 543
477 426
609 414
746 359
649 387
715 179
737 181
484 367
578 355
581 369
363 395
612 415
730 386
552 562
570 556
567 574
611 412
711 367
697 351
385 397
660 333
621 397
653 359
693 377
562 533
550 567
822 205
545 557
571 491
649 221
783 237
844 207
481 421
359 393
529 543
479 350
738 181
792 237
727 174
754 273
606 421
350 393
796 254
782 279
455 400
646 205
820 190
793 238
662 353
461 406
581 562
347 395
788 262
609 399
554 518
420 396
549 545
482 353
547 566
576 544
570 542
830 207
582 564
777 227
438 411
769 285
541 559
645 374
381 389
478 374
439 412
780 266
737 364
769 234
659 352
664 363
717 173
564 517
832 198
621 396
659 351
349 403
747 362
556 516
385 382
457 414
721 178
346 397
782 226
697 361
818 218
718 176
658 201
556 514
677 362
623 400
645 389
423 410
553 518
669 351
603 419
724 164
556 563
728 383
708 192
563 532
355 429
840 216
452 395
793 224
745 359
724 350
682 342
489 395
572 496
552 517
746 363
358 421
723 346
573 569
413 398
384 393
797 218
381 377
436 384
784 261
620 396
364 430
547 536
729 171
694 342
361 409
608 395
686 346
718 401
572 494
726 395
778 231
798 235
558 564
564 415
452 414
366 441
696 354
346 404
698 363
745 168
698 365
462 390
831 189
689 374
731 165
730 351
742 171
699 373
539 550
352 392
618 350
361 400
582 536
790 233
549 547
608 408
450 392
603 418
721 162
719 397
453 416
623 390
576 542
780 236
426 401
696 363
674 349
531 552
838 211
684 322
673 357
488 390
725 364
578 537
352 407
670 387
360 418
425 406
721 164
623 391
729 350
399 406
818 228
743 377
720 377
577 561
716 400
445 385
619 500
721 392
581 548
812 221
359 432
791 233
360 392
728 168
565 504
545 567
688 376
780 231
700 369
642 230
569 536
630 392
653 326
446 389
703 357
554 556
376 417
556 525
696 376
491 354
440 404
784 260
790 227
423 408
356 399
352 405
653 330
660 343
799 252
668 387
684 379
619 506
653 217
725 339
367 409
822 224
556 527
554 550
720 185
781 237
722 352
563 516
720 236
664 327
724 179
826 197
668 330
695 377
824 209
365 399
624 388
614 387
560 515
384 396
402 402
736 163
361 399
645 377
617 397
741 176
542 558
569 516
490 390
564 417
643 213
731 351
786 246
553 552
550 535
723 186
684 377
731 354
482 355
724 390
547 567
609 415
722 177
566 551
474 376
813 213
346 396
785 247
643 228
831 197
650 361
575 563
608 396
610 408
554 563
641 213
578 543
661 353
689 349
839 207
647 395
819 227
693 374
475 426
786 227
491 362
741 193
677 350
773 231
574 543
724 341
661 346
532 544
361 411
766 235
723 376
549 529
669 350
679 393
372 409
369 396
673 360
567 545
362 400
651 294
584 579
709 371
554 516
794 259
463 400
833 201
783 226
796 214
656 331
380 387
821 226
650 219
844 208
714 392
556 536
440 411
364 398
617 399
604 415
403 389
823 202
755 272
788 227
568 547
459 403
818 200
776 229
391 395
556 531
835 216
365 408
786 285
456 411
363 408
768 234
685 325
722 358
348 406
770 277
550 551
795 289
439 380
731 352
716 176
739 368
577 360
582 548
741 393
431 409
568 536
652 321
778 235
382 376
819 210
548 519
548 542
699 377
822 223
611 410
726 360
572 491
804 251
564 533
821 205
728 397
771 235
823 193
585 579
609 412
661 336
652 325
569 574
476 425
563 570
679 354
549 542
659 347
608 403
770 276
572 517
357 400
779 266
662 324
603 417
490 360
449 405
770 259
753 272
746 357
659 203
769 276
621 389
677 390
621 506
821 204
637 393
534 546
453 403
761 274
391 389
734 189
578 539
577 546
682 394
721 358
569 539
814 213
555 538
765 274
688 347
777 231
731 189
554 537
724 177
367 438
412 397
580 538
653 327
709 364
679 352
807 219
797 216
704 361
437 384
671 350
831 196
643 396
740 170
647 226
364 417
445 384
554 559
571 490
374 437
576 534
653 364
581 569
823 221
733 359
828 200
423 407
753 350
377 391
737 170
649 382
564 540
770 236
738 166
357 408
584 542
785 286
783 284
692 350
818 212
701 383
723 234
481 414
563 552
397 413
616 402
799 223
822 204
805 218
543 520
610 412
578 564
722 344
732 181
394 395
584 539
667 362
730 366
838 208
696 352
698 340
737 370
444 393
586 544
609 408
372 399
831 195
710 352
731 375
541 553
771 257
370 401
535 544
772 276
443 382
717 177
723 344
724 343
455 404
350 394
577 357
654 366
654 364
495 399
618 401
566 517
653 205
652 223
740 194
683 379
556 534
581 564
662 343
795 234
458 408
823 211
711 365
706 359
770 283
770 285
726 368
644 301
664 328
840 215
690 345
845 206
718 178
359 401
482 411
797 212
530 551
358 432
493 363
581 549
719 184
536 558
681 339
560 509
413 400
647 204
570 574
760 276
792 231
627 394
811 210
808 208
698 366
568 501
819 205
638 207
683 342
800 219
775 237
663 201
696 375
827 196
586 541
563 573
725 357
791 261
830 191
831 192
574 519
606 415
425 410
654 369
710 189
734 168
550 543
448 399
575 544
655 364
724 192
476 381
733 383
637 203
441 404
689 373
686 344
539 546
817 217
346 422
710 191
655 329
746 366
798 261
710 368
685 336
545 522
743 379
477 381
727 374
771 276
539 526
717 162
680 363
568 495
358 400
718 378
831 207
726 380
396 398
675 348
735 371
800 220
714 186
612 414
657 348
681 363
738 366
650 397
780 267
445 388
571 567
563 559
590 580
551 567
806 210
604 414
742 377
556 504
734 373
749 352
562 511
691 343
713 379
730 367
360 406
638 393
825 210
584 572
783 228
674 389
413 395
770 286
685 332
551 520
735 180
709 191
655 330
787 227
739 168
725 375
456 412
778 275
682 364
716 361
698 367
783 281
349 422
361 436
659 202
649 395
554 553
382 388
678 390
556 552
365 416
453 415
571 545
788 263
555 529
744 360
554 551
568 555
661 337
477 353
669 344
366 436
775 260
800 217
363 431
684 327
694 373
660 341
351 407
650 220
574 381
568 550
605 414
482 419
477 375
580 548
392 445
567 500
576 561
640 213
352 408
532 552
646 355
783 280
726 349
565 518
712 356
537 553
719 236
676 350
784 227
793 265
548 526
483 421
773 239
709 352
607 395
371 413
795 231
835 213
718 400
435 398
808 217
789 288
579 546
424 402
683 323
732 166
680 346
703 356
730 185
715 186
771 236
709 369
582 370
774 285
780 269
820 201
347 397
393 409
717 239
605 426
682 359
719 235
799 212
435 404
678 354
368 439
724 351
671 349
825 208
793 261
724 353
399 395
650 197
720 241
795 211
720 197
491 372
783 287
699 363
430 400
700 373
812 210
727 373
611 409
617 396
685 377
828 197
689 343
746 351
481 382
772 263
743 372
564 502
659 189
716 179
797 289
362 436
765 272
548 525
581 534
642 204
641 205
588 544
534 547
738 179
681 377
724 388
581 563
779 237
734 365
731 373
834 201
420 394
560 569
489 373
545 502
573 366
748 356
718 379
724 376
609 403
719 181
475 378
481 352
580 549
681 382
488 369
397 398
567 499
830 203
609 398
651 325
552 516
666 361
828 198
392 395
432 408
666 386
769 283
437 411
395 405
358 420
720 179
368 412
773 261
666 362
770 278
797 213
822 202
480 374
740 382
586 539
732 173
694 364
560 533
402 403
705 361
642 304
408 398
650 325
746 364
649 392
842 205
563 571
645 215
790 263
453 397
685 343
834 220
383 382
773 232
589 548
741 194
368 438
364 400
702 363
761 275
742 373
631 350
360 409
550 565
558 544
571 572
581 537
616 395
539 549
608 402
735 372
711 374
685 335
610 400
661 341
386 380
538 556
349 407
438 384
461 397
741 394
783 264
777 277
784 262
587 581
741 395
681 337
549 530
644 204
664 329
775 232
347 396
829 195
779 265
739 375
574 569
484 351
617 390
644 207
660 327
668 348
726 378
356 432
608 409
725 396
735 184
654 219
787 243
578 544
655 332
820 196
547 564
588 575
734 362
569 489
807 216
739 189
348 403
490 357
797 254
439 382
725 397
362 408
698 383
359 441
739 370
410 401
555 540
563 562
545 569
572 367
778 280
690 347
727 388
776 230
744 368
582 568
820 193
779 233
369 401
642 212
557 528
834 200
398 388
784 263
723 178
601 417
561 579
782 273
388 382
805 209
607 422
529 580
581 571
615 387
666 385
820 226
547 537
359 439
684 360
651 323
363 405
696 382
567 555
654 362
739 394
540 554
586 398
724 373
744 376
578 356
409 404
773 229
682 332
557 567
737 187
838 205
748 363
567 551
738 383
743 378
546 557
444 392
617 387
727 391
368 413
701 357
786 248
409 405
570 516
773 285
660 207
539 548
397 388
434 384
755 273
708 375
609 407
709 358
728 396
451 396
364 395
811 213
820 232
820 194
684 378
679 362
479 355
741 373
681 345
549 567
344 396
725 162
703 372
720 190
546 528
642 214
565 517
718 375
366 401
546 556
489 369
729 172
370 395
819 208
770 281
564 560
669 388
389 377
726 187
418 399
421 401
547 562
392 406
711 360
620 386
768 274
745 366
719 240
641 223
544 502
716 372
728 165
789 262
544 553
356 404
433 403
653 361
344 397
691 373
372 401
653 366
679 361
629 394
832 219
742 173
484 348
426 404
689 346
646 359
644 379
732 383
656 327
645 216
534 543
643 301
564 563
818 215
558 516
741 165
587 542
552 564
562 516
561 576
357 440
551 556
653 203
645 379
396 396
562 509
766 274
646 370
655 361
656 346
556 557
405 405
625 397
680 341
359 409
838 213
660 362
697 383
710 371
582 546
574 553
605 423
824 194
641 212
729 386
544 521
773 234
836 202
556 533
555 533
798 223
682 336
728 185
635 392
557 551
479 354
426 412
643 393
775 259
710 363
819 204
663 348
622 396
349 424
678 364
725 172
346 420
645 203
786 221
718 240
576 546
725 366
377 416
677 356
789 236
538 553
641 304
660 325
439 383
750 352
695 382
711 363
580 571
817 194
708 372
795 212
731 171
798 259
704 374
804 217
771 259
812 213
550 534
795 213
661 340
357 451
530 553
563 577
685 333
808 209
676 349
692 386
646 367
736 168
345 397
739 179
701 372
480 375
735 177
560 542
347 398
711 364
678 352
572 489
459 402
560 559
646 212
554 536
694 360
724 189
734 179
365 441
726 392
624 398
733 187
655 348
659 204
835 215
657 326
376 394
726 370
567 547
565 559
762 274
351 417
814 219
616 390
555 563
550 544
422 408
569 558
773 276
649 397
796 235
788 241
583 543
577 536
444 395
693 342
742 379
660 352
731 347
568 558
819 231
718 398
695 363
546 565
402 389
461 408
484 350
481 426
805 208
554 533
654 202
741 359
734 372
415 397
784 283
668 359
435 384
609 423
478 348
796 255
762 275
757 275
360 432
831 204
680 394
581 368
605 425
482 401
730 348
364 442
662 362
704 372
747 365
578 538
608 414
555 516
361 395
777 278
651 215
566 516
649 390
563 503
446 386
738 396
389 403
620 403
838 215
394 409
678 347
745 357
780 273
785 249
556 502
646 360
555 536
574 380
721 378
630 393
462 394
586 542
396 411
734 358
645 357
838 212
544 559
832 190
359 437
795 261
549 520
457 402
611 414
606 423
691 350
656 200
574 516
722 390
833 206
359 406
575 515
656 188
785 290
662 203
388 374
360 391
554 538
372 413
818 229
730 186
575 374
369 397
641 207
574 552
741 171
642 366
352 423
812 222
549 568
702 362
550 549
624 397
701 373
786 250
710 365
483 358
559 565
576 535
783 229
534 555
739 171
791 235
549 531
576 358
722 187
820 195
683 336
654 333
474 378
573 367
350 395
572 571
543 568
557 515
767 232
622 391
399 402
425 404
727 177
707 371
669 352
532 541
356 429
718 399
457 409
792 236
729 397
723 352
798 262
551 566
755 277
557 576
346 421
725 189
836 203
354 425
577 556
430 405
818 230
808 221
569 543
651 372
601 418
564 575
553 537
585 577
578 563
643 355
391 404
482 385
722 380
790 262
791 229
671 389
741 168
727 187
556 542
363 433
837 203
660 190
532 555
659 205
368 405
448 403
557 535
723 350
683 325
579 568
548 539
371 409
721 172
645 204
618 388
726 361
631 394
477 354
620 387
644 373
738 168
650 372
570 538
647 227
645 388
719 238
393 408
837 212
545 537
803 217
781 269
725 363
364 397
344 414
710 351
650 221
485 367
770 257
727 384
363 432
774 227
821 224
349 395
823 195
757 274
587 541
558 558
399 405
410 399
567 496
720 391
657 201
617 400
556 540
711 187
531 578
796 261
650 216
794 225
484 359
697 354
720 380
569 544
792 288
732 374
740 372
725 178
453 404
789 220
554 528
681 362
643 379
678 349
664 362
390 398
496 399
399 403
819 230
535 545
724 382
603 414
754 350
722 162
817 208
564 534
551 545
350 391
718 182
654 374
793 262
725 365
642 205
722 388
568 559
569 503
705 191
543 558
578 556
752 271
363 396
540 546
793 237
746 171
778 229
359 400
358 434
532 542
787 251
729 187
553 519
732 386
553 516
801 219
561 548
557 532
687 343
691 345
409 403
739 194
350 422
587 574
560 543
353 405
694 382
699 357
575 362
652 372
584 567
552 520
724 362
627 396
584 543
785 260
826 222
562 577
693 351
668 349
353 422
558 548
787 238
560 570
696 341
648 204
557 536
646 396
676 356
786 259
362 430
732 372
738 188
794 224
569 500
410 402
480 400
730 357
709 368
714 395
655 347
638 204
783 285
710 374
495 360
552 538
605 417
487 360
717 179
563 575
567 539
723 391
707 193
772 236
416 398
369 408
433 402
577 549
776 260
390 399
735 190
649 391
717 370
793 263
571 516
368 397
561 565
798 251
731 181
534 544
662 326
809 207
767 235
530 552
555 545
714 372
385 398
668 361
395 409
394 410
371 401
798 215
655 200
789 239
649 386
662 345
359 403
364 441
769 261
841 105
572 492
736 185
632 394
601 419
482 425
550 527
634 392
747 351
721 350
649 203
815 216
559 563
681 342
772 278
561 509
799 253
534 542
357 420
677 365
798 213
357 406
483 350
415 396
386 375
641 299
582 547
775 276
378 416
422 400
688 375
547 519
480 348
471 379
738 370
798 211
561 564
460 398
648 217
774 284
840 214
769 236
574 515
658 188
846 206
728 177
794 233
568 517
660 353
702 375
476 424
559 570
360 400
671 351
563 514
727 392
822 232
733 387
638 213
686 364
558 557
829 218
708 358
565 574
621 385
422 405
539 525
346 406
808 213
579 567
796 252
707 358
733 166
609 405
654 371
785 227
815 213
472 378
725 187
630 391
709 355
662 209
544 523
353 432
451 402
589 547
560 577
742 372
716 377
562 560
736 189
369 407
373 415
737 185
483 366
799 218
533 543
376 397
424 401
574 535
809 213
729 373
796 213
829 216
695 351
820 200
711 366
644 228
677 354
427 408
479 372
382 375
722 185
712 187
624 393
788 239
724 235
820 198
480 353
588 546
651 202
734 360
690 383
719 182
729 382
563 510
791 234
398 444
769 279
655 333
718 162
824 213
777 261
785 253
715 394
622 389
551 537
779 236
681 388
788 256
771 265
563 564
673 358
706 355
552 565
570 490
753 273
653 216
389 392
660 354
664 348
698 351
564 572
684 343
821 200
654 327
615 386
656 347
572 495
550 524
641 393
604 420
742 393
797 224
605 419
397 395
748 362
820 210
784 287
657 200
717 184
646 227
720 162
837 208
469 395
393 389
718 177
636 393
783 225
662 323
733 386
550 558
786 254
539 558
821 192
722 190
371 435
721 380
578 545
607 338
461 398
720 242
550 532
717 374
765 270
563 561
819 194
544 557
694 377
795 255
738 170
832 220
371 410
448 393
455 402
458 403
681 341
584 565
700 370
414 395
724 163
663 331
720 194
745 170
718 395
354 428
732 171
648 388
557 546
609 402
828 195
548 500
772 238
781 229
402 390
641 298
782 266
547 500
678 350
704 369
643 227
652 202
442 383
378 392
473 376
529 551
604 427
367 401
797 235
682 381
561 505
642 392
836 205
636 394
454 397
637 394
442 384
770 279
566 540
585 573
571 489
744 372
715 405
560 568
678 356
742 168
782 237
392 407
788 222
737 368
383 383
681 383
779 263
601 468
839 213
587 544
642 301
788 285
721 236
559 567
568 556
365 413
372 400
534 553
376 419
754 274
799 215
662 346
475 395
720 389
693 375
447 391
736 180
437 382
721 391
736 389
660 356
646 388
495 370
786 251
644 304
378 396
726 190
668 353
387 386
421 402
387 374
557 504
783 266
709 363
397 412
728 187
643 303
706 376
806 209
645 359
832 206
821 198
578 371
711 355
413 394
791 231
681 344
553 560
622 393
740 176
645 369
828 223
708 378
479 348
653 363
572 569
373 435
678 353
718 392
649 196
577 560
360 407
585 581
609 424
731 188
566 499
828 219
565 416
654 222
522 502
349 423
358 433
715 378
716 378
639 207
693 380
643 204
401 404
717 359
369 412
651 362
650 362
651 361
649 362
649 385
648 362
647 362
648 361
599 367
647 361
655 367
646 361
769 275
585 543
788 259
731 173
787 288
688 377
641 301
642 302
687 377
585 540
492 369
725 355
813 219
731 182
682 383
481 356
658 352
645 299
616 397
644 359
643 359
642 359
641 359
642 358
641 358
640 358
639 358
638 358
639 357
638 357
637 357
636 357
635 357
636 356
635 358
635 356
634 358
635 355
633 358
634 355
635 354
633 359
633 355
634 354
636 354
635 353
632 355
637 354
635 352
631 355
345 415
638 354
634 352
635 351
630 355
631 354
638 355
638 353
635 350
629 355
631 353
639 355
639 353
638 352
629 356
629 354
631 352
639 352
364 443
631 351
629 357
628 357
629 358
628 358
630 358
629 359
627 358
628 359
631 358
626 358
628 360
631 357
626 357
627 360
628 361
632 357
625 357
627 361
628 362
625 356
626 361
627 362
625 355
626 355
624 355
624 354
624 353
624 352
625 352
625 351
626 351
626 350
626 349
625 349
625 348
624 348
625 347
623 348
624 347
624 346
623 346
624 345
622 346
623 345
625 345
621 346
626 345
625 344
620 346
621 345
625 343
620 347
624 343
619 347
618 347
618 348
618 346
618 345
618 344
617 344
616 344
617 343
615 344
614 344
615 345
613 344
615 346
612 344
611 344
612 345
611 343
612 346
610 343
611 342
613 346
611 346
612 347
611 341
613 347
413 399
612 348
610 341
613 348
611 348
610 340
611 349
610 339
611 350
611 339
609 339
612 350
610 350
611 338
608 339
609 338
613 350
610 351
611 337
608 338
614 350
613 351
609 351
610 352
612 337
614 351
614 349
613 352
608 351
613 337
613 353
607 351
608 352
608 350
613 336
614 353
606 351
607 352
608 353
613 335
614 354
605 351
606 350
607 353
608 354
614 335
612 335
615 354
605 352
606 349
606 353
608 355
570 496
612 334
616 354
605 353
607 349
609 355
607 355
612 333
616 353
605 354
611 333
612 332
617 353
604 354
611 332
617 352
604 355
610 332
618 352
617 351
603 355
609 332
619 352
618 351
603 356
609 333
609 331
620 352
729 364
603 357
608 333
608 331
621 352
603 358
608 334
604 358
603 359
607 334
604 359
602 359
607 335
605 359
602 360
606 335
606 359
605 360
601 360
605 335
607 359
606 360
600 360
601 361
604 335
607 360
606 361
599 360
603 335
604 336
607 361
598 360
599 361
599 359
602 335
607 362
597 360
598 359
599 362
599 358
601 335
602 334
607 363
598 358
598 362
601 336
601 334
597 358
597 362
598 363
600 336
601 333
596 358
596 362
597 363
598 364
599 336
601 332
595 362
597 364
598 365
599 337
601 331
595 361
596 364
597 365
599 365
598 337
599 338
602 331
601 330
595 364
599 366
598 338
600 338
599 339
602 330
600 330
594 364
348 395
597 338
602 329
600 329
593 364
355 432
603 329
602 328
600 328
593 365
593 363
604 329
600 327
592 365
593 366
604 328
591 365
592 366
593 367
604 327
590 365
591 364
593 368
605 327
589 365
590 364
593 369
589 366
589 364
590 363
593 370
523 502
593 371
593 372
594 372
592 372
595 372
591 372
596 372
513 490
591 373
596 373
596 371
590 373
596 374
597 371
596 370
589 373
590 374
596 375
588 373
590 375
597 375
595 375
587 373
588 374
588 372
598 375
597 376
595 376
586 373
588 371
356 431
594 376
585 373
587 371
588 370
594 377
585 374
585 372
588 369
593 377
584 374
585 375
584 372
585 371
588 368
592 377
584 375
585 376
585 370
589 368
592 378
583 375
585 377
591 378
582 375
591 379
582 376
591 380
581 376
582 377
592 380
580 376
581 377
592 381
579 376
593 381
592 382
579 377
579 375
594 381
579 378
578 375
579 374
594 382
578 378
579 379
577 375
577 370
594 383
577 378
578 379
580 379
579 380
577 374
578 370
595 383
593 383
576 378
577 377
581 379
579 381
734 165
398 395
595 384
576 379
576 377
579 382
736 169
649 224
577 369
596 384
575 379
575 377
578 382
579 383
742 165
577 368
711 362
574 377
575 376
579 384
743 170
550 557
578 368
710 361
748 353
579 385
553 556
550 547
577 367
536 553
711 361
580 385
578 385
579 386
549 548
578 367
714 360
710 355
581 385
579 387
551 557
576 367
579 367
582 385
729 351
579 388
552 556
578 366
575 367
583 385
578 388
550 548
576 366
580 367
578 365
575 368
584 385
583 384
554 521
578 389
728 167
820 207
351 392
778 232
584 386
584 384
578 390
727 166
392 391
739 166
585 386
584 387
584 383
579 390
577 390
737 166
651 224
551 553
585 387
682 365
584 382
728 164
728 166
578 372
585 388
585 382
584 381
551 555
578 373
585 389
586 382
584 380
550 550
579 373
586 389
585 390
583 380
549 552
584 390
585 391
653 224
583 390
584 391
586 391
710 353
584 392
729 165
654 223
584 393
735 165
585 393
583 393
723 189
739 169
585 394
582 393
574 518
585 395
739 176
582 392
738 171
586 395
585 396
719 162
739 170
587 395
584 396
643 229
733 165
652 200
588 395
587 396
357 442
737 171
587 397
582 394
582 395
582 396
582 397
583 397
582 398
582 399
582 400
583 400
581 400
582 401
583 401
582 402
584 401
581 402
582 403
585 401
584 402
580 402
585 402
584 403
579 402
585 403
578 402
579 403
586 403
577 402
587 403
576 402
588 403
587 404
575 402
576 401
589 403
588 402
587 405
575 403
575 401
589 404
587 406
575 404
574 401
588 406
586 406
587 407
575 405
573 401
574 400
589 406
586 407
576 405
574 405
573 402
590 406
589 407
586 408
577 405
573 405
591 406
590 405
586 409
577 406
572 405
573 404
591 407
591 405
585 409
578 406
577 407
571 405
572 406
591 408
592 405
585 410
579 406
577 408
571 404
572 407
592 408
591 409
584 410
585 411
580 406
578 408
570 404
572 408
593 408
592 409
590 409
581 406
578 409
569 404
573 408
572 409
594 408
593 409
589 409
581 405
578 410
568 404
569 405
574 408
572 410
594 407
589 410
582 405
581 404
579 410
577 410
567 404
568 405
568 403
575 408
595 407
583 405
579 411
566 404
568 402
595 406
584 405
583 404
579 412
565 404
580 412
564 404
565 405
580 413
565 406
581 413
580 414
564 406
565 407
581 414
580 415
563 406
566 407
580 416
562 406
567 407
580 417
562 407
562 405
581 417
579 417
580 418
561 405
562 404
582 417
578 417
580 419
560 405
562 403
583 417
577 417
578 418
581 419
563 403
561 403
562 402
583 418
578 419
563 402
561 402
584 418
577 419
564 402
563 401
560 402
585 418
584 419
576 419
577 420
563 400
559 402
586 418
584 420
575 419
576 420
577 421
564 400
558 402
587 418
586 419
584 421
574 419
576 421
565 400
558 403
558 401
588 418
587 417
583 421
584 422
573 419
575 421
566 400
565 399
557 401
558 400
582 421
585 422
584 423
573 420
573 418
567 400
586 422
583 423
573 421
572 418
573 417
567 401
567 399
586 423
582 423
583 424
571 418
572 417
574 417
568 399
586 424
582 424
570 418
571 419
572 416
569 399
568 398
586 425
569 418
570 417
571 416
586 426
568 418
569 419
571 415
586 427
568 419
568 417
571 414
587 427
585 427
586 428
567 419
568 420
567 417
568 416
570 414
588 427
587 428
585 428
566 419
568 421
567 416
569 414
570 413
589 427
588 428
584 428
565 419
568 422
566 416
568 414
569 415
570 412
589 426
584 429
565 420
567 422
512 563
567 414
569 412
570 411
584 430
564 420
567 423
540 568
541 568
566 414
569 411
583 430
584 431
563 420
567 424
547 561
544 570
566 413
583 431
584 432
567 425
566 412
582 431
584 433
568 425
566 425
566 411
581 431
583 433
584 434
568 426
565 425
565 411
585 434
584 435
569 426
565 426
565 424
585 435
570 426
569 427
565 427
586 435
571 426
569 428
566 427
564 427
565 428
571 427
569 429
566 428
563 427
565 429
572 427
568 429
569 430
562 427
565 430
573 427
561 427
562 428
564 430
565 431
574 427
560 427
561 428
565 432
574 426
560 428
566 432
565 433
575 426
574 425
567 432
565 434
576 426
568 432
565 435
576 425
566 435
564 435
565 436
577 425
567 435
565 437
567 436
568 436
568 437
569 437
568 438
570 437
568 439
571 437
570 438
570 436
567 439
571 436
570 439
567 440
570 440
566 440
571 440
566 441
565 441
566 442
565 442
567 442
566 443
567 443
566 444
568 443
567 444
566 445
569 443
568 444
567 445
566 446
570 443
567 446
571 443
571 444
571 445
572 445
571 446
573 445
572 446
570 446
570 447
570 448
570 449
570 450
569 450
570 451
570 452
570 453
571 453
572 453
573 453
574 453
573 454
575 453
574 452
573 455
576 453
575 452
572 455
573 456
577 453
452 397
571 455
573 457
578 453
577 454
577 452
570 455
574 457
572 457
579 453
577 455
577 451
570 456
575 457
580 453
578 455
576 455
577 456
570 457
575 458
575 456
580 452
576 456
576 458
575 459
576 459
576 460
576 461
577 461
575 461
578 461
574 461
579 461
573 461
580 461
572 461
580 462
572 462
580 463
572 463
579 463
580 464
573 463
572 464
580 465
580 466
581 466
579 466
580 467
582 466
579 467
580 468
583 466
580 469
583 465
580 470
583 464
580 471
584 464
581 471
579 471
585 464
578 471
585 465
585 463
577 471
578 472
586 465
585 466
585 462
576 471
577 470
585 467
584 462
576 470
586 467
584 461
587 467
586 468
584 460
588 467
586 469
585 460
589 467
588 466
587 469
586 470
586 471
587 471
585 471
586 472
584 471
586 473
586 474
587 474
585 474
586 475
588 474
584 474
585 475
588 473
583 474
584 473
585 476
589 473
583 475
590 473
582 475
591 473
590 474
581 475
592 473
590 475
581 476
591 475
590 476
580 476
581 477
592 475
579 476
581 478
593 475
592 476
579 477
594 475
593 474
578 477
579 478
595 475
577 477
578 478
596 475
595 476
576 477
577 476
597 475
595 477
576 478
577 475
597 474
595 478
575 478
598 474
597 473
595 479
574 478
597 472
594 479
574 479
598 472
596 472
597 471
593 479
574 480
599 472
595 472
596 471
597 470
592 479
574 481
600 472
595 471
598 470
574 482
600 473
600 471
594 471
598 469
575 482
573 482
574 483
601 473
601 471
594 470
598 468
572 482
573 483
602 473
602 471
601 470
599 468
572 481
573 484
602 474
602 470
571 481
573 485
602 475
603 470
570 481
573 486
603 475
603 469
569 481
570 480
574 486
604 475
603 468
569 480
574 487
604 476
604 474
604 468
602 468
568 480
569 479
604 477
605 474
604 467
567 480
569 478
604 478
606 474
605 473
566 480
570 478
569 477
604 479
606 475
606 473
605 472
565 480
566 481
566 479
568 477
605 479
607 475
565 481
565 479
567 477
606 479
607 476
565 482
565 478
567 478
606 480
607 477
565 483
565 477
607 480
565 484
564 477
565 476
607 481
564 484
563 477
565 475
608 481
563 484
564 485
562 477
564 475
565 474
609 481
608 482
563 483
564 486
608 483
563 482
565 486
563 486
564 487
607 483
608 484
427 412
566 486
562 486
563 487
609 484
608 485
566 485
562 487
563 488
610 484
607 485
608 486
567 485
563 489
611 484
606 485
607 486
608 487
568 485
567 484
564 489
562 489
563 490
611 485
611 483
606 486
606 484
607 487
608 488
568 486
568 484
567 483
565 489
563 491
612 485
611 482
605 486
605 484
607 488
569 484
566 489
563 492
612 486
604 486
605 487
605 483
570 484
567 489
563 493
613 486
612 487
604 485
605 488
604 483
605 482
564 493
562 493
614 486
611 487
604 488
603 483
561 493
614 487
614 485
611 488
603 488
604 489
602 483
561 492
614 488
602 488
604 490
601 483
602 484
560 492
615 488
613 488
601 488
600 483
601 484
559 492
616 488
613 489
601 489
600 482
601 485
558 492
559 491
616 489
616 487
613 490
600 489
601 490
599 482
601 486
557 492
616 490
612 490
613 491
599 489
602 490
601 491
556 492
617 490
601 492
556 493
556 491
618 490
556 494
619 490
555 494
620 490
619 491
619 489
555 495
621 490
619 492
619 488
554 495
555 496
618 492
619 487
553 495
555 497
618 493
619 486
552 495
556 497
554 497
618 494
620 486
619 485
551 495
556 498
553 497
554 498
619 494
618 495
621 486
620 485
551 494
557 498
552 497
620 494
618 496
621 487
621 485
620 484
557 499
551 497
620 495
620 493
619 496
617 496
622 487
621 488
620 483
558 499
550 497
619 497
616 496
617 497
558 500
549 497
615 496
617 498
559 500
558 501
549 498
615 495
618 498
560 500
559 501
558 502
549 499
614 495
618 499
561 500
558 503
548 499
619 499
561 501
559 503
792 225
558 504
689 326
689 325
690 325
691 325
690 324
692 325
690 323
693 325
690 322
694 325
693 324
690 321
694 326
693 323
689 321
694 327
693 322
688 321
689 320
694 328
694 322
692 322
693 321
687 321
688 322
689 319
695 322
693 320
687 320
689 318
696 322
694 320
686 320
697 322
695 320
686 319
697 323
697 324
697 325
698 325
699 325
699 324
700 324
699 323
700 323
699 322
701 323
702 323
702 324
702 322
703 324
702 325
702 321
704 324
703 321
704 325
703 320
704 326
704 320
705 326
704 327
704 319
706 326
705 327
705 319
704 318
705 328
706 319
704 317
706 328
705 329
706 320
705 317
703 317
707 328
706 329
704 329
705 330
706 321
706 317
705 316
702 317
708 328
703 329
705 321
707 317
702 318
702 316
709 328
703 330
703 328
705 322
707 316
702 319
701 316
710 328
702 328
704 322
700 316
701 315
711 328
701 328
699 316
701 314
712 328
701 329
700 314
701 313
713 328
699 314
702 313
701 312
714 328
713 329
699 313
700 312
701 311
713 330
699 312
700 311
702 311
701 310
714 330
713 331
698 312
701 309
713 332
697 312
701 308
712 332
713 333
696 312
697 311
701 307
711 332
713 334
702 307
701 306
713 335
701 305
712 335
713 336
702 305
700 305
714 336
703 305
702 304
699 305
703 304
698 305
703 303
698 306
698 304
703 302
698 307
698 303
702 302
701 302
701 301
700 301
701 300
701 299
700 299
701 298
702 298
701 297
702 297
700 297
701 296
702 296
703 296
704 296
703 295
705 296
704 297
704 295
703 294
705 295
704 298
703 293
706 295
702 293
707 295
702 292
707 296
707 294
701 292
708 296
707 297
707 293
701 291
708 297
707 298
700 291
701 290
708 298
699 291
700 290
708 299
698 291
700 289
708 300
697 291
699 289
709 300
708 301
696 291
697 290
710 300
695 291
711 300
695 292
712 300
695 293
713 300
694 293
695 294
713 299
693 293
696 294
714 299
692 293
693 294
696 295
714 298
692 292
693 295
714 297
692 291
694 295
692 295
693 296
715 297
692 290
694 296
716 297
692 289
717 297
716 296
693 289
717 298
717 296
693 288
717 299
718 296
694 288
719 296
695 288
694 287
720 296
695 289
694 286
720 297
694 285
721 297
720 298
693 285
722 297
721 298
720 299
692 285
693 284
722 296
721 299
719 299
720 300
692 286
693 283
722 295
694 283
692 283
723 295
722 294
694 282
724 295
723 294
721 294
722 293
694 281
724 296
724 294
723 293
695 281
724 293
723 292
696 281
695 280
723 291
696 282
695 279
723 290
697 282
694 279
722 290
723 289
698 282
723 288
699 282
724 288
723 287
456 408
722 287
723 286
496 401
485 410
721 287
723 285
490 570
490 574
721 288
721 286
724 285
526 582
720 286
725 285
525 583
720 285
726 285
725 284
497 401
484 410
720 284
727 285
725 283
495 401
721 284
719 284
727 286
727 284
724 283
725 282
496 400
719 283
728 286
728 284
727 283
725 281
490 575
718 283
719 282
729 286
724 281
489 574
717 283
729 287
723 281
724 280
527 582
524 583
717 284
717 282
729 288
722 281
724 279
524 584
716 284
717 285
716 282
730 288
729 289
722 280
725 279
527 583
718 285
717 286
716 281
730 289
729 290
528 582
495 398
716 286
717 287
716 280
731 289
482 409
527 584
718 287
717 280
715 280
732 289
731 290
529 582
530 581
718 288
718 280
733 289
731 291
495 397
718 289
718 281
718 279
733 290
731 292
528 580
734 290
732 292
730 292
731 293
494 397
735 290
732 293
729 292
731 294
495 396
493 397
736 290
735 289
733 293
728 292
731 295
480 408
482 412
736 289
734 293
727 292
481 412
483 412
529 578
737 289
726 292
495 394
492 397
738 289
494 394
738 290
738 288
479 407
738 291
738 287
482 414
532 578
738 292
738 286
493 394
739 292
738 293
739 286
737 286
479 406
740 292
740 286
739 285
736 286
478 407
479 404
741 292
740 293
740 285
480 405
742 292
740 294
741 285
740 284
482 415
532 577
742 291
740 295
741 284
532 579
492 394
743 291
740 296
742 284
479 405
484 415
491 393
744 291
743 290
741 296
739 296
743 284
478 404
482 416
483 415
532 580
533 579
745 291
743 289
742 296
741 297
743 283
481 417
483 417
484 416
491 392
490 393
745 290
742 295
744 283
478 403
482 417
480 417
742 294
745 283
484 417
490 392
490 394
478 402
743 294
746 283
478 400
483 419
490 391
489 394
478 401
744 294
746 284
746 282
479 402
484 420
490 389
478 399
477 400
745 294
746 285
479 400
484 419
484 421
490 388
491 389
478 398
746 294
745 295
747 285
745 285
746 286
489 388
478 397
477 398
482 421
488 388
478 396
747 294
746 293
748 285
747 286
746 287
481 401
487 388
477 396
480 421
486 388
487 389
748 294
748 286
748 284
747 287
745 287
477 395
483 423
485 388
748 295
748 293
748 287
749 284
748 283
747 288
745 288
477 394
476 395
483 424
484 388
749 295
749 287
748 288
750 284
749 283
478 394
716 410
482 424
481 424
749 296
748 289
749 282
480 423
478 393
717 410
474 395
480 424
750 296
748 290
749 281
484 387
479 395
474 396
718 410
718 409
483 386
481 386
751 296
750 297
748 291
750 281
748 281
471 396
481 387
718 408
717 408
716 408
716 407
480 384
469 394
752 296
750 280
748 280
468 395
469 398
466 395
716 406
395 444
465 395
481 380
463 395
753 296
750 279
747 280
478 381
463 394
461 395
397 444
380 452
476 379
754 296
753 297
750 278
746 280
476 378
461 393
477 378
461 392
396 444
380 451
386 449
462 399
755 296
754 295
751 278
396 443
385 447
381 451
385 449
462 391
756 296
754 294
751 277
389 439
396 442
382 447
384 447
476 376
462 389
757 296
753 294
751 276
382 451
385 450
390 439
395 442
383 447
464 398
461 389
758 296
757 295
752 276
751 275
383 451
384 450
391 439
463 402
479 374
753 276
752 275
394 442
383 448
383 450
465 400
479 373
471 377
347 399
391 440
393 442
383 449
391 441
460 403
480 373
348 400
370 411
392 442
382 449
391 442
380 448
482 372
483 373
372 411
440 402
381 449
390 442
390 444
456 402
440 406
439 405
493 364
380 449
390 443
482 370
455 403
482 354
439 379
429 403
379 449
454 402
426 410
483 356
495 355
376 446
459 408
484 358
483 359
368 409
389 443
356 451
481 367
356 407
355 402
378 449
376 447
457 408
359 420
357 418
388 441
455 399
363 418
388 443
356 452
452 402
457 410
346 399
448 392
378 448
377 447
387 441
483 365
447 393
447 395
387 443
356 453
485 366
485 368
434 403
362 457
453 398
450 403
487 367
492 355
489 356
378 447
386 441
452 398
450 404
485 360
387 442
455 412
444 383
358 452
452 399
449 404
431 408
357 403
357 453
362 456
447 404
355 399
479 426
378 446
458 414
347 400
371 411
359 419
385 443
453 395
358 418
493 367
386 442
452 394
492 370
493 369
358 453
448 402
453 417
491 355
362 455
489 368
451 394
512 577
486 360
379 446
385 442
446 403
445 404
490 368
444 384
439 411
358 454
361 455
380 446
449 401
449 399
442 404
482 386
472 396
361 416
384 442
359 454
361 454
493 366
492 371
491 370
494 369
360 415
367 396
526 583
380 445
381 444
449 392
447 392
446 393
363 417
449 394
449 400
443 404
383 442
441 402
440 407
438 405
490 366
491 357
360 454
380 444
447 389
490 362
445 389
492 368
492 358
487 361
434 408
382 440
382 442
383 441
490 356
447 390
444 394
483 416
354 405
353 404
360 453
379 444
382 441
360 452
493 361
438 407
442 393
442 394
370 396
361 391
444 404
490 367
359 451
379 443
381 441
360 451
494 360
437 408
491 368
455 416
453 414
489 361
379 442
380 441
361 451
379 439
379 441
445 386
488 361
448 394
491 358
445 387
440 405
437 409
436 408
491 361
362 451
379 440
362 450
378 440
362 449
433 408
436 405
485 386
477 392
473 396
375 440
377 440
362 448
365 447
366 446
376 440
432 409
443 384
365 414
358 406
455 415
454 414
446 394
362 447
365 446
376 439
363 447
492 354
491 353
430 409
430 407
431 406
491 373
443 395
492 362
364 446
376 438
363 446
362 445
494 356
494 354
430 404
432 402
434 400
441 380
496 368
356 406
375 438
363 445
374 438
434 398
443 379
428 402
355 403
360 394
362 395
363 444
368 441
374 435
541 502
541 503
541 501
540 503
541 500
540 500
539 500
538 500
537 500
538 501
538 502
537 502
536 502
537 503
536 503
535 503
534 503
533 503
534 502
532 503
534 501
531 503
534 500
531 502
535 500
534 499
531 501
535 499
534 498
530 501
531 500
534 497
529 501
532 500
535 497
534 496
529 502
529 500
535 496
534 495
529 503
528 500
536 496
534 494
527 500
535 494
526 500
527 499
526 501
526 499
526 502
525 499
526 498
527 502
526 497
525 497
524 497
525 496
523 497
525 495
522 497
526 495
524 495
525 494
521 497
522 498
527 495
525 493
521 498
521 496
522 499
528 495
526 493
525 492
520 498
521 495
529 495
528 496
528 494
526 492
524 492
519 498
522 495
521 494
530 495
523 492
518 498
519 499
531 495
530 496
523 493
523 491
517 498
518 499
519 500
532 495
531 496
523 494
523 490
516 498
532 494
524 490
522 490
516 499
516 497
525 490
521 490
515 497
516 496
521 489
514 497
520 489
521 488
514 498
514 496
519 489
522 488
514 499
514 495
519 490
519 488
522 487
514 500
514 494
518 488
523 487
513 500
515 494
514 493
517 488
518 487
513 501
513 493
517 489
517 487
518 486
513 502
513 492
516 487
518 485
512 502
512 492
513 491
517 485
518 484
511 502
512 491
514 491
453 418
518 483
510 502
511 501
515 491
518 482
510 503
516 491
519 482
517 482
510 504
520 482
517 481
511 504
509 504
520 483
520 481
516 481
512 504
508 504
520 484
520 480
515 481
516 480
513 504
512 505
508 505
508 503
520 485
521 480
515 480
516 479
513 505
512 506
507 505
520 486
521 479
514 480
514 505
513 506
512 507
506 505
521 486
513 480
515 505
511 507
512 508
505 505
506 506
506 504
513 479
516 505
510 507
513 508
512 509
506 507
512 479
513 478
517 505
510 508
512 510
511 479
513 477
518 505
513 510
512 511
510 479
514 477
513 476
518 506
512 512
509 479
510 480
512 476
513 475
519 506
513 512
512 513
508 479
514 475
513 474
519 507
514 512
512 514
507 479
508 480
508 478
515 475
514 474
512 474
514 513
514 511
513 514
511 514
512 515
508 481
514 473
512 473
514 514
515 511
511 515
512 516
507 481
511 473
512 472
514 515
516 511
515 510
511 516
513 516
512 471
516 512
515 509
510 516
511 517
513 517
513 471
511 471
517 512
514 509
515 508
509 516
511 518
514 517
513 518
511 470
518 512
517 513
516 508
515 507
508 516
510 518
511 519
515 517
513 519
510 470
511 469
519 512
518 511
517 508
508 517
508 515
509 518
515 516
513 520
511 468
520 512
507 517
516 516
513 521
512 468
510 468
521 512
506 517
514 521
512 521
513 522
512 467
521 511
505 517
506 518
515 521
511 521
513 523
513 467
521 510
504 517
505 516
516 521
511 522
514 467
521 509
504 518
505 515
516 520
511 523
514 466
521 508
504 519
504 515
505 514
517 520
511 524
514 465
504 520
504 514
506 514
505 513
518 520
512 524
511 525
513 465
503 520
504 513
506 513
505 512
519 520
511 526
512 465
502 520
520 520
519 519
512 526
510 526
511 527
511 465
512 464
502 519
513 526
509 526
511 528
510 465
511 464
512 463
501 519
514 526
509 527
509 525
511 529
510 466
513 463
500 519
514 525
508 527
508 525
509 524
511 530
509 466
513 462
499 519
500 518
514 524
507 527
508 528
507 525
508 524
510 530
513 461
500 517
507 524
508 523
510 531
513 460
500 516
506 524
510 532
514 460
512 460
513 459
499 516
511 532
509 532
510 533
515 460
512 459
498 516
512 532
508 532
516 460
515 459
497 516
513 532
507 532
517 460
516 459
496 516
513 533
513 531
507 533
517 459
516 458
496 517
496 515
513 534
513 530
506 533
516 457
496 518
495 515
496 514
513 535
514 530
505 533
517 457
515 457
516 456
496 519
494 515
513 536
518 457
514 457
515 456
516 455
495 519
496 520
494 516
512 536
513 537
517 455
516 454
494 519
493 516
512 537
514 537
516 453
492 516
512 538
515 537
516 452
491 516
515 538
517 452
515 452
516 451
491 517
491 515
516 538
518 452
517 451
515 451
490 517
491 518
491 514
517 538
516 539
517 450
514 451
490 518
491 519
491 513
518 538
517 539
516 540
518 450
491 520
490 513
519 538
518 539
516 541
518 449
490 520
491 521
489 513
490 512
520 538
519 537
515 541
516 542
519 449
518 448
489 520
490 521
490 511
519 536
514 541
517 542
520 449
518 447
488 520
489 511
520 536
513 541
514 542
517 543
521 449
517 447
518 446
488 519
488 511
489 510
512 541
513 542
514 543
518 543
516 447
519 446
487 511
488 510
511 541
514 544
518 544
520 446
486 511
488 509
511 540
515 544
513 544
518 545
521 446
520 445
485 511
486 510
487 509
488 508
513 545
521 447
484 511
485 512
486 509
489 508
488 507
512 545
513 546
522 447
483 511
583 539
485 513
490 508
488 506
511 545
514 546
513 547
523 447
482 511
485 514
491 508
490 509
489 506
511 546
524 447
523 448
523 446
481 511
482 512
491 507
510 546
525 447
524 446
523 449
523 445
480 511
481 512
492 507
491 506
509 546
510 547
525 448
525 446
523 444
481 513
493 507
508 546
509 547
510 548
525 449
525 445
524 444
522 444
523 443
480 513
481 514
508 547
525 450
526 445
524 443
522 443
523 442
482 514
507 547
525 451
526 444
525 443
524 442
521 443
482 515
506 547
526 451
526 443
524 441
520 443
521 442
483 515
506 548
527 451
521 441
506 549
527 450
520 441
521 440
506 550
527 449
519 441
520 440
522 440
521 439
505 550
518 441
522 439
504 550
505 551
517 441
518 442
518 440
523 439
522 438
503 550
504 551
516 441
517 440
524 439
523 438
502 550
503 549
504 552
516 442
517 439
523 437
501 550
504 553
517 438
523 436
501 549
503 553
516 438
517 437
524 436
501 548
502 553
503 554
518 437
517 436
500 548
501 547
502 554
503 555
518 436
516 436
499 548
500 547
501 546
501 554
503 556
518 435
515 436
502 546
500 554
501 555
504 556
503 557
514 436
503 546
499 554
500 555
505 556
502 557
513 436
514 435
499 553
505 557
501 557
502 558
513 437
513 435
514 434
498 553
502 559
513 438
512 435
514 433
497 553
503 559
501 559
502 560
511 435
514 432
496 553
504 559
503 560
511 436
514 431
495 553
496 552
505 559
503 561
513 431
496 551
506 559
505 560
504 561
513 430
507 559
513 429
508 559
514 429
513 428
509 559
515 429
513 427
510 559
509 560
509 558
514 427
513 426
510 560
515 427
513 425
511 560
510 561
515 426
512 425
512 560
510 562
516 426
515 425
511 425
511 562
509 562
515 424
510 425
511 563
514 424
509 425
510 424
511 564
514 423
510 423
511 565
513 423
511 423
509 423
510 565
513 422
508 423
510 566
507 423
508 422
510 567
506 423
508 421
509 567
510 568
505 423
506 424
506 422
509 421
508 567
509 568
511 568
505 424
505 422
506 425
510 421
509 420
508 566
511 569
505 421
507 425
511 421
509 419
507 566
508 565
511 570
504 421
510 419
508 419
508 564
512 570
510 570
503 421
511 419
507 419
508 418
509 564
510 571
503 420
512 419
508 417
509 571
502 420
513 419
512 420
508 416
508 571
509 572
501 420
502 419
509 416
507 571
508 570
509 573
500 420
501 421
501 419
509 415
509 574
499 420
500 419
510 415
509 414
508 574
509 575
498 420
499 421
511 415
508 414
507 574
510 575
498 421
498 419
511 414
506 574
507 575
507 573
511 575
498 422
498 418
511 413
505 574
506 573
512 575
497 422
498 423
497 418
512 413
504 574
505 575
506 572
513 575
512 576
496 422
498 424
496 418
503 574
505 576
514 575
499 424
498 425
496 417
502 574
515 575
500 424
498 426
495 417
501 574
502 573
515 574
495 416
501 575
502 572
516 574
494 416
495 415
501 576
501 572
517 574
516 573
495 414
500 576
501 577
500 572
517 575
517 573
496 414
494 414
495 413
502 577
501 578
500 571
517 576
495 412
500 578
499 571
518 576
517 577
496 412
495 411
499 578
498 571
517 578
496 411
494 411
499 579
497 571
498 570
518 578
517 579
494 410
499 580
496 571
497 570
519 578
493 410
494 409
500 580
498 580
496 572
519 579
492 410
495 409
501 580
497 580
498 581
496 573
519 580
491 410
495 408
502 580
497 581
497 573
495 573
520 580
518 580
490 410
491 409
496 408
495 407
503 580
502 581
496 581
497 574
494 573
495 574
520 581
518 581
489 410
490 411
491 408
495 406
502 582
495 581
496 582
498 574
497 575
493 573
521 581
520 582
489 411
490 412
494 406
495 405
503 582
501 582
494 581
495 580
499 574
493 572
522 581
521 582
488 411
491 412
496 405
495 404
493 581
495 579
499 575
492 572
523 581
487 411
488 412
492 412
496 404
492 581
493 582
496 579
491 572
524 581
523 582
487 410
493 412
497 404
496 403
493 583
491 573
491 571
525 581
486 410
496 402
490 573
491 574
490 571
700 282
701 282
700 281
702 282
701 281
701 280
701 279
702 279
701 278
701 277
700 277
699 277
699 276
698 276
699 275
699 274
699 273
698 273
699 272
697 273
699 271
696 273
698 271
695 273
695 272
695 271
694 271
695 270
694 270
695 269
693 270
696 269
695 268
693 269
697 269
693 268
693 267
692 267
693 266
693 265
693 264
694 264
693 263
693 262
694 262
692 262
695 262
691 262
696 262
695 261
690 262
697 262
696 263
695 260
689 262
690 261
697 261
696 264
695 259
688 262
690 260
698 261
696 265
689 260
698 260
697 265
696 266
689 259
698 259
698 265
696 267
688 259
689 258
698 258
699 265
698 266
687 259
689 257
699 258
697 258
700 265
699 266
686 259
689 256
700 258
697 257
701 265
700 264
688 256
689 255
700 257
700 263
687 256
688 255
690 255
689 254
700 256
687 255
690 254
701 256
687 254
691 254
690 253
702 256
686 254
692 254
690 252
702 257
702 255
685 254
693 254
692 255
703 257
702 258
702 254
684 254
685 255
693 255
693 253
703 254
701 254
683 254
684 255
684 253
685 256
694 255
693 252
703 253
700 254
701 253
682 254
684 252
695 255
694 256
692 252
704 253
699 254
701 252
681 254
684 251
692 251
705 253
704 252
699 255
702 252
681 255
681 253
684 250
692 250
681 256
680 253
681 252
685 250
693 250
681 257
679 253
686 250
685 249
694 250
693 249
681 258
679 252
686 251
686 249
685 248
695 250
694 249
681 259
687 249
685 247
695 249
694 248
680 259
688 249
685 246
696 249
695 248
694 247
679 259
689 249
688 250
685 245
696 248
694 246
678 259
690 249
689 248
685 244
696 247
694 245
677 259
678 258
690 248
694 244
676 259
677 258
695 244
693 244
676 258
695 243
676 257
695 242
675 257
676 256
694 242
674 257
676 255
694 241
673 257
694 240
672 257
673 256
695 240
694 239
672 258
672 256
673 255
693 239
672 259
672 255
692 239
693 238
671 259
691 239
692 240
693 237
670 259
671 260
690 239
693 236
671 261
693 235
671 262
692 235
693 234
670 262
671 263
691 235
669 262
690 235
668 262
689 235
667 262
688 235
667 261
688 234
667 260
687 234
688 233
666 260
667 259
686 234
687 233
689 233
665 260
666 259
668 259
685 234
687 232
690 233
664 260
665 259
668 258
685 235
685 233
686 232
690 232
663 260
664 261
685 236
685 232
690 231
662 260
686 236
684 232
690 230
661 260
662 259
683 232
691 230
689 230
661 261
661 259
662 258
682 232
692 230
691 229
661 262
660 259
663 258
662 257
682 231
693 230
692 229
691 228
662 262
659 259
660 258
662 256
682 230
691 227
662 263
659 260
660 257
663 256
662 255
683 230
682 229
692 227
691 226
662 264
658 260
659 261
660 256
662 254
681 229
690 226
663 264
658 261
659 262
659 256
663 254
662 253
680 229
690 225
663 265
659 263
659 255
664 254
679 229
680 230
680 228
689 225
690 224
663 266
659 264
658 255
664 255
679 230
679 228
680 231
680 227
688 225
689 224
662 266
659 265
665 255
680 226
687 225
689 223
662 267
658 265
666 255
679 226
688 223
662 268
658 266
666 254
678 226
688 222
663 268
658 267
678 227
678 225
687 222
688 221
664 268
657 267
677 227
677 225
678 224
686 222
688 220
665 268
664 267
656 267
676 225
685 222
688 219
665 269
665 267
656 268
675 225
684 222
689 219
687 219
666 269
666 267
656 269
675 226
675 224
683 222
690 219
666 270
667 267
666 266
674 224
675 223
683 221
691 219
667 270
668 267
675 222
682 221
692 219
668 270
667 271
669 267
675 221
681 221
693 219
692 220
692 218
668 271
668 269
667 272
670 267
675 220
681 220
694 219
669 271
668 272
670 268
675 219
681 219
695 219
694 218
669 272
671 268
670 269
676 219
674 219
682 219
680 219
681 218
696 219
695 220
694 217
670 272
669 273
670 270
677 219
673 219
683 219
679 219
697 219
695 221
694 216
671 272
669 274
673 218
679 218
698 219
696 221
695 216
672 272
671 273
670 274
668 274
679 217
699 219
698 220
696 222
673 272
670 275
668 275
680 217
679 216
700 219
699 218
696 223
674 272
671 275
670 276
668 276
678 216
679 215
701 219
695 223
696 224
674 273
674 271
671 276
669 276
670 277
667 276
677 216
679 214
702 219
701 218
695 224
697 224
675 271
671 277
679 213
702 218
701 217
695 225
676 271
675 270
672 277
671 278
678 213
703 218
695 226
675 269
671 279
677 213
678 212
704 218
675 268
670 279
677 214
677 212
678 211
705 218
676 268
670 280
676 212
677 211
678 210
706 218
705 219
677 268
669 280
676 211
678 209
707 218
678 268
668 280
669 281
675 211
678 208
708 218
707 219
679 268
667 280
669 282
675 210
679 208
678 207
708 219
708 217
679 267
667 281
674 210
675 209
680 208
677 207
708 220
709 217
680 267
679 266
666 281
667 282
674 209
676 207
709 220
708 221
709 216
681 267
678 266
665 281
673 209
674 208
675 207
676 206
710 220
710 216
709 215
681 268
681 266
665 280
673 208
676 205
710 221
711 216
709 214
681 265
664 280
673 207
677 205
675 205
710 222
708 214
709 213
680 265
663 280
673 206
678 205
674 205
711 222
707 214
710 213
709 212
680 264
662 280
679 205
678 204
674 204
712 222
711 223
707 215
707 213
710 212
680 263
661 280
674 203
711 224
707 216
706 213
710 211
679 263
680 262
660 280
674 202
712 224
710 224
711 225
706 216
705 213
711 211
678 263
679 262
681 262
680 261
660 281
675 202
674 201
709 224
705 216
704 213
705 212
712 211
711 210
677 263
659 281
676 202
674 200
703 213
704 214
712 212
712 210
676 263
658 281
673 200
674 199
703 212
712 213
713 210
675 263
658 282
672 200
674 198
702 212
713 213
714 210
675 264
657 282
658 283
671 200
672 201
675 198
673 198
714 213
713 214
715 210
657 283
659 283
658 284
670 200
675 197
673 197
715 213
714 214
714 212
716 210
656 283
660 283
659 284
670 201
675 196
672 197
716 213
536 546
716 209
655 283
660 284
659 285
669 201
676 196
717 213
717 209
716 208
654 283
659 286
668 201
677 196
718 213
718 209
716 207
654 284
660 286
658 286
659 287
667 201
678 196
677 197
719 213
718 214
643 357
717 207
715 207
653 284
661 286
659 288
667 200
679 196
677 198
719 212
718 215
717 206
714 207
652 284
658 288
667 199
719 211
718 216
718 206
713 207
714 206
651 284
658 289
667 198
718 217
714 205
651 285
657 289
658 290
668 198
666 198
717 217
718 218
714 204
650 285
656 289
668 197
665 198
666 197
718 219
714 203
649 285
655 289
656 290
668 196
665 199
665 197
666 196
719 219
718 220
714 202
649 284
654 289
655 288
656 291
667 196
668 195
666 195
720 219
718 221
714 201
648 284
649 283
654 288
657 291
656 292
669 195
668 194
665 195
721 219
718 222
713 201
714 200
647 284
654 287
657 292
656 293
670 195
668 193
664 195
722 219
721 220
721 218
718 223
712 201
713 200
715 200
653 287
658 292
655 293
656 294
671 195
663 195
723 219
717 223
712 200
713 199
715 199
652 287
658 293
656 295
672 195
662 195
724 219
716 223
717 224
715 198
652 288
659 293
656 296
672 194
661 195
662 196
725 219
716 224
717 225
716 198
714 198
715 197
651 288
659 294
655 296
672 193
660 195
662 197
726 219
715 224
717 226
715 196
660 294
659 295
654 296
673 193
671 193
672 192
660 196
660 194
663 197
714 224
716 226
717 227
714 196
715 195
660 295
658 295
653 296
674 193
670 193
660 197
659 194
714 223
717 228
715 194
658 296
652 296
653 297
653 295
674 194
674 192
670 192
658 194
713 223
714 222
718 228
715 193
658 297
651 296
652 297
653 298
674 191
657 194
719 228
718 229
716 193
715 192
659 297
658 298
650 296
653 299
674 190
656 194
657 193
720 228
718 230
716 192
714 192
715 191
657 298
658 299
649 296
653 300
675 190
655 194
657 192
721 228
718 231
717 192
716 191
714 191
715 190
657 299
658 300
648 296
676 190
655 195
655 193
658 192
657 191
721 229
717 231
718 232
718 192
713 191
656 299
657 300
658 301
648 297
648 295
676 189
654 195
655 196
655 192
657 190
721 230
717 232
718 233
719 192
712 191
713 190
659 301
648 298
648 294
653 195
655 197
655 191
658 190
657 189
718 234
720 192
711 191
659 302
649 298
648 299
649 294
652 195
653 196
655 198
659 190
658 189
656 189
847 206
847 205
848 205
847 204
849 205
850 205
849 204
851 205
849 203
851 206
850 203
849 202
852 206
851 207
849 201
853 206
848 201
847 201
848 200
846 201
848 199
845 201
849 199
848 198
845 200
849 198
844 200
849 197
843 200
850 197
842 200
843 201
842 199
842 198
843 198
841 198
840 198
839 198
839 197
839 196
840 196
839 195
841 196
841 195
841 194
841 193
842 193
840 193
841 192
839 193
841 191
842 191
840 191
843 191
844 191
844 192
845 192
846 192
847 192
846 193
848 192
848 191
849 191
850 191
851 191
852 191
851 190
852 192
851 189
852 189
850 189
853 189
849 189
850 188
854 189
853 188
850 187
854 190
850 186
854 191
851 186
850 185
851 185
849 185
850 184
852 185
848 185
849 184
853 185
847 185
853 186
853 184
847 186
847 184
853 183
847 187
846 184
847 183
853 182
848 187
846 187
846 183
854 182
852 182
853 181
845 183
855 182
845 182
856 182
855 183
844 182
845 181
856 181
843 182
842 182
843 181
841 182
843 180
841 181
841 180
841 179
841 178
842 178
840 178
841 177
843 178
839 178
844 178
843 177
838 178
839 179
844 177
843 176
837 178
838 177
842 176
843 175
837 179
843 174
836 179
837 180
844 174
842 174
837 181
841 174
836 181
837 182
841 173
838 182
841 172
839 182
838 183
841 171
838 184
842 171
841 170
838 185
843 171
842 170
841 169
838 186
844 171
840 169
841 168
838 187
845 171
839 169
841 167
837 187
845 172
838 169
840 167
841 166
836 187
837 169
838 170
841 165
835 187
836 186
837 168
838 171
841 164
834 187
835 188
837 167
837 171
842 164
840 164
841 163
833 187
835 189
837 172
842 163
839 164
832 187
836 189
835 190
836 172
842 162
839 163
832 186
836 173
843 162
842 161
838 163
832 185
835 173
836 174
843 161
841 161
838 162
833 185
834 173
837 174
843 160
838 161
833 173
834 174
834 172
844 160
838 160
834 175
844 159
837 160
835 175
833 175
845 159
836 160
832 175
845 158
835 160
845 157
835 161
835 159
846 157
845 156
834 159
835 158
846 156
845 155
833 159
834 158
846 155
832 159
833 160
846 154
831 159
832 158
833 161
846 153
832 157
832 161
846 152
831 161
847 152
846 151
830 161
848 152
845 151
829 161
849 152
844 151
845 150
828 161
849 153
849 151
844 150
828 162
849 154
849 150
844 149
827 162
828 163
850 154
848 154
850 150
848 150
844 148
827 163
829 163
848 155
851 150
850 149
844 147
827 164
848 156
851 151
851 149
845 147
826 164
827 165
849 156
852 151
845 146
853 151
846 146
845 145
846 145
845 144
846 144
844 144
847 144
848 144
848 143
849 143
848 142
850 143
848 141
850 142
847 141
847 140
847 139
847 138
848 138
846 138
848 137
846 137
849 137
848 136
849 136
849 135
849 134
850 134
848 134
849 133
851 134
849 132
851 135
850 132
848 132
849 131
851 132
847 132
849 130
846 132
850 130
849 129
846 133
846 131
848 129
845 133
848 128
844 133
847 128
843 133
847 127
843 134
843 132
847 126
842 134
843 131
846 126
847 125
841 134
842 131
846 125
840 134
845 125
839 134
840 135
845 124
838 134
844 124
845 123
838 135
843 124
846 123
845 122
837 135
842 124
843 123
847 123
836 135
848 123
836 136
836 134
849 123
836 137
836 133
850 123
849 122
836 138
835 133
851 123
835 138
834 133
851 124
851 122
834 138
834 132
851 125
851 121
834 139
834 137
834 131
851 120
833 137
834 130
850 120
851 119
832 137
833 130
834 129
851 118
831 137
832 136
832 130
835 129
851 117
830 137
836 129
835 128
852 117
851 116
830 138
830 136
836 130
852 116
850 116
829 138
837 130
849 116
828 138
829 139
838 130
848 116
849 115
827 138
829 140
847 116
849 114
826 138
827 137
828 140
846 116
847 117
848 114
826 139
826 137
827 136
845 116
825 139
845 117
824 139
825 140
844 117
823 139
824 138
825 141
843 117
822 139
826 141
843 118
822 138
843 119
822 137
842 119
821 137
841 119
842 120
820 137
821 136
840 119
820 136
821 135
839 119
840 120
820 135
821 134
839 118
840 121
819 135
822 134
839 117
818 135
819 134
823 134
838 117
839 116
819 133
824 134
838 116
839 115
818 133
819 132
824 133
839 114
817 133
819 131
824 132
840 114
838 114
816 133
817 132
823 132
837 114
815 133
817 131
823 131
836 114
837 113
816 131
822 131
823 130
837 112
815 131
816 130
822 130
823 129
837 111
814 131
815 130
838 111
813 131
814 132
815 129
838 110
812 131
839 110
812 132
839 109
840 109
839 108
839 107
840 107
839 106
841 107
840 106
838 106
839 105
837 106
837 105
837 104
838 104
836 104
838 103
835 104
836 103
838 102
834 104
836 102
834 105
834 103
836 101
833 105
833 103
834 102
836 100
837 100
836 99
838 100
835 99
839 100
835 98
840 100
839 99
840 101
839 98
841 101
841 102
841 103
644 357
612 482
