147 107
47 108
91 130
142 99
115 126
107 136
145 125
54 96
54 100
117 112
65 102
110 118
66 99
48 98
115 114
89 123
128 108
134 89
132 100
67 104
135 87
53 106
96 127
161 117
107 126
97 134
86 114
104 125
144 100
115 130
52 96
134 97
139 141
120 114
134 82
78 112
162 116
147 128
140 136
64 104
112 136
145 120
137 91
141 143
141 131
157 121
152 99
82 125
106 128
83 133
152 111
138 125
138 101
136 92
140 106
67 98
151 118
96 130
167 126
52 94
116 131
82 134
106 126
142 103
115 125
121 114
44 101
122 109
63 106
115 113
140 104
145 129
167 122
151 119
145 130
163 121
143 136
145 127
66 109
58 96
144 101
139 137
116 133
136 125
135 82
66 112
107 133
140 139
77 108
138 93
69 86
139 143
100 121
83 112
118 134
53 99
44 104
108 112
67 103
113 111
147 122
136 108
123 134
98 129
47 103
82 112
101 130
166 124
49 99
141 96
118 130
136 101
69 103
112 118
75 112
166 123
105 108
116 115
143 126
140 107
79 113
155 99
140 102
66 101
147 125
72 99
166 126
68 103
85 116
138 132
148 105
88 132
56 95
154 104
135 102
135 107
90 130
112 135
69 93
88 130
88 119
53 98
83 126
121 132
132 102
111 133
166 125
65 95
151 100
148 118
135 84
145 100
138 129
132 107
101 121
106 133
147 104
111 130
84 127
111 123
48 106
146 139
89 132
141 103
112 124
85 128
152 104
119 109
139 84
138 131
153 102
147 105
75 98
112 114
151 99
105 110
146 106
139 89
71 110
136 88
83 134
81 112
133 109
132 101
112 122
43 100
69 96
148 120
85 123
103 132
142 133
104 124
111 113
99 133
44 102
72 108
146 99
105 128
142 136
47 97
85 122
100 133
90 129
146 138
119 112
65 100
116 111
59 93
107 128
106 129
98 131
67 93
65 94
75 107
114 130
89 119
108 126
114 123
50 99
164 121
56 101
98 128
52 101
115 118
112 109
47 106
104 109
67 113
70 89
156 99
68 109
144 137
120 109
65 107
102 125
137 108
119 108
76 110
133 99
134 84
102 131
69 88
53 95
43 101
148 112
100 122
122 124
146 125
55 95
150 118
73 97
115 124
143 94
135 80
110 109
94 131
96 131
44 103
107 131
124 108
157 97
157 119
135 98
144 125
109 118
56 97
92 130
106 131
115 133
141 123
111 109
111 131
119 114
129 107
101 135
45 108
85 133
147 103
141 109
138 86
109 133
52 98
81 123
90 116
103 128
145 121
84 116
59 95
151 114
113 129
113 136
65 101
51 94
161 121
110 120
86 115
105 126
132 105
110 112
148 109
114 109
134 86
150 100
115 111
117 127
143 123
99 123
100 124
67 110
114 114
149 123
77 109
133 110
80 125
52 93
150 104
67 112
69 107
140 133
71 87
76 109
48 97
96 132
149 116
105 107
141 95
149 130
166 121
83 115
65 104
142 102
103 120
161 116
113 116
148 108
117 133
137 89
137 109
77 112
87 128
91 131
118 109
135 97
138 89
119 126
67 106
151 113
140 95
150 114
143 99
116 112
57 101
134 99
53 109
147 106
148 101
69 112
143 129
60 89
158 117
135 79
75 109
144 136
50 106
88 131
50 95
112 133
139 88
135 88
107 135
123 124
105 111
42 104
47 102
119 117
135 86
52 100
63 105
119 116
68 107
51 93
70 97
149 120
133 100
66 114
68 112
49 102
137 96
113 135
116 118
42 100
75 106
117 126
146 100
163 115
97 127
111 120
60 93
88 133
151 105
100 135
140 109
55 101
62 90
114 122
48 105
99 130
110 113
144 129
151 117
101 131
88 124
136 96
99 122
86 123
143 127
42 103
166 122
69 85
89 130
71 97
137 79
109 111
106 130
139 111
57 100
111 135
99 135
165 127
142 95
149 100
85 119
49 101
88 129
104 136
139 130
69 106
157 96
165 115
165 126
147 108
150 105
111 122
116 137
121 110
84 125
136 109
116 130
130 107
113 113
71 99
127 108
108 118
120 124
50 90
141 136
63 97
110 119
159 117
90 118
88 123
117 134
135 126
65 93
116 113
144 127
75 110
59 94
70 90
134 110
120 131
138 127
83 111
139 85
158 121
105 132
125 134
145 99
60 97
135 99
116 116
139 124
73 96
114 115
64 96
163 114
117 114
116 128
142 93
105 133
149 117
151 98
141 129
50 93
117 113
50 92
87 118
75 108
136 107
116 127
136 95
60 91
141 102
119 130
46 108
84 126
73 108
100 131
119 113
144 131
111 134
160 117
138 140
140 137
141 124
167 125
70 107
99 131
124 109
92 131
133 102
100 134
153 104
86 113
98 130
116 110
122 110
45 104
121 133
142 120
152 112
136 78
65 105
139 131
68 108
136 90
145 131
93 131
86 128
136 97
141 120
81 124
52 108
140 103
141 122
98 134
153 120
103 136
72 102
134 90
165 114
61 97
117 110
95 131
116 117
133 105
139 87
146 121
154 121
60 98
149 111
154 120
81 115
50 97
109 121
70 91
134 107
112 115
156 120
149 115
72 98
144 128
113 133
66 98
167 115
121 124
146 137
108 127
119 115
91 132
168 122
135 81
137 125
114 137
148 130
101 120
116 119
75 111
139 109
150 120
162 121
136 126
147 100
49 96
153 99
150 130
109 132
51 95
140 105
138 128
88 128
59 97
139 142
135 108
103 125
148 123
114 110
86 133
139 110
143 132
166 115
65 108
53 108
90 117
134 96
113 117
165 121
156 98
74 98
136 79
85 115
55 94
40 103
65 103
87 132
46 103
138 109
123 133
51 106
147 124
70 92
121 109
116 129
121 134
148 107
148 100
148 131
104 132
116 138
107 134
144 126
136 89
142 92
147 130
135 85
56 98
154 102
131 107
120 113
70 102
41 103
133 106
84 133
66 93
139 94
53 96
101 136
60 90
150 115
117 117
168 125
131 100
64 95
112 121
84 117
139 83
144 123
68 98
84 115
149 109
117 125
140 138
114 121
102 120
66 104
81 114
58 91
89 115
139 140
45 96
129 108
141 121
143 102
81 113
69 97
102 138
71 89
119 127
108 128
85 118
72 109
142 131
89 116
152 101
83 123
87 127
43 105
90 132
50 91
136 110
136 76
118 114
85 121
148 102
134 111
54 95
146 129
137 101
71 102
69 109
46 104
97 128
109 126
139 139
81 125
53 107
153 122
101 134
49 106
42 105
68 111
48 103
135 110
163 117
138 142
84 118
71 91
49 103
123 109
43 106
118 127
112 123
48 104
110 111
46 97
121 116
79 108
152 120
83 124
82 115
68 114
118 117
146 122
51 96
122 133
103 131
108 131
134 126
44 96
104 128
111 118
87 119
125 108
137 94
140 131
136 77
133 107
141 97
154 103
54 98
108 132
140 135
136 82
134 83
126 108
83 132
48 99
113 118
87 125
87 115
86 125
149 118
106 111
102 124
151 120
72 97
74 97
59 91
139 82
89 129
104 111
85 120
62 97
143 131
120 116
151 112
117 138
143 133
52 106
84 114
67 114
112 130
80 114
149 121
55 100
133 96
139 93
160 121
110 110
88 116
70 88
134 88
78 113
77 111
88 125
118 110
156 97
154 122
110 133
112 119
56 96
124 134
47 98
64 97
104 126
148 119
85 114
90 124
72 107
145 136
66 108
49 100
67 105
87 117
110 121
88 115
155 121
142 94
54 97
73 106
117 130
87 113
139 144
151 104
148 122
143 101
142 98
141 134
149 110
144 124
108 133
131 106
143 120
75 97
72 110
73 107
102 137
117 129
100 123
164 126
64 98
154 99
90 119
157 117
137 92
136 94
152 102
135 109
110 122
74 107
102 136
70 103
80 112
108 111
114 117
147 101
87 114
57 95
136 102
64 105
113 109
151 103
139 86
60 92
115 123
110 131
114 116
159 121
119 125
146 136
142 91
135 78
144 122
68 97
114 111
111 132
140 101
113 110
101 123
114 126
113 130
163 116
120 130
138 124
149 112
47 101
66 100
47 107
126 109
152 100
49 95
82 114
57 94
65 98
134 102
69 95
69 87
69 94
148 121
108 125
137 90
144 120
71 88
160 118
67 108
83 125
59 96
105 125
53 100
106 112
138 130
97 131
78 108
156 121
74 108
140 143
101 124
141 133
119 124
145 122
86 121
45 101
140 134
150 112
148 111
116 126
70 110
140 124
156 119
105 109
146 107
141 98
164 114
86 124
46 96
103 111
49 97
140 108
107 111
69 92
103 109
112 113
113 121
120 132
76 111
61 90
115 112
109 109
58 95
115 137
99 132
89 124
84 120
102 119
137 93
88 126
68 110
147 102
141 130
51 100
139 108
86 132
157 118
43 103
72 89
114 136
151 102
168 124
69 90
79 114
145 106
140 97
85 127
147 111
137 124
71 107
70 98
68 92
85 125
113 112
139 101
85 117
65 106
147 129
116 132
141 92
99 134
140 94
142 134
133 101
