501 591
515 608
309 569
220 553
218 573
522 623
412 571
171 518
351 554
253 529
356 536
164 539
275 580
333 580
580 673
521 628
155 538
500 551
376 537
556 590
393 521
526 559
251 534
461 517
456 543
344 559
373 526
388 564
390 556
539 569
334 559
173 522
407 541
462 560
274 559
788 700
781 696
236 512
527 541
231 527
788 719
405 510
192 527
431 561
258 522
327 577
531 559
251 527
899 632
913 634
439 564
481 555
479 552
522 625
351 507
356 544
554 558
321 572
897 641
151 557
228 551
374 522
265 548
805 742
550 606
594 665
545 580
564 590
285 565
892 648
580 681
534 557
551 600
326 574
550 567
258 553
575 715
529 559
339 512
324 560
907 624
454 537
582 680
903 614
371 530
891 647
920 672
426 560
523 620
470 561
457 542
538 569
513 617
357 550
154 556
581 583
354 506
199 543
514 546
461 558
896 624
507 631
441 559
784 701
269 579
309 575
593 586
546 571
578 715
482 557
291 568
522 558
782 720
338 564
199 535
527 575
176 531
457 545
137 558
499 549
221 506
250 555
510 633
408 500
521 567
460 520
149 556
472 548
524 626
529 565
262 582
806 744
519 535
930 674
498 592
298 566
338 530
217 519
798 709
220 527
331 549
397 553
409 538
271 559
929 643
529 576
798 706
457 532
918 686
471 563
394 557
135 558
776 705
407 509
334 558
259 542
893 639
916 636
149 557
233 523
285 566
282 568
492 549
529 561
480 550
454 516
498 546
523 611
262 524
398 523
330 534
270 557
400 530
193 532
805 743
477 538
264 531
456 536
206 540
260 538
411 570
390 520
444 550
903 613
416 503
474 544
287 571
406 533
276 568
172 534
541 574
221 558
383 521
519 571
158 532
499 590
519 570
547 594
519 622
925 671
203 531
593 671
192 528
185 525
490 558
375 525
550 603
198 543
351 528
488 543
908 622
249 554
275 566
410 508
377 524
305 575
261 577
357 522
416 568
256 531
378 517
199 536
189 527
783 695
385 525
330 553
160 537
275 550
525 545
359 555
527 634
399 550
273 580
900 612
371 520
347 527
539 579
221 557
414 536
299 566
218 519
522 588
327 563
397 558
554 592
257 531
272 548
509 560
550 602
454 517
899 620
509 631
390 553
500 553
326 561
344 510
530 557
401 527
466 530
504 591
456 560
356 521
522 613
515 538
260 549
505 551
339 566
166 530
523 617
383 536
787 737
386 557
205 547
260 536
377 537
517 594
572 583
341 525
910 631
917 693
505 587
215 551
229 551
526 541
521 627
409 522
420 563
358 522
480 538
177 528
368 540
338 581
201 555
474 542
368 539
440 564
346 559
468 531
554 589
523 615
581 715
317 578
556 574
349 498
324 559
516 551
229 509
797 709
355 559
332 550
346 504
386 522
283 549
254 536
302 569
254 555
395 543
895 622
222 571
215 550
459 516
480 539
897 623
512 534
518 543
205 549
513 545
347 531
897 646
424 561
219 555
266 581
891 646
523 622
452 567
305 567
417 568
508 629
279 560
342 556
255 554
796 709
220 559
573 711
410 566
780 720
262 542
521 531
287 575
148 549
506 552
531 557
548 570
382 523
329 563
214 551
474 559
385 514
387 559
481 549
901 623
153 555
519 632
173 532
344 526
522 587
157 538
904 625
178 523
163 541
511 590
415 568
212 549
340 511
777 703
259 539
337 514
553 605
409 535
236 515
559 591
509 534
519 633
493 553
354 536
496 549
276 551
589 668
461 518
592 675
452 559
557 565
141 553
350 503
529 568
590 668
219 562
478 538
531 572
475 545
507 591
384 517
520 571
472 546
218 521
251 521
570 709
279 565
347 510
347 503
550 589
466 538
560 577
546 579
786 723
258 532
208 544
235 522
328 558
504 545
237 552
480 551
154 557
216 553
388 522
256 545
299 563
508 550
547 573
471 568
523 568
409 506
353 527
303 565
407 561
172 528
217 568
348 532
166 540
543 567
551 584
192 529
238 553
221 556
579 715
918 631
487 545
513 588
273 561
896 638
799 710
518 593
228 552
889 646
404 562
198 555
385 519
471 569
414 532
269 553
317 575
150 540
357 541
148 556
556 565
519 634
402 554
460 549
375 537
525 544
931 651
401 530
567 587
434 557
555 589
161 537
385 526
200 543
423 554
384 514
523 565
516 536
239 528
229 526
260 551
330 550
194 521
523 539
329 569
278 558
231 546
404 543
444 554
582 681
261 581
514 545
463 526
391 521
215 559
304 575
362 521
358 535
343 506
317 576
586 671
280 576
553 604
554 602
318 574
411 506
543 565
160 544
595 674
251 537
150 539
459 538
918 641
331 577
182 525
260 548
588 585
923 671
520 567
503 587
439 562
252 557
411 537
906 618
366 523
410 528
325 580
230 526
206 545
802 708
387 514
525 617
378 528
398 520
405 558
348 509
370 523
231 518
505 586
593 674
348 526
512 563
895 645
507 557
523 569
152 536
493 550
151 556
547 580
456 535
200 531
330 556
385 559
239 527
594 662
288 566
572 571
262 543
391 524
465 552
202 555
924 671
218 567
362 516
790 739
349 555
495 553
909 631
619 558
578 714
592 662
236 510
795 713
273 575
297 563
588 583
503 545
325 578
352 505
410 564
593 673
920 687
194 527
534 560
522 584
521 639
420 503
514 587
250 535
305 571
174 522
784 736
493 555
387 525
479 546
894 638
443 550
442 551
896 643
530 565
441 562
513 591
471 567
527 631
788 718
530 572
527 544
275 564
459 520
345 555
519 613
275 573
520 570
341 582
286 568
416 542
551 591
523 566
177 527
785 695
795 711
255 522
402 563
816 737
911 634
514 592
447 570
528 544
523 638
572 709
196 523
514 607
584 677
406 543
528 620
514 563
342 505
211 552
362 517
549 598
355 560
221 523
472 570
459 559
339 556
404 510
269 554
372 524
520 598
150 536
272 555
520 535
296 564
334 530
177 526
547 568
359 534
319 575
355 552
252 552
401 543
620 562
276 552
209 530
174 526
896 623
903 624
459 529
470 543
150 545
566 568
462 526
191 537
903 625
183 525
524 615
377 519
414 531
387 513
793 739
333 551
523 593
355 521
899 633
554 567
575 581
785 719
158 530
898 620
517 596
338 556
263 545
572 713
461 530
383 538
385 518
533 578
320 580
517 605
556 577
548 573
349 529
408 499
146 552
565 705
917 685
401 557
476 549
468 551
322 559
194 535
337 529
464 523
470 566
326 576
364 514
189 518
900 634
409 559
554 601
408 525
242 553
346 501
416 504
349 503
427 560
273 574
183 521
277 572
818 698
513 587
582 672
396 549
370 520
248 534
526 630
789 700
456 561
800 705
358 555
482 556
531 564
581 682
410 535
451 567
157 535
526 629
215 568
202 524
508 560
409 540
161 532
182 518
410 542
543 578
322 560
219 569
295 561
520 558
785 724
236 511
404 513
193 527
376 518
310 575
410 559
897 644
399 519
374 539
568 709
275 571
895 639
324 577
589 583
232 518
506 544
460 521
316 569
402 529
249 555
498 591
386 516
255 530
795 699
172 521
216 559
395 518
331 534
183 519
258 538
905 632
501 553
368 542
215 547
171 534
157 532
921 689
517 534
550 565
265 580
396 548
252 554
352 527
261 574
942 661
286 565
337 559
272 547
796 716
431 559
387 555
414 505
318 576
399 516
323 569
147 537
283 559
402 566
409 537
529 574
351 510
540 569
488 545
412 533
307 573
240 523
476 557
508 628
595 585
234 552
930 650
264 549
517 591
145 540
395 524
263 549
419 563
395 516
263 536
369 522
345 559
232 553
383 537
334 581
384 519
144 552
529 558
346 553
899 609
919 684
272 551
461 524
329 562
811 643
455 558
805 741
219 576
407 493
544 572
455 540
466 537
565 566
216 561
897 631
220 552
356 551
520 639
529 577
510 550
559 593
518 612
395 523
280 574
373 523
521 565
515 606
785 737
471 542
941 657
539 575
493 549
477 548
358 539
409 561
250 530
343 504
523 625
281 567
366 512
931 646
592 665
188 520
444 570
479 539
215 565
153 556
218 552
207 544
779 701
504 584
234 555
216 568
893 638
620 558
267 579
310 571
550 588
395 542
259 533
815 737
553 602
551 579
443 563
337 582
194 522
361 519
782 697
412 531
343 559
372 525
260 546
315 570
256 546
268 553
574 709
258 539
218 520
384 522
588 668
251 555
466 561
274 550
373 519
210 544
280 567
224 524
783 718
804 741
329 567
519 602
183 517
408 524
161 540
560 593
340 555
517 603
527 573
504 583
168 535
240 550
332 534
260 547
356 523
441 557
418 538
202 549
291 559
370 540
508 631
549 573
525 636
462 544
561 592
521 613
464 524
246 555
187 520
414 568
474 558
777 702
465 524
536 572
584 581
257 522
200 535
369 542
457 520
460 541
359 520
278 570
543 568
497 549
589 669
406 526
340 512
219 561
223 549
552 577
389 557
323 577
509 559
186 521
570 586
484 549
355 557
899 608
515 537
781 702
519 534
520 622
376 539
578 581
331 532
592 586
171 530
390 554
387 522
149 550
796 717
783 719
544 574
409 526
541 577
195 532
400 557
431 560
388 525
398 549
220 533
440 556
202 536
315 572
595 675
916 635
491 555
916 637
514 630
136 556
528 559
324 580
213 532
537 575
468 552
485 549
783 721
221 553
515 554
386 513
394 521
506 557
356 541
412 506
244 552
337 517
395 520
412 565
900 610
476 556
471 565
517 547
145 537
518 636
396 557
203 532
524 564
195 528
536 550
599 581
548 580
344 507
518 591
527 621
799 743
331 548
401 514
384 561
410 567
526 637
521 600
480 547
906 622
156 547
556 576
521 629
512 633
259 523
159 528
572 711
162 543
364 529
284 571
580 671
891 648
138 556
220 554
288 563
511 562
905 626
785 701
793 700
374 540
584 670
395 514
406 529
786 702
171 517
308 574
512 607
524 537
146 541
816 735
906 629
467 523
905 629
514 617
569 708
459 522
389 565
192 530
409 541
209 553
568 589
785 723
459 542
369 529
938 660
523 597
554 575
319 574
424 556
397 514
498 549
373 532
464 553
327 561
477 542
515 539
876 647
340 581
904 629
162 533
542 574
534 544
360 524
355 524
352 554
356 535
133 557
382 518
521 558
464 552
898 619
205 546
531 542
338 563
411 533
468 521
525 632
552 563
561 577
249 535
470 559
315 577
409 532
507 549
211 531
410 533
791 739
321 571
442 553
280 569
366 526
534 548
492 555
519 638
550 590
378 516
915 636
917 631
294 561
289 563
896 622
551 605
393 525
146 554
432 555
347 532
277 558
223 550
590 585
449 567
470 544
232 525
516 614
370 531
531 577
509 550
346 508
589 671
403 558
515 607
530 567
271 560
197 540
548 569
271 550
909 633
490 556
462 528
932 646
267 580
271 575
287 564
341 584
516 592
524 627
406 560
191 527
511 560
482 549
511 618
516 543
194 533
522 627
240 526
234 517
279 566
391 564
597 586
393 559
442 561
239 520
376 525
619 562
527 580
477 540
521 638
340 578
154 549
550 599
594 664
146 542
319 578
898 631
204 551
523 594
170 528
405 528
162 544
208 545
397 554
204 533
345 558
553 566
262 532
471 553
531 541
534 543
380 537
414 538
337 527
574 716
939 661
522 536
291 567
516 635
257 544
207 543
276 573
182 521
593 668
171 531
579 676
330 533
511 607
538 579
401 522
194 526
468 541
408 508
181 522
265 581
546 573
223 526
354 520
590 586
327 572
933 646
263 529
388 514
463 543
401 552
489 551
337 557
488 551
525 565
479 556
900 648
286 576
252 527
212 547
536 556
407 563
551 585
364 528
379 527
234 551
281 576
411 569
265 546
577 580
206 532
385 563
185 518
205 542
340 523
508 557
398 558
446 570
584 583
412 566
927 633
248 535
536 551
518 555
537 570
563 591
353 536
815 734
333 535
942 657
514 541
418 537
522 595
468 530
942 660
377 518
586 670
463 538
561 565
571 566
159 530
520 616
553 558
459 512
447 561
409 507
890 652
201 542
437 556
590 587
541 569
401 531
448 566
538 573
517 634
506 632
799 744
480 552
337 550
398 519
271 578
196 524
515 615
475 542
354 537
780 699
619 561
449 570
519 552
304 574
516 632
342 520
587 669
362 523
239 553
321 559
519 553
359 533
230 509
475 551
328 560
545 578
574 717
333 581
264 577
457 516
236 513
491 551
398 516
928 646
225 524
546 578
531 583
261 530
178 526
262 550
469 542
406 527
282 569
330 548
523 614
355 545
375 518
475 548
268 579
216 557
501 592
513 611
202 542
548 590
234 547
233 556
166 532
897 617
220 529
408 493
228 518
542 568
358 540
513 607
572 712
472 560
521 562
279 572
203 549
518 634
297 564
497 546
139 552
907 622
420 562
348 511
512 537
261 576
551 577
593 669
533 544
470 560
454 536
153 554
179 523
219 559
470 558
360 536
938 659
191 515
565 587
221 533
507 589
560 567
265 530
384 534
401 532
343 505
514 616
424 562
233 525
480 555
518 533
518 531
245 554
522 529
165 532
513 609
316 572
528 581
469 522
913 636
802 745
512 605
581 672
223 527
903 616
385 557
177 529
355 532
458 516
204 552
520 572
281 569
355 535
378 518
579 671
264 579
247 521
262 536
550 594
511 619
474 557
324 561
498 547
445 550
348 527
330 559
531 565
215 553
343 561
464 538
560 591
221 526
221 534
478 556
411 518
359 536
591 585
357 523
343 510
163 539
579 581
345 554
550 566
480 554
566 587
512 589
354 521
408 523
342 519
213 533
221 572
509 589
406 510
523 609
368 529
231 522
332 551
356 543
253 528
218 563
389 558
888 650
278 572
575 579
525 543
339 565
336 551
457 558
220 569
165 539
408 536
896 639
383 539
190 525
522 591
551 578
590 672
529 578
191 525
464 528
925 633
260 544
355 549
549 568
345 560
393 558
144 517
569 569
305 568
347 509
806 747
594 661
197 536
471 566
790 738
264 581
329 577
581 678
525 639
212 551
329 578
518 615
422 562
338 527
384 560
175 524
529 581
525 594
173 521
191 531
527 578
341 527
461 534
444 553
524 585
525 627
550 563
168 537
784 721
263 542
140 553
443 562
323 576
235 521
516 554
570 571
557 589
906 624
152 556
261 529
794 717
170 530
413 531
203 543
566 565
345 501
402 514
253 522
291 562
509 558
553 563
521 617
526 543
453 559
505 591
567 705
173 531
194 517
497 547
401 551
448 562
525 592
290 563
334 560
899 648
934 651
941 658
504 546
217 521
510 631
350 510
581 674
535 575
341 528
780 719
555 579
236 519
549 704
616 585
796 713
494 552
581 677
897 645
272 553
176 529
921 672
551 599
517 606
344 555
153 537
255 537
276 563
479 540
462 552
412 532
573 710
278 548
578 713
308 573
352 520
814 734
234 515
408 495
523 598
594 663
295 564
429 560
346 554
517 637
394 523
239 526
249 521
550 595
239 522
930 648
257 543
524 638
405 555
149 536
516 557
559 589
320 574
268 531
918 642
465 538
542 578
558 589
919 632
196 522
469 561
476 553
517 556
386 525
239 521
199 522
517 607
400 515
540 578
250 557
575 580
386 521
510 536
335 556
899 610
218 566
246 524
448 564
535 577
524 617
568 590
140 556
287 568
914 636
213 547
781 701
521 530
512 591
138 553
258 533
250 523
193 514
402 567
401 567
332 531
521 612
520 626
803 743
443 551
276 570
219 533
513 589
173 533
338 518
357 555
328 566
409 528
805 747
362 514
286 574
527 565
323 561
591 668
133 556
517 551
550 580
262 581
275 553
222 572
166 538
583 677
338 513
476 545
516 593
259 552
480 548
536 575
620 559
916 692
532 560
523 626
402 540
338 522
194 534
517 595
279 576
418 503
499 592
419 536
271 577
416 543
917 692
377 528
346 526
427 554
159 544
451 560
202 551
564 587
560 587
221 508
558 593
394 542
248 554
350 529
454 535
163 536
901 613
557 578
535 576
220 531
342 522
409 518
496 550
231 549
357 533
391 565
156 537
593 584
572 582
403 543
222 553
408 497
806 741
218 576
335 582
252 553
402 542
329 558
381 517
490 557
532 571
256 554
461 513
136 559
328 569
265 547
563 566
791 700
271 561
368 541
487 547
341 511
514 536
785 720
513 633
173 536
566 704
396 543
524 539
142 553
564 566
256 522
256 530
286 569
291 561
145 539
527 636
321 562
262 544
376 538
183 522
476 550
155 549
529 563
571 571
456 530
135 555
400 525
455 515
529 562
803 705
347 555
389 524
528 565
524 583
352 555
380 536
505 585
495 550
797 703
799 706
259 545
784 722
363 520
553 567
193 523
351 499
362 513
558 586
422 561
239 552
473 570
440 557
780 721
521 560
272 573
338 561
271 555
375 539
361 518
348 529
942 659
559 566
524 628
224 525
890 649
389 563
206 544
144 542
362 515
359 540
403 527
582 682
281 549
220 507
258 545
898 634
133 559
150 543
511 536
544 577
524 591
219 574
574 581
277 567
795 700
229 549
363 525
149 537
582 671
532 578
352 556
462 538
391 559
898 635
799 700
470 553
778 701
403 529
444 555
527 569
804 748
582 670
343 557
475 552
483 548
567 567
390 524
469 521
508 549
400 543
169 534
355 530
354 558
330 557
400 542
285 572
400 519
548 584
375 540
537 555
313 571
515 592
234 518
942 656
305 574
374 520
893 647
390 555
528 575
522 561
172 520
415 531
314 571
170 531
520 630
930 647
515 540
894 644
536 555
503 584
251 523
201 543
284 559
896 640
550 598
514 614
544 580
349 502
192 537
233 548
150 541
552 604
582 673
378 538
150 542
338 560
549 602
329 559
219 573
513 548
905 683
553 562
215 569
494 550
521 592
800 715
520 557
462 535
170 534
483 549
266 579
507 592
255 529
517 592
526 570
424 560
426 558
360 526
514 615
555 577
516 532
410 507
401 568
301 566
435 555
355 529
138 555
510 560
596 665
497 545
543 580
940 660
281 560
480 556
289 568
250 531
269 580
375 541
252 532
560 565
552 592
457 529
489 548
580 676
526 558
247 534
320 579
164 542
254 523
367 529
923 669
523 621
331 531
170 518
266 531
618 559
397 524
922 689
477 556
399 530
394 516
781 695
588 586
455 539
260 539
342 555
321 570
362 527
364 527
247 522
318 578
578 580
444 561
569 565
304 570
209 544
226 524
339 550
522 599
451 563
202 531
276 572
252 534
519 639
279 559
815 736
915 690
504 633
554 566
303 569
506 586
433 560
415 532
780 698
329 579
312 571
457 559
507 590
448 570
151 541
355 528
257 529
520 601
802 742
392 559
471 571
518 552
472 564
411 534
598 581
406 558
442 554
470 552
511 632
500 552
260 545
408 531
277 547
276 553
271 553
168 538
466 539
347 529
557 580
300 567
452 514
220 522
147 554
517 612
338 562
200 558
514 612
465 559
551 562
287 563
353 529
522 589
393 560
190 526
322 574
537 572
517 632
401 554
349 511
579 714
503 588
402 527
277 577
273 555
165 538
407 542
943 661
570 587
583 583
426 554
520 615
524 590
374 534
517 557
145 538
516 531
502 549
344 530
408 504
347 554
240 524
358 533
530 583
549 581
783 736
382 517
158 535
399 558
898 621
230 550
263 541
468 553
556 593
466 559
523 613
305 569
347 508
371 529
466 536
796 702
353 520
530 577
212 550
527 581
467 529
366 525
308 571
264 545
489 550
409 521
144 551
245 552
402 552
555 575
531 567
584 672
272 576
617 559
517 593
514 564
517 529
473 552
274 556
332 577
455 557
520 623
599 580
533 560
203 546
481 538
474 549
283 566
157 539
330 577
275 563
205 545
515 635
456 516
219 556
261 549
158 541
403 515
534 559
557 593
341 558
329 581
312 568
553 579
515 583
400 558
463 524
511 563
569 706
414 504
298 569
388 513
327 578
514 613
231 553
919 633
272 546
237 525
516 629
456 531
934 645
192 515
396 520
316 577
175 526
518 551
341 559
324 576
260 537
909 632
901 629
778 702
457 531
375 522
902 613
509 549
455 516
391 522
215 566
575 717
589 672
902 624
415 569
373 538
265 552
234 520
201 536
415 538
402 565
331 561
354 559
522 609
153 540
900 611
250 534
201 531
291 566
533 567
560 568
387 521
155 548
532 559
430 561
168 529
403 513
330 562
243 524
524 629
554 580
145 552
515 544
262 576
806 705
522 637
418 564
161 544
536 557
786 701
222 526
460 542
521 597
550 587
311 575
915 692
278 566
521 618
508 592
517 604
284 569
917 640
516 633
918 640
163 540
193 526
794 702
516 599
260 532
800 743
389 564
339 581
424 558
277 548
472 559
465 529
899 623
460 522
446 561
522 535
391 554
162 537
146 537
283 560
909 622
445 561
583 674
337 530
323 578
580 581
783 702
318 579
549 586
897 619
898 641
392 557
286 575
384 521
454 561
529 571
330 561
549 603
407 559
377 529
237 520
523 587
338 533
347 507
897 637
525 633
332 549
432 556
508 593
351 553
899 629
805 748
511 535
457 517
360 519
210 532
445 556
482 538
456 558
475 541
560 585
529 569
393 557
341 583
302 568
588 670
525 593
311 571
343 556
316 570
215 554
476 547
407 533
515 541
776 702
906 617
403 514
239 529
592 667
591 675
520 620
204 553
475 549
211 548
385 561
218 556
569 570
343 526
238 526
159 532
584 675
270 554
419 537
453 558
318 577
350 501
386 556
384 536
246 556
139 556
270 560
533 542
356 549
355 531
918 638
442 557
408 529
233 554
322 561
532 541
254 554
304 568
573 714
807 747
792 700
515 631
470 555
339 530
483 546
472 568
277 565
491 554
798 717
353 554
453 517
520 591
201 524
616 562
388 559
231 520
275 568
572 580
410 529
345 500
400 554
231 548
354 507
338 550
278 549
327 570
556 575
206 542
272 580
400 524
219 560
163 543
473 543
560 588
907 632
551 596
490 559
549 594
898 632
198 540
322 571
241 526
351 527
780 697
298 567
553 704
463 533
405 557
463 525
517 635
434 556
188 519
410 527
163 542
442 558
511 589
553 592
220 530
325 579
794 700
252 555
354 557
352 506
780 696
805 749
261 527
788 716
517 532
577 714
408 532
901 634
220 514
279 573
312 570
522 617
519 637
146 543
273 573
157 531
489 546
425 558
509 595
142 552
367 513
228 553
385 536
234 550
261 532
223 552
515 614
286 573
484 550
330 576
341 581
257 553
446 560
396 547
519 615
917 688
501 551
519 531
507 585
339 521
197 539
219 575
926 638
203 555
361 526
413 505
525 620
510 590
396 544
499 593
512 533
372 540
237 553
454 565
227 549
475 550
259 554
578 579
526 581
408 568
287 566
284 572
793 717
339 522
148 547
573 709
462 525
224 571
373 522
372 523
780 718
310 568
146 544
342 559
478 557
209 532
905 627
503 549
491 559
175 527
515 640
335 535
354 539
470 569
559 585
232 516
548 598
566 564
618 562
136 558
594 671
355 547
906 616
525 619
217 561
223 551
411 571
519 630
497 544
200 534
279 575
375 520
511 538
409 536
392 524
599 582
319 579
902 629
559 588
473 542
795 702
536 571
516 600
340 518
476 546
528 572
143 541
524 582
354 525
273 559
357 540
535 542
561 591
919 685
424 555
211 533
455 513
567 570
573 580
455 512
329 576
555 592
363 514
274 548
594 667
276 569
442 555
327 575
512 610
552 566
409 568
542 575
517 636
562 587
337 513
220 528
576 579
805 750
338 523
391 520
432 557
582 674
523 563
471 544
166 539
371 540
398 553
499 550
334 531
354 549
477 558
190 527
314 577
514 629
242 524
327 571
594 666
782 701
898 612
450 563
787 701
418 567
516 630
339 549
274 580
224 549
136 553
266 548
522 585
184 520
618 561
788 715
551 705
275 548
217 559
197 541
453 514
154 554
561 566
210 552
398 556
240 551
507 547
592 584
166 531
339 548
521 640
275 561
329 565
542 576
455 537
201 535
221 549
262 545
155 556
450 569
522 597
785 722
461 550
152 541
900 631
338 516
436 556
405 527
254 529
481 548
274 549
522 590
172 531
375 519
540 568
330 554
194 518
398 543
779 700
924 634
284 573
399 524
261 547
523 536
549 606
787 717
473 564
416 530
409 543
302 567
449 563
521 528
304 572
332 535
250 528
271 554
396 518
277 576
406 561
157 533
506 545
283 564
410 561
204 547
571 565
321 573
806 746
906 682
331 533
232 549
261 528
280 549
548 593
221 530
388 524
325 577
523 610
184 518
577 715
306 573
395 557
542 577
571 585
148 539
572 565
350 500
205 532
177 523
565 564
159 537
471 552
559 590
903 629
390 525
467 561
355 526
437 558
527 543
241 551
145 541
585 671
532 556
159 540
340 527
354 538
335 558
522 593
440 558
789 738
262 534
181 525
259 551
326 580
341 555
502 551
461 557
527 564
931 650
274 566
195 519
409 523
385 516
582 583
466 560
549 705
219 558
798 743
231 516
198 557
897 621
571 583
453 516
278 571
410 569
275 556
335 551
204 532
587 582
550 597
355 527
902 623
478 540
134 558
348 503
456 559
239 523
399 522
383 523
522 586
259 576
397 547
208 531
174 527
350 555
930 646
919 635
416 539
358 536
906 683
330 558
397 516
527 568
348 510
448 569
917 689
583 680
397 517
470 562
905 631
905 681
149 548
521 601
897 608
500 554
523 623
525 541
197 521
371 522
193 525
341 510
800 742
906 620
355 536
223 571
344 508
515 587
235 514
408 530
901 632
504 547
331 553
505 589
236 518
901 612
201 534
186 520
447 564
926 633
343 560
181 523
374 533
567 709
940 658
330 549
329 568
320 572
468 528
252 530
481 556
274 567
398 524
506 587
594 675
413 568
388 560
805 705
469 541
290 568
526 573
513 608
262 535
277 568
522 598
220 557
898 623
471 562
467 552
292 572
554 593
297 567
370 521
410 506
314 573
472 553
328 570
402 523
357 543
329 564
351 508
221 527
398 555
397 555
149 538
520 592
538 578
291 570
426 557
240 554
505 552
544 573
486 546
550 591
480 553
554 604
230 548
537 571
160 532
471 570
376 530
337 560
898 633
588 669
596 586
557 566
490 555
406 525
558 567
168 534
350 499
788 736
198 558
241 554
336 556
247 524
512 632
196 521
890 646
344 531
521 602
280 559
408 494
550 570
309 574
518 557
164 538
350 505
359 523
283 569
193 515
398 551
338 559
536 548
219 551
161 539
789 718
801 717
520 531
407 543
385 512
194 520
800 718
551 587
508 589
221 548
374 541
543 574
778 700
326 577
368 522
333 531
171 528
489 542
511 549
367 540
272 579
460 523
478 539
335 550
231 547
800 717
337 558
588 671
216 558
221 522
384 533
263 577
387 520
535 558
174 523
449 565
378 515
216 532
535 556
525 587
404 558
475 540
265 579
792 718
922 672
477 541
551 586
330 555
342 561
205 550
523 628
277 546
616 560
519 626
904 617
346 509
901 633
473 547
132 559
442 556
233 524
404 512
251 528
219 520
153 550
261 525
506 543
257 546
571 712
558 577
375 536
215 552
326 575
508 534
219 514
551 568
907 623
257 530
797 704
391 557
368 524
473 548
917 691
401 540
524 616
338 580
569 709
533 572
293 572
896 621
390 564
386 512
346 531
943 662
453 566
337 523
523 571
421 563
340 522
530 582
176 530
792 738
799 702
454 564
405 543
246 522
334 535
182 519
523 590
790 700
941 659
272 559
379 518
348 555
459 539
257 545
524 568
404 509
342 510
217 560
150 547
446 559
798 700
487 546
520 621
199 523
219 521
136 560
376 529
515 585
462 529
336 533
148 550
310 581
384 562
506 631
569 587
277 578
215 567
481 550
777 705
567 704
445 549
617 561
572 717
917 686
371 521
458 520
897 638
400 526
453 535
410 563
259 553
259 531
383 517
569 566
548 583
778 703
918 688
264 547
399 529
803 742
355 540
460 559
380 527
151 536
465 532
510 549
217 553
476 541
223 548
328 564
519 551
557 577
354 555
557 579
387 561
518 554
568 565
934 650
409 525
221 525
521 625
215 532
353 528
354 519
494 553
198 522
912 634
263 530
506 585
274 557
364 522
527 620
387 562
397 556
511 561
403 563
250 522
899 646
525 631
470 572
241 525
521 570
348 501
219 507
801 705
566 567
418 565
351 501
413 537
410 562
569 705
222 556
274 555
147 552
139 558
458 524
382 525
526 625
473 559
290 570
148 551
452 515
356 526
463 552
780 701
520 599
260 576
217 533
593 662
799 712
203 548
356 522
378 527
340 510
339 531
457 530
433 556
573 715
513 610
525 570
399 528
508 588
559 577
272 552
594 676
355 548
408 558
442 564
374 519
546 570
523 602
302 566
521 599
362 519
483 557
572 586
220 521
158 537
549 591
529 560
585 582
262 533
592 598
541 578
342 526
565 589
265 531
218 560
258 537
374 530
145 554
472 542
261 524
317 577
351 509
533 546
150 546
532 542
463 550
364 526
284 560
900 623
224 550
486 545
551 588
460 530
401 553
321 574
392 521
196 541
450 560
207 531
220 550
234 553
325 559
539 574
549 580
367 527
192 532
290 559
424 557
617 562
403 562
403 565
547 569
430 563
200 524
194 519
190 515
897 643
414 537
461 539
518 627
409 519
373 525
413 566
229 518
536 554
193 524
512 611
455 561
524 587
397 520
536 553
354 527
920 684
394 520
569 707
557 575
158 536
271 557
373 531
338 531
901 614
197 537
898 646
276 548
617 560
525 540
176 527
572 581
286 563
240 553
230 553
362 526
518 635
456 545
457 533
481 539
260 575
498 593
406 509
247 523
933 645
329 570
553 561
136 555
188 516
385 522
274 560
436 555
420 537
261 537
336 552
214 532
363 527
530 542
787 719
462 524
189 517
523 585
432 558
916 687
415 530
519 591
252 556
279 568
349 528
401 526
516 615
784 724
205 551
228 516
593 675
159 542
782 721
517 615
349 501
363 524
194 528
327 560
145 542
275 562
596 585
237 524
283 565
379 542
592 663
552 705
522 563
502 591
332 579
784 720
461 528
167 529
405 556
616 563
509 592
417 569
918 639
616 561
537 569
455 541
419 569
904 631
238 529
271 562
903 627
352 507
227 548
188 518
340 579
373 540
898 637
621 558
302 565
396 516
399 527
574 715
257 538
555 565
253 523
796 714
221 571
369 540
396 546
799 717
468 520
454 558
523 560
522 638
232 548
535 557
405 562
458 559
525 638
537 579
488 541
515 639
246 554
506 589
565 588
897 618
530 559
383 525
138 557
411 532
298 568
522 624
507 555
460 514
339 527
300 568
460 524
464 529
347 504
451 561
193 516
940 659
919 686
524 594
131 559
241 527
403 528
507 548
157 534
517 639
197 534
407 529
245 553
237 529
512 631
509 596
525 629
220 549
581 584
265 551
552 579
525 618
363 523
392 525
152 540
418 563
817 735
904 626
163 533
295 562
409 569
293 563
226 549
527 622
408 526
592 668
796 715
902 615
548 592
466 541
519 636
389 562
290 560
419 564
906 621
274 565
335 557
514 591
537 576
516 547
413 532
521 623
459 513
139 553
549 587
373 542
456 544
262 549
514 631
269 552
262 530
554 581
337 551
586 585
479 537
272 578
489 545
278 550
571 570
195 524
332 560
206 541
410 560
520 625
276 576
397 543
291 571
583 678
331 556
338 529
472 547
150 550
594 668
620 563
576 715
906 619
273 576
520 613
514 585
350 504
247 525
282 567
351 520
916 688
905 628
583 679
396 524
559 565
408 533
573 707
505 588
365 522
286 572
939 662
552 562
307 572
515 543
372 542
582 582
416 538
516 596
509 535
222 548
563 587
917 690
289 559
551 604
798 712
293 562
255 539
932 650
315 578
405 529
160 540
441 558
595 586
252 531
476 548
461 549
255 538
357 532
267 552
371 531
582 675
522 565
513 546
224 551
390 557
558 594
541 568
386 519
387 519
490 551
550 568
261 536
527 576
408 496
202 543
522 612
910 633
914 635
900 632
451 570
145 553
242 554
453 518
523 570
518 535
923 672
451 514
366 527
411 568
799 709
231 519
458 542
367 539
419 503
368 527
515 542
533 571
216 560
509 536
466 532
213 551
536 573
548 594
356 550
400 522
354 560
333 579
367 542
380 518
350 508
916 640
397 518
524 538
558 585
218 533
155 537
410 505
402 541
510 548
457 535
522 592
554 565
364 523
781 721
399 542
929 646
896 641
416 540
211 545
340 526
346 530
150 557
517 602
424 554
324 571
786 737
373 527
268 551
439 563
454 562
453 562
386 514
464 527
151 544
474 543
267 531
535 550
457 515
332 553
291 560
512 564
528 576
592 585
411 519
558 566
378 542
525 558
314 575
584 580
461 514
338 565
195 534
513 536
285 567
329 573
480 536
279 574
500 592
892 647
545 570
512 549
313 576
452 570
552 703
270 555
506 549
445 555
905 624
365 512
898 644
373 528
339 518
243 552
285 574
332 581
536 552
384 535
515 641
354 526
517 546
356 552
410 537
179 526
453 515
527 574
410 519
173 529
335 531
484 547
431 558
182 517
506 555
434 560
342 524
461 533
472 561
351 530
222 530
192 535
355 519
461 543
456 542
416 541
782 695
527 635
573 717
148 548
192 531
895 638
535 548
356 555
417 538
303 566
524 630
173 535
563 590
899 647
184 521
540 574
259 540
564 589
347 501
406 542
533 543
245 524
551 603
236 517
519 631
383 522
305 576
277 566
225 526
263 581
471 559
900 608
386 555
444 551
211 532
902 622
303 570
149 547
238 530
408 498
259 541
346 529
220 515
211 546
549 569
185 521
580 672
409 567
514 633
269 560
898 629
551 594
553 603
362 522
537 554
553 705
410 543
345 510
519 601
239 551
524 563
450 570
903 623
525 637
479 538
408 564
246 525
326 573
252 523
251 536
571 582
288 568
328 559
461 538
565 567
197 543
279 567
893 645
408 501
228 517
157 537
403 542
507 588
259 525
235 516
517 533
259 532
319 576
470 522
890 650
327 573
904 630
359 535
532 572
791 699
282 550
529 542
276 571
415 543
513 537
539 573
339 567
891 649
418 566
217 552
299 564
261 575
153 538
190 518
157 547
434 555
550 564
392 554
552 605
357 552
924 633
518 632
332 561
398 515
323 559
320 559
227 551
333 554
903 615
534 545
409 533
275 579
236 520
391 519
231 554
897 642
361 512
790 698
504 586
896 645
163 538
247 554
382 524
331 530
516 612
572 714
149 555
799 704
536 574
258 554
210 531
278 559
235 519
200 532
521 535
914 692
791 701
437 557
339 552
410 544
312 569
354 556
276 550
344 506
449 560
466 524
198 539
543 566
374 535
423 561
458 518
366 524
357 542
234 519
218 565
549 574
550 583
173 534
342 525
513 563
265 550
464 526
232 527
279 548
208 543
407 562
794 701
900 649
261 521
777 704
262 525
486 540
577 581
349 527
503 586
148 552
409 520
295 563
264 578
305 570
335 581
204 534
535 560
591 672
510 632
267 551
571 714
333 577
384 557
205 543
315 571
206 549
214 554
564 586
556 589
802 716
364 521
181 526
356 545
804 742
521 585
559 587
550 705
584 671
217 569
195 522
352 557
551 593
576 581
256 529
274 558
277 553
251 539
520 614
278 576
787 715
282 560
906 684
413 533
898 640
900 629
186 519
371 523
916 639
417 543
467 530
256 553
270 556
562 565
478 548
395 556
270 562
399 543
271 580
375 521
516 535
342 521
908 621
203 547
194 532
236 552
519 612
389 559
341 522
374 532
197 542
515 586
170 529
217 565
782 696
215 549
163 532
207 532
281 559
480 537
798 702
229 517
138 558
516 606
241 524
550 605
374 542
181 524
270 580
157 546
409 542
400 555
789 737
167 540
374 529
929 644
491 558
333 552
803 744
517 531
528 578
532 577
250 521
907 631
467 528
518 532
275 572
799 705
234 548
217 518
573 708
246 557
308 572
391 566
560 569
798 708
311 568
253 527
274 573
398 522
524 565
535 561
159 543
923 670
286 571
902 612
198 556
473 561
550 562
216 533
309 571
526 631
221 507
233 516
265 549
408 503
795 712
585 677
385 560
493 554
340 580
346 510
498 551
890 648
355 539
802 744
525 626
571 709
518 639
570 565
337 556
375 535
457 534
462 550
425 559
521 529
519 557
471 564
136 554
396 521
523 537
475 558
907 616
519 627
340 525
378 541
791 698
502 592
518 529
916 686
553 560
521 559
800 741
360 523
516 631
812 642
177 531
412 507
514 590
164 532
203 551
242 552
798 701
492 551
227 524
509 632
196 528
916 638
272 562
381 537
259 544
462 533
343 525
322 570
251 538
366 539
404 511
130 559
285 560
581 675
344 509
506 534
322 568
389 522
261 545
919 631
368 523
899 612
190 516
341 518
510 551
409 558
517 545
502 545
550 596
592 666
360 537
504 634
355 555
147 542
452 513
516 537
408 541
292 568
524 545
784 737
411 566
573 581
163 537
338 517
929 645
505 545
504 548
340 566
221 524
325 561
529 573
250 533
407 494
209 531
247 533
429 562
522 531
467 525
309 576
513 549
396 515
798 707
287 565
211 534
924 635
506 634
174 528
392 519
534 577
399 555
333 560
385 517
148 537
544 578
366 513
582 581
538 572
547 570
221 573
314 576
475 544
175 523
777 700
200 533
199 558
784 695
356 531
487 542
460 540
788 737
252 524
143 542
425 557
221 515
545 572
271 576
458 512
499 551
919 689
560 592
599 579
233 555
492 550
350 498
907 621
351 500
527 579
365 513
512 606
407 526
466 540
449 571
357 537
169 529
474 551
236 514
786 720
401 528
143 553
221 559
572 585
407 564
904 616
928 674
555 593
396 514
521 566
448 563
286 567
545 579
235 552
322 576
178 522
230 517
406 559
516 539
461 559
532 567
138 554
403 516
231 526
442 563
273 568
416 531
530 574
525 635
329 566
403 511
193 535
330 552
219 550
498 590
415 504
234 522
522 602
364 513
342 584
409 508
581 681
176 523
514 632
516 639
579 681
326 579
401 513
524 581
802 743
252 533
416 532
793 718
250 532
219 516
401 563
448 560
286 570
261 526
806 745
143 552
230 551
412 569
347 526
178 525
186 518
532 565
533 565
468 522
196 533
394 522
506 553
465 526
199 556
583 672
338 528
339 551
356 554
535 543
340 524
503 591
368 528
189 515
569 571
335 583
503 546
260 581
504 585
559 592
219 515
293 561
453 567
585 581
339 514
353 507
376 528
305 573
805 744
281 566
165 531
330 560
346 532
421 562
530 581
305 572
554 705
215 560
159 531
224 527
378 537
238 520
397 519
517 555
413 536
340 557
338 532
548 581
547 579
361 511
197 538
159 529
411 535
203 553
456 541
574 718
336 582
198 541
413 569
519 623
443 559
286 562
212 552
571 586
430 562
300 565
150 544
414 530
264 530
906 631
567 569
258 531
572 718
181 521
292 561
376 524
423 560
508 594
896 608
325 574
416 567
261 533
523 619
581 676
467 522
527 633
351 503
337 561
194 516
218 558
134 559
919 687
353 557
207 530
801 743
450 567
384 563
386 559
679 605
587 586
926 636
930 649
355 523
154 550
382 537
515 536
568 587
218 569
402 557
485 540
526 635
783 737
783 703
594 587
220 573
152 550
898 608
799 711
375 529
259 522
220 555
159 541
216 565
589 586
804 705
893 646
260 521
438 557
200 556
889 650
319 573
473 551
489 541
355 554
229 546
253 530
794 740
459 524
316 573
221 532
535 541
523 567
517 614
286 561
351 529
512 560
359 521
425 554
535 559
461 542
486 541
461 544
151 550
526 571
505 550
458 530
345 504
791 718
489 547
351 555
540 579
529 570
467 541
522 569
468 532
905 625
184 525
519 554
348 500
261 551
254 553
211 547
454 563
204 543
231 517
400 514
408 557
575 714
232 522
506 554
519 603
385 558
272 550
543 576
518 530
615 562
356 532
355 546
339 513
462 551
220 556
555 580
412 537
524 584
337 581
465 530
448 567
365 526
203 550
516 545
508 558
525 573
330 530
439 557
425 560
187 518
467 524
334 580
144 554
290 569
464 533
540 575
289 560
149 539
221 570
254 537
618 558
459 517
617 558
931 647
244 524
524 570
259 543
345 526
896 618
251 557
487 541
276 558
918 643
407 558
443 560
219 563
351 505
370 529
502 550
586 582
371 542
314 574
460 517
168 536
233 553
513 612
507 534
290 562
404 508
350 511
224 548
476 551
389 566
518 534
908 632
355 541
470 554
405 513
178 524
546 572
792 717
583 681
276 555
350 553
515 584
517 601
513 534
566 566
448 565
227 550
257 533
154 551
902 630
250 539
513 547
562 591
409 529
224 526
508 630
549 579
336 534
461 535
464 559
485 546
927 646
233 522
916 690
488 546
795 717
398 550
417 503
184 519
309 578
595 665
153 539
505 590
380 517
320 558
373 539
798 742
345 531
516 637
280 548
783 720
253 555
522 562
151 539
453 513
440 563
505 632
347 505
925 634
288 571
466 552
221 521
450 568
929 647
234 516
463 528
494 551
133 555
372 528
336 517
551 583
299 565
595 661
417 540
171 519
378 540
223 505
154 553
454 512
274 568
462 559
799 703
516 558
451 564
490 545
534 547
355 553
796 708
489 549
553 559
375 532
134 557
509 590
338 515
815 735
260 522
411 538
234 521
360 525
560 564
580 675
207 542
409 505
277 564
454 566
202 553
522 539
311 567
189 526
525 538
920 689
210 545
550 601
914 634
583 675
292 571
536 541
556 580
231 509
927 634
529 564
898 636
406 562
199 524
561 567
786 719
536 579
312 575
527 542
271 547
465 533
278 573
333 578
403 561
890 651
402 524
905 682
549 583
387 564
248 521
588 584
919 634
189 516
441 563
216 554
529 572
252 529
301 565
176 528
400 550
408 509
401 523
212 534
521 631
900 622
373 530
798 710
454 513
249 534
514 544
336 535
560 586
562 566
262 577
177 532
332 552
268 552
213 550
484 546
281 565
237 526
230 549
512 535
475 553
522 631
260 574
223 553
510 563
463 559
359 522
498 548
524 540
275 558
251 525
527 572
266 552
918 685
788 717
459 530
551 566
482 546
380 526
536 549
568 588
173 528
460 539
459 515
147 518
282 549
804 740
522 570
262 526
137 554
549 570
183 516
357 536
935 650
273 550
578 716
437 555
801 706
788 701
402 564
329 580
549 571
322 575
488 542
162 536
473 553
397 549
420 504
192 536
526 633
530 568
458 519
933 647
365 523
443 549
261 550
517 543
334 551
314 572
905 616
455 535
461 531
151 535
391 523
552 593
413 567
389 560
517 535
379 537
511 617
522 594
891 665
272 549
196 534
234 514
803 741
448 561
386 515
408 502
521 527
259 524
399 515
488 544
523 612
505 634
221 531
274 564
436 554
584 582
522 628
409 539
566 569
509 594
479 554
533 561
323 571
526 620
200 559
276 556
154 552
410 565
443 558
355 525
425 561
417 567
580 715
453 534
330 532
309 570
274 561
531 558
400 528
550 600
516 598
404 529
408 563
528 542
156 546
234 549
527 559
260 542
218 551
465 539
455 538
484 548
927 635
534 546
587 585
367 524
260 525
504 632
554 574
790 718
266 547
432 560
792 739
515 535
202 554
581 581
373 529
443 553
171 520
366 542
525 581
473 544
415 542
524 619
516 597
396 545
480 546
535 547
761 626
248 533
429 561
230 546
462 543
513 634
344 554
817 736
191 530
231 525
474 545
212 532
520 618
250 536
267 553
549 582
367 525
800 700
942 655
201 556
374 525
504 549
458 525
474 548
465 534
198 521
342 518
593 670
458 517
779 699
343 555
225 549
519 572
522 560
528 634
892 639
235 513
567 565
465 531
154 537
418 569
527 570
593 672
534 578
459 514
571 581
254 522
568 569
443 561
479 548
214 547
262 531
461 522
402 558
218 564
531 566
362 518
470 542
329 575
338 514
401 550
196 520
340 556
488 549
468 561
915 688
215 557
515 532
524 589
193 522
520 551
894 645
523 538
469 553
520 631
507 556
259 536
461 529
327 564
428 560
401 542
384 525
550 579
167 530
298 564
526 565
178 521
328 575
509 593
389 561
301 568
512 617
329 574
198 535
261 535
282 565
517 554
283 572
407 557
409 504
531 556
903 626
594 586
798 718
348 556
366 511
898 630
154 539
161 533
680 612
362 512
586 669
802 705
216 550
221 569
919 688
578 671
164 537
550 707
197 535
378 539
515 591
265 578
518 601
476 558
489 544
384 524
256 538
211 549
505 549
442 552
284 570
511 537
372 531
797 717
381 516
554 579
568 707
797 702
513 590
550 706
322 569
340 558
557 581
160 541
380 519
525 625
548 591
516 544
232 554
252 525
322 562
388 561
156 548
333 553
524 610
588 582
568 705
571 584
471 572
337 533
365 521
259 538
362 520
582 677
412 505
897 612
761 625
517 600
470 551
397 557
783 701
209 552
586 586
180 523
279 571
445 570
148 557
595 584
595 583
596 583
597 583
597 584
597 582
598 582
600 580
601 580
602 580
601 581
601 579
602 579
601 582
601 578
602 578
602 582
601 577
603 578
603 582
601 576
604 578
602 576
605 578
603 576
603 575
604 575
605 575
604 574
605 574
606 574
605 573
607 574
606 573
607 575
606 572
608 575
607 572
609 575
608 576
608 572
607 571
610 575
608 577
608 573
608 571
607 577
608 578
609 573
609 571
609 578
610 571
609 570
610 578
609 579
611 571
609 569
609 580
612 571
611 572
609 568
610 580
609 567
611 580
610 567
608 567
609 566
611 581
611 567
607 567
609 565
612 581
611 582
612 567
606 567
609 564
613 581
612 582
611 583
613 567
605 567
613 582
613 580
611 584
614 567
613 568
605 566
614 580
610 584
615 567
613 569
604 566
615 580
615 568
614 569
612 569
616 580
616 568
617 580
617 568
616 569
617 581
617 579
618 568
618 581
618 567
619 581
619 567
618 566
620 581
619 582
618 565
621 581
620 582
619 583
619 565
622 581
620 583
619 584
620 565
619 564
623 581
622 582
622 580
618 584
621 565
620 564
624 581
618 585
911 633
625 581
617 585
878 647
626 581
625 580
617 586
877 647
626 582
625 579
617 587
877 648
877 649
627 582
624 579
616 587
617 588
879 648
878 649
627 583
617 589
879 649
880 652
628 583
616 589
880 649
880 651
881 649
881 651
629 583
615 589
616 590
881 650
882 650
629 584
629 582
615 590
884 649
883 650
630 584
629 585
630 582
615 591
884 650
631 584
630 585
628 585
629 586
630 581
614 591
615 592
885 650
631 585
628 586
629 587
630 580
613 591
616 592
887 649
632 585
627 586
629 588
631 580
629 580
613 590
886 650
887 650
632 586
629 589
632 580
631 579
628 580
629 579
633 586
629 590
632 581
631 578
630 590
629 591
632 582
632 578
631 590
630 591
628 591
629 592
633 582
633 578
632 577
632 590
630 592
627 591
629 593
634 582
633 590
631 592
630 593
626 591
627 590
628 593
629 594
634 583
632 592
625 591
626 592
627 593
629 595
635 583
624 591
627 594
630 595
636 583
623 591
627 595
630 596
637 583
636 584
622 591
627 596
630 597
638 583
637 584
636 585
626 596
630 598
638 584
638 582
625 596
630 599
638 585
638 581
624 596
625 597
625 595
630 600
639 585
639 581
637 581
625 598
631 600
629 600
640 585
639 580
624 598
625 599
631 601
640 586
640 584
639 579
625 600
632 601
631 602
641 586
640 587
640 579
638 579
626 600
624 600
633 601
630 602
631 603
642 586
639 587
640 588
641 579
637 579
623 600
624 601
634 601
633 600
630 603
632 603
643 586
642 587
642 585
640 589
642 579
636 579
622 600
623 599
634 600
630 604
632 604
644 586
640 590
643 579
642 580
636 580
622 601
622 599
634 599
630 605
644 587
643 580
643 578
635 580
622 602
635 599
630 606
644 588
643 581
643 577
621 602
636 599
631 606
629 606
630 607
645 588
643 576
636 598
632 606
629 607
646 588
644 576
643 575
637 598
636 597
633 606
629 608
646 589
642 575
643 574
638 598
633 607
633 605
629 609
647 589
641 575
643 573
633 608
634 605
629 610
648 589
647 590
640 575
641 576
642 573
643 572
632 608
633 609
635 605
634 604
629 611
648 590
648 588
639 575
641 577
641 573
643 571
632 609
634 609
633 610
636 605
628 611
648 591
649 588
642 571
643 570
634 610
636 606
627 611
628 612
649 591
642 570
644 570
635 610
636 607
627 612
627 610
650 591
642 569
645 570
644 569
637 607
636 608
626 612
627 613
651 591
641 569
646 570
645 569
638 607
635 608
636 609
625 612
627 614
652 591
651 590
640 569
647 570
646 569
639 607
624 612
627 615
653 591
651 589
648 570
646 568
623 612
624 611
627 616
653 592
651 588
647 568
646 567
622 612
623 611
628 616
654 592
651 587
647 567
645 567
622 613
628 617
654 593
650 587
645 566
622 614
628 618
655 593
644 566
645 565
621 614
656 593
645 564
620 614
657 593
656 594
644 564
620 615
620 613
657 594
657 592
656 595
644 563
620 616
619 613
620 612
658 594
657 591
656 596
644 562
621 616
620 617
618 613
659 594
658 591
657 590
656 597
645 562
643 562
622 616
619 617
617 613
618 612
659 593
656 590
657 589
655 597
656 598
646 562
642 562
618 617
616 613
617 612
659 592
656 589
654 597
655 598
657 598
647 562
641 562
618 618
618 616
616 614
660 592
656 588
653 597
655 599
658 598
647 561
641 561
618 619
617 616
615 614
661 592
660 591
655 588
656 587
659 598
617 619
617 615
614 614
662 592
657 587
656 586
659 599
616 619
662 593
662 591
657 586
655 586
659 600
616 620
662 590
657 585
654 586
655 585
660 600
615 620
616 621
661 590
662 589
657 584
655 584
660 601
614 620
616 622
661 589
663 589
662 588
658 584
654 584
661 601
616 623
661 588
663 588
662 587
654 583
661 602
617 623
615 623
661 587
664 588
663 587
653 583
661 603
617 624
614 623
615 624
665 588
664 587
652 583
653 582
662 603
660 603
615 625
666 588
664 586
652 584
653 581
663 603
662 604
660 604
614 625
666 587
664 585
651 584
652 585
654 581
653 580
664 603
662 605
659 604
613 625
614 626
667 587
664 584
655 581
652 580
664 604
664 602
663 605
658 604
613 626
668 587
667 586
664 583
656 581
665 604
664 605
664 601
657 604
612 626
669 587
663 583
664 582
657 581
656 582
664 606
665 601
663 601
656 604
611 626
670 587
669 588
662 583
663 582
664 581
664 607
666 601
665 600
663 600
656 605
611 625
671 587
670 586
669 589
662 582
665 581
663 607
664 608
667 601
666 602
665 599
656 606
611 624
671 588
670 585
669 590
662 581
666 581
668 601
667 602
656 607
611 623
672 588
671 585
669 585
670 584
670 590
667 581
666 582
669 601
668 600
667 603
657 607
655 607
612 623
610 623
611 622
672 589
672 585
671 584
670 591
667 582
667 580
670 601
668 603
657 608
654 607
612 622
609 623
673 585
671 583
670 592
668 582
667 579
671 601
669 603
668 604
658 608
657 609
654 608
613 622
612 621
608 623
609 624
609 622
673 586
669 582
668 579
666 579
671 602
671 600
668 605
656 609
657 610
654 609
612 620
608 622
674 586
668 578
665 579
666 578
669 605
667 605
657 611
654 610
607 622
675 586
669 578
664 579
666 577
667 606
658 611
606 622
676 586
675 587
670 578
663 579
664 578
666 576
659 611
658 612
606 623
606 621
677 586
676 587
676 585
675 588
671 578
670 577
659 612
658 613
605 623
606 624
606 620
677 587
676 584
674 588
672 578
659 613
657 613
604 623
607 624
606 625
606 619
682 608
677 588
677 584
676 583
674 589
673 578
672 577
660 613
659 614
604 624
607 625
606 626
607 619
677 589
678 584
676 582
674 590
672 576
659 615
605 626
608 619
607 618
678 589
677 590
675 582
676 581
673 576
672 575
658 615
659 616
605 627
607 617
678 590
677 591
674 582
677 581
674 576
673 575
672 574
659 617
605 628
606 617
679 590
678 591
676 591
674 583
677 580
675 576
674 575
671 574
672 573
659 618
604 628
605 629
605 617
606 616
680 590
678 592
676 592
673 583
678 580
676 576
675 575
673 573
660 618
603 628
606 629
604 617
605 616
680 591
680 589
679 580
678 579
676 577
676 575
661 618
602 628
607 629
606 630
604 618
605 615
680 592
680 580
677 577
676 578
661 619
601 628
608 629
607 628
606 631
603 618
604 619
605 614
680 593
681 580
680 581
680 579
678 577
661 620
601 629
605 631
603 619
604 620
605 613
681 593
679 593
682 580
680 582
679 577
660 620
601 630
605 632
606 613
605 612
681 594
682 579
681 582
680 583
660 621
600 630
605 633
604 612
605 611
681 595
683 579
682 578
682 582
659 621
660 622
599 630
604 633
605 610
681 596
684 579
682 577
683 582
682 583
659 622
660 623
599 631
603 633
604 610
680 596
681 597
682 576
684 582
683 583
658 622
659 623
661 623
598 631
603 634
603 632
604 609
680 597
682 597
683 576
682 575
684 583
657 622
658 623
662 623
661 624
598 632
602 634
603 609
680 598
683 597
682 574
684 584
656 622
657 621
658 624
663 623
662 622
661 625
598 633
602 635
603 608
680 599
684 597
682 573
684 585
655 622
656 623
657 620
658 625
664 623
663 624
597 633
598 634
601 635
602 636
603 607
681 599
679 599
680 600
685 597
682 572
685 585
683 585
684 586
654 622
656 620
658 626
664 622
596 633
601 636
603 636
681 600
679 600
686 597
683 572
681 572
686 585
684 587
653 622
657 626
664 621
595 633
604 636
682 600
679 601
687 597
686 598
686 596
684 572
683 571
680 572
687 585
685 587
684 588
652 622
657 627
594 633
604 637
679 602
688 597
686 599
683 570
680 573
680 571
688 585
687 586
687 584
684 589
652 621
656 627
594 634
594 632
678 602
688 598
688 596
686 600
683 569
679 573
680 574
679 571
688 586
687 587
687 583
685 589
683 589
652 620
656 628
593 634
594 631
678 603
688 599
688 595
686 601
684 569
678 573
680 575
687 588
686 589
651 620
652 619
655 628
656 629
592 634
677 603
678 604
688 594
685 601
686 602
685 569
684 568
678 572
686 590
650 620
652 618
591 634
592 635
676 603
677 604
689 594
685 602
686 603
685 568
684 567
677 572
687 590
653 618
651 618
652 617
590 634
591 635
592 636
675 603
677 605
690 594
684 602
685 603
687 603
686 604
685 567
683 567
676 572
653 617
650 618
652 616
589 634
591 636
593 636
592 637
674 603
675 604
691 594
684 603
687 604
686 605
682 567
676 571
650 617
589 633
592 638
674 602
313 584
686 606
682 566
675 571
676 570
543 572
650 616
588 633
589 632
592 639
687 606
682 565
677 570
676 569
648 617
649 616
587 633
593 639
687 607
681 565
682 564
676 568
647 617
648 616
586 633
594 639
687 608
682 563
676 567
647 618
648 615
585 633
586 634
594 640
687 609
683 563
675 567
646 618
584 633
594 641
688 609
686 609
684 563
645 618
646 619
583 633
584 634
584 632
593 641
594 642
689 609
686 610
685 563
684 564
645 619
646 620
582 633
583 634
584 635
594 643
690 609
689 608
685 610
686 611
685 562
645 620
646 621
581 633
582 632
583 635
585 635
584 636
595 643
594 644
684 610
644 620
646 622
580 633
582 631
582 635
584 637
596 643
593 644
683 610
684 611
643 620
646 623
580 634
580 632
583 631
582 630
583 637
584 638
597 643
596 642
592 644
593 645
683 611
683 609
642 620
643 619
647 623
645 623
646 624
579 634
580 635
583 630
582 629
583 638
799 735
591 644
592 645
592 643
683 612
682 609
642 621
643 618
647 624
644 623
578 634
580 636
581 629
582 628
592 646
683 613
681 609
641 621
643 617
648 624
644 624
578 633
579 636
580 629
592 647
682 613
681 608
641 622
577 633
578 632
579 629
681 613
681 607
576 633
577 632
579 628
680 613
681 612
680 607
681 606
575 633
578 628
579 627
679 613
679 607
471 560
574 633
578 627
580 627
679 614
679 612
678 607
148 517
144 527
574 634
574 632
580 626
679 615
678 608
146 518
573 634
574 635
573 632
574 631
580 625
678 615
679 616
677 608
573 635
574 636
572 632
575 631
581 625
579 625
679 617
572 635
575 636
571 632
572 631
576 631
582 625
581 624
578 625
679 618
571 635
576 636
571 633
583 625
582 626
581 623
578 624
680 618
678 618
571 636
576 637
584 625
583 626
582 623
581 622
578 623
681 618
677 618
576 638
584 626
583 623
581 621
577 623
578 622
682 618
677 619
220 571
577 638
575 638
585 626
581 620
576 623
577 622
578 621
682 619
676 619
578 638
577 639
574 638
586 626
580 620
581 619
575 623
576 624
578 620
683 619
675 619
577 640
587 626
580 619
582 619
574 623
575 624
575 622
684 619
674 619
576 640
577 641
588 626
579 619
582 618
574 622
685 619
684 620
674 620
674 618
576 641
578 641
589 626
583 618
573 622
574 621
686 619
685 618
684 621
673 620
673 618
578 642
589 627
589 625
583 617
685 617
684 622
673 621
672 618
579 642
578 643
589 628
589 624
584 617
686 617
683 622
671 618
580 642
578 644
589 629
589 623
585 617
687 617
686 616
683 623
671 617
581 642
580 643
579 644
588 629
590 623
586 617
688 617
686 615
682 623
671 616
582 642
580 644
579 645
591 623
587 617
586 618
586 616
689 617
688 616
687 615
681 623
682 624
671 615
582 643
581 644
579 646
591 624
591 622
588 617
587 616
586 615
689 616
687 614
680 623
681 624
682 625
672 615
670 615
580 646
578 646
579 647
592 624
591 625
591 621
589 617
588 618
690 616
689 615
680 624
683 625
760 623
672 614
669 615
578 647
579 648
592 625
591 626
592 621
590 621
589 616
588 619
690 615
679 624
683 626
672 613
668 615
579 649
593 621
592 620
590 616
589 619
691 615
679 625
683 627
673 613
671 613
667 615
579 650
594 621
593 622
591 616
692 615
678 625
682 627
670 613
580 650
594 622
592 616
693 615
692 616
678 626
681 627
670 612
581 650
580 651
595 622
594 623
593 616
693 616
693 614
678 627
669 612
670 611
582 650
580 652
596 622
594 616
593 615
694 616
693 613
679 627
678 628
668 612
583 650
579 652
580 653
597 622
593 614
695 616
692 613
677 628
667 612
583 651
579 653
598 622
597 621
593 613
696 616
695 617
691 613
676 628
667 613
667 611
579 654
598 623
594 613
592 613
593 612
697 616
691 612
675 628
666 611
579 655
598 624
592 612
698 616
697 617
691 611
675 629
665 611
578 655
579 656
598 625
591 612
592 611
699 616
698 615
674 629
664 611
580 656
579 657
599 625
597 625
592 610
699 617
698 614
673 629
663 611
664 612
578 657
579 658
600 625
596 625
597 626
591 610
592 609
699 618
697 614
673 628
662 611
664 613
580 658
579 659
601 625
600 624
596 624
597 627
591 609
700 618
699 619
697 613
673 627
661 611
665 613
664 614
581 658
580 659
578 659
591 608
701 618
698 619
696 613
673 626
582 658
580 660
590 608
591 607
701 619
701 617
697 619
674 626
672 626
581 660
589 608
590 607
592 607
591 606
701 620
701 616
696 619
675 626
671 626
672 625
582 660
589 609
593 607
591 605
701 621
702 616
695 619
696 620
671 625
583 660
582 661
591 604
702 621
703 616
694 619
695 620
670 625
583 659
582 662
590 604
703 621
703 617
693 619
694 620
669 625
584 659
582 663
589 604
704 621
703 622
703 620
704 617
694 621
668 625
669 626
585 659
583 663
582 664
588 604
589 603
703 623
705 617
667 625
669 627
585 658
584 663
582 665
588 605
589 602
706 617
705 616
666 625
667 624
669 628
585 657
585 663
581 665
582 666
587 605
588 606
589 601
707 617
705 615
669 629
585 656
582 667
589 606
589 600
708 617
706 615
705 614
669 630
586 656
584 656
581 667
582 668
588 600
589 599
709 617
706 614
704 614
669 631
580 667
583 668
587 600
589 598
710 617
703 614
704 613
670 631
668 631
579 667
584 668
586 600
590 598
588 598
711 617
710 616
704 612
670 632
668 632
579 666
584 669
591 598
590 597
587 598
712 617
703 612
668 633
578 666
514 593
554 677
591 599
587 597
712 618
712 616
703 611
669 633
667 633
578 665
761 622
713 618
712 619
713 616
712 615
702 611
669 634
667 634
229 510
312 583
714 618
713 619
713 615
711 615
712 614
701 611
667 635
313 583
223 506
715 618
711 614
712 613
701 610
666 635
667 636
309 577
715 626
716 618
713 613
712 612
665 635
668 636
759 623
312 581
220 513
223 507
717 618
712 611
668 637
227 509
311 579
308 579
310 579
717 619
713 611
711 611
668 638
221 513
224 507
343 554
313 582
310 582
226 509
718 619
717 620
916 678
713 610
669 638
221 512
224 508
311 580
309 579
225 509
221 511
719 619
718 620
717 621
916 676
713 609
670 638
224 509
222 511
933 650
312 582
233 532
231 511
719 620
719 618
718 621
716 621
714 609
713 608
670 637
232 512
224 510
223 511
311 578
720 620
719 617
715 621
714 608
712 608
671 637
311 581
233 533
231 512
224 511
227 512
721 620
720 621
217 550
719 616
715 622
715 620
715 608
672 637
230 535
232 533
231 513
722 620
721 621
718 616
715 623
715 607
672 638
224 512
226 512
223 517
230 534
231 533
723 620
722 619
721 622
718 615
714 623
715 624
716 607
715 606
673 638
672 639
231 514
225 512
223 518
230 533
230 514
724 620
723 621
718 614
714 624
716 624
717 607
715 605
674 638
672 640
225 513
224 514
224 518
224 520
725 620
723 622
719 614
714 625
718 607
717 606
716 605
674 637
230 532
228 513
229 514
225 514
726 620
725 619
723 623
720 614
713 625
714 626
718 608
718 606
675 637
674 636
224 515
224 519
230 531
231 530
727 620
726 619
722 623
720 613
712 625
719 608
719 606
676 637
227 526
228 514
225 515
224 516
225 519
728 620
726 618
720 612
712 626
720 608
719 609
720 606
719 605
677 637
676 636
230 530
228 528
227 527
227 514
226 515
728 621
726 617
720 611
711 626
712 627
720 607
721 606
719 604
678 637
677 636
226 517
225 516
226 519
729 621
727 617
726 616
719 611
710 626
721 607
721 605
719 603
679 637
230 529
228 527
227 515
226 516
729 622
727 616
709 626
722 605
721 604
680 637
679 638
679 636
227 519
230 528
233 527
229 527
227 516
730 622
727 615
709 625
723 605
721 603
681 637
680 636
679 639
679 635
227 518
231 528
731 622
730 623
727 614
708 625
709 624
723 604
679 640
731 623
731 621
730 624
728 614
707 625
710 624
724 604
723 603
678 640
679 641
732 623
732 621
730 625
706 625
710 623
725 604
723 602
677 640
680 641
732 624
732 620
731 625
729 625
730 626
705 625
725 605
724 602
722 602
723 601
677 641
681 641
680 642
733 620
732 619
731 626
730 627
704 625
726 605
725 606
722 601
723 600
677 642
682 641
734 620
731 619
732 618
732 626
730 628
703 625
727 605
725 607
722 600
723 599
677 643
683 641
682 642
735 620
733 618
732 617
702 625
703 626
728 605
727 606
723 598
678 643
677 644
684 641
683 640
682 643
735 621
734 618
703 627
728 604
723 597
676 644
677 645
685 641
683 639
681 643
735 618
702 627
703 628
728 603
723 596
676 645
677 646
686 641
685 642
684 639
736 618
701 627
728 602
723 595
676 646
677 647
686 640
685 643
684 638
737 618
701 626
724 595
723 594
676 647
678 647
677 648
686 639
684 637
737 619
700 626
725 595
724 594
722 594
676 648
677 649
687 639
684 636
738 619
699 626
700 625
724 593
677 650
688 639
685 636
683 636
739 619
698 626
725 593
724 592
678 650
676 650
677 651
689 639
688 640
688 638
686 636
683 635
740 619
697 626
723 592
724 591
679 650
677 652
689 640
689 638
686 635
683 634
741 619
740 618
724 590
680 650
679 649
677 653
690 640
690 638
687 635
683 633
742 619
741 620
725 590
723 590
680 651
677 654
691 640
691 638
688 635
743 619
741 621
726 590
722 590
681 651
680 652
677 655
691 641
692 638
689 635
688 636
688 634
744 619
741 622
726 591
726 589
722 589
682 651
680 653
677 656
691 642
689 634
688 633
745 619
740 622
727 591
726 588
682 650
680 654
676 656
692 642
689 633
687 633
746 619
745 620
728 591
727 588
725 588
726 587
683 650
681 654
675 656
593 646
746 620
746 618
728 590
728 588
724 588
684 650
682 654
681 655
674 656
746 621
746 617
729 588
728 587
684 651
682 655
682 653
673 656
674 657
747 621
745 617
746 616
729 589
728 586
682 656
672 656
674 658
747 622
744 617
747 616
746 615
730 589
683 656
672 655
673 658
747 623
743 617
748 616
746 614
731 589
684 656
671 655
672 654
748 623
747 624
748 617
747 614
746 613
731 590
685 656
670 655
673 654
672 653
748 624
747 625
749 617
748 614
746 612
732 590
731 591
686 656
685 657
670 656
670 654
672 652
746 625
750 617
745 612
733 590
732 591
731 592
687 656
686 655
685 658
669 656
671 652
746 626
751 617
744 612
745 611
734 590
733 591
688 656
686 654
686 658
684 658
685 659
668 656
746 627
752 617
743 612
744 613
744 611
734 589
688 657
688 655
687 658
667 656
668 657
668 655
747 627
745 627
752 618
752 616
743 613
688 658
688 654
666 656
668 658
745 628
753 618
753 616
742 613
689 658
688 659
688 653
666 655
669 658
668 659
745 629
754 616
741 613
690 658
688 660
689 653
666 654
669 659
667 659
668 660
745 630
754 617
754 615
740 613
741 612
691 658
688 661
690 653
667 654
665 654
670 659
669 660
746 630
745 631
755 617
739 613
691 657
689 661
687 661
690 654
664 654
746 631
744 631
756 617
692 657
691 656
689 662
686 661
687 662
663 654
746 632
743 631
757 617
692 656
690 662
663 653
747 632
746 633
742 631
743 630
758 617
757 618
757 616
693 656
691 662
747 633
745 633
741 631
757 619
694 656
692 662
691 663
748 633
740 631
758 619
756 619
694 655
691 664
749 633
740 632
759 619
758 620
695 655
691 665
749 634
749 632
739 632
760 619
696 655
695 654
690 665
750 632
761 619
697 655
696 656
695 653
751 632
762 619
698 655
696 657
696 653
695 652
752 632
762 618
699 655
698 656
696 658
696 652
752 633
763 618
762 617
698 657
696 659
697 652
753 633
752 634
764 618
762 616
697 659
696 660
697 651
752 635
765 618
763 616
762 615
695 660
751 635
766 618
762 614
694 660
750 635
751 636
766 619
763 614
761 614
694 661
751 637
767 619
766 620
763 613
761 613
694 662
752 637
751 638
768 619
764 613
763 612
761 612
753 637
752 638
768 620
768 618
765 613
761 611
754 637
753 638
769 620
768 621
769 618
768 617
765 612
760 611
761 610
755 637
753 639
770 620
769 621
768 622
770 618
768 616
765 611
759 611
761 609
756 637
755 638
770 621
770 619
768 623
771 618
770 617
768 615
765 610
759 612
762 609
761 608
756 638
771 621
770 622
768 624
772 618
769 615
759 613
763 609
760 608
757 638
756 639
772 621
769 624
772 617
758 613
763 608
758 638
756 640
773 621
772 620
769 625
773 617
757 613
758 639
755 640
756 641
774 621
770 625
769 626
774 617
759 639
774 622
771 625
770 626
768 626
742 620
775 617
774 618
774 616
759 640
772 625
771 624
767 626
768 627
775 616
760 640
686 591
766 626
776 616
761 640
940 661
765 626
777 616
761 641
229 508
760 626
765 627
778 616
761 642
221 514
764 627
778 617
762 642
760 622
763 627
764 628
778 618
760 625
228 509
762 627
777 618
778 619
760 624
762 628
762 626
778 620
222 507
772 626
773 626
774 626
773 627
774 627
774 628
775 628
774 629
776 628
776 629
777 629
778 629
778 628
779 628
780 628
781 628
780 629
781 629
780 630
782 629
781 630
780 631
781 631
780 632
782 631
781 632
780 633
782 632
783 632
783 633
784 633
784 634
785 634
784 635
785 635
784 636
786 635
783 636
784 637
786 636
787 636
788 636
789 636
789 637
789 635
789 634
790 634
789 633
791 634
790 633
789 632
792 634
791 635
788 632
792 635
792 633
791 636
787 632
793 635
793 633
787 631
794 635
794 633
793 632
786 631
795 635
794 634
795 633
795 636
795 634
795 632
795 637
795 631
796 637
794 637
795 630
797 637
796 638
794 638
794 630
796 639
794 629
797 639
795 639
795 640
795 641
796 641
795 642
797 641
794 642
797 642
794 643
798 642
794 644
799 642
794 645
800 642
799 643
795 645
793 645
801 642
800 643
799 644
792 645
802 642
801 641
800 644
799 645
791 645
803 642
801 640
801 644
790 645
791 646
791 644
804 642
802 640
801 645
789 645
790 644
791 643
805 642
803 640
788 645
805 641
803 639
788 644
805 640
803 638
787 644
806 640
786 644
787 643
807 640
786 645
787 642
807 641
807 639
786 646
786 642
787 641
808 639
807 638
785 646
786 641
807 637
784 646
807 636
784 647
784 645
807 635
783 647
806 635
807 634
783 648
805 635
808 634
783 649
805 634
808 633
782 649
783 650
804 634
805 633
809 633
808 632
781 649
782 650
783 651
804 633
810 633
809 632
807 632
781 648
783 652
811 633
810 634
810 632
809 631
806 632
784 652
783 653
812 633
811 634
810 635
806 631
783 654
812 632
810 636
805 631
806 630
784 654
813 632
810 637
806 629
785 654
784 655
814 632
813 631
811 637
810 638
807 629
805 629
786 654
784 656
815 632
812 637
808 629
786 655
815 633
815 631
812 638
808 630
808 628
787 655
815 630
812 639
809 628
788 655
816 630
815 629
813 639
812 640
810 628
788 654
817 630
899 641
811 628
810 627
789 654
818 630
441 581
810 626
790 654
819 630
440 581
791 654
820 630
819 631
819 629
440 580
440 579
792 654
819 632
819 628
793 654
819 633
819 627
793 655
820 627
818 627
793 656
821 627
817 627
794 656
792 656
822 627
821 628
822 626
821 629
823 626
824 626
823 625
825 626
826 626
827 626
826 625
827 627
827 625
826 624
828 627
827 628
826 623
827 623
825 623
828 623
827 622
824 623
829 623
828 622
824 622
830 623
829 624
828 621
823 622
830 622
829 625
829 621
828 620
823 621
831 622
830 625
823 620
832 622
831 625
822 620
823 619
832 623
831 626
822 619
823 618
832 626
831 627
823 617
833 626
830 627
823 616
833 627
830 628
823 615
833 628
834 628
832 628
833 629
832 629
832 630
832 631
833 631
831 631
833 632
831 632
834 632
833 633
831 633
835 632
830 633
836 632
835 633
830 634
836 631
835 634
830 635
835 635
831 635
830 636
835 636
832 635
836 636
835 637
832 636
832 634
836 637
835 638
836 638
835 639
837 638
834 639
838 638
837 639
833 639
839 638
838 637
837 640
832 639
833 640
838 636
831 639
833 641
831 638
834 641
831 637
835 641
836 641
835 642
835 643
836 643
834 643
837 643
837 644
838 644
839 644
839 643
839 642
840 642
841 642
841 643
842 643
842 644
843 644
842 645
844 644
842 646
844 645
844 643
843 646
841 646
844 646
844 642
841 647
841 648
841 649
840 649
840 650
839 650
840 651
841 651
842 651
841 652
843 651
841 653
843 652
843 650
841 654
844 652
843 649
840 654
841 655
845 652
844 649
839 654
842 655
845 649
839 655
842 656
846 649
839 656
847 649
838 656
847 650
838 657
847 651
838 658
839 658
838 659
840 658
837 659
838 660
836 659
838 661
839 661
838 662
840 661
838 663
841 661
837 663
838 664
836 663
837 664
839 664
838 665
836 664
839 665
838 666
835 664
838 667
834 664
837 667
838 668
833 664
834 665
836 667
839 668
838 669
833 663
834 666
836 668
839 669
838 670
832 663
833 662
835 666
839 670
837 670
831 663
839 671
830 663
831 662
839 672
829 663
830 664
831 661
840 672
838 672
829 662
832 661
831 660
837 672
828 662
832 660
831 659
836 672
832 659
830 659
833 659
832 658
829 659
830 658
828 659
827 659
826 659
826 660
826 658
825 660
825 658
824 660
825 657
824 657
825 656
823 657
822 657
823 656
822 658
823 655
822 659
822 655
823 654
823 659
821 659
824 654
820 659
825 654
824 653
820 660
820 658
826 654
820 661
820 657
826 655
826 653
820 662
819 657
827 653
826 652
820 663
818 657
819 656
828 653
825 652
826 651
821 663
820 664
818 658
819 655
829 653
828 652
822 663
820 665
817 658
818 655
819 654
830 653
828 651
822 662
820 666
816 658
817 655
831 653
828 650
820 667
815 658
816 655
828 649
820 668
815 659
815 657
816 654
821 668
820 669
814 659
814 657
815 654
822 668
821 669
814 660
813 657
814 654
822 669
821 670
813 660
814 661
813 656
814 653
823 669
822 670
821 671
814 662
814 652
824 669
821 672
815 662
813 662
814 663
813 652
814 651
825 669
824 668
822 672
820 672
821 673
816 662
812 662
815 651
825 668
821 674
817 662
811 662
815 650
826 668
822 674
818 662
810 662
811 663
816 650
827 668
822 675
810 663
810 661
811 664
828 668
823 675
810 664
811 665
829 668
824 675
823 676
811 666
825 675
823 677
812 666
826 675
813 666
827 675
826 676
814 666
813 667
827 676
814 665
813 668
827 677
813 669
828 677
814 669
813 670
828 678
815 669
812 670
829 678
828 679
816 669
815 670
815 668
827 679
828 680
816 668
815 667
826 679
827 680
829 680
816 667
826 680
830 680
817 667
825 680
831 680
817 666
825 681
831 679
824 681
831 678
823 681
823 682
823 683
823 684
824 684
823 685
825 684
822 685
823 686
826 684
821 685
822 686
823 687
827 684
826 685
820 685
823 688
828 684
826 686
819 685
823 689
828 685
827 686
826 687
819 686
819 684
829 685
819 687
819 683
830 685
819 688
820 683
819 689
820 689
818 689
819 690
818 690
818 691
817 691
818 692
816 691
816 692
816 690
815 692
816 693
815 690
814 692
816 694
815 689
813 692
815 694
816 695
814 689
812 692
814 694
817 695
811 692
818 695
817 696
810 692
811 693
819 695
810 693
819 696
810 694
819 697
809 694
810 695
819 698
811 695
810 696
820 698
819 699
812 695
811 696
809 696
820 699
813 695
811 697
809 697
820 700
813 696
808 697
809 698
821 700
820 701
808 698
809 699
822 700
821 701
820 702
807 698
809 700
822 701
822 699
820 703
806 698
810 700
809 701
823 701
820 704
805 698
811 700
809 702
824 701
819 704
820 705
812 700
809 703
825 701
824 702
818 704
820 706
812 701
809 704
825 700
824 703
818 703
819 706
820 707
813 701
809 705
826 700
824 704
817 703
820 708
827 700
823 704
816 703
821 708
828 700
827 701
827 699
816 704
822 708
827 698
816 705
822 709
822 707
828 698
817 705
816 706
823 709
829 698
828 697
824 709
823 710
825 709
824 710
823 711
826 709
822 711
823 712
826 710
826 708
821 711
822 712
823 713
827 710
826 711
827 708
826 707
820 711
822 713
824 713
823 714
828 710
825 711
827 707
826 706
819 711
821 713
824 714
828 707
827 706
818 711
829 707
827 705
817 711
818 710
829 708
827 704
817 712
830 708
816 712
831 708
815 712
832 708
831 707
814 712
833 708
832 707
831 706
813 712
814 713
833 707
830 706
812 712
813 711
814 714
834 707
811 712
815 714
835 707
811 711
815 715
836 707
835 708
835 706
815 716
835 705
816 716
814 716
815 717
835 704
817 716
815 718
835 703
817 715
816 718
814 718
835 702
817 714
816 719
813 718
835 701
816 720
813 717
836 701
835 700
812 717
837 701
834 700
811 717
812 716
838 701
837 700
834 699
811 718
811 716
839 701
837 699
834 698
811 719
810 716
811 715
840 701
839 702
838 699
834 697
811 720
714 612
841 701
838 698
834 696
812 720
810 720
811 721
714 611
842 701
835 696
833 696
834 695
812 721
811 722
931 664
929 666
842 702
842 700
836 696
833 695
813 721
812 722
811 723
924 649
921 646
843 702
843 700
837 696
833 694
813 722
812 723
810 723
916 679
916 675
844 700
838 696
837 695
833 693
813 723
809 723
931 665
925 649
845 700
838 695
832 693
833 692
809 724
921 645
916 680
845 701
845 699
838 694
832 692
808 724
917 675
932 665
846 701
845 702
845 698
838 693
394 560
931 666
925 648
847 701
844 698
845 697
839 693
837 693
681 604
922 645
920 645
848 701
847 702
847 700
845 696
840 693
680 605
916 681
918 675
848 700
845 695
841 693
840 694
681 605
147 517
932 666
926 648
922 644
915 681
849 700
841 692
145 527
146 517
919 675
933 666
932 667
841 691
145 526
145 517
927 648
923 644
922 643
842 691
841 690
145 525
144 525
914 681
915 682
843 691
841 689
145 524
144 518
920 675
934 666
843 690
842 689
840 689
841 688
144 524
144 519
143 520
933 667
932 668
928 648
843 689
842 688
839 689
841 687
144 523
144 520
927 649
924 644
922 642
843 688
838 689
841 686
144 522
145 520
914 682
921 675
920 674
844 688
145 522
145 521
146 521
935 666
934 667
934 665
933 668
844 687
147 521
149 518
148 521
150 518
931 668
927 650
925 644
844 686
150 522
149 521
150 519
150 521
151 519
151 521
923 642
921 642
922 641
913 682
843 686
151 520
155 530
152 520
155 529
153 520
922 675
935 667
935 665
931 669
843 685
155 528
153 521
155 527
153 527
154 521
928 650
927 651
926 644
923 641
843 684
156 521
154 527
153 526
155 521
920 642
922 640
912 682
913 683
843 683
154 526
155 522
154 525
153 524
155 523
154 524
923 675
936 667
935 668
936 665
843 682
155 524
156 524
157 524
157 525
158 525
158 526
158 527
159 527
935 664
930 669
931 670
927 652
926 643
924 641
844 682
843 681
554 704
553 703
565 704
554 703
565 703
555 703
921 640
922 639
911 682
912 683
913 684
923 676
935 669
937 665
844 681
843 680
554 700
564 703
555 702
554 701
935 663
931 671
928 652
927 653
926 642
925 641
924 640
845 681
842 680
843 679
563 701
563 703
920 640
922 638
911 683
912 684
913 685
937 664
842 679
843 678
555 701
562 703
563 702
934 663
930 671
929 652
841 679
844 678
843 677
556 701
562 702
556 700
559 670
926 641
925 640
923 638
840 679
845 678
842 677
561 702
558 701
557 700
559 671
560 702
922 637
910 683
914 685
938 664
840 680
846 678
841 677
559 701
558 700
558 671
556 671
937 663
929 671
929 653
927 641
924 638
839 680
840 681
846 677
840 677
555 672
560 701
559 700
557 671
556 672
560 700
562 700
921 637
922 636
909 683
838 680
847 677
557 672
561 700
557 673
559 675
560 676
561 699
915 685
914 686
937 662
928 671
929 672
930 653
837 680
838 679
848 677
847 676
557 674
558 675
559 676
561 698
556 674
929 654
924 637
920 637
836 680
837 681
837 679
849 677
558 676
562 698
556 675
557 676
921 636
923 636
908 683
835 680
836 681
837 682
850 677
562 697
556 676
562 696
914 687
937 661
927 671
835 681
837 683
851 677
850 676
555 676
556 677
562 695
553 677
929 673
931 653
925 637
919 637
923 635
835 682
838 683
852 677
851 676
850 675
555 677
562 694
563 694
554 678
907 683
913 687
914 688
938 661
852 678
852 676
850 674
563 693
554 679
563 692
555 679
554 680
926 671
927 672
930 673
928 673
853 678
852 679
853 676
851 674
849 674
564 692
555 680
564 691
556 680
561 679
931 654
931 652
926 637
919 638
852 680
853 675
849 673
562 680
563 689
564 690
558 679
919 636
802 706
802 707
852 681
854 675
849 672
557 680
559 680
561 680
563 690
801 716
801 715
802 709
853 681
852 682
855 675
854 674
850 672
848 672
849 671
558 680
561 681
561 683
562 690
801 714
802 710
801 713
851 682
852 683
855 676
850 671
847 672
848 671
440 582
516 677
558 681
807 709
802 711
850 682
853 683
850 670
848 670
561 682
561 690
534 690
517 677
802 713
853 684
851 670
848 669
558 682
560 682
561 689
807 710
803 713
853 685
851 669
847 669
848 668
532 691
533 690
518 677
802 712
806 710
807 711
852 685
853 686
852 669
846 669
848 667
559 682
561 688
803 712
806 711
804 712
806 712
854 686
853 687
853 669
852 668
849 667
848 666
532 690
807 720
805 712
807 719
855 686
854 669
852 667
849 666
847 666
519 679
805 713
807 718
856 686
855 687
855 669
851 667
846 666
847 665
518 678
559 683
805 714
807 717
857 686
856 669
855 670
851 666
560 688
806 714
807 716
857 687
857 685
857 669
851 665
531 690
520 679
806 715
810 714
857 688
857 684
858 669
852 665
850 665
519 678
807 715
809 714
858 688
857 689
858 684
859 669
850 664
808 715
859 688
856 689
860 669
859 668
850 663
809 715
859 689
861 669
849 663
850 662
809 716
861 670
861 668
848 663
849 662
851 662
850 661
862 670
848 664
848 662
850 660
863 670
851 660
864 670
851 659
864 671
864 669
852 659
851 658
865 671
864 672
864 668
850 658
865 672
864 667
849 658
863 667
864 666
848 658
849 659
865 666
848 659
848 657
866 666
867 666
867 667
867 668
868 668
869 668
868 669
870 668
869 669
871 668
869 670
869 671
870 671
869 672
871 671
868 672
872 671
871 672
868 673
873 671
871 673
868 674
874 671
873 670
869 674
868 675
875 671
873 669
867 675
868 676
876 671
875 670
873 668
866 675
869 676
868 677
877 671
874 668
873 667
866 674
870 676
868 678
878 671
877 672
874 667
865 674
870 675
869 678
879 671
878 670
877 673
874 666
864 674
870 678
869 679
880 671
878 669
877 674
874 665
863 674
870 679
881 671
879 669
877 669
877 675
875 665
871 679
870 680
882 671
877 676
876 665
872 679
870 681
883 671
882 670
878 676
877 677
877 665
873 679
871 681
869 681
884 671
882 669
879 676
878 677
878 665
877 664
885 671
881 669
882 668
880 676
877 663
886 671
885 672
881 668
881 676
880 677
878 663
876 663
877 662
887 671
886 672
881 667
881 675
879 663
878 662
886 673
880 667
881 666
882 675
879 664
886 674
880 664
886 675
881 664
880 665
886 676
881 663
881 662
882 662
881 661
883 662
880 661
881 660
883 661
881 659
884 661
882 659
881 658
885 661
881 657
886 661
885 660
887 661
885 659
887 662
885 658
887 663
888 663
889 663
890 663
891 663
890 664
891 662
890 665
892 662
891 661
893 662
891 660
893 661
890 660
894 661
895 661
895 660
896 660
895 659
897 660
894 659
895 658
898 660
897 661
893 659
894 658
896 658
899 660
897 662
896 657
900 660
899 661
899 659
896 662
901 660
900 661
899 658
901 661
898 658
902 661
901 662
903 661
901 663
904 661
901 664
904 662
904 660
900 664
901 665
904 663
904 659
901 666
904 664
904 658
900 666
905 664
903 664
904 665
905 658
904 657
899 666
906 664
904 666
906 658
898 666
904 667
907 658
897 666
908 658
896 666
908 659
908 657
896 667
909 659
908 660
909 657
908 656
895 667
910 659
907 660
910 657
909 656
894 667
910 660
910 658
909 655
894 668
894 666
910 661
911 658
909 654
894 669
893 666
910 662
912 658
910 654
908 654
909 653
895 669
893 669
892 666
911 662
909 662
912 659
912 657
911 654
910 653
908 653
909 652
896 669
893 670
892 667
911 663
909 663
912 656
912 654
907 653
909 651
897 669
893 671
912 663
909 664
911 656
910 651
898 669
894 671
893 672
913 663
910 664
909 665
910 650
899 669
893 673
914 663
909 666
910 649
899 668
892 673
893 674
915 663
914 662
909 667
911 649
910 648
900 668
894 674
916 663
915 664
910 667
908 667
909 648
895 674
916 662
915 665
910 668
908 648
896 674
917 662
916 665
910 669
907 648
908 649
897 674
918 662
916 666
910 670
906 648
907 647
897 675
918 663
918 661
916 667
911 670
910 671
906 649
897 676
919 661
918 660
915 667
916 668
911 671
910 672
897 677
920 661
918 659
914 667
909 672
896 677
897 678
921 661
918 658
914 668
908 672
909 673
895 677
897 679
922 661
921 662
921 660
918 657
907 672
908 673
909 674
895 678
895 676
922 662
919 657
918 656
908 674
910 674
894 678
923 662
922 663
920 657
917 656
918 655
908 675
893 678
924 662
921 657
920 656
916 656
917 655
908 676
892 678
924 663
924 661
922 657
920 655
915 656
917 654
909 676
925 663
924 664
925 661
922 656
920 654
915 657
915 655
910 676
925 664
924 665
926 661
921 654
920 653
915 654
911 676
927 661
922 654
921 653
920 652
915 653
911 677
928 661
927 660
920 651
914 653
915 652
912 677
929 661
928 662
928 660
920 650
915 651
913 677
929 660
928 663
928 659
921 650
914 677
930 660
929 659
929 663
927 663
928 664
922 650
921 649
915 677
914 676
931 660
930 663
928 665
923 650
921 648
916 677
915 678
931 659
931 663
930 662
928 666
923 649
921 647
528 636
529 636
530 636
529 637
531 636
530 637
530 638
530 639
529 639
530 640
529 640
531 640
528 640
529 641
532 640
529 642
528 642
527 642
526 642
526 643
526 644
526 645
525 645
526 646
527 646
527 647
527 648
528 648
526 648
527 649
528 649
526 649
529 649
526 650
530 649
525 650
530 650
524 650
530 651
523 650
524 651
524 649
531 651
522 650
524 652
524 653
525 653
526 653
525 654
527 653
525 655
525 656
526 656
524 656
523 656
522 656
523 657
521 656
523 658
521 657
521 655
524 658
521 658
521 654
525 658
524 659
522 654
520 654
526 658
525 659
524 660
519 654
526 659
525 660
524 661
519 653
527 659
526 660
519 652
528 659
526 661
529 659
528 660
526 662
530 659
528 661
525 662
528 662
525 663
528 663
524 663
525 664
529 663
523 663
525 665
530 663
522 663
525 666
531 663
530 662
521 663
522 664
531 664
531 662
522 665
531 665
532 662
522 666
531 666
530 666
531 667
529 666
530 667
532 667
531 668
530 668
532 668
529 668
533 668
528 668
534 668
527 668
528 669
534 669
534 667
527 667
528 670
535 669
536 669
537 669
537 670
537 668
538 670
537 671
538 668
537 667
537 672
539 668
538 672
536 672
539 667
538 673
536 673
539 666
538 674
540 666
539 665
539 674
538 675
538 665
539 664
540 674
539 675
538 676
541 674
540 675
537 676
541 675
541 673
537 677
542 675
536 677
543 675
542 676
535 677
544 675
535 678
545 675
535 679
546 675
535 680
546 676
546 674
534 680
535 681
546 677
547 674
546 673
536 681
535 682
546 678
546 672
536 682
534 682
546 679
546 671
537 682
533 682
547 679
545 679
547 671
545 671
538 682
533 681
548 679
548 671
545 670
538 683
538 681
532 681
548 680
548 678
548 670
545 669
539 681
531 681
549 680
549 678
549 670
544 669
539 680
530 681
549 681
550 678
549 677
550 670
543 669
544 668
529 681
549 682
551 678
550 671
542 669
543 670
544 667
529 680
549 683
551 679
542 670
544 666
528 680
529 679
550 683
548 683
549 684
541 670
545 666
544 665
527 680
530 679
529 678
550 684
540 670
541 671
527 681
531 679
530 678
550 685
527 682
551 685
550 686
526 682
527 683
551 686
549 686
525 682
527 684
552 686
525 683
525 681
527 685
553 686
524 681
528 685
527 686
554 686
523 681
529 685
526 686
555 686
554 687
523 680
530 685
526 687
556 686
555 687
523 679
531 685
530 686
530 684
557 686
523 678
532 685
531 686
530 687
558 686
524 678
522 678
533 685
529 687
530 688
559 686
524 677
521 678
530 689
560 686
559 685
525 677
520 678
530 690
560 687
559 684
808 725
808 726
808 727
809 727
807 727
810 727
806 727
810 726
805 727
811 726
810 725
804 727
812 726
803 727
812 725
802 727
803 726
813 725
802 728
814 725
802 729
814 726
801 729
802 730
815 726
800 729
801 730
803 730
815 727
799 729
800 730
800 728
801 731
804 730
815 728
798 729
799 730
800 731
804 731
816 728
798 728
800 732
805 731
804 732
798 727
800 733
806 731
805 732
797 727
798 726
801 733
800 734
807 731
806 732
797 726
799 726
802 733
799 734
800 735
807 732
807 730
806 733
797 725
802 734
802 732
800 736
808 730
806 734
799 736
809 730
808 729
806 735
798 736
807 735
798 737
808 735
807 736
797 737
809 735
808 734
807 737
796 737
797 738
810 735
809 734
807 738
795 737
797 739
811 735
807 739
794 737
798 739
797 740
812 735
808 739
806 739
807 740
793 737
799 739
796 740
797 741
813 735
812 734
792 737
793 736
795 740
798 741
813 734
444 569
443 569
442 569
442 570
442 568
442 571
443 571
441 571
443 572
440 571
441 572
444 572
440 572
440 570
444 573
439 572
439 570
440 569
445 573
444 574
439 573
438 570
443 574
439 574
437 570
438 569
443 575
438 574
437 571
437 569
443 576
437 574
437 568
443 577
436 574
437 575
436 568
437 567
443 578
437 576
436 567
442 578
436 576
441 578
436 577
441 577
436 578
440 577
441 576
435 578
439 577
434 578
439 578
434 579
439 579
434 580
811 640
811 641
811 642
324 574
324 573
