506 769
415 636
648 772
586 728
542 607
556 637
369 638
579 654
638 768
520 762
572 729
572 731
475 720
410 628
471 725
602 706
637 765
348 691
485 709
436 703
368 613
372 671
381 647
601 727
378 614
523 699
364 672
527 759
593 655
436 660
388 705
599 676
567 676
563 653
560 756
443 697
534 783
532 756
447 719
483 732
572 721
637 794
513 762
637 766
345 706
462 721
559 742
353 693
617 786
614 757
478 728
369 612
603 811
356 718
589 679
571 660
504 753
415 625
568 722
388 643
555 749
525 601
578 724
587 683
459 738
615 758
558 692
448 706
533 693
517 703
429 643
563 759
627 675
572 726
584 683
640 767
588 755
414 740
551 686
544 729
589 738
591 807
634 807
477 730
350 696
603 736
362 671
528 707
593 714
539 756
435 676
620 814
426 701
361 679
494 687
493 765
638 795
541 725
415 736
513 704
436 658
500 747
435 655
425 698
467 725
643 770
589 692
462 738
541 600
460 683
455 724
594 730
623 669
486 716
610 677
622 751
446 707
492 719
503 717
534 776
394 639
506 712
497 704
513 759
603 812
643 762
584 753
379 616
600 706
398 633
601 736
558 742
416 730
497 762
357 632
603 706
529 783
439 678
514 759
506 781
585 658
588 656
648 802
636 758
614 792
423 713
584 739
511 704
379 646
619 689
486 708
384 628
484 709
370 672
490 766
496 722
433 658
502 712
596 650
449 687
598 748
520 754
560 765
484 738
641 758
603 739
412 742
420 701
496 697
455 688
573 657
596 661
395 627
348 692
397 696
552 676
544 599
591 675
394 707
591 666
506 713
544 639
436 678
624 809
484 732
429 639
421 705
555 762
511 757
381 638
538 688
633 801
574 660
559 680
601 707
395 707
438 681
633 777
414 642
358 690
434 710
571 753
571 656
441 711
393 640
351 705
634 805
381 709
447 711
551 680
577 734
377 702
541 607
524 759
520 699
606 800
364 732
438 703
619 818
615 750
557 677
601 688
489 723
554 734
561 693
579 724
555 650
588 736
429 636
399 705
414 641
619 801
620 813
532 706
543 643
601 734
601 724
551 690
552 742
398 640
510 716
557 758
629 757
361 738
563 656
378 711
538 767
563 660
499 747
412 635
567 675
417 737
374 707
434 647
521 621
594 653
613 676
510 704
563 749
528 694
620 812
369 706
460 743
499 700
599 667
554 750
451 716
547 757
428 633
430 715
599 685
570 718
382 625
411 744
532 576
618 785
463 736
542 753
510 749
531 703
618 686
579 757
553 738
533 698
571 751
383 635
392 711
571 717
357 682
538 637
358 718
345 714
382 635
594 734
503 753
578 738
398 627
517 588
363 724
628 766
428 647
560 698
385 633
384 625
496 767
443 695
585 731
599 706
562 710
496 721
589 672
486 732
607 681
481 713
541 586
560 759
357 685
360 684
417 707
417 635
435 651
433 656
461 726
602 808
416 635
565 765
533 696
419 641
652 780
503 719
593 698
566 717
541 609
514 703
598 728
592 687
342 708
437 665
574 760
646 798
506 771
561 710
574 728
637 769
533 770
505 783
592 670
569 718
342 704
439 676
615 808
634 773
624 672
601 689
477 717
598 736
515 701
427 708
556 712
558 753
456 686
354 700
483 731
415 635
617 755
631 771
445 697
400 704
416 718
433 718
612 813
604 800
351 709
606 681
359 633
393 706
449 694
538 712
437 663
362 727
426 631
501 704
473 728
555 675
432 648
358 721
561 630
550 683
415 734
411 725
531 760
380 624
471 718
550 689
584 659
460 726
542 756
359 719
567 766
443 673
551 692
528 757
427 697
381 623
634 774
445 702
498 687
609 747
465 718
357 687
617 679
349 693
616 759
437 680
594 802
418 709
392 719
626 811
408 727
615 690
567 716
569 724
511 762
396 697
530 760
618 758
624 807
486 709
573 728
458 684
529 694
362 697
546 703
443 699
568 674
573 756
578 749
548 733
520 707
601 746
360 714
515 759
356 727
376 617
448 707
630 748
636 757
565 659
377 707
496 691
528 704
498 767
546 700
573 752
406 644
498 771
579 731
498 763
500 696
451 690
505 712
585 729
645 771
603 680
627 753
381 634
358 725
483 719
577 748
589 747
545 679
603 682
617 804
585 659
443 685
545 727
627 811
384 626
634 757
527 704
590 808
591 686
571 671
351 702
450 693
641 764
434 717
490 719
596 807
403 639
585 754
463 717
496 689
375 616
369 673
350 695
515 702
342 705
628 758
494 720
416 706
397 695
430 650
443 672
385 636
414 704
631 768
384 637
444 672
546 763
427 635
547 726
588 808
559 718
459 683
412 642
534 693
501 773
427 642
596 677
440 684
562 567
602 812
571 725
368 612
579 655
599 686
536 637
649 795
386 622
558 672
374 635
608 681
492 761
617 780
482 728
579 729
428 639
500 776
441 672
581 656
651 786
583 720
520 709
352 710
426 642
545 684
609 748
435 714
358 685
634 808
504 766
370 635
574 661
573 669
384 645
563 654
641 781
639 796
403 627
426 636
560 707
571 723
520 708
435 656
535 783
640 780
520 756
597 734
562 762
421 637
561 742
603 808
558 739
389 712
432 668
465 723
597 675
377 636
547 708
498 768
455 691
548 734
378 699
573 731
423 698
511 708
360 723
498 722
491 762
541 708
569 716
407 644
506 708
596 649
379 612
587 691
376 700
500 763
546 728
546 684
500 612
527 636
375 703
650 796
588 801
588 738
482 732
561 754
406 702
416 642
536 608
469 717
500 609
368 680
566 673
386 721
602 722
635 756
442 671
380 707
577 761
592 675
562 723
563 652
413 730
368 639
646 797
592 661
364 676
398 626
456 723
547 758
502 716
503 716
573 726
396 628
562 664
629 764
499 705
483 718
590 680
401 638
348 702
556 694
441 710
433 648
510 708
503 782
574 732
494 772
405 701
586 732
442 710
615 821
616 806
407 728
594 712
383 625
564 756
545 763
421 720
460 717
394 701
613 680
589 676
500 749
563 671
533 766
357 635
391 643
454 716
553 734
351 719
357 695
616 690
589 756
483 738
548 652
379 620
598 715
420 725
359 698
595 742
452 689
530 757
575 732
377 701
588 803
587 682
438 702
525 759
617 676
547 683
427 713
496 695
464 739
557 671
575 755
637 762
557 648
433 646
489 708
559 671
557 762
515 706
492 720
383 708
602 738
570 716
430 632
598 656
493 711
625 673
491 766
573 715
649 799
493 768
588 740
460 744
552 749
497 610
634 776
617 787
492 712
503 765
545 722
498 773
458 724
588 747
576 752
527 692
493 712
573 661
484 742
384 704
361 684
570 717
638 792
583 722
606 813
578 730
564 659
368 638
628 747
430 652
399 703
627 760
407 643
556 747
423 714
527 783
347 702
409 732
611 810
470 726
437 649
604 720
364 670
548 708
410 629
544 755
590 696
576 688
525 603
628 757
379 707
484 710
475 715
364 724
452 719
353 717
602 716
498 751
611 744
353 705
629 808
642 779
532 702
374 670
548 762
495 705
488 745
481 728
592 691
563 754
628 765
425 634
562 691
589 728
395 702
491 755
635 804
626 757
637 792
556 752
599 668
421 723
600 704
601 683
558 735
552 757
598 727
497 698
561 722
378 615
481 740
622 682
486 744
358 687
524 761
597 672
482 729
614 681
462 713
640 758
481 712
552 741
430 711
618 815
574 759
530 692
641 757
560 674
468 729
555 683
545 649
430 669
510 759
424 697
566 722
585 655
460 714
560 681
620 816
495 711
606 680
363 679
555 751
365 635
509 742
431 695
564 660
461 740
635 807
493 709
403 704
603 715
414 702
466 725
488 748
572 671
487 716
589 804
592 667
555 761
573 655
565 650
487 733
392 703
557 738
385 629
589 693
619 816
616 796
567 720
378 619
558 737
437 664
367 680
407 705
616 791
393 711
582 721
582 738
625 748
614 820
531 632
432 710
361 671
358 691
624 671
632 768
438 650
420 740
596 689
556 679
534 710
470 730
546 757
592 714
621 679
347 704
553 717
406 726
493 760
616 692
409 628
482 741
465 722
494 713
463 716
450 719
589 687
639 770
579 682
585 730
589 688
616 799
434 709
616 749
526 603
567 674
433 704
349 717
506 772
356 631
602 715
484 731
409 726
434 658
462 681
576 678
394 711
638 766
529 785
616 786
559 767
549 676
384 720
542 681
437 674
379 622
355 696
544 731
627 790
538 638
500 771
642 781
593 688
383 707
552 695
577 759
520 760
600 806
595 658
409 625
353 719
357 633
648 789
413 640
346 712
610 748
614 684
602 720
401 627
491 687
554 718
443 696
601 725
650 786
560 747
603 672
498 705
374 614
485 742
562 756
382 631
354 717
473 727
620 801
488 749
525 697
559 681
547 764
431 652
594 658
580 656
558 746
531 708
406 629
627 767
550 761
506 752
643 780
372 616
541 606
393 699
551 683
541 719
548 761
546 650
376 637
603 800
589 683
559 769
420 700
617 788
444 684
558 767
599 743
341 703
409 630
495 756
513 710
512 707
470 727
421 698
355 717
617 754
391 713
555 750
358 693
493 752
406 627
648 788
615 753
541 722
428 697
570 735
450 711
603 741
616 792
419 632
580 755
359 725
361 729
594 651
501 752
555 748
513 744
616 758
633 805
535 605
589 655
494 770
434 668
363 675
599 677
568 660
416 717
475 717
475 728
578 682
414 625
368 637
398 703
420 729
446 715
589 656
615 755
621 752
557 714
617 785
643 793
584 719
494 708
419 739
627 768
533 783
524 751
576 730
557 694
386 640
572 717
418 641
544 641
598 687
533 775
487 708
600 689
614 749
410 722
554 737
650 793
546 732
585 755
418 633
404 628
643 766
581 687
631 770
400 627
360 679
365 633
497 751
642 758
532 708
532 757
354 721
411 743
601 690
452 682
425 641
474 727
554 746
447 708
575 754
399 634
392 641
437 678
384 620
631 763
429 644
514 699
598 712
434 655
591 668
485 744
432 659
521 760
424 700
595 660
649 798
494 771
588 800
362 724
368 706
391 714
615 680
528 758
428 716
615 681
384 718
428 646
442 700
426 717
565 658
493 758
357 683
639 777
395 630
548 732
594 748
620 688
395 639
470 729
535 770
591 692
535 780
387 710
387 641
542 755
436 648
533 691
622 760
544 737
597 708
584 655
588 683
604 813
616 807
620 686
415 638
361 735
596 670
392 720
430 694
385 619
545 600
379 630
365 634
540 725
408 701
548 679
557 708
582 656
440 702
446 684
489 712
590 738
516 704
555 747
420 702
505 782
495 706
465 720
591 687
479 717
597 667
546 597
437 645
448 715
445 685
400 636
559 740
596 727
440 683
560 736
416 731
518 762
648 781
542 641
502 757
641 767
512 781
509 715
386 723
532 689
618 790
387 702
617 800
422 715
530 690
574 659
439 710
422 718
516 707
621 754
609 741
502 755
461 683
442 703
610 747
532 694
633 798
453 696
512 762
601 735
407 706
556 669
483 713
543 754
419 733
360 697
564 724
574 761
556 746
597 701
489 754
574 671
587 735
593 692
359 632
563 756
444 686
542 638
367 705
367 706
400 624
575 759
594 699
529 688
597 661
428 648
496 756
594 662
532 690
488 753
381 639
415 739
614 679
575 736
597 743
551 699
570 674
421 701
476 726
652 782
462 742
386 711
555 648
573 761
492 687
555 660
622 676
579 728
361 686
535 769
649 801
368 672
353 701
465 725
493 721
445 713
602 709
393 704
496 720
619 803
568 661
582 689
650 784
414 701
596 710
351 708
611 681
614 687
421 711
402 634
547 762
434 703
488 722
578 691
595 734
651 783
444 683
407 729
363 705
647 781
619 780
618 753
440 694
599 672
340 702
577 661
410 630
362 705
408 634
405 642
500 757
402 643
353 716
552 756
415 702
541 721
620 752
568 749
601 747
579 747
384 702
586 654
614 821
496 772
421 719
620 759
351 700
592 700
617 690
530 708
559 674
357 706
496 763
543 721
555 736
636 807
596 653
456 722
356 722
544 705
421 636
370 707
612 811
432 673
490 714
624 750
541 605
565 662
571 673
522 756
435 660
548 656
614 813
619 789
647 798
593 734
501 747
362 732
596 671
603 747
561 570
490 713
355 699
497 693
599 714
358 699
601 701
503 772
585 654
387 707
416 737
413 744
494 760
635 762
604 737
513 708
398 634
373 671
594 747
605 743
458 715
416 733
618 782
571 712
398 693
379 647
563 661
588 682
533 694
433 673
483 735
556 650
557 760
452 713
500 764
522 605
498 710
599 671
547 681
375 704
587 732
383 719
584 762
541 709
348 694
581 737
625 760
450 713
442 672
524 760
603 746
466 715
368 636
593 732
542 597
609 745
489 748
500 774
508 711
593 803
452 696
635 772
521 754
501 610
567 765
500 765
576 726
556 758
561 765
614 789
411 701
384 623
566 716
552 672
418 638
420 635
460 715
589 730
580 738
393 630
583 736
614 690
579 726
561 773
601 702
498 691
347 710
593 747
413 739
583 654
600 705
398 642
449 696
512 763
529 695
422 635
605 681
358 683
372 708
618 812
506 716
585 753
577 754
569 711
421 635
380 623
462 684
597 645
601 748
364 673
578 688
381 641
491 725
429 709
540 642
494 766
437 658
389 716
579 656
640 793
548 698
424 634
548 699
598 701
596 742
418 738
492 765
495 692
597 809
596 734
443 681
427 643
397 701
456 685
394 704
492 709
539 711
445 712
549 696
598 683
599 701
580 751
373 669
551 694
572 713
574 677
572 674
408 635
533 771
436 664
494 691
605 716
488 708
558 675
459 734
462 714
551 681
579 749
439 677
558 560
373 706
441 700
574 657
596 708
489 763
410 644
599 750
600 714
544 726
590 697
380 645
579 752
523 760
347 701
494 693
562 742
382 702
549 698
581 684
621 810
433 672
361 670
371 636
555 694
387 704
365 632
543 734
564 749
401 635
409 703
549 697
572 672
414 640
579 657
507 781
359 722
500 626
584 689
520 753
622 788
462 683
370 633
598 688
452 684
556 676
520 752
550 709
509 769
373 617
510 780
378 702
424 666
432 715
532 782
428 712
456 738
413 641
612 810
600 735
375 635
596 713
511 742
364 674
487 707
572 664
611 689
613 812
624 810
549 596
549 675
557 736
425 666
631 809
577 691
458 744
522 708
385 624
362 733
591 657
413 705
372 709
648 783
549 656
598 685
539 681
579 746
522 752
570 728
412 704
438 651
498 695
362 731
639 769
539 608
562 674
623 789
627 812
484 717
527 695
411 635
599 738
415 733
544 596
522 753
547 656
488 713
604 715
361 705
558 722
622 762
364 635
360 694
618 821
414 627
591 678
435 674
617 692
416 735
630 809
405 628
601 807
358 706
584 657
559 694
536 607
507 709
382 701
605 740
597 703
444 682
508 710
383 637
604 718
619 752
356 683
545 658
496 698
600 683
527 696
491 752
564 747
429 637
589 729
450 714
361 725
611 808
389 718
509 766
602 802
573 736
642 767
541 639
375 707
531 762
558 769
525 628
382 624
370 613
550 699
567 751
387 619
560 710
588 754
560 754
528 759
350 718
572 665
599 669
434 704
608 813
588 730
436 676
597 748
576 661
596 711
569 658
496 694
588 757
603 717
444 698
358 716
391 711
495 767
444 670
387 705
484 736
552 734
405 644
611 682
482 740
618 789
421 639
544 730
554 676
435 662
457 691
565 657
427 702
434 666
619 807
425 699
619 811
574 726
410 703
426 639
545 647
576 756
569 674
438 674
529 690
605 682
617 753
502 690
500 627
637 795
595 730
538 605
551 676
376 616
547 648
511 759
470 717
632 760
622 789
590 731
549 672
435 675
494 711
454 685
456 737
493 687
450 688
624 805
513 709
411 727
508 712
498 770
636 804
363 678
622 671
543 645
644 772
558 709
388 708
360 737
498 706
624 806
547 690
364 675
446 709
598 708
349 718
459 716
580 759
540 696
347 711
440 678
510 781
448 710
373 633
624 789
595 716
418 728
651 781
500 695
373 668
586 729
521 709
472 719
495 754
596 658
541 710
435 663
538 639
489 717
541 681
447 714
339 702
394 705
482 710
618 750
598 666
591 803
371 632
599 746
376 623
510 715
572 736
642 793
618 670
416 738
532 763
579 759
562 672
595 699
443 713
599 674
434 660
570 673
402 704
380 702
554 694
625 789
529 687
566 753
563 665
523 626
545 596
378 613
615 820
390 717
551 708
563 664
585 762
545 723
598 747
555 653
523 758
558 691
568 716
550 695
593 667
604 717
427 666
553 741
595 729
529 782
543 725
428 669
424 698
427 632
595 651
638 776
637 768
570 675
347 705
418 710
390 712
408 698
369 635
551 687
457 734
383 647
617 791
410 727
639 766
384 703
538 768
417 738
494 767
516 705
393 700
448 687
519 704
561 723
541 641
482 713
542 601
619 690
588 806
406 634
415 626
535 712
591 732
506 780
398 622
361 733
464 683
593 711
460 742
361 685
597 656
595 717
523 759
397 635
548 672
558 752
414 739
596 666
607 744
544 722
387 708
401 704
540 721
590 661
574 642
380 636
403 703
498 774
597 657
556 736
460 724
484 744
440 696
557 740
640 781
572 666
532 697
583 753
627 751
531 692
362 707
516 588
619 691
352 692
512 745
463 684
362 675
566 723
429 640
427 709
357 694
429 638
533 764
547 709
507 768
419 705
419 729
441 682
418 632
396 630
558 714
533 773
551 720
575 738
363 669
504 720
645 796
380 642
566 750
398 628
526 759
356 706
573 671
378 623
509 761
589 691
571 659
558 661
545 599
435 646
551 730
530 781
488 714
507 769
621 681
589 808
520 763
609 744
562 722
441 683
581 739
508 716
598 732
357 708
378 621
410 624
343 706
643 761
614 814
355 700
578 748
461 721
356 720
499 609
592 747
572 654
502 753
568 723
559 737
521 701
435 645
561 569
420 726
485 708
557 737
417 626
567 673
557 722
445 686
515 762
440 692
443 712
414 727
486 714
360 695
426 648
402 625
584 717
560 766
380 643
499 690
610 812
440 711
596 712
619 804
478 711
520 705
647 797
417 733
491 720
359 699
600 669
491 764
592 697
407 698
428 702
594 697
573 717
622 810
586 752
416 729
568 721
616 789
485 737
410 626
358 684
398 700
536 769
601 803
594 805
558 679
526 758
590 679
537 690
431 709
508 750
515 705
473 719
617 752
500 705
591 665
604 808
603 743
508 708
562 726
552 750
601 804
543 752
544 608
406 727
565 677
461 743
632 758
589 718
413 742
583 740
501 690
366 671
427 696
552 675
517 587
510 747
613 690
398 704
434 701
540 769
426 632
391 642
510 746
387 645
353 718
644 780
600 802
432 709
544 751
588 661
579 730
501 715
621 672
579 687
617 806
500 772
342 703
573 712
444 685
355 705
386 645
341 704
636 776
598 738
627 674
393 649
508 707
566 715
580 750
595 667
564 750
477 719
558 740
639 779
503 756
417 731
455 685
591 747
627 757
555 681
499 610
573 734
463 737
443 694
564 653
524 700
372 632
541 755
622 677
586 679
491 758
496 696
630 810
539 769
495 772
381 631
549 761
378 635
349 712
544 702
481 731
478 727
565 724
533 768
381 635
479 728
412 625
350 702
593 700
434 674
459 737
464 737
581 679
560 693
641 793
483 720
443 711
409 701
563 771
507 712
362 681
547 706
439 691
463 732
615 749
526 695
623 751
561 700
356 705
441 681
519 587
492 762
427 714
574 678
355 692
568 750
574 667
586 656
417 729
575 753
490 765
510 779
436 696
350 711
500 779
370 637
355 697
560 706
603 813
546 706
494 689
420 699
602 742
418 640
542 599
620 802
573 729
483 741
358 714
604 681
633 804
546 645
599 745
361 696
560 697
548 723
567 710
599 656
453 714
370 673
571 676
460 716
448 699
631 769
351 721
560 705
355 683
610 813
600 715
446 687
588 718
436 651
381 707
635 773
599 675
394 700
579 755
429 658
512 761
401 643
380 641
544 764
594 675
386 722
355 707
643 797
361 723
451 683
352 709
591 679
526 699
360 696
543 642
382 626
411 642
646 783
379 643
442 696
384 632
447 720
576 760
538 769
559 758
378 611
397 700
519 589
578 760
639 793
564 666
629 762
435 644
556 693
359 634
543 610
365 670
385 620
568 720
459 742
560 757
636 806
399 626
394 640
376 636
534 625
590 693
518 703
415 718
501 781
578 658
635 795
551 685
353 704
411 722
649 793
507 750
628 673
474 715
540 714
405 725
442 699
632 761
574 658
362 729
413 704
546 680
490 763
480 728
560 712
410 726
435 665
477 711
439 693
586 690
390 707
649 783
531 701
395 705
357 692
609 681
535 784
414 643
640 764
603 683
564 650
553 684
499 767
398 632
362 632
503 764
484 740
573 666
604 806
626 749
531 757
590 807
511 743
459 717
620 806
354 701
484 720
612 690
561 755
428 698
498 749
496 754
436 675
493 704
624 670
447 685
425 635
486 715
625 809
639 778
347 713
557 716
587 802
510 745
364 730
499 691
599 702
583 759
520 704
592 712
448 696
592 733
421 726
449 711
508 763
622 681
387 703
587 728
453 698
520 759
529 760
555 715
559 746
501 772
542 600
530 762
593 653
546 646
565 676
490 764
554 742
535 767
544 643
443 698
459 724
554 738
616 756
545 756
580 761
402 639
593 733
595 670
579 658
471 723
578 660
424 642
592 803
360 693
538 714
397 640
639 758
574 736
437 679
418 637
577 730
450 691
345 708
453 722
490 756
518 699
547 761
623 805
398 639
585 739
502 748
396 633
435 678
574 674
540 641
524 626
614 680
522 698
622 790
498 698
547 728
565 717
395 626
590 672
570 654
611 748
593 807
521 756
541 608
454 722
593 808
495 755
593 675
536 690
532 691
607 809
356 717
570 657
495 760
531 772
482 708
359 708
616 750
534 780
601 811
597 689
628 809
385 721
585 690
393 650
451 719
498 709
448 714
496 768
575 678
514 761
564 661
451 692
556 707
588 670
434 673
421 699
542 725
596 748
559 766
367 635
494 754
492 752
361 734
429 668
394 647
609 677
567 722
499 704
414 635
626 809
476 714
517 698
461 717
614 686
493 761
606 743
352 700
552 720
524 752
349 713
597 682
451 686
501 691
499 627
623 761
503 711
533 763
500 782
361 634
607 808
560 758
488 757
543 609
475 719
601 687
488 721
577 760
364 631
650 797
598 733
540 643
543 764
523 752
652 781
372 706
389 705
415 624
618 784
488 720
543 755
360 728
425 713
636 765
547 759
633 806
623 670
604 743
458 743
461 741
588 756
524 628
372 633
366 680
433 712
587 734
562 673
621 682
382 708
405 627
366 678
494 721
626 761
621 811
559 720
359 694
358 719
447 703
543 733
425 642
527 701
499 757
501 714
549 722
612 677
391 641
356 635
612 809
378 618
498 752
549 674
563 750
525 604
546 657
359 710
349 694
611 680
364 726
386 708
399 636
495 773
373 634
426 716
563 748
361 727
455 738
475 718
532 705
491 753
421 704
400 628
573 672
529 705
574 676
488 743
448 685
435 695
452 716
561 770
483 729
484 739
592 706
501 609
544 725
560 769
543 731
497 695
532 704
572 730
514 758
349 715
499 756
414 638
561 768
497 692
546 658
545 728
561 771
599 739
612 808
649 789
567 750
411 644
647 772
545 683
439 714
559 690
547 651
565 755
482 733
648 782
535 709
413 706
635 776
566 747
394 706
621 815
587 660
372 710
455 687
454 718
595 801
446 712
598 658
531 693
627 759
370 636
594 714
464 722
376 707
450 692
544 644
507 708
375 705
440 675
592 690
404 629
455 690
563 651
621 680
445 698
627 672
463 739
558 660
550 732
347 714
407 701
597 738
521 698
601 715
613 675
388 644
560 690
620 753
528 692
595 689
490 712
543 706
488 747
563 724
616 805
381 702
381 643
572 735
615 802
642 796
400 622
540 605
632 772
467 716
614 689
571 736
595 748
359 718
421 712
351 717
559 765
590 657
503 755
386 720
454 717
575 677
446 710
411 724
603 720
609 810
459 715
545 702
418 639
646 780
385 621
619 800
499 703
609 746
600 738
556 763
623 677
348 713
543 639
634 804
457 685
437 681
586 659
637 770
533 704
484 733
457 689
605 800
506 770
542 720
586 655
643 794
569 751
627 676
419 642
514 704
495 633
578 754
584 688
408 706
557 745
538 680
510 707
567 658
390 714
371 671
525 698
355 704
555 753
602 747
614 790
629 747
382 627
610 679
543 578
391 644
587 755
478 717
556 759
618 669
577 727
552 694
545 651
595 805
572 716
470 724
598 737
533 695
539 713
617 821
487 746
555 716
400 637
611 749
605 717
421 638
500 697
378 617
362 726
385 708
593 712
424 664
621 670
501 750
528 706
586 734
406 703
398 694
418 636
454 719
487 706
615 792
633 762
477 715
535 690
416 707
571 711
362 631
365 731
551 721
534 777
558 697
418 642
516 762
618 786
558 741
459 690
385 641
591 661
593 716
439 679
507 710
605 813
522 709
558 718
587 757
510 748
570 655
396 639
590 659
579 751
506 714
384 622
476 717
571 754
643 767
406 701
494 722
362 704
522 757
437 667
412 643
497 772
617 682
643 781
615 752
620 811
389 715
636 760
465 719
467 718
379 706
623 808
637 763
589 673
589 661
565 664
600 805
392 640
541 714
649 787
491 707
380 612
619 759
434 663
349 714
570 749
429 717
650 787
399 640
488 755
407 704
436 655
622 679
497 710
363 726
516 697
510 757
547 699
617 819
428 709
604 740
544 763
530 782
618 751
399 635
376 697
349 711
536 606
398 695
610 675
571 726
544 645
618 804
432 655
366 705
368 614
637 771
598 711
490 748
418 634
459 713
601 813
515 700
643 758
422 709
502 782
597 646
470 723
349 706
383 638
636 771
575 737
423 711
630 771
426 702
638 758
445 672
646 771
456 689
359 714
446 685
595 653
572 667
549 683
639 776
566 658
490 724
553 708
498 689
573 714
475 727
471 722
401 642
350 719
640 766
453 721
595 662
588 659
425 700
594 731
549 689
543 763
487 714
569 714
507 771
356 697
611 807
636 764
562 765
638 793
597 744
634 801
444 678
378 610
465 682
508 743
590 658
579 754
531 702
628 761
551 682
507 743
465 714
378 710
463 740
547 658
621 759
460 745
414 741
556 760
552 684
567 714
384 630
498 688
547 655
559 736
431 647
616 790
414 705
619 813
433 655
401 644
376 615
582 724
520 702
499 749
384 629
617 750
572 754
487 745
596 805
434 698
617 815
600 725
556 762
381 622
373 616
579 760
609 742
415 727
596 669
435 696
499 701
411 704
519 762
447 701
409 706
500 611
465 724
592 696
431 650
571 728
632 801
598 667
590 670
626 763
422 698
446 714
425 639
558 712
648 801
473 718
497 689
597 660
529 692
623 810
614 788
602 721
419 710
505 781
512 750
643 759
592 669
436 666
482 734
421 740
374 671
610 810
644 758
615 806
544 646
571 653
387 620
515 707
405 629
461 742
390 706
620 675
649 792
557 698
440 676
524 698
592 655
444 675
346 706
550 694
575 674
599 684
521 753
547 654
359 723
571 724
542 598
443 682
615 682
598 669
550 708
559 716
616 754
550 682
572 722
556 717
458 691
545 764
481 732
488 752
359 706
504 782
467 730
556 716
487 749
545 682
490 725
570 719
505 718
536 780
490 721
492 757
510 778
553 677
522 760
350 700
545 678
534 696
429 631
375 706
346 704
601 709
357 725
572 714
536 771
587 731
540 710
465 739
548 735
627 749
416 732
581 680
538 770
642 769
534 689
378 636
555 763
583 761
551 689
570 751
546 762
529 631
558 734
378 700
498 690
495 697
500 777
540 756
502 749
551 736
491 748
365 681
501 755
455 721
340 703
558 696
538 608
622 752
590 683
557 719
554 741
602 672
492 764
400 703
374 708
401 637
428 715
553 735
434 664
415 701
553 707
589 659
592 651
503 754
553 760
404 627
407 727
413 625
489 753
402 627
503 720
617 818
415 703
563 753
597 658
381 708
607 814
648 798
590 692
411 705
598 674
563 650
548 728
411 723
494 757
565 750
618 780
557 650
573 732
434 715
536 605
379 619
598 734
544 600
531 707
416 724
500 773
555 737
608 743
411 741
541 642
598 743
566 719
415 704
464 733
602 801
364 725
596 662
409 644
650 794
440 703
614 688
511 749
614 753
438 652
616 798
565 769
534 766
541 604
407 700
520 698
455 736
446 716
576 734
598 729
479 713
441 714
378 633
576 689
534 768
512 747
621 683
617 820
520 700
409 634
544 733
592 678
598 749
413 727
555 676
587 718
361 681
363 681
435 652
416 720
581 751
598 672
546 764
521 705
602 803
463 721
533 774
361 695
412 645
487 744
503 710
610 797
468 719
397 704
349 716
527 635
480 712
491 712
629 771
393 702
366 635
605 715
591 733
588 679
562 671
418 708
547 727
443 679
419 633
414 723
561 758
432 718
384 636
554 717
356 692
530 694
413 635
381 636
436 663
608 741
343 707
409 731
534 709
456 735
405 626
558 738
564 755
501 780
581 753
590 747
443 701
554 747
438 648
495 752
562 724
559 692
508 764
358 717
639 759
519 702
448 704
589 696
606 808
538 765
596 654
484 719
442 714
500 775
355 698
385 645
414 703
546 647
378 709
594 732
617 677
580 681
564 764
562 773
551 672
650 785
491 761
548 722
617 789
619 688
621 671
470 725
410 704
372 614
376 622
575 690
414 743
601 684
601 802
347 712
498 756
547 703
488 719
571 735
400 641
546 705
501 716
613 677
389 710
542 639
551 732
590 746
539 639
539 783
562 750
540 709
357 688
553 739
628 767
471 727
584 724
385 707
558 674
546 723
355 708
614 756
479 711
347 703
456 688
549 707
409 643
482 738
618 806
516 702
432 711
543 613
389 641
611 690
612 749
618 679
435 668
616 693
501 713
538 711
594 713
578 687
521 763
503 708
448 705
542 710
435 698
493 691
357 718
465 717
550 675
527 702
489 750
435 661
535 710
406 645
376 635
631 764
403 633
371 613
588 751
404 635
467 729
398 699
636 763
588 804
450 694
639 757
590 695
643 768
562 662
379 648
454 686
568 710
455 718
624 677
391 712
481 711
400 635
632 802
499 781
483 727
544 647
484 741
567 752
426 697
469 725
448 701
560 760
550 731
627 673
415 637
620 676
436 650
395 697
533 709
569 749
569 719
583 760
544 727
413 729
365 671
539 784
428 695
525 703
437 666
479 712
356 630
602 724
462 727
580 756
533 708
437 675
618 676
602 807
409 727
590 730
624 790
558 658
649 790
620 754
476 728
532 701
498 702
428 717
496 705
520 761
576 738
528 784
535 776
526 703
418 635
430 668
350 708
393 644
443 677
548 725
560 711
537 767
600 807
487 717
433 653
645 780
379 702
585 725
550 672
554 683
422 705
475 713
404 645
436 647
578 659
509 762
557 655
639 780
500 759
651 782
404 634
369 680
362 696
569 710
598 686
613 799
647 783
552 760
628 749
580 687
550 710
346 702
542 752
384 644
436 697
489 756
415 725
595 676
604 738
386 620
439 684
551 693
596 698
587 739
561 766
551 677
361 728
396 629
428 711
505 766
363 671
545 729
452 685
616 801
424 665
634 775
622 805
603 740
530 761
601 708
494 714
436 659
608 746
587 736
514 698
636 761
565 661
440 714
538 691
491 713
617 805
367 672
594 667
599 645
443 678
486 740
603 742
581 724
461 681
532 760
444 713
539 640
558 700
626 748
627 754
542 613
428 666
604 719
590 803
357 726
560 763
499 695
433 647
417 638
443 706
443 683
363 677
438 696
507 766
451 687
533 765
480 741
423 634
558 695
617 798
553 694
358 688
494 753
564 675
385 625
350 705
393 646
451 695
451 688
344 704
344 705
490 762
350 701
503 707
428 643
583 689
498 708
533 781
491 750
564 662
646 781
356 684
460 713
545 639
384 634
599 678
631 759
483 734
445 707
631 766
498 750
472 717
596 728
430 695
554 660
581 681
526 701
434 702
363 680
531 691
560 764
559 741
563 666
345 702
384 642
565 753
598 689
395 647
505 772
510 743
413 728
509 768
596 806
555 682
411 745
407 699
547 725
558 713
414 728
405 635
581 752
577 660
453 685
635 761
596 699
353 703
616 680
357 724
536 609
618 688
586 691
424 713
359 684
549 690
441 709
611 790
562 761
443 680
484 745
586 753
649 800
602 682
628 768
552 736
551 691
488 746
525 602
595 697
522 608
495 763
411 742
456 736
590 673
466 732
511 777
378 616
510 762
412 644
547 652
584 718
470 728
573 656
511 775
618 689
567 663
587 730
610 744
445 699
396 632
585 726
347 700
453 716
566 661
498 610
458 690
559 709
437 651
528 783
522 711
558 754
597 683
500 690
613 789
406 704
585 717
415 743
410 732
455 725
429 632
384 708
355 719
592 677
508 765
399 642
394 644
503 709
470 731
385 639
596 743
545 597
596 663
461 714
466 716
438 684
650 795
534 771
588 753
480 708
541 752
388 718
572 668
516 703
392 707
565 767
565 754
498 699
599 708
370 612
478 714
351 711
373 670
559 712
360 698
613 813
623 762
444 671
618 678
589 670
364 671
512 708
529 759
415 721
404 703
449 695
575 752
464 715
543 705
360 705
551 684
615 693
622 670
532 772
548 596
499 763
443 674
541 597
643 760
583 724
351 716
614 797
407 634
370 706
598 806
384 639
522 705
565 656
345 707
490 752
614 682
566 677
547 684
548 597
454 690
559 715
401 640
585 727
617 678
545 681
621 677
425 636
590 669
372 634
613 749
599 744
600 690
577 687
601 672
363 707
409 626
572 662
623 760
452 715
487 722
572 712
358 630
580 762
559 743
433 664
483 730
491 759
620 791
498 772
502 778
602 727
546 699
514 700
449 714
379 621
435 667
344 706
389 714
564 654
618 811
406 725
458 716
557 712
593 697
431 668
359 707
385 630
601 686
580 683
392 705
561 675
544 736
457 738
588 805
570 711
492 748
552 748
358 715
643 771
393 723
396 631
467 731
537 765
546 649
544 613
395 700
425 647
506 766
572 660
501 765
350 717
550 685
539 785
576 758
630 766
557 679
634 767
596 656
600 686
620 751
586 683
447 718
511 778
620 670
566 724
464 735
431 711
509 743
501 756
491 708
558 671
421 722
544 642
436 702
487 742
619 692
593 654
538 784
560 742
491 757
549 673
618 819
618 813
449 706
468 716
596 703
537 766
579 756
424 650
623 807
494 710
460 725
615 801
500 761
615 819
459 736
437 668
623 750
558 677
596 667
409 627
597 712
529 706
356 708
604 680
440 693
370 671
561 670
363 676
404 636
561 571
645 794
544 721
420 728
564 753
590 681
597 700
440 691
553 683
350 694
437 703
387 644
532 693
581 760
612 680
591 656
526 625
561 762
592 671
379 633
611 677
544 598
421 727
407 630
636 795
374 616
455 722
595 749
588 691
589 809
353 692
629 809
599 747
637 758
514 760
595 708
360 706
632 808
497 763
474 718
464 717
511 776
586 657
567 660
600 672
361 730
620 677
543 710
584 740
446 703
589 677
503 752
452 683
414 722
498 769
589 717
433 669
491 721
548 654
569 657
557 670
509 716
547 756
543 640
572 751
439 711
341 702
600 700
610 690
396 696
469 729
366 672
634 795
435 650
423 716
373 614
363 706
594 652
407 730
379 631
558 673
571 654
626 789
616 682
537 637
629 758
507 716
548 689
381 640
561 671
360 680
353 709
522 707
549 732
543 597
597 704
354 704
409 624
501 706
596 655
635 757
449 692
582 760
453 719
541 640
415 642
343 704
483 726
356 636
497 691
477 727
536 712
432 650
483 710
594 660
603 744
640 778
500 706
562 663
364 632
481 729
595 751
571 729
421 724
442 712
563 710
571 663
533 782
597 676
399 694
427 712
574 727
463 738
559 724
626 673
593 689
598 673
627 677
420 739
453 720
558 693
494 692
638 796
547 732
598 644
512 705
641 769
596 726
609 813
571 658
593 661
502 777
529 756
381 626
503 718
393 648
567 662
450 687
559 689
532 771
546 596
494 752
538 690
411 624
420 633
598 675
494 709
550 735
456 724
633 808
563 657
552 677
414 707
397 633
365 680
595 707
604 814
633 767
576 755
418 626
506 750
422 717
630 767
414 730
564 771
607 813
392 723
448 700
481 741
443 703
540 698
626 672
494 704
386 629
582 720
546 648
615 800
633 768
618 807
461 723
468 725
393 703
542 715
482 709
434 653
617 759
504 711
543 612
572 676
391 705
348 706
573 662
430 653
426 630
587 733
560 761
595 750
567 709
559 686
588 657
360 634
439 712
600 743
401 639
404 646
617 799
361 706
350 693
561 691
552 688
422 711
401 634
419 741
479 714
508 767
351 703
592 665
420 710
354 708
436 677
502 765
378 707
618 800
546 656
438 714
505 765
542 602
346 714
624 673
616 797
384 635
531 782
573 654
420 704
619 788
634 756
372 613
363 696
558 647
560 692
508 766
600 678
559 723
503 706
370 634
587 808
515 697
435 653
456 734
562 754
549 735
592 662
603 681
567 661
589 803
417 642
542 754
369 672
621 806
502 779
373 707
562 725
588 678
459 684
488 744
620 807
632 773
351 693
522 712
545 640
595 809
512 704
532 709
575 735
408 627
402 626
618 759
386 641
579 691
528 785
353 708
401 628
584 690
600 744
591 673
400 625
584 761
381 620
568 751
413 643
456 716
468 717
629 763
485 716
577 753
547 763
500 701
423 710
598 655
524 609
401 636
566 676
545 732
540 695
545 680
560 746
525 695
373 705
626 677
483 717
590 674
559 717
542 604
503 749
421 725
619 753
558 678
371 707
587 751
621 678
628 789
571 737
485 733
356 721
501 766
537 608
436 645
352 701
536 784
594 689
412 727
352 716
618 671
357 700
536 770
583 690
368 615
499 760
427 667
601 682
622 806
616 808
516 699
611 675
580 682
539 710
512 760
597 685
464 732
626 750
537 784
413 701
649 791
558 715
503 766
577 726
586 727
349 692
412 723
594 707
586 718
511 781
498 707
488 718
495 720
621 812
494 690
385 634
558 758
505 719
497 705
600 691
433 668
551 746
524 630
550 722
343 708
527 693
644 771
538 779
425 648
615 687
430 654
641 794
508 762
566 765
356 728
387 706
523 700
628 760
494 688
557 647
602 702
596 665
455 689
521 758
505 752
489 755
357 686
387 643
432 649
464 734
579 660
638 762
572 734
553 720
547 760
377 623
619 687
387 718
537 770
563 765
543 607
430 657
434 713
442 695
399 623
415 720
587 656
553 721
620 789
572 756
426 708
376 706
360 632
627 752
406 706
643 796
501 762
627 750
428 630
445 688
360 725
405 647
498 700
534 779
381 632
563 760
562 675
385 631
564 770
451 694
498 696
429 630
429 695
534 778
587 659
553 746
616 679
613 678
613 793
504 783
564 762
493 773
361 736
535 711
366 679
458 723
531 705
376 632
352 715
387 709
619 670
645 795
590 682
495 704
559 719
586 660
412 700
478 715
579 725
420 634
540 681
564 657
556 718
481 708
384 643
442 683
601 737
378 632
485 734
400 626
601 685
462 682
636 805
427 695
598 684
514 706
511 758
517 762
408 643
553 761
628 677
633 773
564 655
447 707
543 751
555 679
599 727
550 730
543 736
420 703
575 661
414 742
570 752
415 706
546 653
340 704
554 653
506 715
418 733
379 636
576 757
597 647
625 750
414 721
549 695
542 603
591 667
591 731
430 631
512 749
393 645
560 767
610 811
407 629
482 727
430 658
488 717
460 736
590 694
450 690
507 779
602 723
615 751
378 708
527 700
501 763
511 744
395 699
472 723
626 760
500 752
428 632
586 755
548 729
487 748
601 704
613 688
546 651
463 715
559 705
599 715
572 715
420 741
596 707
640 768
380 633
596 704
543 644
643 769
449 686
388 710
508 768
492 704
513 761
604 802
430 659
391 718
547 723
466 714
471 719
483 716
596 729
380 631
403 644
586 739
538 764
558 736
641 766
573 659
546 707
601 678
417 706
602 708
577 688
600 701
358 632
560 722
405 643
447 710
396 635
489 714
584 738
352 693
434 662
437 673
456 687
490 758
514 705
501 707
461 727
545 751
494 707
572 669
650 783
539 641
552 689
414 724
544 732
594 661
378 612
523 698
601 706
571 675
502 772
627 810
396 634
589 810
490 723
550 721
632 771
448 697
564 763
502 627
379 645
645 797
422 701
360 631
480 711
358 694
425 701
525 702
502 713
435 719
361 698
379 623
597 684
593 707
636 759
601 679
365 707
583 655
573 754
579 653
390 644
554 677
390 641
634 796
572 663
583 723
538 689
398 625
580 724
356 707
496 709
506 779
565 663
614 685
476 715
392 645
450 720
522 710
368 635
435 702
618 814
428 668
594 716
540 713
530 785
456 691
453 684
420 639
619 678
533 697
358 722
356 719
582 753
497 722
507 714
600 727
441 699
630 764
584 725
594 693
350 706
592 707
574 755
521 702
465 732
545 757
640 776
397 628
367 671
596 714
391 717
593 659
540 755
386 703
567 719
571 657
631 760
570 659
417 705
610 680
491 756
404 647
499 702
494 768
573 674
427 668
433 654
596 664
604 803
493 720
392 644
600 709
528 695
467 732
431 655
583 656
518 588
520 755
367 615
500 758
609 743
592 807
442 701
357 631
391 710
399 693
629 748
435 694
516 698
360 681
598 713
589 736
395 698
619 686
531 704
531 706
352 705
563 675
572 661
576 735
537 780
451 713
522 758
540 597
568 724
555 645
579 738
633 800
361 682
559 761
375 708
441 695
634 802
544 640
629 761
430 647
582 655
386 625
631 758
612 675
635 803
488 742
518 698
594 659
451 689
561 708
586 717
430 656
529 691
581 688
625 678
495 757
589 689
499 752
543 720
355 721
547 597
528 705
402 644
374 705
392 704
532 773
433 659
430 649
368 673
537 605
596 700
619 806
540 600
512 748
594 711
449 710
557 761
390 718
580 684
400 642
613 686
525 700
581 678
407 725
396 700
538 713
551 760
383 639
520 706
438 683
547 689
641 779
524 627
487 743
597 715
633 799
597 806
413 627
554 735
350 703
613 808
389 711
535 781
591 696
598 682
594 708
464 736
523 756
556 735
589 685
614 683
365 675
359 635
484 716
441 708
422 710
546 704
415 729
366 615
633 776
560 755
599 679
425 650
554 761
641 765
465 721
390 705
396 707
358 689
427 639
449 712
594 807
562 760
393 647
573 721
381 621
545 598
576 759
509 707
531 761
570 724
613 679
592 692
466 733
598 735
493 693
420 727
559 707
412 702
377 700
571 718
561 736
594 715
427 637
362 684
406 635
526 601
550 712
537 712
416 739
343 705
418 729
361 731
519 703
426 666
553 750
633 761
587 679
509 749
557 718
482 714
435 658
613 797
576 754
631 765
551 731
597 729
502 752
386 710
502 707
560 762
428 635
533 767
609 680
361 737
542 682
605 808
453 697
501 749
618 692
560 708
619 785
575 726
371 633
441 703
501 778
589 802
425 633
632 809
609 682
382 647
459 744
426 633
497 768
448 698
629 769
557 752
571 722
380 647
559 735
576 691
582 722
420 711
542 716
357 699
474 726
593 802
563 747
449 699
447 702
530 706
539 605
629 759
590 675
351 720
555 680
617 801
435 666
395 628
583 738
580 685
417 632
578 747
415 707
565 675
604 801
428 710
476 711
430 655
590 685
477 716
635 802
414 744
599 709
533 625
634 797
588 739
555 742
385 632
379 650
509 718
428 649
426 638
435 697
628 748
361 694
550 698
415 719
595 802
628 762
489 721
413 626
396 640
509 717
562 771
419 704
559 658
553 719
603 745
411 726
620 815
594 692
461 724
495 709
499 611
502 781
527 694
500 778
593 676
543 681
510 760
595 711
495 693
490 708
399 704
416 626
562 666
375 702
499 770
621 809
538 681
444 687
561 769
364 681
598 645
460 738
643 795
614 748
641 795
436 649
350 720
461 722
596 651
599 735
434 714
585 679
583 737
603 738
483 715
641 768
543 611
358 692
559 688
457 737
603 725
447 704
497 760
351 710
443 676
388 707
627 788
519 754
552 758
396 703
415 724
348 712
596 735
543 750
461 738
398 623
603 801
545 645
506 751
590 677
512 706
468 718
552 746
525 751
558 698
549 657
508 718
584 656
576 690
372 615
623 673
437 696
562 709
444 706
544 756
557 649
566 752
495 722
598 671
433 671
386 709
387 719
515 699
366 632
501 748
392 721
578 686
558 694
620 817
391 640
557 656
396 627
362 698
426 699
447 698
546 702
558 659
487 747
500 613
581 689
625 677
557 676
579 727
496 764
561 743
616 757
408 731
446 718
377 632
492 708
534 769
429 698
564 769
545 733
409 702
501 627
446 708
555 717
452 695
509 750
491 682
616 691
509 781
397 703
443 710
578 726
497 761
376 699
364 707
597 737
425 649
445 714
359 709
560 671
477 718
400 640
600 726
360 734
439 703
498 760
366 707
634 798
500 760
389 644
373 635
445 703
446 711
553 751
621 760
414 729
428 637
529 757
552 687
559 722
467 728
571 752
629 766
459 735
533 776
392 706
396 702
385 640
381 637
596 697
421 721
443 702
568 714
415 735
604 807
585 683
557 709
587 661
573 667
543 598
560 569
596 648
498 757
372 670
563 662
347 706
357 721
592 689
432 671
584 687
433 670
504 718
427 717
594 700
359 724
438 649
361 724
635 771
503 778
580 749
497 756
494 712
555 649
418 707
378 622
559 679
580 686
452 687
446 717
630 758
549 736
521 707
644 793
354 692
464 684
535 768
533 689
599 749
488 756
483 736
599 806
512 759
455 716
550 711
559 708
448 686
603 737
543 682
565 747
423 635
379 649
578 727
437 714
600 747
356 699
602 725
358 631
510 744
644 795
596 676
476 730
505 753
508 781
474 716
550 690
592 711
607 743
547 680
471 717
447 687
444 688
444 707
553 745
583 659
411 625
588 658
452 714
382 623
376 698
597 807
439 696
634 762
505 711
614 806
618 783
363 733
591 669
403 634
560 753
628 771
385 623
489 752
346 705
626 764
458 735
637 776
446 720
456 721
500 704
382 643
620 803
476 727
597 702
638 770
501 757
418 705
383 702
443 714
430 708
458 738
544 682
555 752
465 735
356 695
363 731
561 692
613 811
597 671
652 779
557 675
357 723
422 716
361 683
642 795
581 738
588 737
388 641
533 769
488 723
558 770
527 703
413 707
588 729
619 819
355 693
475 712
573 755
526 700
438 679
380 644
614 808
601 703
648 791
588 802
561 721
462 715
413 723
381 633
405 703
394 630
579 753
601 738
363 631
566 718
416 704
384 627
405 702
555 707
588 728
440 695
529 689
525 696
596 709
356 723
426 713
577 757
595 698
494 758
542 714
408 630
624 760
563 655
636 777
575 667
442 709
590 686
372 707
513 749
637 775
491 751
553 740
412 701
433 657
642 764
537 606
457 684
350 704
589 675
627 809
474 713
568 715
615 756
570 663
385 703
472 724
578 725
556 649
519 588
502 780
590 684
453 683
407 731
537 785
557 746
444 689
457 723
554 749
543 608
565 766
592 688
484 737
570 734
532 762
550 676
629 770
364 731
600 728
435 647
418 739
559 753
646 772
551 673
637 793
584 720
422 713
557 669
558 669
558 668
558 667
559 667
558 666
560 667
557 666
560 668
560 666
556 666
557 665
561 666
560 665
556 665
357 634
561 665
615 686
574 752
427 716
635 763
626 762
377 615
361 631
619 677
441 693
595 803
650 798
496 693
547 653
595 675
427 636
417 732
385 622
493 754
590 671
362 633
493 772
595 807
392 718
572 673
519 586
503 712
463 722
499 694
545 730
581 683
543 735
482 715
598 714
452 686
559 691
390 716
476 729
450 715
500 781
464 714
578 737
486 734
568 657
535 778
416 736
630 768
425 640
488 750
444 703
426 698
370 638
400 623
580 760
648 787
384 646
593 691
497 709
560 709
431 656
482 730
474 714
548 683
446 446
555 665
555 664
554 664
555 663
553 664
556 663
553 663
556 662
552 663
556 661
394 702
556 660
591 677
556 659
553 661
556 658
554 661
557 658
555 658
519 699
557 707
555 657
353 721
555 656
628 811
535 689
555 655
350 716
556 655
477 710
556 654
556 653
557 653
554 636
556 652
557 652
488 758
557 651
558 646
558 645
558 644
557 644
364 669
556 644
572 670
555 644
549 708
553 718
573 676
551 735
559 721
589 686
485 735
558 643
559 643
559 642
559 641
560 641
559 640
561 641
559 639
561 640
558 639
389 708
557 639
587 809
556 639
494 765
555 639
556 640
648 797
555 638
598 648
555 637
597 648
593 651
554 637
386 719
387 720
366 706
392 722
531 785
443 675
612 679
538 692
465 683
385 719
562 640
562 639
563 639
563 638
563 637
563 636
563 635
564 635
565 635
564 634
566 635
565 636
567 635
566 634
565 637
568 635
566 637
569 635
569 636
570 636
569 637
568 637
568 638
568 639
569 639
570 639
569 640
571 639
572 639
571 638
573 639
574 639
575 639
574 640
574 638
576 639
574 641
574 637
577 639
576 638
512 744
575 637
574 636
578 639
577 640
574 635
579 639
574 634
579 638
574 633
580 638
579 637
573 633
574 632
581 638
573 632
581 637
573 631
581 636
572 631
582 636
572 630
501 767
582 635
571 630
572 629
583 635
582 634
572 628
584 635
582 633
572 627
585 635
584 634
581 633
573 627
571 627
572 626
585 636
580 633
574 627
570 627
572 625
586 636
569 627
587 636
568 627
587 637
587 635
567 627
568 628
588 637
587 634
566 627
568 629
587 633
565 627
566 628
566 626
569 629
567 629
587 632
564 627
566 625
588 632
563 627
564 628
567 625
565 625
588 631
562 627
564 629
567 624
564 625
588 630
562 628
562 626
565 629
564 630
568 624
567 623
588 629
562 629
569 624
568 623
588 628
561 629
569 625
568 622
589 628
587 628
548 680
569 622
568 621
567 621
568 620
567 620
568 619
566 620
567 619
565 620
567 618
564 620
567 617
563 620
568 617
562 620
568 616
562 619
569 616
568 615
562 618
570 616
568 614
561 618
562 617
571 616
570 617
568 613
560 618
562 616
571 617
571 615
559 618
563 616
561 616
572 617
571 618
558 618
559 619
561 615
571 619
558 619
559 620
566 751
561 614
571 620
557 619
560 620
560 614
562 614
557 620
560 621
559 614
560 613
556 620
557 621
560 612
556 621
560 611
561 611
559 611
562 611
558 611
559 610
563 611
557 611
559 609
564 611
557 612
564 612
564 610
556 612
565 612
564 613
555 612
554 612
553 612
554 611
553 613
554 610
552 613
552 614
551 614
552 615
550 614
553 615
552 616
550 615
550 613
554 615
551 616
552 617
550 616
549 613
549 616
548 613
548 616
549 617
548 614
548 617
548 615
547 614
547 617
546 614
546 617
547 618
545 614
547 619
545 613
546 619
384 719
545 619
438 682
544 619
545 620
492 683
489 686
544 620
545 621
491 683
546 621
545 622
489 685
545 623
491 684
545 624
490 685
546 624
544 624
491 685
492 685
543 624
492 686
542 624
543 625
543 623
538 780
542 625
543 626
620 818
530 763
542 626
626 812
563 742
541 626
486 742
426 650
540 626
559 744
559 768
540 625
424 647
559 745
539 625
486 741
535 782
538 625
554 736
552 735
550 734
537 625
538 624
616 820
541 724
541 726
536 625
537 626
538 623
427 648
541 720
547 724
536 626
539 623
541 707
542 707
542 706
535 626
536 627
540 623
572 711
548 707
548 709
552 708
534 626
536 628
546 708
545 705
559 685
534 627
511 715
535 628
536 629
560 701
559 700
559 687
558 688
534 628
540 697
536 630
560 700
560 699
546 701
534 629
536 631
546 698
559 697
550 700
533 629
534 630
537 631
620 790
621 789
509 765
538 631
623 788
539 631
538 632
499 773
539 630
538 633
618 781
539 629
537 633
536 633
535 633
534 633
535 634
533 633
535 635
532 633
535 636
531 633
534 636
535 637
531 634
533 636
433 710
530 634
434 719
529 634
606 799
528 634
599 812
527 634
528 633
597 810
629 760
528 632
434 718
528 631
432 716
615 754
527 631
528 630
431 715
526 631
528 629
434 711
525 631
529 629
527 629
611 791
612 792
524 631
527 628
607 799
615 797
434 712
434 716
523 631
527 627
433 715
522 631
599 811
522 632
598 810
611 792
522 633
607 798
436 714
523 633
521 633
613 792
610 791
524 633
520 633
521 634
599 810
611 793
525 633
436 695
520 632
431 718
519 634
519 632
520 631
432 719
607 797
518 634
519 635
518 632
600 810
610 793
518 633
519 636
609 794
611 789
517 633
520 636
430 709
429 711
608 795
516 633
521 636
520 637
607 796
596 809
515 633
516 634
491 719
521 637
520 638
597 808
601 810
514 633
516 635
641 778
521 638
519 638
601 814
514 634
514 632
515 635
516 636
524 636
522 638
521 639
519 639
613 794
514 635
514 631
524 637
523 638
428 708
610 794
513 635
514 636
513 631
514 630
524 638
608 796
612 789
513 636
512 631
513 630
515 630
525 638
602 810
573 733
513 637
511 631
512 632
513 629
516 630
515 629
526 638
428 714
427 715
511 636
512 637
510 631
513 628
516 629
526 639
526 637
610 795
511 637
509 631
510 630
514 628
513 627
517 629
527 637
609 796
605 801
509 632
514 627
512 627
517 628
528 637
602 811
601 812
508 632
509 633
512 626
517 627
528 636
610 796
422 714
507 632
509 634
512 625
517 626
422 712
507 631
508 634
513 625
516 626
517 625
612 796
611 797
507 634
514 625
513 624
515 626
517 624
421 716
613 798
506 634
513 623
518 624
517 623
612 797
602 800
505 634
512 623
516 623
517 622
421 709
422 719
504 634
505 635
511 623
472 727
504 635
504 633
505 636
510 623
511 624
503 635
503 633
505 637
509 623
503 636
503 632
504 637
508 623
509 624
502 636
502 632
504 638
508 622
509 625
501 636
501 632
504 639
586 751
508 621
500 636
500 632
505 639
504 640
507 621
509 621
500 633
500 631
503 640
506 621
507 620
499 631
500 630
502 640
507 619
498 631
501 630
501 640
507 618
497 631
501 641
508 618
506 618
496 631
497 630
500 641
509 618
508 617
506 617
495 631
497 629
508 616
495 632
495 630
498 629
508 615
461 739
494 630
499 629
507 615
494 629
499 628
507 614
590 806
507 613
619 784
507 612
589 806
590 809
506 612
507 611
627 789
505 612
508 611
507 610
504 612
509 611
508 610
506 610
504 611
509 612
509 610
508 609
504 610
509 613
509 609
504 609
504 608
503 608
504 607
502 608
503 607
502 609
502 607
478 709
502 606
478 708
479 708
502 605
494 759
503 605
539 695
504 605
503 604
538 695
539 694
505 605
538 694
539 688
505 604
538 693
506 604
505 603
539 692
507 604
505 602
508 604
504 602
505 601
508 605
508 603
503 602
509 605
508 606
509 603
510 605
510 603
511 605
510 602
511 606
486 733
510 601
512 606
357 727
512 607
510 608
513 607
512 608
512 610
480 732
511 608
512 609
511 602
512 602
513 602
513 603
513 601
514 603
513 600
512 600
513 599
514 599
515 599
516 599
516 600
516 598
517 600
516 601
516 597
518 600
516 596
519 600
515 596
520 600
519 601
514 596
520 601
514 595
521 601
404 644
514 594
522 601
521 602
520 603
375 670
523 601
522 600
521 603
519 603
523 614
521 618
524 601
523 602
521 604
519 604
521 616
523 620
528 699
521 605
518 604
524 624
527 611
528 700
552 759
521 606
518 605
525 609
550 760
522 606
520 606
518 606
522 614
523 615
491 749
562 772
520 607
517 606
518 607
525 625
519 607
520 608
623 809
520 609
523 623
519 609
522 621
519 610
526 609
523 616
519 611
520 618
521 619
520 611
518 611
522 624
527 609
521 611
517 611
514 762
524 616
522 611
517 612
523 617
524 625
523 611
522 610
522 622
564 765
519 618
522 617
523 618
524 611
523 612
522 609
521 620
524 623
522 625
525 611
524 610
523 613
521 617
523 619
522 623
518 618
520 620
526 611
525 612
514 593
513 593
515 593
514 592
512 593
514 591
513 591
515 591
512 591
511 591
512 590
512 589
513 589
513 588
513 587
512 587
514 587
511 587
514 586
510 587
515 586
510 586
515 585
510 585
516 585
509 585
511 585
510 584
517 585
516 584
508 585
510 583
518 585
507 585
511 583
510 582
519 585
518 584
512 583
509 582
510 581
520 585
592 673
509 581
520 584
427 649
509 580
521 584
429 645
522 584
521 583
429 646
429 647
523 584
522 583
433 650
523 585
522 582
437 644
431 646
524 585
523 586
523 582
432 646
524 586
522 586
524 582
523 581
525 586
524 587
525 582
526 586
524 588
525 583
527 586
523 588
528 586
527 585
523 589
529 586
523 590
530 586
523 591
530 587
530 585
524 591
531 587
531 585
525 591
531 588
532 585
532 588
532 586
532 584
533 588
534 588
534 587
535 587
536 587
537 587
536 588
537 588
537 586
536 589
538 588
537 589
537 585
536 590
539 588
536 585
537 584
540 588
541 588
542 588
541 587
543 588
542 589
516 587
544 588
542 590
544 587
541 590
542 591
544 586
542 592
545 586
541 592
543 592
542 593
545 585
541 593
546 585
545 584
541 594
547 585
546 584
544 584
545 583
547 586
543 584
545 582
548 586
547 587
543 583
544 582
546 582
549 586
546 587
547 588
542 583
547 582
549 587
549 585
546 588
541 583
548 582
550 587
546 589
540 583
541 582
549 582
541 581
550 582
541 580
551 582
550 581
542 580
541 579
551 583
542 579
540 579
541 578
543 579
541 577
540 577
542 577
539 577
540 576
539 576
538 576
537 576
538 575
537 577
538 574
539 574
538 573
539 573
537 573
539 572
536 573
540 572
535 573
540 571
535 574
541 571
540 570
535 575
542 571
539 570
540 569
535 576
543 571
541 569
540 568
534 576
535 577
544 571
533 576
534 577
545 571
544 572
424 667
533 577
533 575
534 578
546 571
533 578
534 579
547 571
534 580
548 571
533 580
535 580
534 581
548 570
549 570
550 570
551 570
550 571
551 569
550 572
551 568
550 573
550 568
552 568
551 567
551 573
550 574
549 568
553 568
551 574
548 568
549 567
554 568
547 568
549 566
555 568
547 567
548 566
555 569
555 567
546 567
548 565
555 570
555 566
548 564
555 571
556 566
555 565
547 564
556 571
556 565
554 565
555 564
546 564
547 563
556 572
557 565
547 562
558 565
557 564
548 562
559 565
558 564
548 561
560 565
559 566
558 563
548 560
561 565
559 567
558 562
547 560
548 559
562 565
560 567
558 561
549 559
546 685
563 565
562 566
560 568
548 558
548 557
548 556
547 556
548 555
546 556
547 555
549 555
545 556
546 557
547 554
550 555
546 558
546 554
551 555
545 558
545 554
546 553
544 558
544 554
546 552
544 559
546 551
544 560
545 551
546 550
544 561
544 551
547 550
546 549
543 561
543 551
548 550
546 548
542 561
548 551
547 548
546 547
541 561
542 560
547 547
545 547
540 561
548 547
544 547
539 561
549 547
543 547
544 546
538 561
549 546
544 545
549 545
543 545
542 545
541 545
540 545
539 545
540 546
538 545
539 544
540 547
537 545
538 546
536 545
535 545
536 544
534 545
536 543
536 542
537 542
535 542
537 541
534 542
535 541
538 541
533 542
535 540
539 541
532 542
535 539
539 540
531 542
532 543
534 539
539 539
530 542
534 538
540 539
530 543
534 537
541 539
530 544
534 536
542 539
541 540
541 538
531 544
530 545
535 536
542 538
541 541
530 546
535 535
543 538
542 541
530 547
536 535
535 534
543 537
529 547
530 548
536 534
543 536
529 548
531 548
536 533
544 536
543 535
529 549
532 548
537 533
536 532
544 535
528 549
529 550
532 549
535 532
536 531
544 534
527 549
528 550
529 551
534 532
537 531
536 530
545 534
526 549
527 548
528 551
530 551
534 531
546 534
527 547
527 551
528 552
531 551
530 552
534 530
546 535
526 547
530 553
534 529
546 536
525 547
531 553
535 529
533 529
546 537
525 546
532 553
535 528
532 529
533 528
546 538
525 545
535 527
531 529
547 538
526 545
524 545
536 527
534 527
531 528
548 538
523 545
537 527
531 527
549 538
548 537
523 546
523 544
537 528
530 527
531 526
548 536
522 546
522 544
538 528
529 527
532 526
549 536
521 546
522 543
539 528
528 527
529 528
550 536
549 535
520 546
528 528
528 526
551 536
519 546
520 547
520 545
527 528
528 525
552 536
551 535
518 546
519 547
520 548
526 528
527 529
527 525
528 524
551 534
517 546
518 545
520 549
526 525
527 524
551 533
517 547
518 544
520 550
525 525
526 524
527 523
552 533
551 532
516 547
517 548
519 544
520 551
525 526
525 524
553 533
551 531
515 547
519 543
519 551
525 527
524 524
525 523
553 534
514 547
519 542
518 551
519 552
523 524
525 522
553 535
513 547
518 542
519 553
526 522
525 521
554 535
512 547
517 542
519 554
526 521
512 548
517 541
520 554
518 554
526 520
512 549
516 541
517 540
518 555
526 519
513 549
516 540
518 540
518 556
527 519
526 518
515 540
518 539
519 556
517 556
525 518
526 517
514 540
518 538
520 556
516 556
525 517
514 541
514 539
519 538
521 556
515 556
525 516
513 541
514 542
520 538
521 555
514 556
515 557
525 515
520 539
513 556
515 558
526 515
524 515
525 514
513 557
516 558
515 559
527 515
523 515
514 559
515 560
528 515
522 515
515 561
529 515
528 516
521 515
522 516
522 514
514 561
529 514
528 517
521 516
521 514
522 517
522 513
513 561
514 562
529 517
520 516
521 517
521 513
523 513
512 561
513 562
513 560
521 518
520 513
524 513
511 561
513 563
520 518
519 513
520 512
510 561
513 564
519 518
519 514
520 511
509 561
510 560
514 564
513 565
519 519
518 514
521 511
519 511
508 561
512 565
513 566
519 520
517 514
518 515
521 510
519 510
507 561
508 560
512 566
514 566
519 521
516 514
521 509
506 561
507 562
512 567
515 566
515 514
521 508
505 561
507 563
515 567
515 565
514 514
521 507
504 561
508 563
507 564
514 513
520 507
521 506
503 561
504 562
504 560
507 565
513 513
520 506
522 506
503 562
504 563
504 559
508 565
507 566
512 513
520 505
522 505
503 563
503 559
511 513
512 514
512 512
519 505
522 504
503 564
511 514
511 512
518 505
522 503
502 564
503 565
511 515
511 511
518 506
523 503
522 502
501 564
504 565
510 515
510 511
517 506
524 503
522 501
501 565
501 563
504 566
509 515
510 516
510 510
517 507
525 503
521 501
522 500
501 566
504 567
508 515
509 514
510 517
509 510
510 509
526 503
525 504
522 499
500 566
501 567
503 567
504 568
507 515
509 517
510 508
527 503
526 502
523 499
522 498
499 566
500 567
504 569
506 515
507 514
511 508
528 503
527 504
526 501
521 498
500 568
505 569
503 569
506 514
507 513
511 507
529 503
527 501
520 498
521 497
499 568
505 570
502 569
503 570
506 513
507 512
511 506
529 504
527 500
520 499
520 497
498 568
503 571
505 513
507 511
511 505
519 497
503 572
504 513
508 511
507 510
512 505
519 496
504 572
502 572
506 510
512 504
519 495
505 572
505 510
506 509
512 503
519 494
506 572
513 503
511 503
518 494
507 572
506 573
513 502
510 503
517 494
508 572
506 574
513 501
517 493
509 572
505 574
506 575
513 500
517 492
510 572
509 573
505 575
507 575
518 492
516 492
510 573
510 571
504 575
507 576
515 492
516 491
511 573
510 570
503 575
508 576
514 492
515 491
512 573
510 569
502 575
508 577
513 492
515 490
513 573
512 572
509 569
501 575
508 578
512 492
513 493
514 490
513 574
509 568
501 574
508 579
513 494
514 574
500 574
501 573
512 494
499 574
511 494
499 575
510 494
511 493
510 495
510 493
510 496
509 493
509 496
508 496
509 497
507 496
509 498
507 497
507 495
509 499
506 497
507 494
510 499
509 500
505 497
507 493
508 500
507 492
507 500
508 501
506 492
507 491
506 500
508 502
505 492
506 491
507 490
507 502
504 492
505 493
506 490
507 503
504 493
504 491
505 494
505 490
506 489
507 504
504 494
503 491
504 490
506 488
507 505
503 494
502 491
504 489
507 488
508 505
502 490
504 488
508 488
501 490
504 487
508 487
501 489
509 487
508 486
500 489
501 488
510 487
507 486
499 489
500 488
510 486
507 485
498 489
499 490
499 488
511 486
510 485
507 484
497 489
498 490
498 488
512 486
510 484
508 484
507 483
496 489
497 490
498 491
498 487
513 486
512 485
510 483
506 483
496 488
498 492
497 487
498 486
513 487
513 485
511 483
505 483
495 488
497 492
498 493
498 485
514 487
513 488
505 482
495 487
498 494
515 487
514 488
513 489
505 481
494 487
498 495
516 487
515 486
512 489
505 480
493 487
494 486
498 496
517 487
516 486
515 485
506 480
504 480
492 487
494 485
498 497
518 487
515 484
507 480
504 479
491 487
495 485
494 484
497 497
518 486
516 484
515 483
507 479
491 488
496 485
495 484
494 483
496 497
497 498
514 483
515 482
507 478
490 488
493 483
497 499
515 481
507 477
489 488
496 499
515 480
508 477
506 477
488 488
489 489
496 500
516 480
505 477
488 487
489 490
496 501
517 480
505 476
487 487
488 486
490 490
488 490
496 502
518 480
517 479
504 476
505 475
487 490
497 502
495 502
496 503
517 478
504 475
486 490
496 504
503 475
485 490
496 505
502 475
503 474
484 490
485 491
495 505
496 506
502 476
502 474
484 491
484 489
494 505
495 506
496 507
502 473
484 492
484 488
493 505
497 507
496 508
501 473
502 472
484 493
483 488
493 506
493 504
498 507
500 473
502 471
484 494
483 487
499 507
498 508
499 473
503 471
483 494
482 487
500 507
499 508
498 473
503 470
483 495
481 487
482 486
500 508
500 506
499 509
498 474
498 472
503 469
482 495
483 496
480 487
481 488
500 509
501 506
498 475
498 471
504 469
481 495
484 496
481 489
500 510
502 506
497 471
498 470
505 469
480 495
481 494
485 496
482 489
480 489
481 490
500 511
502 507
498 469
505 470
505 468
479 495
481 493
485 497
485 495
479 489
501 511
499 511
497 469
498 468
506 470
505 467
478 495
481 492
485 498
478 489
502 511
501 512
498 511
498 467
506 467
477 495
484 498
478 490
478 488
501 513
497 511
498 510
497 467
507 467
506 466
477 496
477 494
484 499
478 491
478 487
502 513
497 466
508 467
507 468
506 465
477 497
477 493
484 500
477 491
478 486
502 514
497 465
508 466
507 469
476 493
483 500
484 501
478 485
502 515
498 465
496 465
508 465
482 500
483 501
479 485
477 485
502 516
498 464
509 465
482 501
482 499
483 502
479 484
476 485
477 484
501 516
498 463
509 464
482 498
483 503
480 484
477 483
501 517
499 463
498 462
510 464
482 497
482 503
477 482
500 517
499 462
498 461
511 464
482 504
478 482
477 481
499 517
497 461
511 463
482 505
479 482
477 480
498 517
499 516
496 461
512 463
483 505
481 505
480 482
479 481
476 480
497 517
499 515
495 461
513 463
480 505
480 481
475 480
476 479
496 517
497 518
498 515
495 460
514 463
479 505
480 506
474 480
476 478
495 517
496 516
497 515
494 460
515 463
514 464
478 505
474 479
477 478
476 477
495 518
497 514
493 460
516 463
514 465
477 505
473 479
477 477
476 476
495 519
496 514
493 461
493 459
517 463
516 464
513 465
477 506
477 504
472 479
476 475
496 519
494 519
496 513
493 462
493 458
517 462
516 465
513 466
477 503
471 479
477 475
492 462
492 458
493 457
518 462
517 461
517 465
513 467
476 503
470 479
471 480
492 463
492 457
493 456
519 462
516 461
517 460
513 468
475 503
470 480
470 478
493 455
520 462
515 461
517 459
514 468
513 469
475 504
475 502
469 478
470 477
494 455
520 463
514 461
515 460
518 459
517 458
515 468
475 505
474 502
475 501
468 478
495 455
494 454
513 461
519 459
516 458
517 457
515 469
515 467
473 502
467 478
495 456
513 460
520 459
515 458
516 469
472 502
473 503
466 478
467 477
496 456
495 457
512 460
521 459
520 458
515 457
472 501
467 476
497 456
495 458
511 460
522 459
521 458
514 457
472 500
467 475
498 456
523 459
521 457
514 456
473 500
472 499
466 475
498 457
498 455
524 459
523 460
521 456
514 455
471 499
465 475
498 454
525 459
523 461
513 455
514 454
470 499
465 474
498 453
526 459
525 458
524 461
522 461
523 462
515 454
470 498
464 474
465 473
497 453
525 461
470 497
463 474
466 473
497 452
525 462
471 497
469 497
462 474
466 472
496 452
497 451
526 462
525 463
468 497
461 474
462 475
496 451
498 451
527 462
468 496
460 474
461 475
496 450
499 451
527 463
468 495
460 473
461 476
495 450
496 449
499 450
528 463
469 495
468 494
460 476
494 450
496 448
500 450
499 449
528 464
468 493
460 477
493 450
494 449
497 448
496 447
501 450
499 448
469 493
468 492
459 477
492 450
496 446
501 451
501 449
500 448
469 492
467 492
468 491
458 477
492 451
492 449
497 446
496 445
502 449
470 492
458 476
492 452
498 446
496 444
502 448
470 491
457 476
498 445
471 491
457 475
499 445
498 444
471 490
456 475
457 474
498 443
455 475
456 474
457 473
499 443
498 442
455 476
458 473
457 472
497 442
454 476
455 477
458 472
456 472
497 441
453 476
497 440
452 476
453 477
453 475
498 440
497 439
451 476
453 478
497 438
450 476
451 475
452 478
453 479
496 438
449 476
450 477
454 479
496 437
454 480
496 436
455 480
454 481
495 436
456 480
453 481
454 482
494 436
455 482
454 483
493 436
494 437
494 435
453 483
454 484
492 436
493 437
493 435
494 434
455 484
454 485
492 435
494 433
455 485
453 485
492 434
493 433
455 486
452 485
492 433
493 432
455 487
452 486
491 433
455 488
452 487
491 432
455 489
453 487
451 487
452 488
490 432
491 431
456 489
455 490
453 488
452 489
491 430
456 490
454 490
452 490
490 430
456 491
489 430
456 492
489 429
455 492
456 493
489 428
455 493
490 428
488 428
455 494
488 427
455 495
487 427
455 496
486 427
487 426
456 496
454 496
486 426
457 496
454 497
485 426
486 425
457 497
457 495
453 497
486 424
453 498
485 424
486 423
452 498
484 424
487 423
486 422
451 498
488 423
486 421
451 499
489 423
485 421
486 420
451 500
490 423
484 421
486 419
452 500
450 500
491 423
483 421
484 420
487 419
453 500
452 501
449 500
450 501
492 423
491 424
482 421
488 419
487 418
454 500
453 501
448 500
449 501
450 502
492 424
482 422
482 420
489 419
487 417
454 499
447 500
449 502
451 502
492 425
481 422
482 423
482 419
490 419
487 416
455 499
446 500
451 503
492 426
481 423
483 419
481 419
486 416
445 500
446 501
446 499
452 503
492 427
480 419
485 416
444 500
445 501
446 502
446 498
453 503
479 419
480 418
485 415
444 499
445 502
446 497
454 503
453 504
479 420
480 417
484 415
445 503
445 497
455 503
454 504
478 420
479 421
481 417
483 415
484 414
444 503
444 497
455 504
455 502
454 505
477 420
483 414
484 413
444 504
443 497
444 496
456 502
454 506
477 421
482 414
485 413
484 412
443 504
444 505
443 496
444 495
457 502
456 501
455 506
476 421
477 422
442 504
444 506
443 495
444 494
457 503
455 507
475 421
477 423
441 504
442 505
442 503
445 506
443 506
444 507
442 495
457 504
455 508
475 422
475 420
477 424
442 506
445 507
442 494
457 505
455 509
474 422
474 420
477 425
441 506
445 508
442 493
458 505
455 510
473 422
474 419
478 425
440 506
446 508
445 509
443 493
442 492
459 505
455 511
472 422
473 419
474 418
479 425
440 507
446 509
443 492
441 492
460 505
456 511
474 417
479 426
440 508
444 492
443 491
440 492
441 491
461 505
457 511
456 512
473 417
479 427
441 508
439 508
439 492
440 493
441 490
461 506
457 510
456 513
472 417
479 428
441 509
438 508
438 492
439 493
439 491
440 494
441 489
462 506
458 510
457 509
457 513
455 513
456 514
471 417
472 416
478 428
479 429
442 509
438 493
442 489
440 489
441 488
463 506
458 513
454 513
456 515
470 417
472 415
479 430
443 509
438 494
442 488
439 489
463 507
463 505
459 513
458 514
453 513
457 515
456 516
469 417
473 415
480 430
438 495
442 487
438 489
463 508
463 504
460 513
459 514
452 513
455 516
456 517
468 417
469 418
469 416
473 414
481 430
438 496
442 486
438 490
438 488
464 508
462 508
464 504
463 503
459 515
451 513
452 512
454 516
457 517
456 518
468 416
469 419
473 413
481 431
438 497
441 486
442 485
437 490
437 488
464 509
461 508
462 509
464 503
462 503
463 502
451 514
458 517
455 518
456 519
468 415
469 420
474 413
482 431
481 432
437 497
440 486
442 484
436 490
437 491
465 509
461 509
462 510
456 520
467 415
468 414
470 420
469 421
475 413
474 412
483 431
480 432
437 498
439 486
440 487
442 483
466 509
463 510
462 511
457 520
455 520
466 415
469 414
469 422
476 413
475 414
474 411
484 431
480 433
436 498
442 482
467 509
466 508
457 521
454 520
455 521
465 415
468 422
469 423
477 413
476 414
476 412
484 432
480 434
435 498
442 481
467 510
467 508
466 507
458 521
457 522
453 520
454 521
464 415
469 424
477 414
476 415
476 411
485 432
481 434
480 435
434 498
435 499
435 497
441 481
467 511
459 521
458 522
457 523
453 519
454 522
463 415
476 410
482 434
481 435
479 435
480 436
433 498
468 511
467 512
457 524
452 519
453 518
453 522
463 416
463 414
476 409
483 434
481 436
478 435
479 436
432 498
467 513
458 524
456 524
457 525
451 519
452 518
462 416
475 409
476 408
483 435
478 436
431 498
468 513
466 513
455 524
457 526
451 520
452 517
461 416
475 408
477 408
483 436
430 498
431 499
469 513
454 524
455 523
452 516
461 415
475 407
478 408
477 407
483 437
429 498
430 497
454 525
461 414
475 406
477 406
483 438
428 498
430 496
453 525
454 526
460 414
461 413
474 406
475 405
478 406
483 439
427 498
431 496
430 495
462 413
473 406
474 405
479 406
478 405
484 439
482 439
426 498
427 499
427 497
431 495
462 412
472 406
474 404
479 405
485 439
484 440
482 440
425 498
427 500
427 496
432 495
431 494
463 412
462 411
471 406
474 403
480 405
486 439
485 438
484 441
482 441
424 498
425 499
425 497
426 496
431 493
461 411
470 406
471 407
471 405
480 404
486 438
485 437
485 441
482 442
424 499
425 496
426 495
461 410
469 406
481 404
480 403
487 438
486 437
485 436
482 443
423 499
424 496
426 494
461 409
468 406
469 405
482 404
479 403
480 402
488 438
485 435
481 443
422 499
423 500
423 496
425 494
426 493
460 409
461 408
468 407
483 404
482 403
478 403
489 438
488 439
486 435
480 443
421 499
422 500
422 498
423 495
425 493
427 493
426 492
460 408
468 408
483 403
477 403
490 438
489 439
479 443
421 498
422 501
422 495
423 494
425 492
460 407
469 408
484 403
489 440
479 442
420 498
421 497
421 501
423 493
425 491
460 406
485 403
489 441
478 442
419 498
421 496
420 501
423 492
424 491
425 490
459 406
460 405
486 403
485 404
485 402
490 441
488 441
489 442
477 442
420 496
420 502
422 492
426 490
459 405
460 404
487 403
486 404
486 402
485 401
490 442
489 443
477 443
419 496
421 492
422 491
458 405
461 404
488 403
487 402
486 405
488 443
477 444
418 496
420 492
421 493
422 490
457 405
462 404
488 402
487 405
487 443
478 444
477 445
417 496
418 495
421 490
456 405
489 402
487 406
486 443
417 497
418 494
421 489
456 404
489 401
488 406
487 407
485 443
486 444
486 442
416 497
417 494
418 493
455 404
488 407
487 408
486 445
416 498
416 494
454 404
489 407
488 408
486 408
486 446
415 498
416 499
415 494
454 405
489 408
485 408
486 409
486 447
415 499
417 499
416 500
415 493
453 405
454 406
490 408
485 407
486 448
415 500
418 499
417 500
414 493
415 492
452 405
454 407
490 409
486 449
415 501
413 493
415 491
451 405
454 408
491 409
486 450
414 501
415 502
412 493
413 494
415 490
450 405
451 406
451 404
492 409
487 450
485 450
413 501
412 492
413 495
415 489
449 405
450 404
451 407
451 403
493 409
492 410
487 451
484 450
413 502
413 500
412 495
414 489
449 406
451 402
494 409
493 410
493 408
492 411
487 452
483 450
413 503
411 495
448 406
449 407
452 402
450 402
451 401
494 408
492 412
482 450
483 451
412 503
413 504
411 496
411 494
449 402
450 401
494 407
491 412
481 450
412 504
410 496
411 497
410 494
450 400
494 406
491 413
480 450
411 504
412 505
409 496
412 497
410 493
450 399
494 405
491 414
480 451
480 449
410 504
412 506
408 496
409 493
449 399
492 414
490 414
479 451
479 449
413 506
411 506
412 507
408 497
409 492
448 399
449 398
493 414
492 415
490 415
479 452
479 448
413 507
410 506
408 492
447 399
494 414
489 415
478 452
478 448
409 506
446 399
447 398
494 415
489 416
477 452
409 507
445 399
446 400
447 397
444 399
445 400
446 397
444 398
446 396
443 398
445 396
446 395
442 398
446 394
441 398
442 399
447 394
446 393
440 398
441 397
442 400
448 394
446 392
440 399
449 394
446 391
439 399
440 400
450 394
449 393
446 390
439 400
451 394
450 393
446 389
439 401
451 395
451 393
446 388
438 401
451 396
451 392
437 401
452 396
450 396
452 392
451 391
436 401
452 397
453 392
452 391
450 391
451 390
436 402
436 400
453 393
453 391
449 391
436 399
454 391
449 390
435 399
455 391
454 390
449 389
434 399
435 398
456 391
448 389
449 388
434 400
434 398
457 391
433 400
434 401
433 398
458 391
432 400
434 402
432 398
459 391
432 401
433 402
434 403
431 398
432 397
459 392
434 404
430 398
460 392
435 404
433 404
430 397
461 392
460 393
435 405
432 404
433 405
430 396
462 392
461 393
436 405
432 403
429 396
462 391
461 394
436 406
428 396
463 391
462 390
462 394
436 407
427 396
428 395
464 391
463 390
462 389
463 394
462 395
437 407
435 407
436 408
427 397
428 394
464 390
462 388
464 394
438 407
437 408
434 407
428 393
464 389
461 388
464 395
464 393
439 407
437 409
434 408
428 392
460 388
461 387
465 395
465 393
440 407
439 406
438 409
434 409
428 391
466 393
441 407
440 406
439 409
434 410
427 391
428 390
467 393
466 392
440 405
439 410
433 410
434 411
429 390
428 389
468 393
467 392
466 391
441 405
440 404
439 411
433 411
435 411
469 393
439 404
440 403
440 411
433 412
436 411
470 393
441 411
432 412
433 413
471 393
441 412
431 412
472 393
441 413
430 412
431 411
472 394
472 392
442 413
429 412
430 413
430 411
431 410
473 394
472 395
442 414
428 412
430 414
431 409
474 394
443 414
442 415
427 412
428 413
428 411
431 414
475 394
444 414
427 413
427 411
431 415
476 394
445 414
444 415
426 413
427 414
426 411
427 410
431 416
477 394
446 414
444 416
425 413
426 414
432 416
430 416
478 394
477 395
447 414
445 416
432 417
430 417
479 394
478 393
477 396
448 414
447 415
429 417
430 418
479 395
478 392
477 397
449 414
448 415
447 416
428 417
431 418
430 419
480 395
477 392
449 413
448 416
447 417
428 418
430 420
481 395
480 396
449 416
448 417
447 418
427 418
431 420
429 420
430 421
481 394
450 416
448 418
427 419
432 420
429 421
430 422
481 393
451 416
448 419
427 420
433 420
432 419
428 421
431 422
482 393
452 416
448 420
427 421
434 420
433 419
431 423
482 392
453 416
452 415
449 420
448 421
426 421
427 422
435 420
434 419
433 418
482 391
454 416
447 421
448 422
425 421
427 423
436 420
481 391
454 417
454 415
446 421
448 423
425 422
425 420
436 419
480 391
481 390
454 418
445 421
446 422
446 420
448 424
424 422
425 423
425 419
436 418
480 390
455 418
453 418
454 419
444 421
445 422
446 423
446 419
447 424
448 425
423 422
437 418
435 418
456 418
453 419
444 422
447 425
449 425
422 422
423 421
438 418
437 417
435 417
457 418
456 417
453 420
443 422
444 423
447 426
421 422
422 423
439 418
434 417
456 416
453 421
442 422
444 424
447 427
420 422
421 423
421 421
439 419
434 416
456 415
454 421
452 421
441 422
442 423
442 421
444 425
448 427
419 422
420 423
421 424
434 415
457 415
455 421
452 422
441 421
442 424
448 428
419 421
421 425
435 415
456 421
455 420
452 423
440 421
442 425
448 429
419 420
421 426
435 414
457 421
456 422
441 425
442 426
419 419
420 426
436 414
458 421
457 422
456 423
441 426
442 427
418 419
419 426
437 414
459 421
440 426
443 427
417 419
418 426
419 427
437 415
460 421
459 422
439 426
443 428
416 419
418 427
419 428
461 421
460 422
460 420
438 426
443 429
415 419
416 418
417 427
418 428
420 428
462 421
461 420
460 419
438 427
442 429
414 419
415 420
416 417
418 429
420 429
463 421
459 419
441 429
442 430
413 419
414 418
415 421
417 417
415 417
416 416
418 430
421 429
464 421
459 418
442 431
412 419
413 420
415 422
416 415
465 421
464 422
459 417
443 431
442 432
412 420
416 422
414 422
415 423
416 414
466 421
464 423
458 417
441 432
411 420
417 422
414 423
417 414
466 420
463 423
440 432
441 433
410 420
418 414
417 413
466 419
463 424
441 434
419 414
417 412
465 419
462 424
440 434
420 414
419 413
416 412
417 411
464 419
465 418
461 424
439 434
415 412
418 411
417 410
461 425
438 434
414 412
416 410
417 409
460 425
461 426
437 434
438 435
414 411
418 409
462 426
437 433
413 411
419 409
418 408
462 427
436 433
412 411
420 409
463 427
435 433
412 410
420 408
464 427
434 433
412 409
421 408
420 407
464 428
434 434
434 432
412 408
422 408
464 429
434 435
433 432
434 431
411 408
412 407
423 408
465 429
464 430
435 435
433 435
435 431
434 430
410 408
413 407
412 406
423 407
465 430
436 435
435 436
432 435
434 429
410 407
414 407
411 406
466 430
465 431
436 436
431 435
432 434
435 429
433 429
415 407
414 406
411 405
466 431
465 432
437 436
432 433
432 429
433 428
415 406
414 405
411 404
466 432
465 433
437 437
431 433
431 429
414 404
411 403
465 434
438 437
437 438
430 429
411 402
466 434
464 434
439 437
429 429
430 430
430 428
412 402
410 402
466 435
463 434
439 438
428 429
429 430
409 402
467 435
463 433
439 439
428 430
428 428
408 402
467 436
462 433
438 439
439 440
428 431
428 427
407 402
467 437
440 440
439 441
428 426
407 403
468 437
466 437
467 438
441 440
440 441
428 425
407 404
468 438
465 437
466 438
441 439
440 442
429 425
427 425
406 404
407 405
469 438
465 436
466 439
442 439
430 425
426 425
405 404
407 406
466 440
443 439
442 438
405 403
406 406
466 441
443 440
443 438
404 403
405 402
405 406
466 442
443 441
444 438
405 401
405 407
467 442
465 442
466 443
444 441
445 438
406 401
404 401
468 442
464 442
465 443
444 442
445 437
406 400
403 401
469 442
463 442
464 441
465 444
445 442
445 436
406 399
403 400
469 441
465 445
337 436
444 436
445 435
407 399
402 400
470 441
469 440
466 445
465 446
337 435
445 434
407 398
401 400
471 441
470 440
467 445
464 446
465 447
339 435
444 434
408 398
400 400
401 401
401 399
472 441
470 439
468 445
466 447
337 434
443 434
408 397
400 401
400 399
401 402
473 441
469 445
467 447
466 448
339 434
408 396
399 399
400 398
474 441
473 442
473 440
470 445
468 447
466 449
335 432
408 395
400 397
473 443
469 447
466 450
338 434
409 395
401 397
473 444
470 447
469 448
467 450
402 397
474 444
473 445
467 451
402 398
402 396
473 446
467 452
402 395
468 452
403 395
401 395
468 453
404 395
468 454
404 394
469 454
468 455
405 394
404 393
469 455
467 455
468 456
405 393
466 455
468 457
406 393
468 458
407 393
406 392
469 458
467 458
406 391
469 459
466 458
405 391
406 390
469 460
465 458
407 390
406 389
468 460
464 458
408 390
405 389
467 460
463 458
409 390
405 388
467 461
462 458
409 389
404 388
462 459
409 388
403 388
404 387
462 460
410 388
402 388
462 461
411 388
401 388
461 461
411 389
411 387
400 388
401 387
461 462
412 389
412 387
399 388
400 387
461 463
413 389
412 386
398 388
399 389
414 389
413 386
412 385
397 388
398 387
399 390
414 386
412 384
396 388
397 389
415 386
412 383
395 388
396 389
397 390
416 386
412 382
394 388
396 390
416 387
413 382
411 382
394 387
416 388
414 382
410 382
411 381
394 386
415 382
414 381
411 380
394 385
415 383
415 381
410 380
393 385
416 383
415 384
416 381
409 380
410 379
393 384
416 384
417 381
416 380
409 381
393 383
408 381
393 382
407 381
408 382
394 382
392 382
393 381
406 381
407 382
407 380
393 380
407 383
394 380
393 379
406 383
395 380
394 379
393 378
405 383
395 381
395 379
393 377
405 384
405 382
396 381
396 379
392 377
393 376
397 379
396 378
391 377
393 375
398 379
390 377
391 376
392 375
390 378
390 376
389 378
390 375
388 378
389 379
389 375
387 378
388 377
389 380
388 375
389 374
386 378
387 377
389 381
387 375
389 373
385 378
388 381
389 382
387 374
389 372
384 378
390 382
389 383
390 372
389 371
383 378
384 377
390 371
388 371
383 379
384 376
390 370
383 380
385 376
383 376
390 369
382 380
391 369
389 369
390 368
382 381
389 368
390 367
382 382
390 366
382 383
389 366
383 383
381 383
388 366
389 365
384 383
380 383
381 384
388 367
389 364
384 384
379 383
380 384
380 382
381 385
388 364
384 385
379 384
380 381
387 364
388 363
384 386
378 384
379 381
386 364
387 365
387 363
385 386
384 387
377 384
385 364
387 362
383 387
376 384
385 365
385 363
387 361
376 385
384 365
385 362
375 385
383 365
384 366
385 361
375 386
382 365
384 361
374 386
375 387
381 365
382 366
382 364
384 360
373 386
376 387
375 388
380 365
383 360
384 359
372 386
375 389
379 365
384 358
371 386
372 385
376 389
383 358
371 387
372 384
383 357
370 387
371 388
372 383
383 356
371 389
371 383
372 382
383 355
371 390
370 383
373 382
372 381
383 354
370 390
372 380
382 354
383 353
369 390
370 391
372 379
381 354
382 353
383 352
368 390
370 392
373 379
372 378
380 354
384 352
368 391
371 392
372 377
379 354
385 352
384 351
368 392
371 393
372 376
378 354
379 355
379 353
386 352
367 392
372 393
371 394
373 376
372 375
378 353
379 356
387 352
367 393
373 393
371 395
372 374
388 352
366 393
370 395
371 374
372 373
388 351
365 393
369 395
370 374
371 373
373 373
389 351
365 394
365 392
370 375
374 373
390 351
365 395
374 374
391 351
390 350
365 396
375 374
392 351
390 349
364 396
365 397
393 351
390 348
364 397
366 397
391 348
363 397
367 397
392 348
362 397
368 397
367 396
393 348
361 397
369 397
368 398
393 347
360 397
361 398
370 397
369 398
394 347
360 398
369 399
395 347
359 398
360 399
370 399
395 348
359 399
371 399
395 349
359 400
372 399
371 400
358 400
359 401
371 401
357 400
359 402
372 401
371 402
356 400
357 399
360 402
358 402
372 402
371 403
355 400
357 398
357 402
358 403
373 402
372 403
370 403
371 404
354 400
355 401
357 403
358 404
374 402
369 403
354 399
357 404
368 403
369 404
354 398
356 404
368 404
368 402
369 405
354 397
355 404
368 405
367 402
368 401
369 406
354 404
355 403
367 405
367 401
370 406
354 405
354 403
366 405
367 406
366 401
367 400
371 406
370 407
353 405
354 406
367 407
365 401
366 400
371 407
370 408
353 406
354 407
366 407
367 408
365 402
365 400
372 407
352 406
355 407
365 407
365 403
351 406
352 407
365 404
350 406
351 405
352 408
351 404
352 409
350 404
351 403
353 409
352 410
349 404
350 403
351 402
354 409
351 410
355 409
351 411
355 410
351 412
356 410
355 411
351 413
357 410
356 411
350 413
351 414
357 409
349 413
348 413
347 413
348 414
348 412
347 414
348 411
347 415
347 411
346 415
345 415
344 415
345 414
344 416
345 413
344 417
344 413
344 418
343 413
345 418
344 419
342 413
343 414
343 412
346 418
344 420
343 411
346 417
344 421
344 411
342 411
345 421
344 422
346 421
343 422
344 423
347 421
346 420
342 422
348 421
341 422
342 421
348 422
340 422
339 422
340 421
338 422
339 423
340 420
337 422
338 423
339 424
341 420
339 420
337 421
338 424
339 419
337 424
338 425
338 426
338 427
337 427
338 428
338 429
338 430
338 431
337 431
338 432
336 431
338 433
336 432
339 433
445 443
445 444
446 444
447 444
447 445
447 446
384 709
