881 538
820 630
364 492
549 432
541 450
870 418
561 451
632 425
702 371
379 474
801 620
455 442
851 530
549 505
452 418
361 429
901 524
525 459
866 434
579 441
395 451
413 438
376 466
902 531
783 644
362 492
550 502
909 540
488 458
400 437
915 465
868 543
700 361
930 451
550 468
630 428
837 601
483 463
539 443
860 559
856 619
861 606
478 451
857 587
700 365
805 630
436 447
402 434
376 430
695 354
559 424
413 430
921 453
477 443
906 513
838 589
446 401
709 353
400 430
878 574
867 424
855 536
553 442
834 607
538 444
522 459
552 504
690 392
475 443
675 428
661 425
392 451
823 612
414 437
887 524
550 463
557 422
684 390
775 639
488 457
846 420
543 483
550 446
641 434
452 421
404 433
873 443
386 450
850 608
402 440
375 460
796 631
868 546
541 488
855 634
710 446
575 435
856 585
867 422
719 371
861 441
375 464
571 435
862 612
695 359
857 535
481 457
811 620
920 457
848 585
559 431
394 434
694 356
927 450
580 448
557 431
554 444
456 415
664 424
846 599
540 446
853 635
810 615
845 614
415 435
775 644
399 426
445 450
497 455
477 436
854 618
365 479
373 437
824 612
488 462
417 453
866 435
642 433
712 454
922 453
711 458
401 448
686 397
451 409
864 421
567 432
816 618
552 425
662 413
366 489
802 627
815 611
710 381
833 571
913 524
581 444
858 630
552 503
909 523
877 577
718 374
540 475
356 507
498 460
392 418
385 462
846 418
478 441
826 596
558 424
877 529
722 376
493 458
920 455
479 450
525 451
387 445
383 462
410 439
868 435
528 457
376 470
791 625
528 463
856 627
714 379
371 480
811 633
654 432
413 439
424 444
853 531
905 544
467 448
679 432
846 421
552 497
884 588
533 456
838 585
404 435
552 500
536 443
881 433
549 463
909 518
358 498
415 444
447 446
491 462
874 534
457 432
701 382
562 442
423 434
369 483
836 597
845 420
524 447
445 453
422 436
703 387
862 410
449 399
546 484
700 384
853 449
383 447
848 445
786 640
516 462
872 558
526 463
885 585
536 459
385 477
847 586
383 454
716 376
849 420
563 446
702 361
888 583
842 613
866 551
356 499
529 465
477 444
630 426
896 535
772 640
650 433
372 434
844 618
848 601
448 389
800 617
856 577
792 641
374 435
833 606
368 431
861 440
628 430
554 446
840 610
562 448
854 613
695 361
861 439
716 448
560 509
560 424
707 353
457 424
869 565
539 475
554 442
710 348
820 629
864 433
407 435
696 388
700 351
516 451
456 420
435 441
717 375
862 414
471 449
699 387
870 588
629 433
364 487
416 435
869 543
520 448
878 566
666 421
430 429
731 445
914 511
396 417
390 440
828 601
627 423
531 457
866 558
710 454
862 433
390 448
920 456
882 434
550 431
894 523
874 567
885 583
908 520
917 456
794 618
561 511
849 531
456 444
798 620
910 506
491 460
652 412
865 443
454 418
641 433
566 430
404 434
703 352
848 583
519 443
911 514
857 635
714 444
544 462
824 617
711 455
355 507
715 442
828 588
828 602
704 352
702 351
548 496
545 485
579 439
384 450
548 475
716 447
883 587
480 452
819 614
455 445
882 590
851 454
689 358
412 444
549 481
782 642
443 420
884 589
795 640
712 455
388 475
627 413
415 421
357 505
459 420
446 400
816 615
661 423
400 411
523 468
719 376
547 423
420 434
393 426
874 429
381 469
692 364
709 347
884 585
710 351
401 411
377 440
566 442
631 425
382 470
887 438
856 445
533 455
710 459
878 447
798 621
727 450
580 442
849 422
560 427
506 462
895 535
558 428
557 419
886 437
547 503
518 446
588 448
866 430
704 372
489 457
452 446
855 530
775 643
702 381
795 614
906 540
849 423
788 634
868 548
385 446
868 547
597 440
847 626
557 442
652 410
904 513
796 620
662 409
557 433
646 411
853 538
879 569
858 589
860 441
851 581
375 473
564 441
503 463
657 400
376 431
687 391
885 589
478 449
854 612
375 472
402 441
557 506
559 430
877 590
535 464
407 437
834 597
552 478
704 370
836 576
849 626
521 461
490 454
698 363
850 581
652 400
714 383
825 594
850 579
786 642
867 540
440 422
806 637
863 433
914 512
709 344
848 586
826 611
430 433
838 600
725 452
846 624
839 597
846 615
877 532
627 412
524 463
883 577
385 478
863 417
396 443
562 451
695 356
864 538
544 481
854 582
858 607
674 427
876 533
724 378
389 473
554 496
656 400
385 447
394 440
534 456
883 586
693 387
871 421
696 361
545 460
451 449
387 451
377 474
545 455
392 450
910 507
913 512
401 414
899 521
822 596
868 557
877 431
689 354
455 421
900 534
464 458
575 434
409 431
475 447
833 576
463 459
901 518
867 569
444 398
852 541
459 439
691 390
424 446
724 366
778 640
904 514
690 356
886 533
521 462
920 462
529 445
920 459
421 450
914 503
877 537
410 428
706 459
692 399
835 596
419 434
860 611
709 375
869 440
832 576
729 444
706 374
845 594
867 568
806 627
907 523
644 409
416 447
519 446
417 436
397 436
722 445
356 517
354 505
424 434
919 460
907 522
869 415
398 448
866 570
695 345
417 434
445 403
903 532
868 564
689 391
882 535
683 391
528 467
388 449
621 436
657 408
711 387
693 355
491 457
451 446
378 446
665 426
859 606
476 443
373 438
845 604
897 519
470 453
365 480
907 542
525 448
437 441
660 409
547 461
635 431
535 472
368 487
445 438
846 601
390 431
836 585
827 588
868 426
562 450
552 484
878 545
420 441
631 432
399 435
888 533
370 459
508 462
383 448
549 445
857 585
707 378
638 416
696 353
550 480
528 449
877 545
905 514
787 640
415 439
557 432
478 453
701 384
519 445
413 420
449 407
394 436
878 588
777 638
855 537
681 430
371 485
900 523
826 591
520 447
391 435
633 434
542 477
535 459
856 535
781 644
412 441
376 439
690 397
478 440
371 479
576 440
564 426
871 431
390 435
374 459
701 385
795 629
715 461
548 429
820 607
547 431
502 465
685 433
908 523
791 634
455 437
835 581
535 439
688 391
457 430
867 542
561 441
838 583
723 372
700 382
569 449
550 496
848 421
423 435
530 465
548 505
412 428
695 358
915 467
851 527
371 487
837 585
846 600
878 538
716 442
392 452
830 606
473 439
467 455
709 348
850 423
379 446
860 606
847 599
721 445
542 475
872 427
544 459
876 536
788 641
853 442
516 464
704 369
870 427
906 505
859 530
905 546
373 434
400 448
386 447
850 613
720 373
399 443
553 422
624 418
550 486
521 448
359 497
425 432
559 421
725 450
397 431
868 565
548 431
558 422
792 626
551 430
853 609
893 536
549 489
853 448
733 452
880 429
903 512
821 608
411 426
661 424
467 437
466 437
423 430
859 602
876 448
443 455
662 394
852 531
426 443
790 634
834 599
446 392
711 379
837 596
394 421
834 596
528 445
529 455
925 450
453 413
867 559
629 431
626 435
880 549
632 432
552 423
379 476
360 493
818 605
852 526
844 597
528 447
849 590
835 578
850 609
856 583
853 606
648 411
401 413
445 452
828 597
449 441
919 459
638 430
553 426
410 419
566 449
451 410
781 640
411 448
432 434
356 509
822 595
876 450
628 416
903 545
532 454
413 423
578 441
899 534
645 411
813 620
640 418
400 413
486 456
825 590
688 433
724 444
355 511
720 447
708 347
884 584
411 447
634 432
804 626
394 430
830 571
885 435
887 525
545 425
399 423
874 569
723 448
553 502
508 461
856 605
708 378
522 465
441 447
870 557
459 431
395 432
901 517
851 442
717 444
557 435
558 442
548 502
529 466
862 606
886 534
868 437
535 476
868 434
794 614
659 410
415 440
851 451
895 534
398 441
410 417
448 397
879 434
394 451
908 514
546 486
550 448
886 592
415 442
796 636
420 452
599 439
914 468
723 366
646 405
884 578
397 449
806 628
412 448
653 432
709 379
810 621
564 431
384 454
813 613
516 450
396 429
858 585
698 388
796 641
907 520
647 411
851 453
434 420
792 636
880 550
496 462
711 446
690 357
877 576
447 398
550 430
552 496
867 550
920 453
866 566
375 475
445 449
708 377
877 539
575 440
833 574
884 582
884 580
871 556
414 423
862 557
374 481
421 447
370 433
563 448
794 636
479 436
822 615
716 375
861 607
660 398
856 633
462 432
659 398
458 437
557 437
860 530
565 431
406 440
721 372
627 414
793 636
549 431
627 411
551 449
555 496
868 542
476 453
515 455
826 613
627 432
833 594
655 398
855 420
845 573
376 479
447 389
857 586
445 443
711 457
719 445
874 450
551 467
824 616
701 387
661 400
535 456
891 522
847 617
475 448
864 587
830 601
412 440
870 420
621 410
726 446
875 449
724 374
552 499
429 431
833 614
549 473
461 422
837 588
558 443
711 459
904 525
873 415
661 399
446 455
696 360
845 599
466 451
874 440
881 432
819 607
873 416
550 467
554 423
439 421
455 417
562 445
454 441
400 442
483 453
476 436
488 459
543 455
631 419
884 581
370 438
557 441
451 448
878 532
715 375
377 466
391 417
434 443
717 374
631 429
542 447
396 426
806 636
567 424
548 430
866 555
412 424
844 617
539 457
384 456
695 363
375 434
877 575
834 575
860 605
703 362
852 450
419 432
380 447
560 433
492 461
856 634
451 419
391 440
826 590
399 425
856 530
383 463
829 596
710 385
856 444
906 543
352 501
399 430
858 608
775 638
900 536
628 411
446 390
824 621
428 434
845 637
657 398
906 523
478 442
391 430
691 400
851 638
561 433
401 428
526 462
533 445
806 626
879 577
793 627
709 385
447 407
455 440
550 476
714 375
687 398
502 466
437 423
535 457
899 520
460 425
398 430
392 433
458 425
398 411
713 446
894 518
625 432
493 453
449 420
902 535
864 533
755 620
456 445
398 423
689 405
420 451
662 403
384 448
818 606
703 379
549 467
851 626
535 441
867 555
904 542
516 465
545 490
823 609
599 436
366 435
827 596
562 449
705 381
888 590
549 479
371 488
863 409
808 634
874 451
846 590
777 644
559 435
660 401
390 446
854 611
560 435
907 514
852 527
565 442
875 536
446 444
704 353
867 549
893 521
552 493
513 462
433 429
723 365
535 443
573 434
794 632
858 535
395 435
840 598
721 373
549 433
905 524
558 423
710 382
918 470
543 456
459 427
796 627
863 438
703 380
858 606
716 449
695 357
811 629
862 413
553 437
565 426
645 410
831 615
833 584
387 477
390 430
532 444
852 581
626 411
552 426
888 582
882 589
550 485
840 600
870 417
446 445
474 445
911 521
534 438
399 412
835 595
363 491
870 425
910 509
527 448
846 573
482 461
907 505
539 445
722 361
858 420
433 428
547 505
554 502
863 408
877 433
869 542
725 376
551 445
790 643
370 488
822 608
573 432
857 606
716 461
878 448
533 454
673 424
375 477
367 431
861 587
875 452
852 445
480 453
860 587
535 442
374 480
902 527
542 476
442 454
472 436
883 588
545 482
851 583
359 500
496 453
443 450
724 369
796 642
440 447
837 590
802 616
716 445
836 590
843 613
698 362
779 638
451 447
514 454
862 586
492 462
912 503
661 405
467 456
530 454
480 458
877 450
437 453
536 473
685 390
881 577
847 619
854 629
528 448
858 423
852 454
388 477
637 433
710 345
355 506
445 401
577 442
887 439
904 537
626 416
809 627
560 442
445 413
903 522
520 466
700 364
882 575
380 481
872 413
887 436
366 488
886 532
576 436
482 459
836 607
789 639
500 464
871 587
398 440
447 404
904 536
794 612
856 610
870 586
527 467
843 584
863 414
882 533
870 429
886 435
548 491
701 370
848 581
465 430
850 635
395 429
895 530
819 604
794 615
838 586
693 399
823 622
816 614
809 625
366 432
827 587
847 415
481 456
920 458
473 438
384 462
869 420
516 446
822 625
910 508
446 405
842 595
566 447
905 539
416 433
632 418
465 437
865 442
873 590
422 445
908 542
447 453
867 439
682 391
890 523
660 397
711 384
565 429
371 434
538 474
567 450
885 581
512 461
544 489
622 433
562 425
703 351
657 403
513 461
439 447
393 417
463 458
397 425
867 420
547 473
720 449
869 439
535 474
476 452
516 448
875 430
489 454
868 585
702 387
625 418
364 435
377 442
657 412
897 534
378 478
535 458
454 415
813 610
732 449
444 449
718 371
872 446
847 618
693 356
797 611
453 423
870 422
791 622
872 431
794 627
899 516
798 610
859 608
832 604
394 426
383 472
411 423
689 355
441 422
847 614
710 352
707 455
560 436
361 499
794 628
877 434
696 345
523 465
359 496
524 458
852 420
723 361
375 430
470 457
468 453
435 446
544 480
870 428
853 526
725 453
377 441
410 449
852 532
906 507
643 419
542 487
459 429
868 567
700 385
519 459
397 432
872 424
856 631
393 435
551 428
628 418
371 482
636 433
847 572
550 483
881 426
804 627
867 541
831 578
377 464
805 621
622 435
622 432
554 504
850 420
662 401
856 578
552 480
880 426
560 426
910 540
407 440
377 470
697 388
692 402
874 573
654 399
568 432
400 435
863 435
873 586
385 454
722 372
469 455
872 564
876 569
373 480
628 415
869 545
859 588
898 524
878 438
525 456
880 432
412 427
704 380
855 532
821 628
702 360
478 443
406 439
420 443
452 443
629 422
550 473
551 496
378 439
413 419
870 583
634 429
849 637
561 507
404 438
917 467
576 442
659 408
358 505
864 535
389 445
867 438
449 400
518 462
551 470
813 612
394 429
551 485
845 621
395 417
390 447
360 497
552 467
806 625
845 577
372 484
544 479
726 378
447 449
543 450
881 588
652 402
453 415
580 444
557 505
844 608
846 591
794 617
841 585
834 570
412 446
852 538
867 535
659 424
904 511
802 617
711 460
863 556
392 417
901 531
360 490
489 456
525 455
859 590
871 425
481 455
524 464
777 643
539 456
832 577
581 445
878 569
352 502
844 575
689 400
436 421
783 641
870 424
476 442
532 445
621 411
475 449
539 446
396 440
854 531
548 428
866 535
850 633
853 627
557 436
869 435
637 418
487 454
794 630
363 434
550 477
859 603
841 590
791 635
361 493
800 623
477 437
837 581
712 444
846 594
534 436
863 588
393 441
659 406
379 444
466 429
448 391
621 433
862 424
842 611
551 427
830 603
717 445
848 417
456 439
460 424
697 363
852 451
865 535
442 419
457 423
574 433
694 363
835 579
448 415
868 432
477 459
465 431
919 461
632 426
663 425
885 578
548 484
880 538
629 432
538 458
382 462
391 437
847 424
552 498
849 594
384 451
916 457
834 569
896 536
715 379
876 575
382 471
543 448
351 501
647 433
378 468
455 423
374 433
724 361
904 510
865 557
795 636
847 423
839 600
845 616
366 433
847 623
409 434
891 523
400 444
394 427
720 375
875 573
881 544
519 457
878 570
526 453
487 453
868 544
856 582
413 428
848 416
406 435
732 451
879 550
456 446
417 448
884 535
864 423
851 625
834 606
902 521
566 448
815 615
801 618
899 515
903 544
860 439
412 425
400 410
549 502
841 611
844 636
367 435
552 490
657 402
794 641
862 440
529 448
849 601
836 581
871 418
542 479
359 499
839 589
880 546
896 532
541 448
425 433
878 436
902 516
870 587
725 449
380 464
421 449
862 423
442 445
875 575
877 448
845 613
580 440
791 632
410 427
554 495
456 423
552 501
645 407
700 362
854 635
701 351
429 432
356 501
803 622
694 354
484 456
405 442
455 415
502 463
625 415
560 450
354 506
446 446
391 422
896 530
807 635
699 351
647 412
442 423
823 590
847 421
865 424
722 369
493 454
404 439
547 425
383 456
857 630
443 389
808 622
867 437
453 417
425 445
878 565
811 615
881 536
552 449
854 615
643 409
642 414
359 505
792 620
659 405
412 445
378 467
399 427
551 489
452 412
418 436
421 434
531 445
664 414
567 425
901 523
908 545
428 432
846 603
522 448
455 430
913 468
832 610
414 440
791 623
858 422
657 407
831 606
917 469
832 613
850 586
708 458
898 534
886 591
865 551
398 412
725 446
863 612
814 612
386 467
527 455
560 438
429 430
647 434
537 476
436 420
862 416
707 377
832 602
909 504
705 353
786 638
697 346
515 446
725 378
444 436
882 588
850 445
528 446
874 441
415 443
551 431
415 438
687 432
710 349
542 486
416 446
835 573
689 392
860 433
413 446
723 368
432 447
539 444
354 520
691 356
624 414
715 463
795 630
718 449
625 414
910 516
573 707
376 464
548 473
720 369
793 619
850 530
562 452
689 398
723 363
869 541
542 456
353 499
446 393
387 452
577 438
921 464
422 430
448 420
855 607
375 479
728 450
640 431
713 454
852 635
394 428
444 391
395 416
389 477
646 433
456 417
831 617
712 446
717 376
475 434
872 430
661 404
673 425
455 441
394 454
827 615
626 407
657 401
630 429
379 477
913 522
888 523
537 475
389 474
874 431
539 449
896 533
832 593
780 640
661 403
852 453
690 355
907 541
798 622
851 578
795 639
864 608
553 449
860 442
453 414
680 428
465 429
867 537
526 451
704 361
711 344
440 421
706 370
431 429
787 637
385 449
400 438
461 437
803 621
471 453
643 408
724 445
880 577
724 447
420 456
373 459
870 546
563 447
873 430
475 435
399 439
900 516
459 423
835 572
790 641
789 634
625 431
854 420
556 502
551 491
551 504
897 520
431 434
455 449
820 633
384 475
550 472
866 437
696 363
419 443
435 429
911 508
546 491
424 433
466 456
905 511
824 592
666 423
882 592
774 641
458 439
378 464
873 591
724 449
832 609
444 416
910 514
395 436
395 430
506 461
910 537
853 626
884 590
882 576
720 376
365 433
545 487
478 457
530 445
556 505
557 502
795 632
842 581
855 627
548 461
859 445
397 440
632 431
810 622
777 642
835 574
398 410
698 364
444 413
460 426
485 453
832 611
840 599
437 422
385 457
444 438
902 536
660 408
901 522
471 457
900 517
541 478
855 444
639 417
735 453
474 454
355 499
798 623
902 544
652 401
392 432
775 642
853 539
851 635
452 422
536 474
370 434
848 591
422 447
443 419
411 437
556 424
689 399
545 447
547 502
857 588
496 455
864 438
874 568
796 618
889 591
871 420
410 431
795 627
698 350
855 630
443 413
545 483
709 352
555 495
850 624
875 577
840 611
445 420
408 437
730 450
437 440
904 539
804 621
872 585
839 581
353 521
355 509
524 462
411 436
850 607
822 633
682 390
870 565
401 435
835 577
427 446
674 424
815 617
880 588
911 503
445 399
864 609
877 535
702 380
871 565
535 440
547 445
545 453
838 590
885 532
654 402
863 441
450 415
658 424
806 623
825 595
569 432
572 707
865 438
877 440
806 622
626 410
414 421
367 488
622 412
517 462
537 471
929 451
373 431
865 431
691 398
413 431
445 397
810 633
822 632
846 637
411 428
442 420
902 525
525 454
444 437
628 419
461 425
468 455
407 417
707 370
474 448
464 434
684 391
863 524
445 405
887 589
847 624
629 419
548 423
555 444
406 438
719 372
857 530
391 439
778 638
859 536
557 439
370 492
836 572
385 468
873 588
468 454
838 597
918 455
397 414
849 602
866 560
437 450
524 457
707 459
552 430
553 423
703 365
853 446
426 445
883 535
411 438
860 443
860 434
895 537
654 400
903 529
374 479
834 614
718 444
400 440
905 513
712 382
863 587
545 480
525 461
467 438
882 539
372 431
637 432
419 451
793 629
445 416
849 585
488 454
697 345
852 442
643 411
547 446
364 432
725 454
657 410
861 438
905 542
446 395
559 422
823 618
794 629
445 414
907 532
548 472
455 444
627 415
539 448
432 446
434 427
849 589
361 489
864 408
561 430
663 412
844 621
849 421
837 598
837 599
688 392
850 612
626 408
812 620
693 396
847 595
878 425
806 630
371 438
464 433
866 429
805 623
641 418
690 358
433 445
435 443
851 604
875 588
527 462
870 541
633 425
856 606
799 618
902 526
557 507
859 418
566 427
864 432
442 417
862 441
354 509
433 434
800 621
377 439
712 453
878 535
888 437
490 456
450 411
599 437
621 435
869 539
447 454
541 447
370 490
412 423
869 586
891 536
904 532
865 423
389 450
872 557
869 567
566 428
829 615
708 353
576 435
881 431
675 427
841 597
840 593
706 375
813 615
905 540
474 453
646 406
837 587
410 429
580 439
844 577
887 437
921 455
702 362
843 579
447 417
638 417
353 504
850 611
918 456
726 453
363 490
660 395
808 633
880 447
644 433
551 469
874 444
856 534
546 428
784 640
493 456
543 481
848 424
865 434
889 534
502 464
535 475
645 405
549 476
562 431
563 427
845 610
579 447
474 439
867 433
642 417
539 487
386 443
527 451
381 445
396 413
928 450
711 345
789 638
900 525
555 502
545 493
554 445
854 609
850 540
694 399
864 612
697 362
711 346
395 423
561 434
566 431
844 609
420 455
787 636
429 436
863 609
673 427
439 454
896 534
878 437
352 500
851 609
850 601
857 420
870 423
400 445
550 465
797 612
547 428
622 434
548 427
711 450
479 457
860 524
703 367
441 423
548 434
543 458
867 566
912 505
873 425
396 415
661 397
799 619
853 444
681 428
533 464
517 451
847 592
543 451
779 640
454 445
427 447
823 625
826 616
372 480
399 411
903 509
820 632
556 438
705 365
877 432
403 412
447 455
693 354
390 478
913 503
369 481
580 441
820 614
797 621
700 363
551 495
807 634
702 365
902 517
874 586
600 447
375 461
907 524
856 584
775 641
690 405
477 435
377 447
459 421
809 629
723 444
424 445
363 494
877 425
384 474
551 478
482 463
851 420
459 437
535 473
377 438
906 545
848 584
882 536
878 434
853 583
426 433
864 414
663 424
868 439
699 389
866 438
903 521
711 445
777 645
861 415
821 627
639 431
903 525
627 419
861 447
450 401
877 527
793 640
859 419
439 448
525 467
367 481
909 521
842 593
912 513
371 483
712 383
445 398
392 430
496 459
865 422
423 441
716 446
881 578
861 558
658 401
526 467
864 588
661 407
889 524
875 445
640 417
872 569
820 627
371 481
835 614
560 507
813 614
867 432
862 412
876 532
389 476
471 448
568 433
735 452
851 540
914 500
640 432
877 430
879 427
689 394
450 410
867 430
708 456
363 489
566 450
874 442
876 439
496 454
563 429
554 437
500 463
541 459
427 432
634 431
866 587
869 428
561 437
795 615
392 422
441 448
521 466
418 453
880 430
724 362
529 444
787 638
700 387
896 531
910 510
431 447
386 477
547 463
385 460
927 451
831 574
846 616
824 619
829 602
562 434
831 571
866 569
434 446
782 643
434 445
544 492
829 588
885 577
888 535
852 579
848 624
547 474
449 416
891 533
903 536
844 610
376 436
715 374
483 454
486 461
849 579
547 464
471 451
545 458
555 443
878 544
644 411
709 382
777 640
450 420
412 426
359 490
859 610
801 621
453 411
543 487
712 443
531 456
804 616
533 465
360 492
847 620
803 615
813 611
846 609
831 598
466 438
834 602
878 546
902 530
443 439
853 612
661 395
598 440
657 411
550 424
658 405
908 521
397 443
375 442
831 594
864 422
398 435
882 430
701 366
518 453
571 434
463 437
645 409
569 450
833 607
548 482
909 517
546 482
858 605
453 418
563 442
367 434
849 610
549 496
393 451
470 448
534 464
359 491
491 456
560 425
714 449
857 445
631 431
381 480
824 620
709 345
840 613
866 428
706 373
816 617
714 448
478 456
831 616
701 386
879 426
531 463
526 461
684 434
580 443
884 435
810 619
725 375
860 535
868 558
875 572
897 537
475 453
689 401
545 422
823 610
499 460
399 424
855 611
857 603
832 608
852 609
902 534
560 512
863 607
848 446
849 612
841 593
843 582
851 542
795 618
866 585
903 516
877 568
358 497
427 445
389 443
799 624
540 456
522 458
549 424
864 526
844 604
887 590
390 423
622 414
542 450
355 505
651 411
854 538
705 371
925 451
442 452
381 464
874 430
391 447
385 467
557 421
711 444
851 445
655 413
550 445
910 505
878 537
781 641
909 516
527 468
394 431
918 469
419 430
543 452
863 442
421 451
665 422
445 395
628 414
830 596
473 446
471 452
355 517
793 641
865 588
394 432
396 414
452 410
837 583
447 451
658 406
402 442
658 404
446 394
704 364
792 635
882 540
861 424
428 430
797 618
379 465
546 458
376 474
865 408
538 476
908 532
379 445
850 610
891 534
444 405
858 421
856 529
457 437
706 376
897 530
860 525
902 532
436 429
865 425
379 443
423 442
360 499
546 429
883 547
363 430
881 539
863 559
399 448
721 369
866 541
823 611
561 429
435 420
909 543
854 605
892 536
827 593
598 439
875 570
883 549
559 442
371 484
873 569
553 490
694 390
787 635
380 478
419 452
866 559
907 540
455 443
875 534
443 454
832 612
865 561
558 504
547 490
551 493
693 390
385 453
438 452
695 362
355 519
531 464
456 437
549 466
705 372
567 423
831 577
848 613
515 445
628 420
408 434
835 570
458 445
491 455
449 397
555 441
864 439
849 603
381 447
860 440
832 616
527 463
555 439
559 506
446 391
871 557
904 541
360 498
919 469
468 452
887 581
885 535
705 370
877 451
409 422
855 527
456 421
476 441
848 420
831 603
557 420
446 443
694 364
399 428
443 414
435 442
398 431
734 452
437 447
882 585
859 447
520 462
377 460
655 401
385 448
867 584
429 445
553 489
546 461
363 493
653 412
850 531
784 641
655 400
447 442
841 584
519 462
856 630
706 381
380 479
390 432
723 364
419 442
906 546
722 448
465 458
448 449
877 452
375 476
840 597
599 441
873 445
464 431
884 433
555 424
561 442
526 456
722 367
436 441
456 430
427 434
552 479
826 587
398 425
385 458
376 460
851 637
539 488
705 380
689 393
400 439
546 423
849 588
852 633
662 404
545 484
901 528
459 432
823 615
537 444
864 442
452 423
582 444
837 589
809 633
784 642
469 448
370 489
802 628
814 609
855 619
835 576
560 437
356 506
416 437
357 498
378 442
563 441
810 620
879 535
860 610
451 420
411 422
434 441
487 452
810 624
562 443
550 481
785 640
412 438
549 474
846 626
492 460
870 416
716 378
409 439
844 619
546 463
846 415
552 429
862 558
640 416
887 534
867 585
710 384
376 442
710 387
566 432
874 448
445 440
375 466
438 448
915 466
878 539
698 351
386 444
558 437
867 554
853 450
693 388
855 604
835 613
841 586
429 444
817 618
548 483
457 429
440 420
401 432
792 621
675 413
381 446
423 433
889 523
463 435
625 421
660 406
717 443
850 626
638 431
362 489
356 515
836 591
487 459
442 446
868 559
408 435
848 637
652 411
713 450
564 447
692 363
852 530
920 454
873 589
462 435
557 438
462 423
353 505
484 452
560 443
844 576
391 450
661 422
873 446
484 453
790 640
644 434
909 522
712 456
839 612
847 622
843 574
849 606
520 468
463 433
840 588
705 364
376 462
376 437
874 449
699 386
896 518
904 515
645 408
654 413
434 428
390 450
386 458
524 450
869 557
545 492
806 635
415 434
560 508
448 393
700 381
793 632
867 426
723 443
858 419
840 584
884 583
849 624
782 644
540 447
834 571
625 407
643 412
435 427
525 457
642 419
372 483
692 387
544 482
793 618
825 616
523 458
396 450
702 388
883 540
515 454
555 505
716 379
730 449
551 471
697 352
516 463
403 433
628 431
856 617
576 439
858 634
375 463
687 390
461 432
384 452
363 435
487 461
401 436
871 424
439 452
722 371
878 534
905 507
474 444
451 400
554 424
392 421
889 533
456 422
366 481
909 513
400 447
505 462
445 442
447 452
449 417
703 350
409 417
630 419
876 588
901 536
819 605
558 439
535 438
455 414
450 412
846 614
919 455
409 440
437 429
454 449
877 589
378 469
823 613
359 493
663 413
892 523
834 585
550 489
709 447
457 431
358 500
446 452
563 423
900 524
551 448
917 455
779 642
831 597
856 632
850 583
864 419
392 420
550 433
776 641
358 506
842 579
867 553
573 433
630 432
394 425
516 449
915 469
887 435
477 457
549 475
869 418
428 429
374 436
474 446
621 434
387 476
364 488
442 453
437 449
642 418
460 420
863 419
905 532
634 430
825 614
802 618
685 434
899 535
398 443
791 633
447 441
860 445
873 565
850 637
468 451
397 412
583 452
403 413
572 434
882 546
887 531
663 410
422 444
713 452
714 442
623 411
709 459
548 490
662 405
825 615
519 444
855 609
866 426
463 438
877 424
471 436
391 421
865 429
455 439
435 447
845 597
633 432
876 449
543 447
560 439
563 444
708 354
368 481
858 587
562 507
446 389
802 626
870 421
517 446
830 616
851 582
558 505
374 434
453 449
829 613
793 626
858 611
868 587
394 453
474 442
496 460
697 348
525 463
504 463
375 470
854 608
865 559
851 605
847 594
642 416
448 455
473 442
713 379
547 426
774 639
551 500
851 579
421 430
554 422
854 614
458 424
695 388
697 349
801 626
864 611
427 433
479 435
560 510
824 590
891 535
450 449
824 595
448 399
448 421
732 452
663 409
456 419
848 422
552 424
850 587
544 490
416 441
854 627
372 459
565 447
413 429
848 626
449 449
472 448
461 438
722 375
829 616
832 615
880 427
564 429
556 435
834 576
446 447
709 346
844 614
910 543
357 510
402 414
872 414
410 430
709 387
397 430
778 639
551 479
487 460
421 443
389 449
562 444
514 462
484 462
416 434
357 509
654 412
908 519
544 488
855 615
726 452
453 419
457 445
474 438
857 602
686 390
460 432
548 479
649 410
490 462
364 495
857 619
461 420
629 426
856 420
549 486
370 435
553 430
863 557
662 393
705 367
550 484
455 419
563 426
824 618
869 583
864 607
879 432
628 423
907 513
499 461
356 511
904 544
898 522
578 438
839 586
467 451
867 421
694 396
824 591
388 442
831 600
860 589
443 391
413 421
826 615
846 602
661 398
832 578
545 518
388 447
627 431
438 429
905 510
882 591
868 562
445 446
855 539
890 533
879 545
787 634
396 451
517 452
537 474
456 416
547 504
708 459
853 447
874 588
414 438
513 464
629 423
823 624
776 639
465 439
672 425
599 438
883 585
851 633
900 518
909 505
389 448
531 437
448 407
437 448
833 585
806 629
551 494
460 423
804 617
356 513
851 587
465 457
701 388
420 453
448 441
528 455
901 507
517 453
628 417
871 586
545 428
637 431
705 382
686 408
834 574
626 434
706 382
849 587
691 401
630 427
886 589
887 434
848 612
808 631
827 589
831 596
861 433
516 466
417 449
872 583
724 448
879 588
883 430
914 501
804 630
391 438
417 433
854 628
400 428
359 494
851 541
409 420
449 406
778 637
847 637
823 595
855 617
356 508
545 423
534 476
861 416
791 626
878 427
879 425
874 443
599 443
801 619
906 548
870 426
379 475
858 604
539 476
821 631
720 448
881 537
693 395
795 612
415 441
487 455
528 462
622 413
416 436
913 505
499 462
598 436
549 464
864 431
479 452
820 615
707 382
524 449
855 582
624 436
423 432
844 573
889 583
907 519
858 586
463 432
837 584
718 445
444 450
872 586
386 459
528 454
848 419
854 630
845 598
626 415
550 429
511 461
544 452
865 539
908 505
689 356
888 536
839 582
532 456
875 535
794 616
838 581
910 522
497 460
879 436
828 615
464 435
663 417
873 566
686 400
807 622
907 545
867 565
561 431
855 533
547 486
853 443
870 542
792 619
689 359
703 372
870 415
908 504
479 458
384 453
883 434
523 457
699 385
818 614
450 406
849 591
792 622
442 447
626 436
779 637
635 429
851 636
802 624
418 442
476 449
372 486
823 607
828 596
566 424
447 448
861 446
866 421
642 415
363 492
376 432
712 345
456 440
450 407
560 451
534 442
869 546
904 524
374 432
712 460
355 501
705 376
861 443
531 465
391 425
462 424
564 442
491 454
706 369
467 450
388 452
437 425
872 582
812 615
395 421
866 424
723 375
553 499
863 415
559 441
449 398
856 607
877 534
808 635
834 600
550 487
838 601
547 422
524 467
455 448
523 459
809 628
848 619
524 468
864 537
662 426
376 477
913 526
913 523
875 533
694 397
379 478
377 459
850 422
545 459
868 420
441 445
392 478
841 583
725 361
663 411
844 637
806 624
566 425
729 445
578 436
521 464
363 432
399 431
626 432
558 435
493 459
858 530
398 428
821 633
419 433
649 411
861 423
496 461
884 577
813 609
849 445
473 443
853 420
865 421
577 441
582 452
824 611
860 423
782 641
841 613
662 407
795 631
376 438
371 459
789 643
479 442
547 482
408 441
550 490
795 641
428 447
874 445
400 429
803 627
895 519
644 406
723 362
821 607
397 413
797 620
660 424
460 437
924 450
892 537
817 605
683 434
832 574
853 445
548 489
389 442
904 516
419 431
646 413
867 552
382 472
836 575
686 433
423 436
694 359
514 451
823 621
865 538
863 407
850 604
773 640
701 360
550 497
879 587
557 424
854 526
852 626
507 462
368 488
852 446
420 430
546 459
878 435
832 571
888 534
690 391
646 407
868 430
447 397
845 636
446 417
680 432
892 521
394 452
521 465
854 442
457 419
821 625
859 441
481 460
402 433
698 352
532 463
800 622
493 457
836 570
814 615
802 621
881 428
825 596
862 587
726 450
562 432
378 465
869 441
787 642
656 412
443 452
868 561
714 461
852 582
444 452
690 390
876 440
510 460
437 424
792 632
902 533
396 449
478 436
548 426
864 559
433 443
713 459
706 353
448 390
458 446
387 450
443 390
548 445
847 625
425 434
693 389
854 578
704 362
416 438
575 436
856 604
553 450
706 364
543 457
370 491
367 430
915 468
395 422
628 426
858 602
444 403
523 448
881 542
354 501
537 458
411 449
389 440
713 460
723 445
809 622
543 459
462 438
457 439
776 640
859 525
701 365
415 420
709 455
368 435
418 452
909 514
869 419
443 421
476 451
694 388
853 582
558 506
823 616
545 424
829 601
429 435
796 628
643 418
879 539
844 620
503 462
553 495
413 432
851 538
436 450
895 520
853 579
495 458
662 395
359 495
913 521
561 443
854 633
688 398
372 438
886 531
440 454
864 606
525 466
450 408
711 383
398 439
881 546
833 596
862 415
489 462
867 547
520 458
468 456
863 418
723 369
537 443
452 445
849 592
917 457
520 446
849 583
457 438
411 429
474 441
353 501
855 443
636 432
495 459
699 365
852 452
718 376
837 597
509 459
721 375
862 524
789 640
366 434
706 372
373 432
413 448
800 626
713 449
356 516
545 481
459 428
552 468
393 436
550 479
664 413
484 463
904 508
699 364
373 481
640 433
707 458
906 524
428 435
902 529
626 418
855 616
402 436
396 425
519 463
555 435
362 499
442 416
421 448
921 452
823 591
686 389
892 522
872 415
702 363
623 437
394 415
882 547
693 403
826 612
535 444
857 634
845 596
721 374
451 415
848 614
880 436
809 621
656 414
519 458
689 397
542 459
625 420
907 507
837 591
450 409
445 402
445 439
395 424
708 376
443 416
900 522
868 538
831 605
883 550
844 574
863 440
475 436
437 452
848 447
913 469
924 451
550 488
880 428
631 426
405 439
442 418
385 475
850 539
658 425
451 417
879 544
386 445
832 570
494 459
525 465
368 434
902 543
362 493
861 425
433 444
691 399
553 427
548 486
660 394
528 466
898 521
549 465
431 445
686 399
356 505
379 464
851 526
351 500
857 589
696 354
910 523
908 540
692 401
690 399
709 458
420 454
542 480
373 436
872 421
889 525
708 455
560 432
385 456
472 451
926 451
382 447
515 447
402 432
387 447
846 572
911 513
690 396
906 547
567 428
417 443
656 406
412 447
732 450
383 474
922 452
436 425
654 398
835 580
846 593
912 504
381 479
455 424
697 350
459 445
777 646
393 478
545 486
868 566
490 460
662 425
412 433
565 425
879 538
859 611
421 435
696 348
452 409
562 428
907 544
366 480
704 368
883 551
839 588
565 446
457 418
488 461
868 563
626 433
872 565
823 596
788 642
635 432
392 440
849 593
418 433
899 524
662 408
563 424
364 489
555 442
909 545
852 606
391 478
707 381
377 478
720 445
711 350
862 409
401 412
712 445
809 630
845 418
810 616
855 442
821 634
810 623
532 464
847 601
870 555
879 568
432 445
848 582
531 454
922 449
553 496
835 571
847 610
648 413
864 413
884 434
907 539
887 591
400 443
567 449
414 433
471 439
551 490
849 539
877 533
381 468
868 539
377 446
369 434
879 534
566 423
475 446
845 603
899 519
902 522
521 463
414 422
806 634
726 445
694 395
397 448
376 463
391 436
657 406
443 453
355 508
527 456
858 588
472 445
401 434
477 438
355 500
478 450
370 483
728 448
392 437
380 444
372 461
473 448
392 424
561 448
653 400
901 543
551 502
880 566
555 440
658 403
704 379
563 425
391 424
870 556
400 449
427 443
826 614
428 445
392 441
569 433
716 444
479 434
364 494
550 428
713 383
449 418
492 454
551 492
411 439
388 443
633 433
628 424
809 632
388 445
543 480
548 478
449 419
622 437
436 440
545 446
901 544
371 486
780 639
817 604
558 433
423 431
680 431
560 420
473 437
396 436
871 430
826 586
876 424
643 434
631 430
661 406
673 426
546 503
843 583
659 401
681 427
562 435
814 610
921 463
537 472
464 436
642 434
563 445
682 389
376 478
797 622
731 449
581 443
861 536
842 596
810 617
881 430
364 433
443 434
878 567
878 439
448 406
714 378
625 419
879 566
575 433
843 578
902 509
917 468
495 456
553 451
854 607
599 442
623 412
864 536
402 439
800 618
814 611
710 447
858 631
773 641
866 436
459 422
715 450
831 595
444 435
551 477
838 582
837 586
725 377
847 416
548 464
906 532
658 398
829 571
709 378
621 437
856 611
380 474
876 577
847 420
644 419
650 409
907 543
888 525
872 590
543 482
853 441
904 512
857 444
864 420
873 587
552 427
859 535
483 462
458 423
447 393
887 582
395 425
410 436
671 425
364 434
446 398
710 350
474 436
362 430
399 449
532 437
697 347
441 420
383 455
394 441
859 589
404 440
845 595
860 612
445 400
804 625
856 603
872 584
412 421
452 449
833 602
530 455
712 450
392 429
370 481
863 605
878 550
890 535
501 465
453 445
375 474
482 455
869 425
378 470
701 371
713 444
713 451
442 422
441 446
623 414
568 450
868 554
833 605
551 432
441 454
438 421
696 352
848 444
722 370
825 593
906 520
385 450
864 557
851 419
468 457
859 446
788 640
393 415
476 446
901 508
908 518
831 604
865 413
821 626
705 374
861 525
408 440
551 481
407 418
777 641
854 448
860 444
797 613
545 491
492 455
895 518
542 478
874 535
483 461
867 539
712 379
404 442
715 451
544 487
847 609
444 451
844 613
907 506
886 581
877 439
912 521
861 535
419 441
548 497
922 450
703 366
626 409
848 594
401 439
382 474
445 447
789 642
494 456
910 538
868 536
905 508
689 396
855 528
395 434
728 449
797 610
414 446
431 448
866 586
552 445
804 623
390 477
393 429
380 477
384 445
366 431
719 449
866 556
922 451
400 446
377 467
468 448
772 641
863 606
815 616
363 431
548 433
804 622
452 444
851 634
445 392
786 635
685 389
474 440
691 392
702 372
842 614
452 411
354 508
905 538
383 468
560 505
556 496
540 488
882 541
477 449
628 421
911 505
702 373
849 604
443 438
919 456
481 453
900 535
359 492
408 436
361 490
874 439
874 446
802 625
691 393
864 434
385 461
392 431
891 445
421 454
446 416
909 544
452 413
469 457
831 570
560 511
509 460
450 400
364 493
869 544
902 508
894 536
499 459
877 574
717 377
878 568
664 425
704 365
415 446
400 431
877 441
446 448
600 441
379 442
855 618
839 590
781 639
874 432
412 439
865 537
841 587
399 434
696 364
376 461
432 429
692 396
856 528
830 602
860 558
828 572
883 431
392 419
800 625
709 454
553 504
874 571
875 587
708 382
645 406
460 419
541 456
469 436
445 396
885 534
358 494
845 609
847 583
457 440
551 484
355 518
686 398
887 583
390 424
369 488
868 537
882 577
353 520
561 427
809 631
380 468
825 611
466 457
715 462
704 351
828 600
357 516
566 429
712 380
542 488
548 498
726 361
451 416
397 451
515 451
874 424
534 463
656 413
477 442
505 463
437 451
856 576
362 429
540 449
552 469
663 418
881 543
447 450
661 396
463 430
708 457
523 464
429 434
864 586
867 551
448 405
561 428
852 580
817 615
356 514
463 431
381 481
904 509
910 539
383 464
710 383
422 443
457 421
790 644
408 438
821 615
365 481
856 533
808 627
444 404
826 589
557 434
389 441
657 409
472 439
894 521
862 417
880 545
841 591
365 478
624 437
655 402
699 388
468 458
548 435
621 413
537 473
799 622
866 534
547 429
826 593
547 479
410 422
835 585
364 491
563 428
821 629
544 455
391 451
855 531
900 521
873 567
902 528
565 432
372 487
876 430
693 402
725 451
539 447
541 475
446 441
426 444
848 638
840 590
454 423
882 549
451 421
409 418
492 456
791 641
622 411
599 440
524 448
448 417
445 415
365 488
850 529
429 429
382 468
878 577
923 451
556 439
520 467
521 458
796 612
914 502
859 423
692 356
832 596
550 492
880 543
583 451
803 616
864 610
864 534
560 431
545 456
421 446
877 588
525 458
482 454
865 560
846 422
628 425
526 448
715 449
837 570
457 444
868 586
715 373
515 448
842 597
835 607
549 482
599 435
905 543
394 417
472 438
356 510
661 408
875 569
626 419
712 452
525 452
697 359
851 539
391 429
382 464
558 429
465 428
865 587
828 571
444 392
558 430
445 455
444 434
524 461
712 381
850 528
796 619
423 443
354 519
680 430
375 471
714 446
861 411
849 607
875 447
395 452
567 426
854 606
833 604
871 583
823 623
809 624
534 437
409 419
359 506
782 645
875 574
683 390
517 454
557 440
846 423
555 437
855 535
424 443
618 422
829 612
430 434
455 420
444 420
643 414
810 629
385 476
405 434
375 432
500 462
357 515
468 436
397 435
395 440
403 439
868 568
880 547
850 542
462 422
686 401
708 385
643 413
366 436
849 586
867 431
849 605
862 411
436 422
443 422
400 436
788 643
791 624
550 447
549 425
791 621
724 375
357 499
481 463
460 422
873 592
877 569
879 543
418 443
841 592
354 500
482 460
454 417
416 448
832 614
912 512
353 502
874 452
405 435
832 594
859 587
854 634
367 487
860 604
486 453
860 435
533 437
874 447
370 436
556 437
570 432
549 491
701 361
552 502
379 468
460 427
481 459
434 435
864 435
727 445
710 386
829 614
401 431
845 617
356 518
835 575
858 445
871 427
474 443
884 579
688 397
884 431
409 441
365 487
524 451
372 462
486 455
848 418
458 432
871 415
470 436
693 363
722 366
662 412
445 441
848 423
882 534
901 525
363 499
876 537
786 639
579 438
737 453
650 411
854 527
562 426
701 381
842 580
660 410
389 475
842 594
855 578
706 377
421 442
686 432
875 432
719 370
560 421
561 435
413 433
544 447
836 606
701 383
900 519
386 460
445 451
888 591
395 443
694 398
650 410
692 390
471 450
862 438
524 465
713 461
569 434
859 609
558 502
411 433
728 445
561 512
395 415
540 450
906 542
393 421
513 463
843 580
882 548
372 460
716 443
477 441
464 437
456 418
795 613
454 414
879 430
722 368
859 448
662 410
617 422
560 506
414 434
481 454
495 455
473 436
548 424
706 365
881 434
817 614
468 437
898 519
435 428
823 608
724 446
689 402
873 424
449 411
872 570
537 459
356 512
478 452
853 454
511 460
402 412
875 571
449 415
415 445
714 447
433 435
853 578
855 538
380 445
882 542
866 427
389 446
805 635
377 443
509 461
796 613
880 548
656 398
727 452
481 458
553 445
628 422
459 430
710 380
518 459
388 473
810 618
726 375
544 450
860 436
779 641
818 607
870 430
662 400
827 614
485 456
894 522
835 597
877 528
697 354
845 419
532 462
392 423
453 441
538 457
409 421
577 437
841 582
844 578
723 442
547 424
477 452
847 571
555 504
875 424
422 446
637 417
666 422
867 434
439 453
570 434
525 460
632 419
848 610
404 441
840 612
868 425
903 528
550 434
528 456
353 503
473 445
841 588
875 440
729 450
416 443
896 537
647 413
375 436
383 473
711 385
894 537
546 446
689 395
381 470
730 445
374 460
515 462
501 464
866 439
389 444
709 376
708 375
913 525
547 498
861 445
847 616
703 353
625 436
843 597
820 631
553 429
544 453
438 422
716 377
375 465
834 601
408 417
909 506
832 607
710 379
831 601
467 449
559 439
824 593
851 610
726 454
910 521
384 468
857 611
465 438
527 454
451 445
534 443
696 359
846 620
863 423
868 560
353 500
847 591
834 598
516 454
807 627
842 582
717 449
665 425
666 425
666 426
666 424
667 424
430 445
668 424
879 574
668 425
668 423
929 450
895 521
669 425
800 624
668 422
720 370
670 425
668 421
394 443
668 420
690 394
668 419
736 453
668 418
385 445
896 520
669 418
667 418
668 417
847 621
670 418
669 417
666 418
833 603
712 457
558 444
665 418
372 436
868 549
664 418
447 405
645 433
371 491
444 433
866 557
664 416
561 438
663 416
664 415
918 466
665 415
658 426
657 426
656 426
655 426
654 426
655 427
653 426
654 425
655 428
652 426
653 427
654 424
655 429
652 427
655 424
651 427
656 424
655 423
650 427
656 423
655 422
650 428
657 423
656 422
655 421
650 429
657 422
654 421
649 429
657 421
653 421
649 430
652 421
649 431
651 421
652 420
649 432
650 421
651 420
650 432
649 433
649 421
651 432
648 433
649 434
648 421
652 432
671 418
672 418
673 418
674 418
673 417
674 419
674 420
675 420
674 421
676 420
675 421
674 422
677 420
678 420
678 421
678 419
679 421
678 418
679 422
678 417
678 416
677 416
678 415
679 415
680 415
680 414
681 414
680 413
682 414
681 413
679 413
680 412
682 415
681 412
678 413
682 416
682 412
681 411
678 412
682 417
683 412
681 410
678 411
683 417
682 418
682 410
679 411
677 411
682 419
683 410
682 409
677 410
682 420
684 410
676 410
683 420
681 420
682 421
685 410
675 410
682 422
685 411
675 411
675 409
683 422
681 422
686 411
675 412
684 422
687 411
676 412
684 423
688 411
687 412
685 423
689 411
685 424
689 412
689 410
686 424
690 412
689 409
687 424
686 425
690 413
689 408
686 426
690 414
690 408
688 408
687 426
685 426
686 427
691 414
689 414
690 415
688 407
687 427
684 426
686 428
692 414
688 406
687 428
683 426
685 428
692 413
689 406
687 406
687 429
685 429
693 413
704 367
686 406
687 405
688 429
684 429
694 413
693 412
904 538
686 407
687 404
688 430
683 429
409 449
685 407
688 404
687 403
688 431
682 429
683 430
478 459
479 459
685 408
687 402
689 431
688 432
681 429
545 461
544 461
546 462
686 402
690 431
689 432
620 410
619 410
618 410
617 410
616 410
617 411
617 412
618 412
616 412
616 413
616 414
615 414
616 415
614 414
616 416
613 414
614 415
617 416
612 414
618 416
617 417
611 414
618 417
610 414
618 418
610 413
618 419
609 413
610 412
619 419
618 420
608 413
611 412
610 411
618 421
612 412
609 411
612 411
609 410
612 410
609 409
612 409
608 409
609 408
612 408
608 408
609 407
611 408
608 407
608 406
608 405
609 405
608 404
610 405
609 404
607 404
610 406
609 403
606 404
611 406
610 403
609 402
605 404
606 403
611 403
610 402
609 401
605 405
612 403
611 402
608 401
605 406
613 403
608 400
606 406
604 406
614 403
613 404
613 402
608 399
604 407
613 401
609 399
603 407
610 399
602 407
610 398
601 407
611 398
601 408
601 406
611 397
601 409
600 406
611 396
601 410
600 405
612 396
600 410
601 411
600 404
613 396
612 395
599 410
601 412
599 404
614 396
612 394
598 410
598 404
615 396
611 394
612 393
597 410
598 409
598 403
615 397
612 392
596 410
597 403
616 397
611 392
595 410
596 403
610 392
611 391
594 410
596 402
611 390
593 410
594 411
596 401
610 390
611 389
592 410
594 412
595 401
596 400
609 390
592 411
592 409
595 412
594 413
594 401
595 400
597 400
608 390
609 391
591 411
592 412
592 408
593 413
594 414
594 402
594 400
597 399
607 390
608 391
590 411
593 414
594 399
606 390
607 391
590 412
590 410
593 415
594 398
606 391
606 389
589 412
590 409
593 416
595 398
606 388
588 412
590 408
592 416
593 417
596 398
595 397
607 388
605 388
606 387
587 412
588 413
591 416
593 418
607 387
594 418
593 419
608 387
594 419
593 420
608 386
595 419
609 386
608 385
595 420
610 386
607 385
608 384
595 421
608 383
596 421
595 422
607 383
608 382
597 421
595 423
608 381
597 420
594 423
595 424
607 381
608 380
595 425
862 432
596 425
594 425
545 454
596 426
593 425
594 426
597 426
592 425
594 427
594 428
594 429
594 430
595 430
594 431
596 430
594 432
593 432
594 433
594 434
595 434
593 434
595 435
592 434
595 436
591 434
594 436
590 434
591 435
589 434
590 433
591 436
588 434
589 435
590 432
591 437
588 433
592 437
591 438
588 432
590 438
591 439
588 431
589 438
590 439
591 440
588 430
591 441
587 430
588 429
591 442
587 429
588 428
591 443
586 429
588 427
592 443
591 444
586 428
589 427
593 443
590 444
591 445
585 428
589 426
594 443
590 445
591 446
585 427
589 425
594 444
594 442
589 445
590 446
592 446
585 426
589 424
594 441
588 445
590 447
593 446
584 426
590 424
589 423
595 441
594 440
589 447
594 446
593 447
583 426
596 441
594 439
588 447
594 447
582 426
583 425
596 442
595 439
593 439
587 447
877 427
595 447
582 427
583 424
597 442
596 439
595 438
586 447
596 447
582 428
584 424
583 423
597 443
585 447
586 448
581 428
584 423
598 443
584 447
586 449
584 422
605 381
598 444
583 447
584 448
586 450
606 381
598 445
582 447
583 448
585 450
586 451
554 451
599 445
597 445
581 447
583 449
584 450
585 451
586 452
577 439
525 453
599 446
580 447
581 446
583 450
577 436
551 472
600 446
599 447
695 413
695 414
695 412
696 414
695 415
696 412
697 414
694 415
696 411
698 414
697 415
697 413
696 410
699 414
697 416
697 410
695 410
700 414
698 416
696 416
698 410
701 414
700 415
696 417
702 414
696 418
703 414
695 418
703 415
694 418
704 415
703 416
694 419
705 415
702 416
706 415
701 416
702 417
707 415
706 416
702 418
707 416
706 417
703 418
701 418
706 418
707 418
708 418
709 418
709 419
710 419
711 419
710 420
712 419
713 419
713 420
714 420
713 421
715 420
713 422
716 420
715 419
716 419
715 418
717 419
716 418
714 418
715 417
718 419
715 416
719 419
718 420
716 416
714 416
715 415
719 418
718 421
716 415
713 416
720 418
719 417
719 421
718 422
716 414
721 418
720 417
719 416
720 421
719 422
718 423
716 413
722 418
718 416
719 423
717 413
715 413
723 418
722 417
720 423
719 424
718 413
717 412
714 413
724 418
723 417
720 424
717 411
725 418
724 417
721 424
718 411
716 411
725 417
722 424
715 411
716 410
726 417
725 416
723 424
715 410
727 417
724 424
715 409
727 418
725 424
714 409
715 408
728 418
726 424
715 407
729 418
727 424
726 423
715 406
729 419
729 417
728 424
726 422
714 406
730 419
730 417
729 416
728 425
726 421
714 405
731 417
728 416
729 415
728 426
726 420
731 418
731 416
728 415
729 414
727 426
725 420
726 419
732 418
732 416
727 415
729 413
726 426
727 427
733 416
732 415
727 414
730 413
725 426
727 428
734 416
726 414
725 427
726 428
727 429
734 415
724 427
728 429
734 414
724 428
729 429
734 413
724 429
730 429
729 430
734 412
725 429
723 429
730 428
735 412
734 411
722 429
723 430
731 428
734 410
721 429
722 430
723 431
732 428
734 409
720 429
721 428
724 431
732 429
735 409
720 428
724 432
732 430
735 408
720 427
724 433
732 431
735 407
725 433
723 433
732 432
736 407
734 407
726 433
723 434
732 433
737 407
727 433
722 434
737 408
737 406
727 434
727 432
722 435
738 408
738 406
727 435
727 431
721 435
722 436
739 408
738 409
728 435
727 436
720 435
721 436
739 407
729 435
727 437
719 435
740 407
730 435
727 438
718 435
741 407
731 435
730 436
728 438
727 439
717 435
718 436
741 406
727 440
716 435
742 406
741 405
728 440
726 440
716 436
743 406
725 440
716 437
743 405
724 440
725 441
715 437
744 405
743 404
724 439
725 442
714 437
745 405
742 404
726 442
724 442
725 443
713 437
746 405
745 404
742 403
884 476
712 437
713 438
747 405
745 403
756 620
711 437
748 405
745 402
757 620
710 437
711 438
749 405
748 406
744 402
745 401
757 621
758 621
709 437
711 439
750 405
748 407
746 401
745 400
759 621
758 622
708 437
709 436
712 439
750 406
750 404
748 408
759 622
760 622
709 435
712 440
751 404
761 622
763 621
762 622
710 435
709 434
712 441
752 404
761 623
764 621
762 623
708 434
713 441
711 441
752 405
752 403
764 622
764 624
763 623
764 623
707 434
753 405
752 402
766 622
765 623
777 623
766 623
777 624
707 433
754 405
753 406
753 402
751 402
758 628
774 622
767 623
766 624
707 432
755 405
753 407
753 401
777 625
758 629
773 622
767 624
775 624
776 625
707 431
756 405
755 406
753 408
754 401
759 629
772 622
768 624
775 625
761 626
763 626
707 430
757 405
755 407
754 408
754 400
760 629
772 623
769 624
768 627
774 625
762 626
708 430
706 430
707 429
757 406
757 404
754 409
754 399
761 629
772 624
769 625
768 626
774 626
762 627
761 628
708 429
758 406
757 403
755 409
754 410
755 399
754 398
772 625
769 626
774 627
765 625
762 628
771 625
708 428
759 406
758 403
757 402
753 410
754 411
754 397
770 626
774 628
774 630
775 629
709 428
708 427
760 406
759 405
759 403
757 401
752 410
753 411
755 411
754 412
753 397
765 626
763 628
771 626
770 627
774 629
709 427
760 405
759 402
756 401
751 410
755 412
765 627
764 628
771 627
773 629
709 426
761 405
750 410
751 411
765 628
771 628
772 629
766 628
766 630
710 426
762 405
749 410
750 411
771 629
766 629
770 629
767 629
769 629
710 425
763 405
748 410
768 629
768 630
768 631
711 425
764 405
763 406
747 410
769 631
769 632
770 650
770 632
764 406
764 404
747 409
770 651
770 633
773 653
771 651
772 632
765 404
764 403
746 409
771 633
766 642
773 652
772 651
772 633
773 634
766 641
764 402
745 409
746 408
773 651
770 648
772 634
767 637
767 641
764 401
745 410
766 640
773 650
765 401
764 400
745 411
771 648
772 635
766 401
764 399
744 411
745 412
773 636
766 400
765 399
745 413
774 637
767 400
766 399
765 398
744 413
767 638
767 640
768 400
766 398
765 397
744 414
774 650
772 648
768 401
766 397
765 396
770 636
772 636
773 637
767 397
767 639
774 649
773 648
771 636
768 397
767 396
772 637
768 639
774 648
771 637
769 397
767 395
772 638
769 639
770 397
769 398
774 647
771 638
770 639
771 397
770 398
770 396
775 647
771 639
775 646
771 398
771 396
770 399
771 640
772 398
770 400
776 646
773 398
771 400
770 401
774 398
773 397
771 401
774 399
773 396
775 399
774 400
773 395
776 399
774 401
772 395
777 399
776 400
773 401
772 394
777 398
776 401
771 394
778 398
776 402
770 394
779 398
778 397
777 402
769 394
780 398
778 396
778 402
777 403
768 394
781 398
778 395
779 402
768 393
782 398
779 395
780 402
779 403
768 392
782 399
779 394
780 401
779 404
768 391
780 394
779 393
780 404
779 405
769 391
781 394
778 393
780 405
779 406
770 391
778 392
781 405
779 407
771 391
778 391
782 405
778 407
779 408
772 391
771 392
777 391
783 405
782 404
777 407
779 409
772 392
772 390
777 390
784 405
777 406
780 409
778 409
773 392
773 390
777 389
785 405
776 406
781 409
774 392
773 389
785 406
775 406
776 405
782 409
774 393
774 391
773 388
785 407
775 407
782 408
774 394
774 388
773 387
786 407
784 407
775 408
775 388
774 387
773 386
787 407
786 408
773 385
788 407
772 385
789 407
771 385
772 384
790 407
789 406
771 386
772 383
791 407
790 406
771 387
792 407
770 387
771 388
793 407
769 387
793 406
768 387
769 388
769 386
794 406
793 405
769 389
769 385
795 406
770 389
768 385
769 384
795 407
795 405
768 384
770 384
769 383
795 408
796 405
769 382
796 408
794 408
797 405
796 404
769 381
797 408
769 380
798 408
769 379
798 409
770 379
768 379
799 409
798 410
771 379
767 379
800 409
772 379
766 379
767 380
801 409
773 379
772 380
772 378
765 379
767 381
802 409
801 410
774 379
773 380
772 381
764 379
803 409
802 410
775 379
774 380
774 378
773 381
763 379
764 378
804 409
803 408
776 379
775 380
762 379
763 378
764 377
804 410
762 380
762 378
765 377
805 410
761 380
762 381
761 378
766 377
765 376
806 410
760 380
763 381
762 382
760 378
765 375
807 410
806 409
760 381
763 382
761 382
762 383
759 378
760 377
766 375
764 375
807 411
807 409
806 408
760 382
764 382
762 384
759 379
759 377
763 375
808 411
808 409
805 408
806 407
765 382
764 383
762 385
758 379
759 376
763 376
809 411
808 412
808 408
807 407
765 381
762 386
757 379
759 375
810 411
808 413
808 407
807 406
763 386
761 386
756 379
811 411
810 412
807 413
808 414
809 407
807 405
763 387
760 386
755 379
812 411
806 413
807 414
808 415
810 407
809 406
806 405
807 404
759 386
760 385
755 380
755 378
812 410
805 413
809 415
808 416
811 407
805 405
807 403
759 387
759 385
754 380
755 381
755 377
812 409
805 414
810 415
809 416
811 406
805 404
807 402
759 388
759 384
756 381
755 382
754 377
811 409
812 408
804 414
809 417
804 404
806 402
760 388
758 384
759 383
755 383
753 377
803 414
810 417
804 403
805 402
806 401
757 384
755 384
752 377
753 376
810 418
804 402
757 385
754 384
751 377
752 376
811 418
804 401
753 384
751 376
752 375
812 418
804 400
753 385
753 383
813 418
812 419
812 417
803 400
804 399
752 385
813 417
812 420
812 416
803 399
805 399
804 398
812 421
812 415
802 399
806 399
804 397
813 421
811 421
812 414
801 399
807 399
804 396
814 421
810 421
800 399
801 398
808 399
815 421
814 420
810 422
810 420
799 399
800 400
801 397
816 421
809 422
810 423
799 398
801 396
817 421
816 422
816 420
810 424
799 397
802 396
817 422
811 424
809 424
810 425
798 397
817 423
812 424
810 426
797 397
798 396
818 423
817 424
796 397
817 425
795 397
796 398
818 425
817 426
794 397
796 399
817 427
793 397
817 428
792 397
793 398
818 428
816 428
792 398
792 396
793 399
819 428
818 429
815 428
791 398
791 396
793 400
820 428
819 427
818 430
815 429
790 398
792 400
817 430
818 431
789 398
790 397
816 430
817 431
819 431
817 432
820 431
817 433
821 431
817 434
821 432
821 430
818 434
816 434
821 433
822 430
818 435
815 434
816 435
823 430
819 435
818 436
814 434
824 430
823 431
820 435
817 436
825 430
823 432
820 436
820 434
817 437
825 429
820 437
826 429
825 428
820 438
827 429
824 428
820 439
827 430
824 427
821 439
819 439
827 431
824 426
822 439
828 431
825 426
823 439
829 431
828 432
826 426
824 439
830 431
827 426
826 427
824 438
831 431
827 425
825 438
832 431
831 432
828 425
827 424
826 438
825 437
833 431
832 430
829 425
826 424
827 423
827 438
834 431
833 432
830 425
828 423
827 422
827 437
834 432
829 423
826 422
827 421
835 432
830 423
829 422
825 422
827 420
836 432
831 423
825 423
828 420
836 433
836 431
832 423
837 433
833 423
832 422
838 433
834 423
833 424
832 421
839 433
838 434
847 606
838 435
848 606
839 435
838 436
573 708
839 436
837 436
838 437
839 437
836 436
838 438
840 437
835 436
836 437
838 439
841 437
835 435
839 439
840 439
841 439
842 439
841 440
842 440
843 440
842 441
843 441
842 442
842 443
843 443
842 444
843 444
841 444
842 445
844 444
840 444
844 445
839 444
840 445
839 443
840 446
839 446
840 447
838 446
840 448
837 446
840 449
837 447
837 445
841 449
840 450
836 447
837 448
837 444
840 451
836 448
838 448
836 444
837 443
840 452
835 448
836 449
835 444
837 442
841 452
840 453
834 448
836 450
835 443
841 453
835 450
836 451
834 443
841 454
837 451
834 442
842 454
841 455
838 451
833 442
840 455
841 456
841 457
840 457
841 458
842 458
842 459
843 459
842 460
843 460
841 460
843 461
841 461
843 462
841 462
844 462
843 463
840 462
841 463
839 462
841 464
839 461
842 464
842 465
842 466
841 466
842 467
840 466
843 467
844 467
843 468
845 467
846 467
847 467
848 467
848 466
849 466
848 465
850 466
848 464
850 467
848 463
850 468
849 463
847 463
850 469
849 462
849 469
850 470
850 462
849 461
849 470
851 470
850 471
851 462
848 461
849 460
848 470
852 470
851 461
848 460
850 460
847 470
853 470
852 469
852 461
847 460
850 459
847 471
852 460
847 459
847 472
853 460
846 459
847 458
848 472
847 473
854 460
853 459
847 457
849 472
855 460
854 459
853 458
847 456
849 473
856 460
849 474
849 475
849 476
850 476
848 476
850 477
847 476
850 478
846 476
851 478
845 476
846 477
852 478
851 479
844 476
846 478
852 479
851 480
843 476
845 478
846 479
852 480
851 481
842 476
846 480
852 481
841 476
845 480
853 481
844 480
845 481
854 481
843 480
855 481
854 480
842 480
843 479
855 480
842 481
842 479
855 479
841 481
856 479
840 481
841 482
856 478
840 482
840 480
841 483
857 478
839 482
840 483
840 479
858 478
857 477
838 482
840 484
859 478
857 476
837 482
839 484
840 485
859 479
857 475
836 482
841 485
860 479
859 480
857 474
836 483
836 481
842 485
861 479
859 481
858 474
835 483
843 485
842 486
861 480
858 481
859 474
834 483
844 485
843 484
842 487
861 481
860 474
859 475
834 484
834 482
845 485
841 487
861 482
860 475
860 473
833 484
834 485
841 488
861 483
861 475
860 472
833 485
835 485
840 488
841 489
860 483
861 476
860 471
832 485
835 486
839 488
860 484
861 477
860 470
831 485
832 486
836 486
835 487
839 489
860 485
862 477
859 470
860 469
831 486
831 484
832 487
837 486
836 487
835 488
839 490
859 485
860 486
863 477
858 470
859 469
861 469
830 486
839 491
859 486
861 486
860 487
863 478
857 470
858 471
858 469
862 469
829 486
830 487
839 492
859 487
862 486
861 487
864 478
863 479
863 469
828 486
830 488
840 492
862 485
861 488
865 478
863 468
827 486
828 485
829 488
830 489
841 492
840 493
863 485
861 489
866 478
863 467
826 486
829 489
841 493
840 494
864 485
863 484
862 489
866 477
864 467
828 489
842 493
839 494
864 486
864 484
863 483
863 489
862 490
867 477
865 467
827 489
843 493
839 495
865 486
865 484
864 483
863 482
864 489
863 490
868 477
866 467
865 466
826 489
827 490
843 494
838 495
865 483
863 481
865 489
869 477
867 467
825 489
826 488
827 491
838 496
866 483
869 478
868 467
824 489
826 491
827 492
837 496
866 482
869 467
868 468
868 466
824 488
836 496
837 497
870 467
869 468
869 466
868 465
824 487
837 498
871 467
870 466
869 469
868 464
823 487
838 498
837 499
872 467
871 466
867 464
822 487
839 498
836 499
837 500
873 467
872 466
822 488
839 499
836 500
837 501
874 467
873 468
822 489
837 502
873 469
822 490
838 502
836 502
837 503
874 469
873 470
823 490
821 490
836 503
875 469
872 470
821 491
836 504
875 470
872 471
821 492
836 505
872 472
820 492
821 493
872 473
821 494
871 473
872 474
820 494
821 495
871 474
873 474
822 495
821 496
871 475
874 474
821 497
871 476
875 474
874 473
821 498
871 477
876 474
875 475
821 499
871 478
877 474
876 473
822 499
821 500
871 479
878 474
823 499
821 501
872 479
870 479
879 474
878 473
824 499
820 501
873 479
880 474
878 472
825 499
824 500
820 502
873 480
881 474
878 471
826 499
825 498
820 503
873 481
882 474
879 471
878 470
826 500
826 498
821 503
820 504
872 481
873 482
883 474
880 471
878 469
826 501
827 498
826 497
821 504
819 504
873 483
883 475
883 473
881 471
878 468
827 497
821 505
818 504
874 483
872 483
884 475
883 476
884 473
877 468
878 467
828 497
817 504
874 484
882 476
885 473
879 467
878 466
816 504
874 485
882 477
886 473
885 472
880 467
879 466
877 466
816 505
816 503
875 485
874 486
881 477
882 478
887 473
885 471
881 467
880 466
816 506
876 485
875 486
873 486
880 477
881 478
888 473
887 474
887 472
884 471
880 465
816 507
877 485
876 486
876 484
872 486
880 478
880 476
889 473
880 464
817 507
815 507
878 485
877 486
877 484
872 487
872 485
879 478
880 479
879 476
890 473
889 472
881 464
817 508
814 507
878 486
877 487
877 483
872 488
878 478
879 479
878 476
891 473
890 474
890 472
889 471
882 464
817 509
813 507
878 483
871 488
872 489
877 476
891 474
891 472
890 475
888 471
882 465
812 507
879 483
873 489
872 490
876 476
877 477
892 474
892 472
883 465
811 507
880 483
872 491
876 477
892 475
892 471
811 508
811 506
880 482
871 491
872 492
893 475
892 476
893 471
892 470
811 505
881 482
880 481
870 491
871 492
873 492
872 493
893 476
891 476
894 471
891 470
810 505
882 482
869 491
891 477
895 471
894 472
894 470
891 469
809 505
882 481
869 492
869 490
896 471
894 469
891 468
809 506
883 481
868 492
869 493
868 490
869 489
896 472
893 469
892 468
891 467
808 506
883 480
869 494
868 489
870 489
869 488
897 472
892 467
891 466
807 506
808 507
884 480
869 495
868 488
869 487
898 472
897 473
892 466
891 465
806 506
885 480
884 479
870 495
869 496
867 488
899 472
898 473
897 474
893 466
892 465
890 465
806 507
885 481
871 495
870 496
868 496
899 473
898 474
896 474
894 466
892 464
889 465
806 508
885 482
872 495
871 494
915 464
868 497
899 474
894 467
894 465
888 465
805 508
885 483
873 495
867 497
868 498
895 467
888 466
888 464
804 508
805 509
873 496
866 497
868 499
896 467
895 468
888 467
887 464
804 509
866 498
868 500
896 466
803 509
865 498
867 500
868 501
896 465
802 509
803 510
864 498
867 501
869 501
897 465
896 464
801 509
803 511
863 498
867 502
870 501
869 502
897 464
896 463
800 509
801 508
803 512
862 498
863 499
871 501
870 502
896 462
801 507
804 512
861 498
863 500
872 501
871 502
871 500
870 503
895 462
800 507
804 513
860 498
861 497
873 501
872 500
870 504
894 462
895 461
804 514
859 498
861 496
874 501
869 504
870 505
893 462
894 461
895 460
803 514
858 498
874 502
874 500
868 504
869 505
871 505
892 462
894 460
895 459
803 515
857 498
858 499
869 506
872 505
871 506
894 459
896 459
895 458
803 516
857 499
857 497
858 500
868 506
869 507
895 457
803 517
857 496
858 501
867 506
868 507
895 456
804 517
802 517
857 495
858 502
866 506
867 507
868 508
896 456
894 456
895 455
805 517
804 518
801 517
802 518
858 495
857 494
859 502
867 508
868 509
897 456
893 456
894 455
895 454
806 517
800 517
802 519
860 502
867 509
869 509
898 456
892 456
894 454
896 454
807 517
799 517
802 520
860 501
866 509
870 509
869 510
899 456
898 455
893 454
897 454
798 517
799 518
803 520
861 501
860 500
866 510
869 511
900 456
899 455
893 453
798 516
862 501
861 500
866 511
869 512
900 457
899 454
893 452
798 515
868 512
869 513
901 457
900 454
899 453
892 452
893 451
799 515
797 515
867 512
868 513
869 514
902 457
891 452
893 450
797 514
868 514
870 514
903 457
902 458
890 452
892 450
893 449
868 515
904 457
903 456
902 459
890 453
890 451
868 516
905 457
904 456
903 455
901 459
890 454
867 516
868 517
906 457
905 458
902 455
901 460
889 454
890 455
868 518
907 457
906 458
905 459
901 461
890 456
867 518
868 519
907 456
905 460
900 461
890 457
866 518
869 519
868 520
908 456
906 460
904 460
905 461
889 457
890 458
866 517
870 519
869 520
867 520
868 521
907 460
906 461
904 461
888 457
889 458
890 459
865 517
870 520
868 522
908 460
904 462
887 457
888 458
864 517
870 521
868 523
909 460
903 462
886 457
887 456
888 459
863 517
864 518
870 522
868 524
909 459
903 463
887 455
887 459
864 519
869 524
910 459
903 464
887 454
887 460
864 520
869 525
911 459
904 464
887 453
886 460
865 520
869 526
912 459
911 458
904 465
886 453
885 460
869 527
913 459
912 458
911 457
904 466
885 453
886 452
884 460
885 459
870 527
868 527
869 528
914 459
903 466
884 453
886 451
883 460
884 461
884 459
870 528
867 527
869 529
915 459
914 460
903 467
883 453
884 452
887 451
885 451
886 450
883 459
870 529
866 527
867 528
869 530
916 459
915 460
903 468
882 453
883 454
883 452
887 450
885 450
882 459
870 530
866 528
867 529
869 531
915 461
904 468
902 468
903 469
887 449
885 449
882 458
871 530
865 528
869 532
916 461
904 469
903 470
887 448
885 448
881 458
882 457
872 530
864 528
865 529
870 532
917 461
916 462
903 471
888 448
884 448
883 457
882 456
873 530
863 528
865 530
870 533
916 463
902 471
903 472
889 448
883 448
883 456
874 530
873 531
873 529
862 528
866 530
870 534
917 463
901 471
890 448
889 447
882 448
883 449
883 447
875 530
873 532
873 528
861 528
862 529
862 527
871 534
869 534
918 463
917 464
901 472
891 448
881 448
876 530
875 531
861 529
862 530
862 526
869 535
919 463
918 464
917 465
901 473
892 448
891 447
880 448
876 531
876 529
860 529
861 530
863 526
862 525
868 535
920 463
919 464
919 462
916 465
917 466
891 446
879 448
539 489
538 489
539 490
537 489
538 490
539 491
538 491
538 492
537 492
537 493
536 493
537 494
537 495
537 496
538 496
536 496
537 497
539 496
537 498
540 496
539 495
536 498
540 497
540 495
535 498
540 498
540 494
534 498
534 499
533 499
532 499
531 499
532 500
531 498
532 501
531 497
533 501
533 502
534 502
533 503
535 502
533 504
535 503
534 504
532 504
536 503
534 505
531 504
532 505
535 505
534 506
532 506
536 505
534 507
532 507
536 506
534 508
536 507
536 508
536 509
536 510
537 510
536 511
538 510
535 511
539 510
538 511
535 512
540 510
539 511
538 512
534 512
535 513
541 510
540 509
539 512
533 512
542 510
540 508
532 512
533 511
543 510
542 509
539 508
532 513
532 511
544 510
543 509
531 513
532 510
545 510
530 513
531 514
545 511
545 509
529 513
545 512
546 509
545 508
529 514
546 512
545 513
546 508
528 514
547 512
546 513
544 513
545 514
527 514
548 512
547 513
547 511
544 514
526 514
527 515
547 514
544 515
526 513
527 516
548 514
544 516
525 513
527 517
548 515
543 516
544 517
525 512
527 518
548 516
542 516
543 517
544 518
525 511
526 518
527 519
549 516
547 516
543 518
544 519
526 511
524 511
527 520
547 517
542 518
543 519
523 511
524 510
527 521
546 517
547 518
542 519
522 511
523 512
523 510
524 509
528 521
526 521
527 522
548 518
547 519
541 519
542 520
521 511
525 509
529 521
526 522
548 519
547 520
540 519
521 510
525 508
526 523
549 519
546 520
547 521
539 519
540 520
520 510
521 509
525 507
526 524
550 519
549 520
547 522
538 519
519 510
520 509
524 507
525 524
551 519
550 518
548 522
546 522
518 510
520 508
523 507
524 506
552 519
551 520
548 523
545 522
517 510
522 507
523 506
524 505
553 519
549 523
548 524
544 522
545 523
517 511
517 509
525 505
524 504
554 519
550 523
549 524
545 524
517 512
517 508
526 505
555 519
554 518
551 523
550 522
549 525
545 525
517 513
518 508
517 507
526 504
555 520
554 517
552 523
550 525
546 525
545 526
516 513
517 514
517 506
526 503
556 520
555 517
551 525
547 525
545 527
518 514
517 515
516 506
517 505
557 520
556 517
551 526
544 527
545 528
519 514
517 516
516 505
517 504
558 520
551 527
543 527
546 528
520 514
519 515
519 513
516 516
517 517
518 504
517 503
559 520
558 521
558 519
550 527
542 527
520 515
515 516
516 517
517 518
519 504
518 503
516 503
560 520
558 522
550 528
541 527
542 526
520 516
515 517
515 515
518 518
517 519
516 502
560 519
559 522
557 522
550 529
540 527
521 516
520 517
514 517
515 518
514 515
516 519
517 520
516 501
560 518
556 522
557 523
551 529
550 530
540 526
522 516
520 518
513 517
513 515
517 501
515 501
559 518
557 524
552 529
550 531
520 519
512 517
513 518
512 515
518 501
514 501
559 517
558 524
556 524
557 525
553 529
550 532
521 519
519 519
520 520
511 517
513 519
511 515
514 500
559 516
558 525
555 524
556 525
553 530
553 528
551 532
550 533
522 519
521 520
510 515
554 530
554 528
552 532
522 520
521 521
510 514
554 527
553 532
552 533
521 522
510 513
555 527
554 532
521 523
509 513
510 512
555 526
555 532
522 523
521 524
508 513
555 533
523 523
520 524
521 525
507 513
508 512
556 533
555 534
523 524
519 524
522 525
506 513
508 511
554 534
555 535
523 525
519 525
509 511
508 510
554 535
524 525
508 509
554 536
524 526
507 509
553 536
524 527
507 508
553 537
525 527
523 527
506 508
507 507
552 537
553 538
526 527
525 528
508 507
507 506
551 537
553 539
527 527
526 526
525 529
509 507
506 506
550 537
554 539
553 540
528 527
526 529
510 507
506 505
549 537
555 539
553 541
529 527
528 526
511 507
506 504
549 536
555 540
530 527
528 525
512 507
511 508
507 504
548 536
555 541
531 527
528 524
513 507
511 509
507 503
555 542
531 528
529 524
528 523
512 509
507 502
556 542
555 543
532 528
507 501
554 543
555 544
532 529
508 501
506 501
507 500
553 543
554 544
556 544
533 529
532 530
508 500
505 501
507 499
552 543
534 529
505 502
506 499
507 498
551 543
552 544
535 529
534 528
504 502
505 499
507 497
550 543
551 544
552 545
536 529
535 530
534 527
503 502
504 503
508 497
507 496
549 543
550 544
551 545
552 546
537 529
536 528
534 526
506 496
507 495
548 543
538 529
537 530
536 527
506 495
547 543
548 544
539 529
538 530
537 531
537 527
506 494
547 542
548 545
539 530
536 531
537 532
538 527
537 526
505 494
506 493
549 545
547 545
540 530
539 531
538 532
504 494
505 493
506 492
549 546
547 546
539 532
538 533
503 494
506 491
549 547
546 546
547 547
540 532
538 534
503 493
507 491
548 547
549 548
545 546
541 532
537 534
503 492
507 490
550 548
549 549
545 545
542 532
503 491
507 489
550 549
548 549
545 544
542 533
502 491
506 489
507 488
548 550
545 543
543 533
501 491
502 490
505 489
506 488
508 488
507 487
548 551
544 543
544 533
502 489
505 488
508 487
507 486
549 551
548 552
544 534
544 532
503 489
501 489
509 487
508 486
550 551
547 552
545 534
501 488
510 487
508 485
551 551
546 552
546 534
501 487
511 487
510 486
552 551
551 552
545 552
501 486
512 487
511 488
551 553
544 552
545 553
501 485
513 487
512 488
512 486
551 554
543 552
545 554
500 485
513 486
512 485
550 554
551 555
543 553
543 551
546 554
544 554
499 485
500 484
514 486
513 485
512 484
549 554
552 555
542 553
498 485
500 483
511 484
512 483
553 555
552 556
542 554
500 482
510 484
511 483
513 483
554 555
552 557
541 554
542 555
501 482
500 481
511 482
514 483
555 555
553 557
543 555
542 556
499 481
500 480
511 481
515 483
555 554
554 557
543 556
541 556
498 481
500 479
511 480
515 482
555 553
555 557
544 556
541 557
500 478
511 479
516 482
556 557
540 557
501 478
499 478
511 478
517 482
556 558
539 557
540 558
502 478
498 478
499 477
518 482
556 559
538 557
540 559
503 478
497 478
498 477
499 476
518 483
518 481
556 560
537 557
538 556
541 559
540 560
503 477
497 479
499 475
519 483
556 561
538 555
541 560
539 560
503 476
496 479
498 475
499 474
520 483
555 561
556 562
537 555
538 554
542 560
541 561
539 561
504 476
502 476
495 479
499 473
520 482
554 561
557 562
537 554
539 554
538 553
543 560
541 562
501 476
494 479
500 473
498 473
521 482
553 561
558 562
536 554
539 553
538 552
494 480
494 478
501 473
497 473
522 482
521 481
552 561
553 562
559 562
558 563
558 561
535 554
537 552
538 551
494 481
494 477
501 472
497 474
522 483
522 481
551 561
560 562
559 563
559 561
535 555
539 551
538 550
493 481
494 482
493 477
494 476
501 471
496 474
522 484
523 481
522 480
550 561
551 560
561 562
560 563
560 561
559 564
534 555
535 556
539 550
537 550
495 482
492 477
500 471
495 474
496 475
523 484
522 485
522 479
549 561
550 562
551 559
562 562
559 565
533 555
534 556
536 550
537 549
495 483
492 478
499 471
496 476
524 484
522 486
523 479
521 479
549 562
550 563
552 559
550 559
563 562
560 565
536 549
537 548
492 479
525 484
524 485
524 479
521 478
548 562
551 563
550 564
553 559
563 563
563 561
535 549
525 483
524 486
525 479
548 563
552 563
554 559
563 564
564 561
535 548
526 483
525 486
524 487
525 478
548 564
565 561
564 560
534 548
535 547
526 482
525 487
523 487
524 488
526 478
547 564
565 562
564 559
533 548
527 482
524 489
527 478
526 477
546 564
565 563
565 559
563 559
532 548
533 549
533 547
528 482
527 481
523 489
528 478
565 564
565 558
532 549
533 546
529 482
523 490
528 479
528 477
566 564
565 565
566 558
532 550
533 545
530 482
522 490
523 491
528 480
529 477
565 566
567 558
532 551
533 544
531 482
530 481
521 490
523 492
566 566
567 557
532 544
533 543
521 491
521 489
523 493
567 566
520 491
521 492
521 488
524 493
522 493
568 566
519 491
522 488
520 488
521 487
525 493
522 494
569 566
518 491
519 492
522 495
570 566
569 567
517 491
518 492
522 496
571 566
569 568
516 491
572 566
571 565
569 569
571 564
570 569
569 570
572 564
570 564
571 569
570 570
569 571
572 563
570 563
569 572
573 563
568 572
573 562
567 572
568 573
566 572
568 574
566 573
569 574
567 574
565 573
566 574
570 574
564 573
570 575
564 574
564 572
571 575
570 576
563 574
564 571
572 575
570 577
562 574
563 575
564 570
572 576
570 578
562 575
562 573
565 570
563 570
564 569
570 579
561 575
566 570
569 579
561 576
566 569
568 579
560 576
567 569
566 568
567 579
560 577
567 580
567 578
559 577
567 581
567 577
558 577
559 578
567 576
558 578
558 576
557 578
558 579
557 576
556 578
557 579
558 580
556 579
556 577
556 580
555 580
554 580
555 581
555 582
556 582
554 582
557 582
553 582
554 583
558 582
552 582
554 584
559 582
551 582
559 583
550 582
559 584
550 581
549 581
550 580
548 581
551 580
547 581
547 582
547 580
546 582
547 579
545 582
546 583
547 578
544 582
546 584
548 578
547 577
543 582
546 585
546 577
547 576
543 581
546 586
545 577
542 581
546 587
544 577
545 578
541 581
547 587
546 588
543 577
544 578
540 581
541 580
547 588
546 589
543 576
539 581
547 589
545 589
543 575
538 581
544 589
543 574
537 581
538 580
544 590
544 588
543 573
538 579
543 590
544 573
538 578
542 590
543 591
544 572
537 578
541 590
543 592
544 571
537 577
540 590
543 593
545 571
544 570
537 576
540 589
544 593
543 594
543 570
537 575
539 589
540 588
545 593
543 595
543 569
536 575
538 589
541 588
540 587
542 595
543 596
536 574
537 589
541 587
541 595
543 597
535 574
536 589
537 590
544 597
535 573
535 589
536 588
537 591
544 598
534 573
534 589
536 587
536 591
544 599
533 573
534 572
533 589
534 588
536 586
536 592
543 599
532 573
533 574
534 571
532 589
533 588
535 586
536 585
536 593
543 600
533 575
535 571
533 571
531 589
536 584
536 594
543 601
533 570
530 589
531 588
537 584
535 584
536 583
535 594
544 601
542 601
543 602
533 569
529 589
531 587
538 584
537 583
534 584
536 582
534 594
535 595
541 601
543 603
533 568
529 590
539 584
533 584
534 595
541 602
533 567
528 590
539 585
532 584
533 583
534 596
540 602
532 567
533 566
527 590
532 583
533 582
533 596
539 602
540 603
531 567
526 590
527 591
532 582
533 581
532 596
538 602
531 568
525 590
531 582
532 597
530 568
530 582
531 597
529 568
529 582
530 583
531 598
528 582
530 584
531 599
527 582
528 581
532 599
531 600
526 582
527 583
527 581
528 580
530 600
531 601
525 582
526 581
527 584
529 600
532 601
531 602
524 582
525 583
527 585
528 600
529 599
531 603
524 581
527 600
528 601
528 599
529 598
523 581
524 580
527 599
528 602
529 597
522 581
524 579
527 598
529 602
528 597
529 596
522 582
522 580
525 579
524 578
526 598
529 603
528 596
521 582
522 579
526 579
524 577
525 598
526 597
529 604
528 595
526 578
523 577
525 597
526 596
528 604
529 605
527 595
526 577
523 576
525 596
527 604
528 605
530 605
527 594
527 577
526 576
523 575
524 596
526 604
528 606
526 594
528 577
525 576
526 575
524 575
522 575
523 596
525 604
528 576
521 575
522 596
523 597
523 595
524 604
525 605
528 575
520 575
521 596
523 598
523 594
523 604
525 606
528 574
519 575
521 597
522 604
523 603
524 606
525 607
529 574
528 573
519 574
520 597
521 604
523 602
523 606
525 608
528 572
519 573
519 597
522 602
523 601
525 609
529 572
528 571
519 596
523 600
525 610
529 571
527 571
528 570
524 600
522 600
526 610
525 611
526 571
525 600
522 599
527 610
526 611
524 611
526 572
526 570
521 599
528 610
526 612
523 611
525 572
520 599
526 613
523 610
524 572
519 599
520 600
527 613
525 613
524 571
518 599
520 601
525 614
523 571
517 599
525 615
522 571
523 570
516 599
517 598
524 615
521 571
523 569
515 599
516 598
523 615
524 616
521 572
523 568
515 600
516 597
522 615
524 617
520 572
524 568
523 567
516 596
525 617
523 617
524 567
522 567
523 566
517 596
516 595
523 618
524 566
521 567
515 595
522 618
523 619
520 567
521 568
514 595
521 618
523 620
519 567
513 595
521 619
524 620
522 620
518 567
513 596
513 594
524 621
522 621
518 568
512 596
513 593
524 622
522 622
511 596
513 592
525 622
523 622
511 595
514 592
526 622
525 623
515 592
527 622
525 624
515 591
528 622
527 623
526 624
525 625
515 590
529 622
528 621
527 624
516 590
515 589
530 622
529 623
527 625
514 589
530 623
528 625
513 589
514 588
531 623
512 589
513 588
532 623
511 589
512 588
513 587
533 623
532 622
510 589
513 586
534 623
533 624
509 589
512 586
513 585
534 622
533 625
509 590
511 586
514 585
513 584
535 622
534 621
534 625
533 626
508 590
515 585
514 584
512 584
534 620
535 625
533 627
507 590
516 585
512 583
535 620
533 620
536 625
535 626
532 627
533 628
507 591
507 589
517 585
516 584
512 582
536 620
537 625
536 626
532 628
506 591
507 592
507 588
518 585
512 581
537 620
536 627
505 591
506 588
519 585
518 586
513 581
537 619
537 627
536 628
504 591
505 592
505 590
505 588
520 585
519 586
513 580
538 627
536 629
503 591
505 593
505 587
519 587
538 628
535 629
536 630
502 591
505 586
519 588
538 629
534 629
501 591
504 586
518 588
519 589
538 630
534 630
504 585
520 589
519 590
538 631
534 631
504 584
520 590
539 631
538 632
505 584
520 591
540 631
538 633
505 583
541 631
538 634
506 583
505 582
541 630
538 635
506 582
504 582
541 629
539 635
506 581
504 581
542 629
507 581
543 629
507 580
543 630
543 628
508 580
507 579
544 630
543 631
543 627
545 630
543 626
545 629
546 629
545 628
547 629
548 629
547 630
547 628
548 628
547 631
548 627
547 632
549 627
548 632
547 633
550 627
549 632
548 633
547 634
550 632
547 635
550 633
546 635
551 633
546 636
552 633
545 636
546 637
552 634
545 637
547 637
546 638
553 634
547 638
554 634
548 638
547 639
554 633
549 638
547 640
555 633
549 639
549 637
548 640
556 633
555 632
549 640
550 637
548 641
555 631
551 637
548 642
556 631
554 631
552 637
549 642
548 643
557 631
553 631
553 637
552 638
550 642
547 643
558 631
553 630
554 637
553 638
552 639
551 642
547 644
558 632
553 629
555 637
553 639
552 642
559 632
553 628
554 639
553 642
560 632
554 628
553 627
555 639
554 642
553 643
561 632
555 628
554 627
552 627
556 639
562 632
561 633
561 631
555 629
557 639
563 632
561 634
557 640
563 633
563 631
558 640
557 641
563 630
559 640
557 642
564 630
562 630
558 642
557 643
562 629
557 644
561 629
562 628
558 644
557 645
561 628
563 628
557 646
558 646
557 647
559 646
556 647
560 646
555 647
556 648
561 646
555 648
555 646
556 649
562 646
554 648
556 650
563 646
562 647
554 649
557 650
563 645
562 648
553 649
563 644
563 648
562 649
552 649
553 650
564 644
563 649
561 649
551 649
552 650
565 644
563 650
561 650
550 649
551 650
565 643
564 650
561 651
549 649
550 648
551 651
566 643
564 651
560 651
561 652
549 650
550 647
551 652
567 643
566 642
565 651
561 653
550 646
552 652
568 643
567 644
565 652
561 654
549 646
552 653
569 643
568 644
561 655
569 644
561 656
561 657
562 657
561 658
561 659
562 659
560 659
559 659
558 659
559 660
558 660
558 658
559 661
557 658
560 661
556 658
557 657
561 661
560 662
556 657
557 656
562 661
555 657
563 661
554 657
564 661
554 658
564 662
553 658
554 659
565 662
553 659
554 660
566 662
552 659
553 660
566 661
552 660
567 661
568 661
569 661
568 662
569 662
568 663
569 663
567 663
570 663
567 664
571 663
570 664
566 664
572 663
566 665
573 663
566 666
574 663
573 664
573 662
566 667
574 662
573 665
573 661
567 667
566 668
574 661
572 665
568 667
575 661
574 660
572 666
576 661
576 662
576 660
577 662
576 659
578 662
575 659
576 658
578 663
575 658
578 664
579 664
578 665
579 665
577 665
578 666
580 665
577 666
578 667
581 665
580 666
576 666
578 668
582 665
577 668
578 669
582 666
578 670
582 667
578 671
583 667
582 668
577 671
578 672
584 667
582 669
578 673
585 667
584 668
582 670
579 673
577 673
586 667
585 668
582 671
580 673
579 674
577 674
585 669
582 672
580 674
580 672
579 675
576 674
586 669
585 670
581 672
580 675
578 675
587 669
585 671
581 675
578 676
587 670
586 671
585 672
577 676
578 677
585 673
576 676
578 678
586 673
579 678
577 678
587 673
580 678
588 673
587 672
581 678
581 679
581 680
582 680
581 681
582 681
582 682
582 683
581 683
580 683
581 684
581 685
581 686
581 687
582 687
581 688
583 687
582 688
580 688
581 689
583 686
579 688
580 689
581 690
584 686
583 685
578 688
580 690
582 690
585 686
578 689
578 687
582 691
585 685
577 689
578 690
583 691
582 692
585 684
576 689
584 691
582 693
585 683
576 690
582 694
575 690
581 694
582 695
574 690
582 696
573 690
583 696
582 697
572 690
573 689
584 696
571 690
572 691
585 696
571 691
571 689
586 696
570 691
571 688
587 696
569 691
588 696
587 695
569 692
588 697
588 695
568 692
569 693
588 694
567 692
570 693
588 693
566 692
567 691
570 694
587 693
566 693
571 694
566 694
566 695
566 696
565 696
566 697
564 696
565 697
567 697
566 698
564 697
564 695
568 697
567 698
566 699
563 695
568 698
566 700
562 695
563 694
568 699
565 700
561 695
563 693
569 699
564 700
563 692
569 700
564 701
562 692
569 701
564 702
562 691
565 702
564 703
561 691
564 704
560 691
565 704
564 705
559 691
560 690
565 705
559 690
565 706
558 690
566 706
565 707
557 690
564 707
557 691
563 707
556 691
563 708
556 692
563 709
555 692
564 709
562 709
554 692
564 710
561 709
553 692
564 711
561 708
552 692
553 693
565 711
564 712
560 708
552 691
553 694
566 711
564 713
560 707
553 695
567 711
566 710
560 706
554 695
568 711
566 709
555 695
569 711
567 709
570 711
569 710
567 708
571 711
570 710
572 711
571 710
572 712
572 710
573 712
573 710
573 713
574 710
575 710
576 710
575 711
575 709
576 711
575 708
576 708
574 708
832 420
831 420
831 419
