411 625
613 684
475 383
582 686
588 689
486 442
430 469
420 665
384 663
354 699
399 672
432 651
416 592
444 512
377 667
589 667
411 591
415 629
372 761
411 539
432 654
356 764
351 737
379 706
408 472
379 689
414 555
472 384
413 648
436 594
413 646
412 492
426 352
366 731
663 615
499 471
673 630
367 768
602 716
425 495
369 726
488 454
542 485
683 602
539 486
470 381
426 548
416 594
374 671
367 475
371 695
377 697
435 373
467 416
412 359
635 636
488 445
596 691
597 655
410 540
366 473
453 440
423 355
422 605
417 619
356 729
594 653
397 653
413 532
422 651
480 444
407 369
670 480
459 372
370 726
486 454
431 399
603 696
529 514
419 630
428 396
385 660
382 404
450 598
605 716
450 382
412 548
432 559
452 445
582 658
420 629
383 714
494 457
354 764
419 620
353 702
375 464
444 449
379 709
406 532
447 513
435 377
396 400
419 365
416 513
678 619
580 690
424 654
671 630
354 756
387 701
454 587
588 666
610 681
427 574
486 482
600 649
427 553
686 601
347 756
416 630
412 368
403 640
672 582
346 761
586 688
383 466
424 560
677 609
367 718
431 396
364 722
422 565
672 583
404 534
405 524
691 604
480 425
422 614
397 670
579 659
396 672
474 419
430 652
420 519
390 687
669 479
371 766
368 718
460 400
425 473
422 668
397 647
433 657
580 682
430 352
425 619
350 734
487 446
377 756
569 673
445 661
410 545
427 555
485 445
371 732
370 706
411 354
611 681
397 672
446 373
496 457
417 366
624 678
670 576
398 675
417 365
384 475
440 646
445 596
446 392
596 665
363 733
446 386
533 483
402 365
430 646
452 447
382 716
678 608
670 579
505 472
447 584
406 352
337 745
355 698
428 497
488 486
346 697
384 677
395 498
407 500
351 739
432 466
597 681
365 474
688 605
431 354
591 667
419 634
624 671
401 503
341 739
346 754
655 469
602 690
502 468
409 392
443 381
486 447
415 536
673 612
418 478
425 403
671 628
441 661
447 577
608 705
372 770
458 390
484 450
486 434
445 388
406 500
452 446
434 658
413 391
676 576
418 524
483 475
364 483
431 566
433 658
436 397
606 682
406 531
614 678
357 728
352 715
628 673
479 477
476 384
436 598
697 578
398 459
435 658
570 678
455 396
406 356
592 692
366 483
420 667
602 656
415 600
468 382
364 703
355 780
603 693
407 473
487 422
364 725
403 365
441 377
387 688
421 668
425 548
611 687
423 542
527 517
405 352
425 654
410 557
434 646
380 756
450 381
440 624
415 593
492 466
389 398
454 373
638 646
410 549
453 452
456 372
404 530
385 665
452 579
344 691
384 665
345 741
377 699
445 392
598 655
699 603
414 380
487 481
602 715
536 490
366 467
414 627
384 699
452 375
433 643
531 479
393 664
407 535
425 350
600 657
634 642
484 424
450 442
415 473
336 746
684 608
422 473
394 503
341 746
573 671
450 378
424 604
393 669
574 690
374 703
420 525
352 700
485 429
412 649
396 664
429 569
571 673
393 693
415 358
346 763
432 353
389 468
614 522
432 465
366 462
463 396
635 639
357 774
379 701
410 471
675 613
361 729
677 591
407 635
398 664
402 640
592 673
419 494
371 765
402 469
403 363
386 678
573 691
430 650
412 612
444 392
421 525
450 579
626 642
343 766
418 480
403 398
451 650
489 437
696 601
535 518
377 762
377 465
430 572
367 714
365 710
579 667
488 429
481 475
339 742
381 756
427 625
535 489
612 658
440 393
404 469
431 565
432 663
587 682
407 536
596 670
463 394
591 669
419 478
392 699
385 685
401 497
496 477
435 468
419 529
387 665
681 615
434 389
386 404
531 481
616 647
421 666
402 495
411 518
410 600
425 640
471 398
434 640
488 455
426 552
685 613
411 357
435 599
422 620
373 709
401 646
592 694
362 478
431 615
393 666
346 731
429 496
405 523
420 508
379 710
687 601
478 441
412 596
433 376
421 630
419 661
361 711
449 647
416 509
426 621
416 632
408 538
350 759
372 772
350 760
347 740
408 518
418 551
428 660
437 599
427 571
586 694
368 714
412 524
355 781
401 468
411 538
610 650
546 487
386 714
431 560
358 774
446 394
615 679
683 614
364 702
626 643
487 483
446 512
670 629
470 417
349 763
541 489
610 696
424 542
485 482
363 737
403 493
393 501
450 511
410 593
441 382
572 668
674 616
390 697
339 739
395 674
460 397
683 600
657 470
345 728
350 698
475 377
492 465
448 503
443 504
602 653
431 556
335 751
417 602
441 573
627 672
592 660
490 427
421 506
420 506
497 459
411 542
344 686
374 466
395 506
421 618
413 611
384 468
436 597
401 628
637 634
434 651
411 400
431 646
408 385
364 767
359 767
427 469
414 532
573 673
416 486
403 356
600 714
438 593
438 394
389 659
696 577
381 687
495 466
365 466
409 545
338 745
415 357
421 647
356 697
427 500
384 666
487 432
492 475
671 621
396 684
350 700
675 585
364 764
461 584
394 660
429 495
349 762
674 610
438 594
378 688
457 584
378 691
412 519
381 401
465 404
432 363
472 393
412 399
351 779
332 751
677 589
411 599
429 573
417 626
373 465
372 729
582 656
681 600
484 475
657 524
416 644
368 704
334 747
626 641
452 376
387 696
416 511
495 465
367 467
366 469
408 604
484 479
663 573
466 385
374 709
490 476
574 670
427 546
676 616
425 565
349 776
439 387
429 627
417 618
387 690
430 627
427 653
358 480
426 663
354 766
449 388
445 444
678 611
476 380
587 690
607 713
446 596
417 539
621 644
394 682
598 685
444 379
408 591
368 725
399 468
420 564
419 556
411 517
507 468
450 377
440 450
443 453
409 352
428 605
664 572
409 623
350 757
419 628
398 469
367 722
449 597
466 410
423 356
371 770
431 649
339 743
691 601
617 671
453 450
357 777
401 529
331 753
477 478
606 686
345 694
428 354
369 762
366 710
485 437
424 601
470 387
667 628
418 529
451 506
407 602
420 644
432 558
401 673
426 600
483 479
404 352
441 376
398 647
397 470
391 695
424 506
423 361
414 607
440 574
405 540
595 688
372 712
398 470
350 737
406 355
615 647
377 709
411 649
492 468
459 370
611 688
415 601
472 395
331 751
415 356
401 647
590 673
438 388
490 456
425 560
404 493
463 383
430 663
448 388
411 635
540 513
404 498
671 629
383 662
466 408
656 469
388 659
420 481
428 627
465 408
414 360
614 524
405 360
679 619
403 499
587 696
382 678
430 625
486 450
485 472
485 480
343 691
410 363
344 692
541 487
605 687
361 707
595 689
432 377
333 744
482 474
378 708
357 708
444 574
392 677
381 403
503 471
400 402
540 487
410 552
617 689
385 699
453 442
627 669
396 678
664 629
494 466
440 459
347 754
381 666
432 646
367 466
465 402
374 670
471 418
464 409
431 663
410 643
379 756
412 555
376 670
638 638
619 687
614 685
453 592
571 678
605 692
378 663
409 401
346 777
369 707
410 640
604 690
433 602
677 617
431 395
474 375
344 693
409 538
433 642
350 736
377 463
356 770
621 642
412 362
438 621
400 647
361 478
405 397
459 376
613 649
347 758
354 727
473 420
509 465
433 362
634 644
370 470
402 526
601 711
394 671
395 503
412 491
380 706
460 399
352 714
486 431
582 685
389 687
383 709
416 478
573 670
692 606
428 506
427 510
422 640
404 351
424 539
363 707
656 483
349 710
669 629
485 441
404 354
437 576
389 704
406 357
429 572
419 632
345 756
662 632
580 658
546 531
399 460
486 443
629 673
440 460
614 676
409 542
426 350
390 500
615 681
431 625
456 442
452 587
663 616
636 644
427 557
339 752
412 513
682 605
365 464
348 773
374 707
429 358
452 595
378 758
393 697
682 604
670 580
343 762
661 478
414 526
381 689
338 751
495 464
352 741
421 560
372 730
421 638
409 604
470 383
331 746
403 646
430 496
346 753
426 668
508 469
419 647
651 641
600 671
456 388
478 442
691 609
411 524
448 374
386 681
441 449
471 387
428 348
422 575
412 551
400 397
450 436
376 669
429 469
411 604
365 463
391 675
585 690
599 688
434 650
697 579
443 648
470 399
354 724
695 600
421 359
398 672
465 415
339 762
398 674
598 683
435 626
380 678
349 704
653 467
433 573
424 564
475 417
427 669
686 587
427 611
426 666
365 722
399 470
590 688
459 394
611 686
536 480
619 669
361 485
577 691
445 376
612 681
418 481
408 537
413 599
422 563
348 733
398 639
410 348
577 672
420 498
414 475
608 711
495 468
343 755
451 382
383 688
426 653
391 676
499 475
462 388
430 473
394 681
582 657
378 698
671 573
637 644
389 476
379 463
404 465
411 549
404 638
452 589
402 528
386 690
664 630
422 525
395 684
354 740
385 682
417 362
420 356
486 453
447 648
698 601
415 516
383 398
343 754
577 670
674 477
426 400
451 384
385 475
382 687
414 399
606 716
425 474
432 467
342 752
616 686
364 477
351 699
411 545
349 779
537 485
447 502
496 466
443 452
606 702
574 692
475 479
662 631
412 597
488 437
368 770
354 702
452 586
629 641
435 390
412 594
387 697
359 710
575 673
690 574
475 419
395 670
608 708
408 520
449 586
403 522
375 712
351 778
451 578
380 686
349 711
394 653
426 351
538 485
412 552
627 638
662 633
467 385
431 601
406 639
570 677
498 475
402 492
435 578
442 618
442 454
485 433
427 542
489 477
382 701
451 504
438 602
393 681
379 698
404 475
395 659
386 661
581 653
486 472
598 678
378 463
411 550
427 354
384 661
453 451
363 734
365 475
378 464
420 558
446 447
439 451
407 600
411 356
631 640
400 466
455 448
485 434
673 621
626 672
446 498
473 380
414 519
412 474
342 695
404 467
430 359
662 634
362 707
447 649
571 674
600 653
434 660
370 762
430 374
393 499
633 638
364 724
391 394
413 516
452 515
392 665
410 538
414 540
415 632
377 720
421 474
445 382
459 397
403 471
347 690
455 591
391 679
696 600
412 512
618 644
393 502
378 756
401 530
490 459
672 576
420 628
406 475
469 385
684 616
407 547
434 652
404 360
373 670
415 546
432 660
381 710
412 624
429 562
407 363
596 673
453 375
430 602
473 416
425 657
574 667
666 632
613 654
423 631
355 700
436 625
572 667
391 690
413 547
429 625
494 463
341 764
661 617
454 385
431 660
677 622
479 426
331 750
410 607
430 350
595 662
361 766
371 769
420 509
407 386
388 696
484 438
487 479
388 658
433 381
425 618
446 502
413 354
402 496
453 593
452 596
422 629
678 620
443 650
371 479
379 666
352 762
425 401
434 599
410 548
440 391
345 729
411 372
410 556
428 666
401 528
498 471
372 769
411 540
349 733
571 677
432 571
370 770
425 496
435 638
485 471
382 666
369 476
370 462
348 703
429 605
387 682
622 682
410 396
466 386
385 681
404 497
392 471
451 377
449 648
453 587
620 680
426 654
346 698
501 469
457 448
405 625
448 378
440 650
621 681
425 449
490 458
344 777
483 424
667 581
630 669
361 730
454 505
374 462
488 472
635 645
343 778
345 767
407 640
423 494
613 522
424 669
382 470
408 623
414 359
607 718
440 392
413 364
685 616
584 661
441 380
350 779
398 635
381 709
432 495
395 651
415 474
383 461
365 468
430 613
474 376
333 746
375 714
365 465
468 396
380 663
487 435
391 398
694 577
393 398
410 649
426 396
356 699
421 649
472 392
416 533
582 688
367 770
690 610
606 651
382 689
417 476
390 691
582 653
635 637
430 399
399 641
423 667
420 619
364 710
424 544
376 704
343 693
431 572
407 475
416 597
412 540
333 750
442 660
432 662
613 656
426 639
658 488
449 443
452 449
591 656
387 677
606 683
425 613
421 397
635 643
464 387
478 424
601 716
335 744
429 354
353 765
383 394
439 599
487 430
439 385
652 638
471 416
480 424
438 451
610 684
488 471
404 524
440 390
344 757
496 456
415 531
331 752
452 578
433 647
422 613
418 556
380 462
605 698
428 607
415 526
486 437
471 399
603 708
665 573
434 626
586 686
380 689
464 395
580 664
446 448
398 473
427 538
619 644
410 624
606 701
681 604
404 471
373 772
454 593
568 676
425 620
415 363
413 554
427 568
602 714
361 765
413 519
383 660
415 364
612 523
468 385
452 510
379 760
351 716
587 692
426 567
600 683
469 419
404 639
388 395
609 709
361 706
493 456
476 381
425 471
453 449
408 609
607 650
404 356
438 596
479 443
394 471
678 607
680 612
590 669
349 695
352 699
426 541
354 730
408 471
358 781
370 728
444 516
391 672
370 714
595 690
586 682
418 475
382 709
385 663
582 682
616 687
492 472
446 383
418 477
346 733
384 463
481 478
445 577
389 678
369 714
613 648
427 610
669 481
419 635
532 481
383 700
405 471
426 601
399 648
445 394
415 513
359 769
476 379
364 708
498 477
351 742
406 360
619 673
478 421
384 681
478 478
386 470
451 586
425 497
438 392
413 527
460 389
425 494
536 492
641 646
366 767
439 621
344 755
492 463
470 388
684 605
403 638
425 632
375 465
430 365
406 363
380 401
350 773
458 392
377 687
412 358
494 464
410 622
422 574
667 627
426 474
383 392
419 602
348 692
459 387
420 647
342 739
612 653
493 471
410 599
595 677
603 692
444 659
332 750
393 471
360 775
379 686
364 463
426 605
408 531
577 667
606 709
605 715
417 513
591 691
441 392
486 473
367 470
488 458
348 774
344 742
484 439
387 687
353 758
398 463
365 707
354 731
432 375
442 383
597 682
339 741
442 385
572 677
419 603
537 486
431 380
410 546
589 654
694 602
345 730
434 641
452 386
411 513
484 445
486 448
475 418
390 690
460 402
534 485
370 469
427 616
428 556
394 650
491 429
442 384
351 780
443 458
445 449
691 603
485 481
372 479
418 363
415 630
377 669
535 487
402 673
424 495
425 666
403 351
406 600
396 670
416 600
625 672
493 457
464 406
374 710
665 578
373 762
604 711
425 564
418 365
448 575
379 716
390 499
383 677
392 660
694 575
691 611
409 593
605 697
664 631
419 364
433 654
391 697
418 528
490 457
580 657
417 514
604 652
395 497
444 646
459 584
689 602
408 608
572 669
595 692
433 577
417 591
473 413
694 526
386 396
443 455
418 539
365 705
622 678
383 665
601 683
349 692
590 652
675 576
370 731
431 666
385 404
359 768
425 493
416 532
679 606
396 471
581 655
428 663
601 691
357 773
367 458
451 582
452 580
423 669
437 645
653 471
396 461
458 391
489 462
388 394
418 491
443 456
629 670
450 443
422 611
467 411
437 625
430 397
367 460
685 609
419 505
662 478
415 485
369 470
398 462
430 651
458 371
409 348
420 631
580 688
676 610
411 623
657 469
404 502
450 504
589 665
424 640
353 699
674 587
417 644
383 467
403 630
427 626
581 654
438 625
368 706
409 350
422 666
390 695
589 673
391 693
350 710
401 629
420 497
695 576
365 706
415 476
367 473
364 464
484 481
412 525
341 766
469 381
675 623
423 496
399 661
614 684
535 491
474 413
361 728
418 532
424 350
348 740
408 634
488 481
483 423
424 603
406 387
489 459
463 387
453 385
407 523
391 694
506 466
360 706
418 362
415 540
431 347
430 660
414 470
432 661
448 597
580 659
473 382
411 556
570 672
503 480
375 713
449 390
432 378
364 476
595 680
364 487
355 697
416 645
451 438
371 469
417 529
430 372
430 605
377 464
432 564
488 485
410 513
579 690
374 686
485 454
397 646
382 667
372 731
489 455
451 444
375 756
455 371
381 716
430 565
436 649
430 354
621 675
432 464
372 697
380 761
443 454
456 376
430 366
410 389
406 370
390 665
488 431
570 673
410 369
353 766
422 359
410 626
371 712
350 777
361 480
388 676
348 691
666 576
534 483
369 706
626 675
623 671
388 665
446 391
418 505
430 395
399 465
430 665
367 720
424 626
449 584
452 384
467 401
480 443
420 396
384 462
424 634
445 395
423 614
375 710
468 378
570 674
568 677
426 475
420 663
420 563
438 597
439 389
401 645
593 674
355 778
421 617
459 395
407 646
412 397
597 684
373 769
411 602
690 575
353 733
610 682
675 586
614 686
415 532
410 358
412 364
426 614
421 606
437 647
366 724
402 356
421 601
419 601
353 700
586 666
450 584
673 631
351 738
581 682
397 458
346 732
416 485
407 366
385 470
505 470
498 474
434 379
420 569
337 746
386 680
444 660
428 651
342 753
424 541
676 589
418 619
456 385
390 471
428 609
368 711
508 467
384 697
447 386
542 489
423 670
607 652
397 652
418 492
391 699
410 472
425 549
388 692
671 583
459 373
383 476
426 540
391 471
441 647
421 665
439 450
357 480
423 651
384 709
675 622
363 731
459 389
389 472
412 542
418 628
683 603
392 668
417 480
578 667
407 604
427 470
386 395
622 643
432 650
423 633
372 467
424 349
358 769
432 653
600 670
572 676
414 393
556 588
374 758
603 695
354 732
466 409
423 495
426 353
380 465
378 692
418 357
413 353
418 554
387 403
621 639
370 715
414 511
676 592
447 598
340 695
429 651
385 474
415 525
408 556
487 423
365 731
428 606
579 691
443 385
614 682
427 506
603 685
476 479
403 388
474 415
421 563
417 489
417 590
368 461
392 698
365 467
637 646
401 469
454 584
474 378
369 729
415 477
442 456
448 391
483 445
441 447
423 357
436 651
428 349
437 388
465 403
346 690
674 577
347 733
354 728
409 596
620 682
348 695
600 715
448 385
382 715
377 718
440 375
381 466
616 645
668 626
418 393
694 527
359 711
449 510
395 649
425 451
348 725
441 619
618 648
670 583
343 742
439 386
629 672
429 560
485 479
347 702
411 402
353 734
410 551
604 689
386 662
599 657
428 604
401 398
582 691
409 547
385 677
384 658
360 778
355 764
420 358
403 502
388 704
424 522
615 678
434 638
476 421
676 590
395 673
430 349
410 401
364 731
410 365
417 598
676 618
450 383
383 470
417 593
367 729
476 419
407 469
429 664
418 650
489 460
360 705
385 405
576 673
425 651
413 365
488 478
409 399
422 522
376 719
350 780
445 512
374 756
416 481
406 646
374 759
439 373
448 386
355 696
621 682
619 670
465 412
601 718
581 659
487 431
389 679
447 377
452 594
469 384
468 402
587 688
387 660
354 729
691 606
416 602
619 686
427 655
603 657
437 373
408 594
369 477
417 393
365 719
354 726
612 679
433 600
586 660
447 444
408 540
350 711
414 517
385 684
412 516
395 676
594 692
427 666
423 395
383 395
382 705
620 671
366 484
411 603
354 708
396 470
437 382
423 358
426 640
342 766
426 664
357 771
426 535
438 592
426 555
410 604
398 461
673 585
472 382
458 584
337 750
410 595
463 403
389 701
418 649
438 393
586 683
419 619
393 674
465 395
386 474
396 472
411 373
450 379
465 405
425 561
415 631
354 767
438 382
473 381
344 775
674 631
670 619
439 399
591 670
639 646
489 429
356 727
435 381
349 734
587 694
584 684
576 671
632 640
638 637
350 758
341 755
399 639
354 782
418 626
405 498
372 462
411 643
384 710
598 682
368 463
427 609
350 708
435 646
495 471
409 358
615 680
405 534
434 577
392 672
673 583
414 645
367 769
488 476
440 394
399 644
418 489
473 414
617 644
384 467
667 494
444 596
500 470
415 627
427 351
596 688
356 707
348 732
637 645
351 757
419 664
494 456
351 763
420 609
351 741
439 594
469 418
405 639
424 549
467 400
614 650
389 691
397 655
412 490
436 395
348 754
409 635
580 689
486 425
351 734
434 598
486 429
415 628
359 709
418 355
446 576
371 730
621 680
612 688
403 503
341 743
356 724
427 569
435 577
378 715
450 434
433 625
445 389
362 733
427 614
540 485
387 470
429 602
348 700
450 648
461 389
392 398
420 505
423 629
406 493
575 665
350 707
420 495
371 711
684 609
379 761
387 666
380 664
591 688
375 715
441 662
695 577
431 365
502 469
383 464
425 349
689 609
581 691
607 704
411 627
606 685
339 696
694 578
364 478
666 628
374 764
345 689
385 683
437 593
424 473
378 706
408 599
354 709
458 372
390 692
692 574
360 485
432 381
605 685
630 640
401 644
408 469
416 547
412 595
380 687
503 467
356 773
458 394
426 566
695 575
405 635
487 471
363 485
428 397
408 350
394 677
432 364
453 581
427 652
487 478
400 467
430 347
348 775
591 673
397 677
425 623
485 442
597 672
340 752
422 615
417 650
375 702
341 767
494 471
400 661
605 689
331 743
351 709
347 693
367 725
376 465
428 351
438 452
499 477
434 380
439 624
484 476
436 650
426 354
606 717
587 686
359 480
540 489
448 504
349 700
410 364
481 444
350 763
415 510
418 507
357 778
595 681
602 718
433 627
345 693
394 504
415 512
374 697
448 584
487 434
368 462
432 649
422 354
575 694
682 600
416 392
430 404
373 771
476 383
622 670
405 356
442 595
618 687
354 763
432 365
590 692
482 424
367 719
661 488
412 527
509 467
456 389
411 639
664 573
485 484
358 780
432 572
407 531
347 759
416 591
611 684
427 640
355 762
449 646
619 672
415 556
410 611
382 468
444 382
406 541
421 498
411 600
389 703
405 629
611 680
373 463
396 683
452 397
436 599
435 601
406 361
378 707
426 510
698 603
492 457
690 604
666 631
402 530
407 540
362 485
383 708
472 413
412 382
449 435
403 647
396 460
443 516
686 613
471 390
604 694
427 496
458 369
466 416
447 651
602 684
412 355
486 451
448 435
405 366
411 492
433 648
410 492
379 758
374 760
456 374
591 692
384 471
418 493
388 475
478 418
638 645
610 648
427 554
396 506
491 473
445 574
414 649
594 679
421 508
602 659
462 385
502 467
454 371
671 576
452 582
689 605
421 634
427 627
451 439
376 756
408 364
467 397
355 725
576 691
676 593
405 475
396 685
414 513
413 384
447 650
410 392
410 469
451 507
603 711
448 501
668 580
421 648
426 551
676 611
421 473
358 779
346 688
344 729
667 629
397 503
411 469
603 698
396 676
469 382
384 662
488 484
331 745
388 690
585 691
428 560
388 677
429 561
426 496
355 769
442 661
444 513
409 400
669 580
382 706
425 351
669 581
421 579
381 464
454 388
603 653
373 696
358 773
349 702
467 403
367 459
399 640
424 474
608 683
396 646
492 467
411 379
430 624
405 500
424 657
669 582
680 604
415 470
365 728
531 485
587 660
669 578
442 449
485 440
451 510
668 480
486 444
376 687
345 695
424 628
401 656
390 468
428 544
602 660
621 640
635 649
694 598
414 487
368 717
453 583
429 650
392 498
453 504
547 487
591 671
497 477
362 730
428 615
370 707
393 399
365 704
417 478
418 527
384 461
589 666
408 494
453 388
428 616
382 403
430 576
593 661
693 602
481 479
423 563
395 658
494 470
381 461
443 503
471 389
483 443
375 699
415 360
409 397
497 476
610 647
385 396
646 472
627 670
391 468
684 606
614 646
422 560
365 703
386 475
620 670
419 644
349 754
394 648
366 712
486 436
362 480
399 466
583 683
340 746
360 480
383 681
448 499
633 649
535 481
470 384
398 662
465 407
365 482
337 762
344 741
413 555
341 752
612 680
450 388
429 471
445 660
375 701
388 691
367 711
597 669
432 362
601 710
449 444
423 492
425 537
672 584
471 388
430 346
409 649
451 584
393 500
448 511
404 367
410 402
353 780
416 536
417 535
587 697
398 404
590 691
427 556
348 704
575 670
434 662
493 476
452 588
406 474
612 651
456 583
459 586
394 400
426 550
674 623
402 493
390 679
407 626
433 651
355 779
486 421
399 675
417 361
345 731
353 713
410 543
696 578
462 396
594 691
408 600
487 443
694 601
410 642
492 464
456 591
583 692
444 388
351 700
419 475
605 713
394 670
691 610
445 380
423 522
586 665
418 508
497 479
418 530
423 362
422 504
417 488
492 471
451 445
372 670
385 659
450 585
461 400
657 468
669 575
456 377
405 628
622 644
427 541
414 594
348 693
485 446
488 477
413 627
375 706
407 625
426 476
379 717
616 688
370 729
385 472
395 675
355 770
381 690
430 617
429 348
625 678
500 469
468 386
391 393
385 657
599 672
379 662
452 383
593 691
452 511
389 696
693 574
603 690
685 614
418 487
412 473
679 622
431 361
428 500
407 387
414 364
416 595
407 362
541 485
473 415
339 751
617 687
465 414
399 464
672 485
463 405
413 650
376 706
448 580
347 760
491 469
435 662
588 654
432 601
353 756
425 470
402 494
451 508
451 434
531 483
414 396
679 611
423 504
430 578
392 393
477 421
674 624
544 487
463 404
412 380
346 764
409 611
441 620
356 765
596 681
411 363
360 729
429 374
612 656
367 767
417 531
421 619
445 653
482 451
450 380
434 381
491 475
490 477
504 466
453 591
427 539
531 484
415 530
407 385
488 483
530 481
436 626
679 618
346 741
484 448
411 399
671 625
451 512
434 644
452 448
363 767
455 583
679 605
429 577
411 552
619 671
346 726
397 656
367 765
367 706
412 549
417 357
423 613
379 691
424 613
413 598
377 714
428 565
373 697
454 442
497 475
381 404
404 368
487 421
587 663
385 460
379 763
371 713
493 472
665 574
417 557
348 763
405 503
595 663
442 596
421 635
443 449
441 379
419 363
372 765
409 540
363 710
371 710
367 721
447 512
466 397
658 469
398 460
429 497
429 663
423 632
465 398
459 385
487 424
421 558
384 686
426 537
397 461
395 683
694 528
357 696
393 503
450 586
490 475
360 711
387 699
348 699
686 606
422 667
377 692
422 524
494 474
452 577
457 389
372 464
430 361
458 387
363 728
485 423
674 583
399 647
334 745
476 478
355 699
623 641
422 576
663 617
486 452
620 684
606 703
415 598
526 517
377 668
425 612
684 607
346 740
455 390
413 359
372 709
366 706
418 526
407 471
445 448
422 663
646 471
443 459
435 655
476 382
668 630
490 473
613 688
348 689
605 699
364 707
366 463
481 424
377 696
556 587
344 688
414 598
353 764
678 618
413 645
599 690
427 570
368 765
597 678
627 639
364 709
492 461
388 697
606 718
419 650
404 357
392 673
685 606
467 475
380 677
421 645
421 522
421 569
411 358
417 481
386 665
420 579
469 398
615 645
358 777
457 375
431 353
356 772
484 482
430 373
652 468
415 547
344 687
461 390
504 480
438 601
602 717
394 674
343 763
405 364
444 394
601 708
384 698
408 637
573 666
483 422
437 591
684 614
586 696
422 635
400 503
382 681
582 659
389 665
355 707
355 726
440 651
545 487
432 641
604 692
420 527
376 705
401 638
371 481
380 764
364 727
440 649
408 605
468 397
418 598
605 714
401 466
449 508
349 753
424 650
451 596
667 576
348 701
441 572
369 709
405 467
452 593
607 684
405 530
351 707
608 706
487 452
363 483
438 595
404 499
406 369
431 559
430 472
421 663
397 675
421 667
495 467
363 730
504 471
630 670
464 386
598 684
332 744
437 577
394 649
415 553
406 533
530 483
353 757
344 758
671 622
669 573
332 745
412 392
421 565
423 579
620 681
584 689
459 396
430 615
459 585
387 395
432 372
385 468
536 485
608 650
346 756
392 499
412 393
332 747
654 468
412 354
591 674
375 687
463 385
434 655
369 464
598 665
534 512
425 627
442 594
406 398
613 681
409 520
486 433
420 565
420 359
678 606
424 617
415 475
361 768
450 391
590 671
386 682
332 748
420 661
592 666
392 497
442 577
371 478
581 687
425 472
364 738
538 484
437 395
351 760
425 625
397 664
478 443
479 478
455 442
604 715
439 388
410 558
404 470
422 496
347 757
333 747
453 594
447 443
404 397
459 375
410 470
340 739
406 362
367 468
430 470
443 457
389 702
348 694
586 663
412 610
369 469
386 663
394 473
391 659
482 450
355 766
414 358
351 743
419 633
419 626
489 425
358 770
699 589
615 686
409 607
666 574
683 616
350 741
469 397
432 642
395 653
403 500
454 591
352 757
382 467
452 590
431 465
671 577
387 685
673 586
457 387
420 603
425 397
406 530
379 697
482 477
420 557
489 426
447 511
443 596
368 477
594 676
339 746
433 649
458 583
411 516
365 483
468 417
374 765
367 724
370 727
368 716
373 764
453 585
450 510
694 529
429 347
345 760
424 632
415 509
375 711
431 473
675 612
451 649
440 621
606 687
375 697
339 761
372 710
366 718
633 640
413 593
403 526
372 764
698 602
452 443
432 664
368 728
575 666
607 683
369 725
442 458
472 391
403 469
489 478
379 700
415 478
374 761
595 665
363 736
433 399
382 677
626 639
604 697
436 389
381 760
339 740
676 591
631 669
422 518
409 470
341 744
587 691
455 397
378 762
394 470
440 645
353 701
422 601
412 644
593 676
480 426
408 632
668 578
375 698
390 698
588 662
389 469
395 460
447 390
582 660
454 389
402 503
611 651
674 620
374 704
410 610
476 476
346 755
472 398
536 482
472 383
413 601
425 405
372 466
421 600
349 760
670 479
606 700
435 645
421 360
350 740
384 470
434 571
381 677
375 707
683 601
424 629
347 725
410 547
451 376
422 637
415 645
376 462
696 597
346 760
432 614
479 422
405 630
420 630
484 477
412 547
358 771
451 597
368 705
412 374
588 693
488 460
416 598
632 669
331 744
464 396
594 665
413 647
606 713
428 608
396 473
475 415
542 487
399 402
483 444
606 697
449 374
350 709
591 675
409 600
357 729
675 610
383 701
423 617
345 778
422 561
349 709
368 763
653 470
431 664
488 425
452 513
685 600
432 616
423 620
672 613
589 672
355 777
402 467
453 511
381 698
420 520
620 683
482 445
678 621
666 629
416 601
409 349
424 623
361 767
443 386
393 660
389 697
600 708
654 469
422 607
420 570
380 666
392 671
433 601
426 615
498 472
694 530
609 696
534 484
444 380
435 651
397 472
339 697
409 518
579 662
450 437
458 388
424 571
591 690
393 473
342 694
416 535
393 665
455 391
540 488
396 652
381 706
361 708
425 402
349 777
425 624
376 692
399 463
339 750
460 584
421 609
427 540
368 481
574 693
437 377
404 476
465 411
450 597
442 392
504 472
398 458
405 468
409 640
601 657
472 394
525 517
365 473
469 399
408 475
415 392
448 598
667 580
415 398
531 478
429 544
638 636
392 669
477 380
426 620
378 716
420 556
497 471
427 559
616 644
443 660
422 363
410 367
440 449
346 776
386 461
428 545
453 384
427 348
616 676
433 363
399 649
425 617
410 651
409 625
437 392
396 673
428 661
406 471
366 476
430 566
385 661
371 761
579 668
364 765
414 527
393 677
481 422
452 584
372 732
342 691
444 503
489 480
636 648
585 660
446 444
487 480
400 644
425 355
415 555
385 658
502 470
397 648
463 388
415 472
415 591
367 481
698 578
424 470
446 597
348 760
539 485
414 516
471 382
675 474
385 664
360 776
505 471
387 661
416 362
640 646
478 420
583 656
391 677
652 467
534 486
580 666
394 499
668 576
487 436
428 469
347 696
433 616
427 558
412 356
442 648
685 601
459 400
445 378
412 526
670 574
475 476
641 647
689 576
380 716
429 574
647 515
389 658
424 396
419 357
472 412
344 766
350 697
404 628
535 522
447 436
485 478
446 650
448 577
352 734
398 676
540 490
370 730
408 521
441 595
407 493
434 659
409 594
373 770
614 677
426 521
378 686
586 695
464 407
385 395
420 529
425 535
428 498
365 767
424 572
376 686
449 578
464 385
437 473
588 688
334 744
430 614
349 773
417 475
408 547
472 390
436 645
671 619
349 755
435 600
414 398
470 398
507 469
387 475
615 646
384 685
603 707
344 756
417 355
454 586
372 465
608 685
486 471
337 749
471 392
600 687
407 634
384 714
599 652
419 662
426 569
490 455
406 534
337 751
335 743
369 463
368 473
465 397
389 395
426 604
428 625
456 448
341 765
395 473
368 732
419 481
420 645
451 589
414 482
605 709
343 753
415 539
408 598
492 469
375 670
689 608
381 463
484 454
387 686
682 615
451 579
438 598
613 523
393 692
466 415
446 503
586 690
607 685
412 607
375 758
423 405
423 601
422 631
432 370
417 645
427 651
445 516
424 651
418 525
369 769
668 575
459 384
370 478
351 712
471 396
340 763
370 477
478 419
534 482
403 497
424 667
422 649
444 393
419 480
365 729
400 649
432 379
491 477
615 675
368 470
541 486
460 387
486 424
536 481
422 492
486 455
399 643
351 735
392 681
489 428
662 615
684 599
616 670
434 642
689 611
503 466
569 676
408 369
392 697
419 631
395 662
488 453
431 564
428 640
346 693
695 601
403 645
496 475
689 603
665 577
404 626
378 718
690 598
441 448
435 644
342 751
620 686
427 605
405 473
422 616
424 450
608 697
479 424
436 652
388 681
372 470
400 470
596 667
402 501
493 469
415 361
367 469
410 518
622 671
408 474
434 600
380 676
607 708
380 403
595 664
425 357
693 575
661 632
409 626
452 583
386 685
635 644
353 714
481 477
375 695
347 697
445 446
377 698
421 475
439 645
371 727
673 625
416 396
416 475
468 473
366 470
423 539
416 554
402 401
453 505
374 702
415 490
503 470
350 699
690 576
501 481
600 655
495 469
491 467
596 682
452 514
575 693
489 427
468 416
429 357
687 606
369 708
607 697
620 685
411 376
670 625
442 382
587 666
370 463
474 377
383 707
492 473
637 440
455 374
417 511
361 779
431 628
424 356
396 505
422 648
452 439
403 468
438 466
470 382
381 465
337 747
603 697
450 599
625 676
341 696
454 583
675 619
378 755
439 382
417 551
364 468
439 598
594 677
423 615
385 471
446 446
430 467
403 467
485 450
430 495
443 649
450 509
474 414
412 541
344 689
339 745
444 653
451 651
400 674
619 674
603 684
355 724
408 473
452 388
417 642
377 763
673 576
374 771
398 466
392 502
362 479
637 635
616 648
388 680
419 509
378 697
460 401
372 469
356 777
436 390
422 497
405 626
413 644
358 708
415 511
598 668
371 464
383 683
498 476
476 420
487 470
371 696
484 483
440 464
669 625
613 652
376 714
423 623
672 620
396 655
616 678
418 597
675 620
423 624
670 578
484 449
350 775
375 704
389 700
590 656
382 707
346 742
427 670
624 679
368 468
428 543
487 460
445 379
397 658
618 671
437 651
453 514
405 646
420 365
446 445
426 617
675 615
614 525
411 628
387 678
449 391
392 666
439 622
430 351
372 471
421 646
426 669
409 493
416 596
417 643
448 648
378 687
347 695
385 714
650 468
440 594
503 479
588 672
419 532
598 690
435 602
410 544
570 675
433 371
421 637
606 699
442 645
634 649
631 672
341 745
368 460
332 746
396 650
419 663
532 483
405 631
354 781
583 653
431 402
358 776
373 761
349 775
380 463
395 652
355 767
476 377
385 473
366 765
667 579
501 468
356 726
402 355
661 615
445 651
575 667
609 682
623 678
404 647
533 484
485 439
426 622
348 776
423 625
472 420
430 661
436 653
430 360
614 680
423 635
352 709
670 624
352 712
663 633
380 662
410 353
451 448
376 667
425 566
417 532
411 611
411 605
365 724
494 469
415 514
335 750
674 576
496 470
411 626
390 467
464 408
341 763
404 529
412 627
633 639
424 543
415 471
423 640
477 384
418 618
400 468
604 685
383 715
412 543
353 708
367 703
432 615
409 548
398 503
370 761
393 696
409 595
371 480
450 390
386 472
443 447
404 500
366 711
398 468
452 512
463 386
623 642
382 699
401 636
677 616
416 526
404 635
480 422
454 397
447 646
352 743
424 540
446 449
444 514
420 601
413 476
577 668
432 361
431 470
415 489
406 535
419 395
424 602
445 373
591 676
369 711
413 540
493 475
417 552
351 736
368 762
687 591
420 606
349 740
403 470
599 671
449 504
368 466
620 687
572 670
459 386
420 357
419 355
421 664
441 594
355 768
613 686
429 606
406 523
452 506
683 611
531 482
612 646
442 620
360 768
440 620
358 729
430 471
403 529
427 543
612 689
616 671
429 575
486 449
453 397
359 481
507 467
447 374
407 364
457 397
362 732
343 775
669 584
357 772
428 530
421 599
448 498
405 365
436 396
452 442
578 691
609 649
343 689
375 686
438 624
599 665
602 649
423 604
482 444
348 698
580 691
671 620
360 708
385 678
694 579
381 667
623 681
417 538
431 497
416 538
462 383
496 471
418 644
412 376
431 627
432 368
411 601
597 691
421 497
423 493
438 600
415 488
428 355
471 397
363 738
399 398
497 470
378 709
411 607
425 668
534 487
452 387
688 603
473 421
434 370
451 443
389 471
407 537
503 465
416 471
377 691
408 349
345 777
384 687
416 482
668 577
441 660
535 488
424 668
354 723
410 592
423 630
431 469
364 473
674 585
573 672
583 685
375 761
362 779
421 631
386 476
379 762
384 713
490 429
412 383
495 456
657 484
451 388
379 699
374 708
418 506
432 613
445 436
471 395
417 628
488 438
404 640
613 655
471 417
485 435
484 478
381 402
475 379
665 631
378 717
422 639
394 683
349 694
488 473
413 649
355 708
490 474
427 613
629 640
388 400
434 649
414 365
426 657
418 648
630 673
419 643
367 463
383 404
442 459
414 353
386 679
405 645
451 599
603 656
409 543
412 599
410 371
427 565
420 648
473 391
624 670
581 688
619 648
418 509
458 448
614 681
426 556
391 692
654 470
575 691
508 465
380 698
449 378
452 374
624 675
356 696
675 476
353 741
411 370
602 683
366 766
420 504
427 547
419 479
583 690
581 663
585 684
383 468
585 688
431 496
401 492
350 712
478 422
507 466
425 356
429 614
488 422
386 405
685 617
379 764
636 649
345 690
620 644
415 482
369 715
458 370
365 471
571 676
597 686
415 538
411 595
363 711
363 729
337 742
576 670
404 359
404 355
421 524
346 727
487 453
348 702
338 762
692 602
367 704
606 704
694 597
359 707
420 475
367 474
388 470
416 356
347 763
458 393
356 708
370 725
389 470
428 610
421 621
448 646
398 660
340 762
445 503
395 672
334 750
382 394
407 623
437 598
366 472
385 666
684 600
431 602
635 642
411 353
363 487
425 601
687 605
414 352
436 576
430 468
415 599
417 553
426 627
453 584
412 475
404 523
433 662
448 502
423 626
409 368
446 436
672 622
378 668
424 616
617 648
432 380
396 498
480 427
410 609
379 757
623 670
345 727
381 708
639 636
393 673
387 404
431 626
427 549
580 653
400 471
426 470
383 463
414 488
417 509
353 781
428 546
504 473
468 387
412 591
577 669
375 696
363 480
503 473
433 626
351 740
332 749
693 576
352 779
462 403
387 689
427 567
427 537
508 466
415 491
458 397
466 400
461 388
427 548
363 722
583 691
678 622
402 468
602 697
407 365
429 355
600 684
374 757
423 573
485 438
606 698
463 384
601 693
408 391
353 709
421 636
406 529
358 775
346 766
342 696
414 593
408 470
415 554
455 385
411 383
417 356
383 689
408 607
423 622
616 689
499 470
412 532
381 717
421 520
444 502
493 468
438 381
581 656
628 672
443 514
383 687
428 614
396 654
387 698
396 675
420 576
429 603
431 571
477 477
375 694
399 635
370 476
347 772
423 655
598 666
408 633
451 380
382 465
429 604
402 630
483 450
412 476
426 511
439 623
603 713
392 503
403 366
395 505
390 659
425 492
445 377
342 755
340 743
409 364
436 593
420 632
426 651
591 668
406 366
457 373
600 690
465 385
373 464
440 626
336 742
486 480
468 399
419 576
431 348
599 687
419 569
446 653
486 483
346 762
608 696
409 519
489 453
598 687
405 472
431 629
402 525
426 656
381 676
413 552
596 671
455 449
579 660
595 691
488 424
438 599
445 386
452 382
364 766
388 701
404 633
436 647
373 763
446 516
344 727
407 522
336 743
448 500
605 708
403 525
433 655
413 475
422 396
488 480
442 447
422 610
467 379
602 652
430 358
695 578
448 510
357 770
598 686
363 478
381 707
429 356
417 627
423 621
484 484
537 490
601 690
352 780
372 463
369 731
417 528
620 639
572 673
413 600
485 444
588 690
394 672
430 616
396 662
375 462
382 469
444 652
362 708
330 752
399 467
336 747
601 714
414 547
594 690
394 393
418 531
482 476
602 719
421 620
344 776
408 387
473 398
392 678
429 628
599 655
352 716
404 358
440 662
374 467
403 523
411 551
363 476
695 598
441 459
638 647
379 765
430 394
367 723
425 652
337 748
482 475
367 731
445 650
351 710
348 709
650 466
420 605
447 597
486 428
404 531
487 429
469 387
415 597
367 730
388 687
366 722
612 686
451 509
637 647
454 449
408 367
453 590
420 395
407 612
658 470
684 611
416 534
379 702
408 636
634 639
379 690
396 679
447 391
592 693
368 729
425 404
599 684
449 575
448 387
408 389
424 537
392 679
394 498
432 659
423 634
411 404
604 651
392 693
406 540
431 358
429 667
478 423
580 665
468 401
424 563
688 601
416 483
369 705
475 421
443 646
455 389
359 728
411 378
423 666
466 403
418 602
432 627
349 778
464 404
409 603
429 571
613 650
534 481
415 515
496 465
410 589
383 676
662 489
422 633
346 765
613 657
480 477
388 679
434 576
415 486
343 777
456 375
421 521
351 762
433 659
404 353
374 695
414 486
416 508
397 473
408 493
343 694
381 688
453 578
427 573
690 611
362 731
597 664
536 487
336 750
667 572
477 476
467 399
596 687
369 716
345 688
537 487
587 661
381 761
416 514
388 685
410 623
473 383
649 466
410 493
445 450
438 645
602 658
682 616
475 416
463 406
441 651
424 625
340 744
444 381
413 553
418 486
391 499
405 522
384 696
398 465
372 696
405 493
357 779
589 693
410 473
398 661
398 657
448 444
423 354
383 661
497 457
382 461
438 591
388 660
487 438
354 762
485 424
348 690
547 486
428 566
626 640
408 348
681 605
383 682
588 661
444 515
355 727
365 718
451 390
590 693
432 647
436 662
411 473
428 568
343 686
386 699
501 479
432 470
429 576
424 538
495 455
464 397
618 689
428 552
377 690
330 745
433 646
421 616
583 684
346 725
488 459
613 524
591 689
375 463
453 589
362 767
425 615
345 775
605 688
393 691
392 667
599 651
609 710
602 692
357 727
671 584
584 693
424 359
675 591
396 677
413 514
383 699
444 386
353 779
422 645
403 495
416 628
349 705
354 741
421 562
451 389
415 508
426 559
423 612
508 470
668 573
430 556
426 565
434 657
422 609
364 768
411 624
673 613
403 367
486 446
448 647
438 662
447 499
605 653
428 496
491 457
604 691
433 466
402 497
602 693
422 650
450 508
494 475
396 686
444 454
378 714
601 654
408 635
444 387
396 649
412 488
397 460
376 466
419 526
446 376
465 413
614 675
438 390
440 448
356 480
637 636
579 661
408 377
399 674
473 419
446 382
360 780
452 440
497 458
653 468
424 504
343 743
691 600
586 684
400 639
452 581
379 399
423 473
454 386
597 683
370 713
671 613
422 608
421 559
423 363
345 766
422 562
425 354
387 396
570 676
351 697
416 650
427 612
410 352
670 577
393 472
423 572
359 729
467 402
611 654
416 363
369 732
439 644
363 765
691 574
417 487
341 754
475 480
537 481
376 761
681 610
353 762
451 391
431 495
601 689
428 650
410 591
472 416
370 696
433 644
485 432
432 652
337 761
438 574
381 699
412 363
350 716
457 585
448 651
621 670
422 606
347 776
442 619
583 693
370 711
382 464
429 566
580 667
487 437
429 351
535 490
399 503
602 689
463 395
491 460
629 671
669 480
408 593
439 375
441 458
340 696
396 663
424 561
400 629
423 611
356 709
389 677
436 575
406 472
489 473
371 477
605 690
620 645
350 696
454 441
509 470
404 477
601 656
422 604
442 578
389 475
359 775
488 446
451 648
573 667
440 625
384 476
356 725
418 555
412 593
350 706
377 706
409 351
353 712
423 654
391 671
351 764
423 360
403 528
391 665
431 567
417 526
443 392
377 719
403 496
532 482
363 482
452 385
357 707
411 555
443 450
435 647
421 523
499 474
416 537
404 466
491 459
451 505
395 677
633 641
593 692
452 441
416 593
443 451
487 433
423 359
442 650
422 632
445 443
433 564
396 660
576 672
434 656
389 699
670 477
584 690
627 671
426 655
381 468
389 695
412 518
359 708
476 378
580 662
416 361
676 614
340 766
436 382
349 706
587 693
492 460
450 438
379 667
413 513
353 732
610 683
505 466
425 616
603 694
359 779
432 645
429 601
669 583
457 583
401 672
456 397
381 399
477 420
408 535
458 389
460 398
426 356
376 696
409 609
431 359
364 728
376 762
586 685
405 502
428 611
406 467
417 641
531 480
375 700
424 627
491 463
409 556
426 612
397 657
411 543
360 779
389 688
689 604
410 395
433 574
445 517
393 670
342 743
409 378
627 678
495 475
496 478
496 479
496 480
496 481
497 481
495 481
498 481
495 482
499 481
494 482
499 480
494 483
500 480
499 479
493 483
501 480
493 484
502 480
505 480
506 480
505 481
507 480
506 481
505 482
508 480
507 479
505 483
507 478
506 483
508 478
507 483
506 484
509 478
507 484
507 482
506 485
510 478
508 484
507 485
505 485
511 478
510 479
509 484
504 485
505 486
511 477
510 480
509 485
504 486
504 484
505 487
511 480
510 481
510 485
506 487
505 488
511 481
505 489
511 482
504 489
512 482
504 490
512 483
504 491
512 484
503 491
504 492
513 484
513 485
514 485
513 486
515 485
512 486
515 486
515 487
516 487
517 487
517 486
518 486
517 485
519 486
517 484
520 486
429 494
517 483
520 485
518 483
516 483
517 482
521 485
522 485
521 484
523 485
524 485
523 484
525 485
524 486
523 483
526 485
525 484
524 487
527 485
526 486
525 483
525 487
524 488
528 485
527 486
526 483
525 488
524 489
529 485
526 482
524 490
530 485
529 486
523 490
524 491
378 664
530 486
523 491
524 492
587 687
530 487
524 493
347 773
525 493
609 683
401 674
469 417
526 493
525 494
392 680
591 694
466 411
527 493
525 495
612 684
449 580
620 642
588 694
669 572
528 493
527 494
525 496
615 648
612 647
617 643
528 494
527 495
525 497
366 471
673 584
596 678
528 495
525 498
595 679
602 651
529 495
526 498
524 498
427 620
613 658
526 499
523 498
594 656
625 671
593 659
592 658
527 499
526 500
597 656
421 504
528 499
526 501
595 656
594 654
528 500
526 502
593 656
592 655
529 500
526 503
591 652
593 658
595 652
530 500
529 501
526 504
591 654
593 660
594 662
597 668
529 502
592 667
593 666
597 665
529 503
586 655
587 655
530 503
529 504
593 665
529 505
596 666
530 505
529 506
588 655
530 506
529 507
591 653
593 662
531 506
596 669
590 667
532 506
531 507
597 667
591 655
532 507
595 653
592 659
594 659
533 507
532 508
596 672
594 655
534 507
532 509
593 657
535 507
534 508
534 506
593 655
586 664
535 506
534 505
591 672
536 506
533 505
603 658
596 656
537 506
597 657
537 507
537 505
592 676
537 508
538 505
537 504
593 673
538 508
538 504
536 504
537 503
600 651
599 650
539 508
538 509
424 505
601 669
587 662
539 509
539 507
538 510
601 670
601 655
602 650
598 653
540 509
539 510
595 676
592 677
588 671
587 672
539 511
583 660
588 660
584 660
595 678
540 511
539 512
589 661
590 661
611 655
697 601
672 630
540 512
539 513
691 598
690 599
663 630
683 599
538 513
539 514
665 629
668 629
537 513
540 514
539 515
691 607
692 603
536 513
537 512
541 514
539 516
691 608
690 608
535 513
536 512
541 515
689 606
668 625
688 604
534 513
535 514
535 512
542 515
670 626
686 605
674 625
381 398
382 399
535 515
543 515
379 400
684 615
381 400
534 515
543 516
392 392
393 393
526 518
533 515
543 517
687 613
673 623
383 393
389 392
533 516
544 517
543 518
390 393
672 621
385 461
389 393
388 393
532 516
533 517
545 517
544 518
543 519
389 394
384 395
384 404
677 623
685 612
531 516
532 517
534 517
546 517
545 518
545 516
673 620
683 609
685 611
679 604
683 610
387 397
530 516
534 518
546 518
545 519
545 515
387 398
387 402
387 399
387 401
386 400
682 611
529 516
534 519
545 520
545 514
388 401
387 400
676 619
389 401
681 611
389 400
680 611
671 616
389 399
528 516
529 517
533 519
534 520
378 705
677 618
390 398
589 655
673 615
672 616
678 616
678 609
527 516
529 518
532 519
630 639
635 640
393 397
673 616
677 611
394 399
393 400
676 609
696 590
527 515
530 518
529 519
532 520
634 637
671 575
675 616
395 400
672 610
397 400
397 402
396 401
673 610
450 501
633 637
527 514
532 521
628 641
629 642
671 574
397 401
675 614
399 400
398 401
399 404
399 401
449 501
425 665
528 514
527 513
533 521
627 641
636 636
399 403
694 525
674 611
660 616
674 612
527 512
533 522
665 576
666 577
401 402
664 617
661 616
401 401
464 383
464 382
465 382
527 511
533 523
666 575
401 399
465 381
466 381
414 384
465 380
467 381
464 380
467 380
533 524
675 577
675 575
412 384
458 375
467 378
404 398
657 467
406 399
410 383
410 384
401 400
409 395
534 524
532 524
625 642
407 397
666 633
409 385
408 397
404 387
411 397
404 388
403 399
402 398
535 524
532 525
666 573
404 363
405 388
410 398
406 397
536 524
532 526
676 577
676 575
452 504
410 399
407 388
407 389
410 397
537 524
536 525
531 526
532 527
624 642
667 573
402 527
413 399
415 399
406 388
538 524
536 526
530 526
531 527
532 528
666 572
676 578
359 727
535 492
409 391
414 397
413 396
409 389
538 523
535 526
530 527
676 579
622 642
367 764
411 392
414 394
413 392
408 390
538 522
535 527
621 641
401 527
363 735
416 394
416 393
418 394
415 396
414 395
537 522
535 528
615 676
543 487
422 402
415 391
414 392
536 522
537 521
536 528
619 643
613 646
675 631
403 364
426 402
424 405
418 395
647 471
537 520
537 528
536 529
611 647
612 648
422 397
421 396
423 402
647 469
538 528
536 530
610 649
609 650
423 396
432 367
423 401
421 395
424 401
539 528
610 651
607 651
425 399
434 372
425 398
434 367
433 367
425 400
540 528
539 529
612 652
432 369
433 370
435 372
431 368
540 529
540 527
605 651
440 374
426 397
432 371
436 373
424 397
540 530
611 653
604 653
427 396
441 374
541 530
612 655
605 654
437 374
438 373
541 531
612 657
601 653
425 569
438 376
429 372
431 372
599 653
640 645
405 647
424 569
437 378
431 403
430 396
438 375
437 375
695 581
696 580
427 572
430 398
437 379
430 403
437 376
676 588
675 587
429 397
430 375
435 378
436 377
431 401
640 644
431 375
434 377
448 376
432 376
433 377
695 580
432 399
459 378
460 377
676 587
434 399
438 399
459 377
640 643
435 399
438 398
446 374
436 399
437 398
694 580
677 585
677 587
446 375
435 389
436 398
444 376
457 372
641 641
642 644
446 377
435 380
448 375
437 389
457 374
435 382
423 569
641 643
446 380
438 395
441 378
454 374
440 382
693 580
441 390
439 390
442 380
447 379
454 372
441 384
677 586
411 592
409 591
410 590
413 607
412 608
406 626
430 367
453 374
409 589
414 606
642 639
642 641
381 467
408 589
415 606
412 611
409 612
407 624
408 612
404 627
642 643
692 580
413 610
412 613
406 631
388 699
404 631
403 631
404 632
402 631
403 633
681 581
681 587
404 634
402 629
405 634
405 636
678 586
643 639
401 627
405 637
406 637
404 637
642 642
690 579
407 637
402 638
403 639
691 580
681 582
680 587
400 638
401 637
679 586
643 640
643 642
406 640
410 635
687 581
690 580
681 583
680 586
400 636
408 640
411 634
644 640
644 642
688 581
690 581
682 583
680 585
400 635
399 642
644 641
688 582
690 582
682 584
681 585
646 642
410 641
410 639
645 641
689 582
682 585
646 639
647 642
646 641
398 644
411 644
689 583
691 585
683 585
647 639
647 641
689 584
402 646
690 585
683 586
648 641
647 640
689 585
683 587
650 642
403 648
416 646
652 642
648 640
689 586
683 588
651 642
397 649
397 650
649 640
688 586
689 587
684 588
650 640
688 587
685 588
397 651
700 587
651 640
649 636
688 588
686 588
697 585
699 587
651 639
650 636
418 641
650 638
687 588
686 589
439 393
693 586
697 586
698 587
652 639
650 637
687 589
637 648
394 651
694 586
697 587
698 588
597 687
651 637
687 590
686 591
695 586
395 654
422 652
697 588
698 589
663 642
652 637
695 587
450 500
404 525
697 589
396 658
395 660
392 659
659 643
662 642
655 635
654 638
653 637
431 652
436 469
664 479
687 592
695 588
696 589
659 642
694 585
436 468
580 663
662 639
662 641
655 636
649 467
449 579
450 578
654 637
689 591
688 592
694 588
367 763
449 577
695 589
659 641
662 640
656 636
692 601
447 575
439 465
655 637
689 592
694 589
660 641
447 576
442 576
443 576
445 576
661 640
656 637
689 593
689 595
444 576
444 575
688 594
694 590
676 638
678 636
660 640
658 638
443 574
442 574
657 637
689 594
694 591
676 637
678 635
442 573
660 639
658 637
692 592
690 594
694 592
676 636
677 635
672 632
396 503
672 634
660 638
659 637
692 593
691 594
695 592
440 573
395 504
696 593
676 635
673 634
672 633
660 637
692 594
695 593
439 575
439 574
676 634
673 633
661 637
660 636
662 636
371 463
407 556
407 557
437 574
437 575
693 594
695 594
675 634
674 633
661 636
694 594
699 605
418 557
403 501
436 577
435 580
675 633
661 635
446 499
694 595
698 605
697 604
675 632
435 579
414 520
419 551
672 619
432 576
661 634
694 596
693 597
698 604
409 383
409 382
434 578
432 577
433 578
408 382
409 381
407 382
408 381
409 380
421 578
423 578
408 380
409 379
410 379
604 714
435 529
434 572
432 578
422 578
410 378
408 378
411 380
620 674
437 527
435 528
423 577
367 482
368 483
411 377
413 380
436 527
432 525
435 527
433 570
431 578
422 577
411 375
410 375
411 374
433 525
435 526
434 525
421 576
367 461
367 483
433 571
411 371
412 371
435 525
436 524
342 763
363 486
432 573
430 577
411 369
412 369
434 524
433 523
622 675
604 709
363 484
422 573
364 482
409 369
412 367
436 519
435 524
608 710
422 572
410 468
448 379
409 367
434 523
436 520
625 674
442 381
363 481
364 480
589 656
603 714
407 367
435 523
426 528
435 520
691 597
423 549
428 573
620 675
441 621
405 367
435 522
428 527
692 598
422 569
424 568
424 570
603 712
602 711
428 529
427 528
435 521
624 680
695 599
431 568
425 550
428 570
607 705
429 529
428 528
431 400
662 630
425 551
431 557
420 496
602 708
625 673
434 521
429 528
379 663
623 682
444 647
428 569
432 557
420 494
421 494
624 674
431 528
432 527
432 520
430 667
338 746
379 668
418 494
363 474
623 675
433 521
430 528
431 527
574 691
443 645
691 599
427 552
426 553
583 682
432 521
430 527
431 521
430 526
431 522
408 522
670 628
363 475
367 477
604 710
603 709
625 675
430 525
427 525
430 522
430 524
672 479
437 662
417 491
416 491
622 679
428 525
429 522
349 696
442 646
364 475
367 476
400 398
430 523
430 664
440 647
441 646
430 559
416 488
403 632
428 522
388 663
662 479
388 664
383 666
430 560
413 488
625 677
428 524
657 471
448 436
418 488
626 678
429 523
450 435
386 469
652 469
667 626
428 559
412 489
607 710
425 518
428 523
688 602
689 607
491 461
490 462
425 559
366 468
607 709
423 517
424 518
426 524
491 462
403 387
408 606
423 560
408 495
364 462
600 650
427 523
423 518
426 523
665 579
408 384
687 604
369 460
420 551
673 622
423 519
426 522
431 349
686 617
403 386
410 385
422 638
675 624
401 504
417 554
608 707
422 519
425 522
633 642
383 399
671 624
409 394
411 385
374 465
623 680
381 394
422 520
420 526
407 603
411 403
380 400
671 623
425 536
477 475
477 474
476 474
476 473
475 473
476 472
475 472
474 472
473 472
472 472
473 473
471 472
472 473
472 471
470 472
469 472
470 471
469 473
469 474
469 475
469 476
468 476
467 476
468 477
467 477
467 478
467 479
466 479
467 480
465 479
467 481
466 481
467 482
467 483
468 483
467 484
468 484
469 484
469 485
470 485
469 486
471 485
468 486
472 485
472 486
472 487
473 487
471 487
474 487
471 488
474 486
471 489
472 489
471 490
472 490
470 490
471 491
473 490
469 490
473 491
468 490
474 491
473 492
467 490
468 491
468 492
467 492
467 493
467 494
468 494
466 494
468 495
466 495
466 496
467 496
466 497
467 497
465 497
468 497
464 497
469 497
463 497
469 498
462 497
463 496
470 498
469 499
461 497
462 498
463 495
471 498
460 497
462 499
472 498
460 498
460 496
463 499
473 498
472 497
460 499
459 496
460 495
474 498
473 499
459 499
460 500
458 496
461 495
474 499
474 497
459 500
457 496
475 497
458 500
457 497
476 497
475 496
458 501
456 497
475 495
458 502
455 497
474 495
457 502
458 503
454 497
473 495
458 504
453 497
472 495
452 497
453 496
451 497
450 497
449 497
448 497
449 496
471 473
448 496
401 655
448 495
399 654
400 655
448 494
399 655
398 655
449 494
448 493
417 651
417 652
417 653
450 494
449 493
448 492
418 653
419 653
695 597
451 494
450 493
447 492
448 491
419 652
420 652
421 652
452 494
446 492
448 490
436 467
441 464
453 494
452 493
446 491
448 489
436 473
444 650
445 491
446 490
448 488
410 650
427 507
444 491
445 490
446 489
449 488
448 487
427 505
434 468
435 467
436 470
444 492
450 488
448 486
436 466
442 464
441 463
443 492
444 493
450 489
450 487
449 486
447 486
435 473
443 651
398 663
442 492
444 494
450 486
447 485
426 665
426 507
441 492
447 484
427 508
426 505
441 493
448 484
446 484
447 483
427 504
433 468
434 467
440 493
441 494
449 484
447 482
436 471
436 465
439 493
447 481
443 464
442 463
474 383
441 462
439 494
439 492
447 480
435 474
408 649
441 650
438 494
439 491
446 480
447 479
426 508
428 508
426 504
438 491
447 478
432 468
433 469
437 491
438 490
447 477
444 464
443 465
443 463
437 492
437 490
448 477
441 461
443 652
436 492
437 489
449 477
424 666
435 492
436 493
437 488
450 477
449 476
426 509
436 494
438 488
436 488
451 477
450 476
449 475
429 508
436 495
439 488
436 487
451 478
449 474
425 504
437 495
435 495
436 496
440 488
435 487
450 474
448 474
432 469
436 654
434 495
436 497
440 487
434 487
448 473
445 464
435 497
440 486
434 486
448 472
444 465
444 463
434 497
440 485
434 485
449 472
448 471
443 462
440 461
433 497
434 498
435 485
450 472
447 471
448 470
434 499
436 485
446 471
449 470
448 469
435 499
433 499
437 485
436 484
445 471
450 470
449 469
448 468
436 499
432 499
433 500
436 483
445 470
451 470
448 467
437 499
431 499
432 500
436 482
444 470
452 470
447 467
448 466
438 499
431 498
432 501
436 481
443 470
452 471
452 469
446 467
448 465
438 498
442 597
431 501
432 502
436 480
442 470
452 472
453 469
445 467
449 465
439 498
369 770
431 502
437 480
435 480
441 470
442 471
449 464
440 498
439 497
380 665
434 639
431 503
438 480
437 479
441 469
442 472
441 498
440 499
440 497
428 662
430 666
439 662
430 503
431 504
440 469
441 472
440 496
438 663
394 664
444 648
429 503
430 504
440 468
440 472
441 473
441 496
395 664
440 661
428 667
429 502
430 505
630 641
440 467
439 472
429 668
427 667
429 501
429 505
438 468
441 467
440 466
438 472
428 668
429 500
429 506
437 468
438 469
438 467
439 466
440 465
437 472
438 473
545 521
546 521
545 522
547 521
545 523
547 522
544 523
545 524
547 523
545 525
548 523
545 526
545 527
546 527
544 527
544 528
544 529
545 529
544 530
546 529
544 531
547 529
545 531
548 529
548 530
549 530
550 530
549 531
550 531
549 532
550 532
549 533
598 672
549 534
550 534
550 535
551 535
550 536
551 536
549 536
552 536
548 536
549 537
552 537
547 536
549 538
552 538
547 537
552 539
547 538
546 538
547 539
545 538
544 538
543 538
542 538
543 539
543 537
541 538
542 537
543 540
543 541
543 542
543 543
544 543
542 543
544 544
541 543
545 544
544 545
546 544
543 545
547 544
542 545
547 545
547 543
541 545
547 546
540 545
541 546
548 546
546 546
539 545
541 547
549 546
545 546
546 547
538 545
539 546
541 548
549 547
549 545
546 548
538 546
538 544
539 547
550 547
547 548
546 549
537 546
537 544
539 548
551 547
548 548
545 549
536 546
536 544
537 543
552 547
551 548
548 549
544 549
545 550
536 547
535 544
553 547
551 549
543 549
545 551
534 544
554 547
551 550
542 549
543 550
543 548
546 551
533 544
534 545
554 546
552 550
551 551
542 550
543 551
546 552
532 544
533 543
534 546
554 545
552 551
550 551
543 552
547 552
546 553
531 544
532 545
533 542
533 546
555 545
549 551
550 552
544 552
542 552
548 552
546 554
530 544
533 541
556 545
555 544
549 550
550 553
547 554
545 554
546 555
532 541
557 545
555 543
612 426
547 555
531 541
556 543
638 440
666 400
531 540
556 542
668 406
531 539
557 542
638 441
532 539
531 538
558 542
666 401
533 539
558 541
668 405
638 442
533 538
559 541
662 408
534 538
533 537
560 541
559 540
661 403
666 402
534 537
532 537
561 541
668 404
638 443
534 536
532 536
562 541
662 407
661 404
666 403
667 404
635 447
534 535
532 535
562 542
562 540
637 443
662 404
662 406
535 535
563 542
563 540
661 405
666 404
634 447
636 443
663 404
564 542
662 405
665 404
634 446
636 444
565 542
564 543
663 405
665 405
668 410
634 445
635 444
566 542
565 543
664 405
667 410
633 445
634 444
567 542
565 544
664 406
666 410
633 444
632 443
568 542
567 541
565 545
664 407
666 409
568 543
568 541
567 540
565 546
633 443
569 543
569 541
566 540
566 546
634 442
664 408
570 543
566 539
665 409
633 442
664 409
571 543
570 542
566 538
633 441
632 440
625 431
572 543
571 544
664 410
633 440
572 544
572 542
634 439
626 431
573 544
572 541
663 410
633 439
573 545
573 541
627 429
626 430
574 545
573 546
574 541
662 410
663 411
633 438
574 546
572 546
574 540
627 430
662 411
575 546
572 547
633 437
628 430
661 411
576 546
632 437
629 430
576 547
576 545
661 412
632 436
577 547
631 435
630 430
660 412
578 547
597 399
632 435
630 431
579 547
659 412
598 399
633 425
632 426
632 434
580 547
579 548
579 546
631 431
659 413
598 400
633 426
579 545
632 427
632 433
580 545
631 432
581 545
656 413
582 545
658 413
582 544
599 400
582 543
600 401
597 402
582 542
596 403
633 427
635 427
582 541
632 432
657 413
599 401
598 404
581 541
597 403
634 427
633 432
580 541
657 412
599 402
598 403
580 542
580 540
595 416
634 428
580 543
580 539
633 431
657 409
581 539
657 411
658 410
582 539
581 538
599 403
595 415
583 539
634 429
634 431
657 410
583 538
604 401
605 402
600 403
583 537
595 414
634 430
584 537
656 410
602 402
585 537
604 402
601 403
586 537
600 404
586 538
586 536
596 414
586 539
586 535
587 539
586 534
588 539
587 540
587 534
588 534
589 534
590 534
589 533
591 534
592 534
591 535
591 533
593 534
592 535
592 533
591 532
594 534
593 535
593 533
590 532
591 531
595 534
593 536
592 531
591 530
595 533
593 537
593 531
591 529
595 532
594 537
594 531
593 530
590 529
596 532
594 532
595 537
594 538
590 528
590 527
591 527
589 527
590 526
592 527
591 526
588 527
589 526
590 525
591 525
588 526
590 524
587 526
589 524
590 523
586 526
587 525
588 524
589 523
591 523
586 525
587 524
588 523
591 522
585 525
587 523
592 522
587 522
593 522
592 521
587 521
594 522
588 521
594 521
588 520
595 521
588 519
596 521
595 520
589 519
588 518
595 519
590 519
589 518
587 518
588 517
596 519
594 519
586 518
587 517
597 519
594 518
597 518
593 518
598 518
597 517
593 517
599 518
596 517
600 518
595 517
600 517
601 517
600 516
602 517
601 516
600 515
603 517
600 514
604 517
601 514
604 516
605 516
606 516
607 516
606 515
608 516
607 517
608 517
608 515
609 517
608 518
608 514
610 517
608 519
607 514
608 513
610 518
610 516
608 520
607 513
611 518
611 516
608 521
606 513
612 516
608 522
606 512
613 516
609 522
607 522
608 523
605 512
606 511
614 516
613 517
608 524
604 512
607 511
615 516
609 524
603 512
604 511
616 516
615 517
615 515
610 524
603 511
604 510
617 516
615 518
615 514
610 523
604 509
616 518
615 519
614 514
615 513
611 523
603 509
616 519
616 513
615 512
616 490
611 522
602 509
603 508
617 519
615 511
631 671
602 508
618 519
617 520
615 510
633 671
632 671
602 507
617 521
616 510
614 510
633 670
615 670
602 506
617 522
616 509
614 509
632 670
618 522
617 523
614 508
407 529
617 524
613 508
616 525
615 526
617 525
612 508
616 526
615 527
611 508
614 527
615 528
611 509
611 507
614 528
616 528
610 509
610 507
611 506
613 528
616 529
611 505
612 528
613 529
617 529
612 505
610 505
613 530
618 529
613 505
614 530
612 530
613 531
619 529
614 505
611 530
619 530
615 505
614 504
611 531
611 529
620 530
616 505
615 506
614 503
611 532
621 530
620 531
615 507
615 503
614 502
610 532
349 761
622 530
621 529
615 502
609 532
671 479
622 531
621 528
616 502
615 501
608 532
609 533
668 491
539 489
623 531
621 527
615 500
607 532
672 480
672 481
624 531
616 500
614 500
607 531
427 452
625 531
617 500
613 500
606 531
607 530
426 451
425 450
626 531
617 499
613 501
613 499
606 530
432 448
427 451
627 531
618 499
617 498
613 498
605 530
426 450
431 448
619 499
616 498
604 530
605 529
427 450
430 448
619 500
615 498
603 530
604 531
605 528
428 450
430 449
620 500
602 530
603 531
606 528
429 450
430 450
430 451
620 501
601 530
602 529
603 532
606 527
433 459
431 451
620 502
600 530
602 528
602 532
606 526
434 459
432 451
621 502
600 531
603 528
601 532
605 526
435 459
433 451
622 502
621 503
601 533
604 526
436 459
438 459
623 502
622 501
621 504
603 526
440 455
622 500
622 504
620 504
603 525
433 452
622 499
623 504
602 525
603 524
437 459
623 499
621 499
623 505
601 525
603 523
435 457
439 455
624 499
624 505
623 506
600 525
604 523
602 523
439 457
433 453
437 458
624 498
625 505
623 507
604 522
436 457
439 456
433 454
625 498
626 505
625 504
624 507
622 507
605 522
604 521
437 457
626 498
627 505
626 504
625 503
604 520
438 456
626 497
627 506
627 504
626 503
435 453
434 454
627 497
628 506
627 507
437 456
435 454
628 497
628 507
437 455
436 454
629 497
628 498
628 496
629 507
437 454
437 453
630 497
629 498
628 499
628 495
630 507
438 453
660 478
631 497
630 498
630 496
628 500
628 494
630 508
630 506
659 470
631 498
630 495
627 500
628 493
630 509
658 471
632 498
631 495
626 500
629 493
627 493
631 509
657 472
631 494
626 493
632 509
658 467
656 467
632 494
625 493
632 510
662 480
673 477
633 494
632 493
625 492
632 511
655 483
660 470
634 494
633 495
632 492
625 491
631 511
656 472
656 484
634 495
633 492
632 491
625 490
630 511
657 485
428 452
635 495
634 492
632 490
626 490
625 489
629 511
670 481
669 482
636 495
635 496
635 492
631 490
632 489
625 488
629 512
661 470
660 471
655 472
636 494
635 497
636 492
633 489
625 487
628 512
629 513
656 473
660 477
637 494
636 497
637 492
634 489
626 487
624 487
627 512
629 514
663 480
662 481
662 470
637 493
638 492
637 491
623 487
624 486
626 512
630 514
628 514
629 515
655 473
656 474
658 489
664 491
637 490
622 487
623 486
624 485
631 514
628 515
663 492
665 492
638 490
637 489
621 487
624 484
628 516
663 470
656 475
663 489
638 489
621 488
621 486
628 517
673 476
423 450
672 478
664 470
639 489
638 488
620 488
621 489
621 485
663 471
655 475
668 482
669 483
640 489
619 488
620 485
659 477
661 481
663 472
655 476
641 489
640 488
619 489
662 482
655 484
655 482
657 486
675 473
642 489
640 487
618 489
659 489
667 492
664 472
643 489
640 486
617 489
655 477
668 495
422 450
669 484
644 489
641 486
639 486
616 489
661 482
663 482
668 494
668 496
644 490
642 486
638 486
615 489
664 473
655 478
664 492
672 476
645 490
644 491
643 486
637 486
614 489
615 490
615 488
673 475
673 481
645 491
644 492
643 485
636 486
613 489
614 490
615 487
668 484
669 485
660 482
646 491
644 493
643 484
635 486
636 485
612 489
613 488
665 473
647 491
646 492
643 493
643 483
634 486
636 484
611 489
612 490
613 487
664 474
648 491
646 493
643 494
634 485
636 483
610 489
612 491
612 487
613 486
655 479
649 491
643 495
633 485
635 483
610 490
613 491
611 487
613 485
664 482
650 491
649 490
642 495
632 485
635 482
609 490
610 491
611 486
613 484
663 483
651 491
650 492
641 495
631 485
635 481
608 490
610 492
610 486
614 484
654 484
652 491
650 493
640 495
630 485
636 481
634 481
635 480
615 484
614 483
655 481
653 491
652 490
651 493
637 481
634 480
635 479
616 484
615 483
614 482
666 473
653 492
652 489
638 481
635 478
615 482
614 481
663 474
654 492
653 493
653 489
651 489
636 478
634 478
616 482
657 487
654 493
654 489
653 488
651 488
636 477
617 482
616 481
674 473
655 493
654 494
655 489
653 487
650 488
637 477
636 476
618 482
617 483
660 489
656 489
649 488
650 487
636 475
619 482
666 474
674 481
656 490
650 486
637 475
635 475
620 482
619 483
619 481
669 486
649 486
638 475
637 474
634 475
659 482
648 486
637 473
634 474
667 474
666 475
647 486
648 485
638 473
637 472
665 482
647 487
647 485
639 473
664 489
663 490
666 494
647 488
646 485
640 473
666 492
666 476
641 473
674 482
674 480
670 486
642 473
658 482
535 521
659 481
642 474
668 493
666 477
642 475
661 489
643 475
641 475
642 476
671 476
674 475
644 475
656 481
675 480
645 475
674 479
667 477
665 477
646 475
671 486
658 483
659 480
647 475
657 488
648 475
647 474
667 478
648 476
648 474
647 473
664 477
668 492
649 474
648 473
664 490
650 474
648 472
663 491
650 475
649 472
667 491
651 475
650 472
649 471
675 479
674 478
651 472
649 470
668 478
664 478
650 470
648 470
649 469
672 486
657 483
651 470
647 470
649 468
670 476
675 475
669 478
663 478
652 470
611 533
611 534
612 534
611 535
610 535
611 536
611 537
612 537
611 538
613 537
610 538
613 538
610 539
613 539
609 539
612 539
608 539
612 540
607 539
608 538
612 541
606 539
611 541
612 542
610 541
612 543
610 542
612 544
611 544
611 545
611 546
610 546
611 547
609 546
610 547
612 547
608 546
613 547
612 548
614 547
614 548
615 548
614 549
615 549
614 550
615 550
614 551
616 550
615 551
617 550
615 552
615 553
616 553
617 553
617 554
617 552
618 554
618 552
619 554
618 551
620 554
619 551
620 555
620 551
620 556
620 550
619 556
620 557
621 550
621 557
622 550
622 557
623 550
622 551
623 557
622 558
622 556
624 550
622 559
624 551
623 559
625 551
624 552
623 560
626 551
623 552
624 553
624 560
626 552
626 550
624 554
625 560
627 550
623 554
624 555
626 560
625 559
628 550
625 555
624 556
626 561
626 555
625 556
627 561
626 562
627 555
626 556
628 561
627 562
628 555
627 556
628 560
628 556
628 554
627 557
629 560
629 554
630 560
630 554
629 553
631 560
632 560
632 559
633 559
633 558
634 558
635 558
636 558
636 559
637 559
638 559
639 559
639 560
639 558
640 558
641 558
642 558
641 557
641 556
642 556
640 556
641 555
643 556
641 554
643 555
642 554
641 553
644 555
642 553
641 552
645 555
644 554
646 555
647 555
646 556
648 555
646 557
649 555
648 554
646 558
650 555
648 553
645 558
650 554
650 553
651 553
650 552
652 553
653 553
654 553
654 554
654 552
655 554
654 551
656 554
653 551
657 554
656 555
656 553
652 551
658 554
656 556
658 555
658 553
659 555
658 556
659 553
658 552
658 557
659 552
657 552
658 558
660 552
657 551
657 558
658 559
660 551
658 560
660 550
659 560
660 549
659 561
661 549
660 548
659 562
662 549
661 548
660 562
658 562
663 549
662 550
661 547
658 563
664 549
662 547
657 563
658 564
664 550
662 546
656 563
659 564
663 546
662 545
656 564
659 565
664 546
662 544
655 564
660 565
659 566
665 546
663 544
661 544
662 543
655 565
661 565
660 566
658 566
666 546
660 544
661 543
654 565
655 566
657 566
667 546
659 544
660 545
660 543
657 567
667 547
667 545
659 543
656 567
667 544
659 542
656 568
667 543
659 541
656 569
668 543
667 542
660 541
659 540
657 569
655 569
669 543
668 542
666 542
667 541
658 569
655 570
669 544
668 541
666 541
667 540
659 569
655 571
670 544
667 539
659 568
655 572
671 544
670 545
666 539
667 538
656 572
655 573
666 538
667 537
657 572
654 573
655 574
667 536
657 571
653 573
656 574
666 536
653 574
653 572
656 575
665 536
653 575
656 576
664 536
665 535
652 575
657 576
656 577
663 536
664 537
665 534
652 576
656 578
662 536
663 537
664 538
664 534
665 533
657 578
655 578
656 579
662 535
665 532
658 578
657 579
654 578
661 535
665 531
659 578
658 579
654 579
664 531
659 579
653 579
654 580
663 531
664 530
659 580
655 580
654 581
662 531
663 532
659 581
655 581
661 531
660 581
658 581
659 582
655 582
660 531
661 532
661 530
661 581
659 583
656 582
659 531
661 529
661 580
660 583
657 582
656 583
658 531
659 530
662 529
662 580
661 579
661 583
660 584
656 584
657 531
659 529
663 529
663 580
660 585
656 585
663 528
660 586
656 586
664 528
663 527
660 587
665 528
664 527
663 526
659 587
666 528
665 529
665 527
662 526
659 588
667 528
665 526
661 526
662 525
658 588
659 589
668 528
660 526
662 524
658 589
659 590
668 529
663 524
659 591
669 529
668 530
664 524
663 523
659 592
670 529
665 524
664 523
660 592
671 529
664 522
661 592
671 530
671 528
665 522
664 521
662 592
672 530
671 531
666 522
665 521
663 521
664 520
663 592
673 530
666 523
666 521
662 521
663 593
673 531
666 520
661 521
662 520
664 593
673 532
667 520
660 521
661 520
664 594
674 532
673 533
667 519
659 521
660 520
664 595
675 532
673 534
667 518
659 522
659 520
660 519
665 595
663 595
675 531
674 534
672 534
668 518
666 518
659 523
658 520
659 519
665 596
662 595
663 596
675 534
674 535
672 535
668 517
657 520
659 518
666 596
665 597
661 595
676 534
672 536
669 517
657 519
659 517
667 596
660 595
661 596
677 534
676 533
673 536
671 536
670 517
669 516
657 518
668 596
667 597
659 595
661 597
678 534
677 533
670 536
669 515
657 517
668 595
667 598
658 595
659 596
678 535
670 515
668 515
656 517
668 594
667 599
659 597
679 535
671 515
670 514
655 517
669 594
667 594
667 600
658 597
659 598
680 535
679 536
654 517
655 516
670 594
668 600
657 597
659 599
681 535
679 537
653 517
654 518
654 516
671 594
669 600
656 597
681 536
681 534
678 537
679 538
652 517
654 515
671 595
670 600
669 601
655 597
682 534
679 539
651 517
652 518
652 516
654 514
672 595
671 596
671 600
670 599
669 602
655 596
683 534
679 540
650 517
651 516
652 519
653 514
654 513
672 596
671 601
669 603
654 596
684 534
683 535
680 540
678 540
651 515
652 520
653 513
654 512
672 597
672 601
671 602
669 604
685 534
680 541
677 540
650 515
652 521
653 512
655 512
673 601
668 604
686 534
685 535
685 533
676 540
677 541
650 514
653 521
652 522
652 512
656 512
673 602
667 604
668 605
686 535
685 532
677 542
650 513
652 523
652 511
656 513
656 511
674 602
667 605
667 603
668 606
687 535
677 543
650 512
653 523
651 523
675 602
669 606
668 607
688 535
677 544
650 511
653 524
651 524
676 602
675 603
670 606
669 607
667 607
668 608
688 534
677 545
649 511
653 525
650 524
651 525
677 602
670 605
669 608
668 609
689 534
676 545
677 546
648 511
651 526
678 602
677 603
671 605
668 610
690 534
675 545
677 547
647 511
648 512
648 510
651 527
678 601
677 604
672 605
668 611
691 534
674 545
676 547
648 513
652 527
650 527
679 601
672 604
667 611
691 535
673 545
674 546
647 513
653 527
652 528
650 528
667 612
692 535
691 536
674 547
646 513
654 527
652 529
649 528
650 529
667 613
693 535
690 536
691 537
673 547
645 513
655 527
668 613
666 613
693 536
693 534
690 537
691 538
645 514
645 512
656 527
655 526
669 613
665 613
694 534
693 533
690 538
645 515
645 511
657 527
656 528
669 612
664 613
694 533
693 532
689 538
690 539
644 515
645 516
658 527
657 528
657 526
670 612
664 614
692 532
693 531
689 539
644 516
646 516
645 517
659 527
657 529
657 525
671 612
670 611
664 615
692 531
694 531
647 516
547 488
548 488
549 488
548 489
549 489
549 490
549 491
550 491
548 491
551 491
550 492
547 491
552 491
551 492
550 493
546 491
553 491
552 492
550 494
545 491
554 491
553 490
551 494
550 495
555 491
554 492
551 495
549 495
550 496
556 491
555 492
555 490
548 495
550 497
556 490
550 498
557 490
549 498
558 490
549 499
559 490
548 499
549 500
560 490
559 491
559 489
549 501
561 490
550 501
549 502
562 490
551 501
548 502
563 490
552 501
547 502
548 503
564 490
553 501
552 500
546 502
547 503
564 491
564 489
553 502
553 500
545 502
564 492
564 488
553 503
554 500
544 502
545 503
545 501
565 492
564 493
565 488
555 500
543 502
544 503
545 504
566 492
565 493
564 494
566 488
565 487
555 501
542 502
543 503
544 504
545 505
565 494
563 494
565 486
556 501
541 502
542 501
545 506
565 495
562 494
566 486
557 501
540 502
545 507
566 495
562 495
567 486
557 500
540 503
545 508
567 495
562 496
567 485
539 503
546 508
544 508
568 495
562 497
568 485
567 484
544 509
569 495
568 496
568 494
562 498
568 484
567 483
544 510
569 496
569 494
568 493
563 498
562 499
569 484
568 483
566 483
567 482
545 510
570 496
569 497
570 494
567 493
568 492
564 498
563 499
561 499
565 483
546 510
571 496
569 498
570 493
569 492
565 498
564 499
560 499
564 483
570 498
569 491
566 498
565 499
564 482
571 498
570 499
570 491
569 490
566 499
564 481
571 499
571 491
566 500
564 480
572 499
572 491
567 500
566 501
565 480
564 479
573 499
568 500
567 501
565 501
566 480
563 479
574 499
573 498
568 499
567 502
566 479
563 478
574 500
567 503
566 478
575 500
574 501
568 503
567 478
565 478
566 477
569 503
568 504
568 478
567 477
566 476
570 503
568 505
568 477
571 503
567 505
568 506
569 477
571 504
566 505
568 507
569 476
572 504
566 506
566 504
568 508
569 475
566 507
570 475
568 475
565 507
571 475
568 474
564 507
572 475
571 474
568 473
563 507
564 508
564 506
573 475
572 476
572 474
571 473
568 472
563 506
573 476
573 474
572 477
571 472
567 472
574 476
572 472
567 471
575 476
573 472
567 470
576 476
573 471
566 470
567 469
577 476
576 477
574 471
565 470
566 469
567 468
578 476
577 477
575 471
574 470
565 471
566 468
567 467
578 475
577 478
574 469
564 471
565 468
566 467
568 467
577 479
573 469
574 468
564 472
566 466
569 467
578 479
577 480
572 469
575 468
563 472
564 473
565 466
566 465
579 479
577 481
572 468
576 468
564 474
564 466
566 464
579 480
576 481
571 468
577 468
564 475
564 467
564 465
567 464
565 464
579 481
576 482
578 468
564 464
565 463
580 481
576 483
579 468
580 482
575 483
580 468
574 483
580 469
573 483
581 469
573 484
573 482
581 470
572 482
582 470
583 470
582 471
584 470
583 471
585 470
585 471
585 469
585 472
586 469
587 469
588 469
589 469
588 468
589 468
588 467
590 468
587 467
588 466
591 468
586 467
588 465
591 469
585 467
588 464
592 469
591 470
587 464
588 463
593 469
588 462
593 468
588 461
594 468
593 467
589 461
587 461
593 466
589 460
590 460
589 459
589 458
589 457
590 457
588 457
591 457
587 457
592 457
591 456
587 458
587 456
593 457
592 458
592 456
586 458
594 457
593 458
592 459
592 455
585 458
595 457
594 458
594 456
595 456
594 459
596 456
595 459
594 460
596 455
596 459
594 461
597 455
597 459
594 462
597 454
598 459
597 460
593 462
597 453
598 458
597 461
592 462
598 453
597 452
599 458
598 461
592 463
597 451
599 461
598 462
598 451
597 450
599 460
598 463
599 451
600 460
598 464
600 451
601 460
599 464
597 464
598 465
600 452
600 450
600 464
596 464
597 465
600 453
600 449
601 464
596 465
596 463
601 453
601 449
599 449
601 465
601 463
595 465
596 466
602 453
602 449
598 449
601 466
596 467
602 454
602 452
598 448
600 466
601 467
603 454
597 448
602 467
601 468
604 454
596 448
603 467
601 469
604 453
596 447
603 468
602 469
600 469
605 453
604 452
595 447
603 469
600 470
606 453
605 452
594 447
595 446
603 470
599 470
607 453
595 445
604 470
608 453
596 445
594 445
595 444
605 470
604 471
609 453
608 452
597 445
595 443
605 469
604 472
610 453
608 451
597 444
606 469
603 472
604 473
611 453
609 451
598 444
607 469
603 473
612 453
611 454
611 452
599 444
598 443
607 470
602 473
613 453
612 454
612 452
600 444
607 471
613 452
612 451
601 444
600 443
608 471
607 472
614 452
602 444
608 472
615 452
603 444
602 445
616 452
604 444
603 443
616 453
616 451
604 445
604 443
603 442
617 451
616 450
605 445
602 442
618 451
615 450
602 441
618 450
614 450
615 449
601 441
619 450
618 449
615 448
600 441
619 449
614 448
615 447
600 440
620 449
615 446
600 439
621 449
616 446
614 446
601 439
600 438
622 449
621 448
617 446
616 445
614 445
602 439
600 437
623 449
617 445
613 445
614 444
603 439
599 437
623 450
623 448
617 444
612 445
598 437
624 450
618 444
617 443
611 445
598 438
598 436
625 450
624 451
618 443
617 442
610 445
598 439
598 435
624 452
618 442
617 441
609 445
597 439
599 435
598 434
624 453
619 442
616 441
608 445
596 439
598 433
623 453
624 454
607 445
608 444
595 439
598 432
622 453
625 454
607 446
594 439
595 440
598 431
621 453
626 454
594 440
597 431
598 430
621 452
626 455
593 440
594 441
599 430
598 429
626 456
592 440
594 442
600 430
598 428
627 456
626 457
591 440
600 431
600 429
598 427
628 456
627 457
625 457
590 440
601 431
600 428
599 427
597 427
628 455
627 458
624 457
590 441
590 439
601 432
600 427
596 427
597 426
629 455
623 457
589 441
590 442
590 438
602 432
601 433
600 426
595 427
596 426
597 425
630 455
623 458
623 456
588 441
589 442
600 433
601 434
601 426
600 425
594 427
595 428
597 424
630 454
623 459
587 441
588 442
588 440
602 426
594 426
595 429
598 424
596 424
597 423
631 454
630 453
623 460
588 439
603 426
602 425
595 430
599 424
595 424
632 454
630 452
624 460
623 461
588 438
604 426
602 424
596 430
599 423
595 423
632 455
629 452
622 461
623 462
587 438
604 425
603 424
602 423
600 423
599 422
594 423
595 422
632 456
629 451
621 461
623 463
586 438
605 425
604 424
601 423
602 422
600 422
629 450
622 463
585 438
606 425
602 421
600 421
628 450
621 463
584 438
607 425
601 421
627 450
620 463
608 425
607 426
627 451
627 449
619 463
620 464
620 462
609 425
627 448
618 463
619 464
619 462
620 465
609 426
609 424
628 448
627 447
619 461
621 465
620 466
609 427
610 424
628 447
626 447
619 466
620 467
610 427
608 427
609 428
611 424
619 467
621 467
611 427
610 428
609 429
611 425
611 423
619 468
621 468
612 427
611 426
610 429
608 429
612 425
611 422
619 469
622 468
613 427
610 430
607 429
611 421
618 469
622 469
614 427
611 430
610 431
606 429
611 420
617 469
618 470
623 469
615 427
612 430
609 431
610 420
611 419
616 469
618 471
624 469
616 427
615 428
613 430
609 420
615 469
616 468
619 471
618 472
625 469
617 427
615 429
608 420
609 421
609 419
616 467
619 472
617 472
618 473
626 469
625 470
618 427
617 428
615 430
607 420
608 421
608 419
616 466
620 472
616 472
617 473
619 427
618 428
615 431
606 420
607 421
608 422
615 466
620 473
616 473
616 471
617 474
620 427
619 426
616 431
605 420
606 419
607 422
614 466
620 474
615 473
617 475
620 426
605 419
606 418
613 466
618 475
620 425
612 466
613 467
619 475
621 425
611 466
612 465
619 476
622 425
621 424
612 464
620 476
623 425
621 423
611 464
620 477
623 426
622 423
620 423
611 463
621 477
622 422
611 462
622 477
622 421
612 462
610 462
623 477
622 476
623 421
622 420
612 461
623 478
624 421
613 461
624 478
624 422
624 420
613 460
624 423
624 419
614 460
613 459
625 423
623 419
624 418
615 460
614 459
625 424
623 418
615 461
622 418
623 417
616 461
615 462
621 418
623 416
620 418
624 416
619 418
625 416
618 418
619 419
626 416
618 417
619 420
626 415
618 416
619 421
627 415
619 416
618 415
619 422
628 415
619 415
618 414
629 415
628 416
620 415
618 413
630 415
629 414
628 417
621 415
617 413
618 412
629 417
621 414
616 413
617 412
619 412
630 417
629 418
621 413
616 414
616 412
631 417
629 419
622 413
615 414
616 411
632 417
631 416
622 412
614 414
615 411
633 417
632 418
623 412
622 411
613 414
614 411
634 417
624 412
621 411
613 415
613 413
614 412
614 410
635 417
634 418
625 412
612 413
614 409
636 417
634 419
626 412
625 411
611 413
613 409
614 408
637 417
636 418
634 420
627 412
625 410
611 414
611 412
615 408
638 417
637 416
633 420
634 421
627 411
611 415
611 411
615 407
639 417
637 415
632 420
635 421
627 410
610 415
612 411
616 407
640 417
639 418
636 415
635 422
628 410
609 415
640 416
639 419
628 409
608 415
640 415
640 419
628 408
607 415
608 416
608 414
641 415
640 414
640 420
628 407
608 417
608 413
642 415
640 413
641 420
640 421
629 407
627 407
609 417
607 413
643 415
641 413
640 412
641 421
639 421
629 406
607 412
644 415
643 416
642 413
639 412
641 422
638 421
629 405
607 411
645 415
643 417
642 412
642 422
641 423
606 411
607 410
645 416
642 417
643 412
642 423
640 423
605 411
645 417
644 412
642 424
640 424
604 411
645 412
643 424
642 425
639 424
604 410
646 412
639 425
603 410
647 412
646 413
646 411
639 426
602 410
648 412
646 414
646 410
640 426
639 427
601 410
602 411
602 409
649 412
648 411
647 414
647 410
646 409
640 427
638 427
639 428
600 410
601 411
602 408
648 410
648 414
647 415
646 408
640 428
601 412
603 408
649 410
649 414
647 416
647 408
640 429
600 412
603 407
650 410
648 408
641 429
640 430
599 412
603 406
651 410
650 409
642 429
641 430
639 430
598 412
599 413
603 405
652 410
641 431
638 430
639 431
597 412
602 405
603 404
653 410
652 411
637 430
639 432
597 413
601 405
602 404
603 403
654 410
653 409
636 430
637 431
639 433
597 414
601 406
601 404
603 402
655 410
635 430
550 554
551 554
550 555
550 556
550 557
551 557
552 557
551 558
551 559
552 559
551 560
553 559
551 561
554 559
553 558
552 561
550 561
551 562
554 558
552 562
549 561
555 558
552 563
548 561
549 562
549 560
556 558
555 557
553 563
547 561
557 558
556 559
554 563
546 561
547 560
558 558
554 562
546 562
546 560
559 558
546 563
545 560
546 559
559 557
546 564
546 565
547 565
545 565
548 565
544 565
545 566
549 565
543 565
545 567
543 564
545 568
546 568
545 569
544 569
545 570
546 570
545 571
547 570
546 571
544 571
547 571
543 571
548 571
547 572
543 572
547 573
543 573
547 574
542 573
548 574
547 575
541 573
549 574
541 574
541 572
550 574
549 575
549 573
540 574
541 575
550 575
539 574
540 575
542 575
551 575
539 573
551 576
551 577
551 578
552 578
553 578
552 579
554 578
553 579
552 580
555 578
554 579
554 577
551 580
554 580
554 576
551 581
555 580
554 575
551 582
556 580
552 582
557 580
552 583
557 579
552 584
551 584
552 585
550 584
551 585
553 585
549 584
554 585
553 586
548 584
555 585
556 585
555 584
556 586
556 584
698 577
699 577
