603 867
661 571
599 745
820 1029
756 564
640 768
531 740
566 726
697 990
639 767
767 584
640 769
648 615
529 736
620 871
662 574
551 748
634 741
611 756
825 957
724 575
584 694
536 721
715 527
551 742
864 1048
597 684
687 580
698 570
720 1017
629 637
730 561
700 576
762 583
637 625
660 609
834 1027
722 546
846 1045
584 671
761 557
669 607
768 564
532 747
594 690
550 747
719 545
614 696
641 666
552 682
717 562
646 793
719 587
747 555
582 766
551 735
574 771
613 679
580 708
755 566
619 672
755 556
597 677
686 559
540 717
587 707
734 565
612 655
731 565
715 526
574 737
560 684
607 654
534 724
565 747
682 599
731 556
595 728
592 713
527 719
835 1029
570 732
809 977
602 843
584 700
629 632
744 551
564 687
590 768
668 575
638 757
852 1031
702 989
735 579
757 578
739 557
581 713
823 1026
723 581
814 971
572 690
643 764
550 748
579 710
614 773
830 1027
590 679
719 582
743 576
530 746
827 1023
761 560
574 735
798 1017
693 573
620 700
688 601
677 581
588 715
733 552
602 756
597 676
665 582
715 581
719 1010
759 564
848 1022
526 724
624 652
728 1004
799 980
768 560
670 601
604 791
572 691
579 715
733 1011
570 771
678 570
818 955
528 732
798 985
651 617
663 576
602 677
614 698
587 668
615 752
640 671
708 996
658 843
811 1014
584 669
640 751
593 670
785 1016
647 616
842 1041
809 981
697 578
692 581
532 746
661 611
806 970
623 641
696 567
609 768
568 724
556 735
617 749
662 842
840 1022
862 1038
742 572
705 564
591 680
647 767
735 577
814 1016
811 1013
533 732
649 792
631 743
598 719
641 665
590 715
598 722
619 669
724 1024
734 1011
528 714
641 751
623 752
696 561
634 626
533 730
566 687
652 623
689 563
611 745
812 955
541 728
587 693
608 771
833 949
620 668
656 738
612 773
556 785
579 767
717 556
724 581
657 745
662 577
579 719
674 598
544 682
596 686
821 1023
767 592
676 567
714 527
828 1027
434 710
614 699
609 679
825 960
602 758
685 580
615 777
575 699
720 1014
617 645
588 695
648 669
636 626
681 578
654 759
571 708
561 728
716 557
618 766
582 690
823 943
637 679
722 557
643 664
733 562
728 1018
536 712
713 1010
811 1010
583 705
649 749
613 792
549 682
780 597
693 562
589 662
770 585
665 593
564 685
828 943
650 833
617 785
663 845
662 579
616 641
791 1001
543 682
637 620
606 680
635 770
608 778
716 564
528 716
648 767
572 706
647 786
648 793
615 687
572 738
777 603
669 576
717 542
560 673
636 749
739 569
619 689
727 1004
576 665
583 700
835 1016
587 671
661 578
722 566
579 725
585 771
601 868
699 576
726 574
586 772
762 586
818 952
619 790
767 588
631 665
852 1035
569 732
617 763
598 736
587 665
618 703
794 1012
596 736
641 653
570 767
823 949
532 709
608 790
645 654
777 1016
599 695
677 577
579 717
617 662
852 1039
669 594
546 730
696 569
588 770
600 722
707 1012
606 790
542 782
850 1034
529 913
767 593
676 573
529 730
668 609
638 660
623 647
614 655
691 995
638 751
606 749
863 1050
598 671
647 669
663 610
568 710
527 736
656 745
573 732
640 660
616 785
702 585
617 766
669 599
732 1011
617 750
623 645
810 959
587 709
595 765
609 701
612 679
610 774
667 583
591 769
705 990
710 530
648 791
799 984
753 573
536 709
590 708
824 950
648 665
557 684
719 586
637 751
607 749
777 599
800 980
850 1043
607 739
731 554
719 550
631 745
582 704
703 562
622 867
591 707
610 685
606 791
709 587
781 596
724 574
725 564
643 648
800 1015
821 1022
582 694
630 635
613 704
833 1027
612 757
574 767
555 735
576 776
625 745
580 723
679 571
750 581
713 566
732 578
696 989
814 968
720 590
653 758
644 787
633 747
834 1019
637 678
585 707
768 591
555 683
636 744
667 594
687 988
576 775
651 619
654 764
640 614
825 958
707 996
617 758
615 663
610 677
618 759
618 872
598 694
710 569
538 728
797 979
797 1013
726 564
707 993
597 699
567 689
688 582
661 584
647 751
528 711
724 577
657 609
639 615
721 1007
619 745
538 717
802 976
722 576
844 1043
662 584
587 708
620 743
610 652
752 580
618 647
548 748
617 666
855 1042
616 859
649 745
637 755
659 845
570 770
717 561
683 597
644 834
642 778
651 620
551 679
650 751
711 565
658 745
718 580
634 650
773 596
574 723
713 585
560 678
548 682
597 733
527 708
644 653
705 989
614 649
591 703
618 741
615 686
591 764
599 735
794 997
852 1016
704 587
820 948
819 1020
530 730
783 1015
640 622
611 742
529 718
574 770
677 568
801 977
782 596
657 605
643 768
592 701
739 578
581 729
696 574
722 1013
665 581
647 781
613 696
817 954
705 995
680 597
846 1012
720 1025
806 1012
658 584
639 613
585 685
544 783
722 1021
702 562
818 958
615 703
859 1053
651 667
661 740
609 680
580 769
601 679
600 739
543 751
606 676
610 650
638 662
560 732
710 565
663 573
662 617
570 725
601 743
543 729
622 785
831 947
593 681
843 1042
827 945
618 787
631 627
544 749
597 686
628 637
762 580
634 747
531 726
612 741
860 1053
813 1010
757 579
619 686
568 725
813 1015
720 593
822 948
823 946
736 1006
573 715
726 568
782 602
539 718
723 566
690 989
638 659
792 1022
729 1026
542 728
743 578
582 721
792 1008
659 746
603 844
538 783
661 580
756 565
670 592
611 667
599 696
721 1016
708 591
724 1008
749 554
594 682
590 692
589 728
598 731
689 579
824 1026
639 779
725 575
586 770
639 679
741 576
761 582
618 684
697 584
663 741
723 568
765 585
633 626
699 575
611 741
640 774
638 679
667 586
552 739
564 688
590 728
616 663
692 562
687 599
529 734
695 588
757 581
764 563
557 685
569 771
618 756
577 768
814 974
618 698
697 583
659 742
560 781
708 529
470 712
577 702
770 588
694 560
605 652
604 864
559 749
777 596
828 946
626 640
804 976
591 692
822 947
638 666
600 759
544 750
779 602
659 610
578 719
609 678
555 682
645 750
646 770
640 656
752 579
620 763
573 731
545 731
560 674
529 894
789 1012
539 713
741 580
574 696
701 575
863 1043
820 1024
813 1014
801 978
767 591
641 673
646 785
592 729
634 671
686 583
714 584
727 562
709 563
785 1011
615 698
686 560
582 700
610 861
620 791
616 665
696 588
705 988
538 729
568 712
822 1029
605 857
804 971
568 714
776 607
717 560
717 558
595 764
639 616
641 775
792 1023
732 561
836 1027
583 696
830 1024
727 554
815 973
699 989
726 575
737 565
657 610
578 664
615 683
624 665
825 968
682 598
761 562
597 720
691 582
640 628
650 747
528 715
592 702
634 745
856 1048
610 754
593 671
571 728
603 854
720 1010
696 568
750 580
826 1025
580 695
666 604
780 600
816 979
618 745
708 565
620 741
737 557
741 573
717 540
744 578
581 761
645 617
667 593
747 578
830 943
614 657
859 1050
704 591
698 576
746 579
646 670
611 650
696 579
714 533
670 589
809 982
556 783
800 1013
715 532
668 578
638 629
723 1006
714 566
708 1013
539 782
622 748
792 1009
568 711
581 723
740 578
795 1013
536 732
730 554
831 1027
530 718
650 667
807 979
556 674
623 865
612 755
786 1001
850 1024
573 778
637 618
753 581
614 787
702 990
741 556
733 1004
827 1024
566 732
792 1020
623 651
847 1045
599 755
640 658
596 682
807 975
841 1020
836 1025
606 681
830 1025
633 742
636 650
646 788
638 744
531 710
536 726
589 714
622 641
576 765
809 1006
686 580
697 560
725 553
578 700
815 976
582 665
614 687
648 740
704 1001
721 574
849 1027
798 1012
584 728
517 718
713 532
617 659
617 751
751 556
713 587
664 595
640 776
637 795
720 591
562 832
760 554
540 716
698 993
852 1042
577 712
706 591
723 1011
612 766
579 727
638 681
537 718
636 740
579 716
622 652
796 1006
572 724
636 760
749 570
604 679
630 634
813 963
733 565
764 585
723 577
791 1011
559 730
539 720
710 586
734 579
767 585
637 615
675 579
618 769
644 785
717 596
664 593
640 795
609 745
649 668
617 742
678 576
566 686
630 649
721 584
596 685
738 565
646 745
600 667
706 1013
670 602
605 868
809 960
524 920
822 946
618 873
606 866
670 607
723 1020
542 748
658 739
775 1018
734 553
567 725
706 1005
590 664
813 968
853 1023
608 775
695 581
694 992
808 970
579 707
705 986
575 696
636 620
732 1003
567 692
657 758
641 752
607 747
819 950
659 584
613 650
796 1016
714 581
782 601
570 772
667 604
605 792
719 549
618 782
818 954
656 622
642 669
714 554
704 1005
865 1051
807 1016
586 692
618 705
793 1017
859 1038
533 741
571 742
843 1047
752 566
752 568
615 688
782 1010
528 736
636 665
833 948
638 630
743 552
617 700
699 987
592 693
576 771
615 861
638 675
610 766
655 758
586 669
561 833
610 743
696 583
584 686
695 574
594 728
697 585
657 586
570 691
562 728
637 676
564 727
733 566
546 782
581 760
731 1000
830 946
798 1005
863 1045
712 566
748 552
807 978
570 742
596 727
658 748
638 613
640 760
660 740
706 1012
587 730
729 554
584 698
574 733
841 1004
772 594
860 1043
603 758
741 555
828 965
638 747
813 957
613 774
800 981
740 569
582 728
629 664
662 613
624 863
702 1008
856 1019
546 783
615 685
616 644
618 664
706 1010
573 764
577 689
535 710
796 999
667 584
652 757
805 976
792 1012
580 665
644 668
617 705
812 1012
717 1027
563 739
625 663
801 980
564 730
725 573
573 717
597 725
711 568
687 581
649 666
769 591
616 784
665 616
523 921
670 588
590 688
571 710
612 671
793 1003
575 775
803 972
813 966
627 664
823 1027
623 786
605 791
635 647
726 565
628 739
597 682
720 546
792 998
751 568
639 770
712 1010
848 1037
643 651
574 769
584 714
561 831
548 737
638 623
843 1046
721 1025
561 686
644 664
671 590
696 587
585 704
581 724
687 989
615 705
577 695
684 582
772 597
531 743
716 532
750 557
710 566
586 710
801 974
750 570
572 732
638 772
575 774
805 970
621 752
534 741
640 653
636 623
571 691
825 1030
698 995
649 669
567 684
598 672
476 718
562 836
615 650
619 647
631 624
653 747
705 984
602 665
573 699
644 649
581 715
652 752
653 757
596 680
803 971
589 667
821 1021
621 871
863 1044
588 662
803 1014
796 1009
569 712
644 618
669 595
624 649
640 781
551 741
589 693
624 754
628 745
587 667
608 755
599 677
601 754
654 758
736 1005
555 672
603 739
654 743
603 857
846 1023
618 704
668 595
776 598
772 584
636 742
612 740
690 578
622 746
648 769
807 1015
562 747
544 755
638 628
653 760
637 674
556 784
697 576
580 706
638 655
798 984
719 585
641 768
614 682
601 667
579 713
710 529
841 1040
617 765
717 566
757 580
719 588
610 773
770 561
617 702
814 1021
611 787
544 751
631 628
658 762
637 756
666 581
658 586
592 728
597 736
741 554
593 690
830 947
776 603
824 1025
542 750
545 729
600 735
728 554
719 544
543 748
526 709
801 1013
672 582
582 727
550 739
740 558
580 725
687 578
775 1017
618 874
787 1012
747 556
638 771
720 574
703 566
615 781
645 649
721 556
531 738
716 528
590 762
799 983
813 1018
591 766
593 728
518 716
605 738
725 1013
706 1008
816 978
723 1013
532 730
752 562
726 560
723 1023
638 625
710 567
577 665
721 566
726 1007
753 574
531 744
718 596
707 589
637 771
781 1014
579 700
829 1027
526 735
730 559
556 737
585 686
755 557
845 1022
739 565
714 525
667 605
623 788
523 714
519 715
617 687
780 596
721 1015
647 789
762 556
663 839
822 944
855 1039
571 713
827 947
550 731
532 725
726 1008
606 652
640 777
608 768
618 669
854 1025
830 945
768 594
529 737
753 558
607 678
770 591
718 560
853 1033
764 584
563 747
714 585
560 683
748 553
571 712
814 978
864 1041
639 769
558 740
590 694
617 760
664 577
670 597
611 653
668 583
622 665
561 742
596 700
660 842
625 748
656 612
783 1012
728 555
750 568
590 702
636 617
669 601
640 775
571 711
592 689
603 846
624 751
534 709
656 843
554 736
693 561
643 669
576 666
699 568
589 711
797 1012
641 793
624 641
599 734
722 1011
633 667
533 723
586 707
610 684
629 629
584 696
597 724
821 1024
577 778
728 574
691 991
753 562
811 1009
584 769
589 712
823 944
711 1016
731 583
656 611
668 601
774 601
757 577
636 662
579 706
700 585
634 624
580 713
609 772
658 756
666 608
726 577
634 771
617 871
640 678
622 667
686 601
618 742
778 1013
613 703
548 733
611 671
628 738
780 1015
770 565
771 587
577 688
658 746
721 582
588 769
546 685
669 590
608 753
662 608
830 1022
648 741
828 945
580 767
610 756
600 757
544 684
638 661
647 620
763 567
721 558
791 1008
754 581
616 698
603 665
636 672
614 641
560 780
769 588
717 580
795 1014
587 772
734 563
579 692
777 608
735 563
590 707
605 739
740 580
648 747
803 970
636 771
636 758
751 562
583 684
646 768
622 697
834 1020
769 565
728 1025
714 556
707 584
592 690
561 729
583 708
639 625
694 582
537 709
635 650
566 728
564 739
758 580
809 970
799 982
827 953
793 1022
814 975
600 669
610 771
630 636
715 580
644 751
719 555
795 999
639 672
808 977
718 546
731 561
615 757
628 648
705 1009
621 668
648 781
613 671
567 741
579 721
614 668
610 680
819 1018
666 605
629 747
562 687
691 560
646 752
646 653
561 741
639 774
691 994
677 573
702 983
579 696
718 1026
548 747
631 746
739 568
784 1010
572 715
720 589
718 595
776 604
698 998
639 657
616 691
631 622
762 567
565 735
590 700
575 765
645 751
825 961
812 968
704 995
714 562
775 601
638 769
779 598
605 768
575 665
608 701
695 587
727 578
630 651
596 762
752 575
754 557
796 1012
721 572
561 780
598 737
710 1015
724 1006
664 610
572 695
619 769
641 783
753 560
776 1020
707 585
548 731
618 700
665 604
590 689
573 705
619 740
623 787
726 554
822 1024
738 560
577 694
710 570
609 790
695 991
719 584
611 772
805 1014
818 1021
663 838
531 742
706 993
653 744
816 973
639 680
637 619
708 528
683 601
636 615
667 578
736 562
864 1044
709 525
560 680
679 575
792 1010
774 602
694 583
607 655
652 614
678 581
688 564
617 703
726 1023
837 1024
717 583
527 711
686 582
644 663
594 681
608 656
596 699
798 1015
618 661
731 553
637 617
762 582
772 565
579 764
797 1017
815 955
575 724
576 700
569 714
717 557
627 746
779 1015
649 742
703 565
666 578
602 667
648 664
578 690
598 853
546 748
735 1005
629 740
637 662
840 1023
616 860
669 575
774 600
666 841
642 791
591 728
669 579
664 604
635 648
739 577
814 957
621 862
777 1021
547 734
538 718
635 771
715 560
620 703
622 863
635 673
746 552
784 1016
698 567
801 1015
704 586
539 783
860 1050
625 636
586 730
760 564
813 1013
849 1044
702 568
724 573
583 769
697 991
582 722
765 563
565 707
751 571
608 745
636 747
725 567
615 691
718 557
761 561
728 573
616 751
632 665
707 591
552 741
598 673
694 588
642 616
629 746
772 585
613 757
662 576
672 606
729 557
725 582
606 778
654 613
625 750
746 577
813 975
559 750
526 717
618 683
592 692
763 585
528 746
776 599
777 1019
641 651
714 559
622 668
604 680
571 726
676 569
564 726
723 1005
616 783
579 726
812 1016
639 768
572 709
568 734
592 688
597 683
659 739
712 1012
636 649
618 662
725 1005
825 952
766 585
818 1028
594 704
623 743
644 616
812 1010
547 737
617 783
723 1024
639 660
609 770
641 750
560 748
713 524
706 1011
624 752
549 738
859 1048
722 1022
643 766
630 650
596 669
661 739
618 689
524 717
858 1048
529 725
618 667
647 612
581 767
601 757
758 582
560 676
746 578
527 735
581 768
728 557
585 708
640 761
652 756
557 740
761 580
788 1011
598 698
647 619
555 684
568 691
699 559
562 727
809 1007
613 695
701 1008
730 1002
525 718
543 685
662 585
598 686
605 864
615 788
639 784
624 636
824 971
647 613
747 579
599 668
815 954
801 975
824 960
651 795
529 746
721 1010
620 748
698 577
612 701
677 599
740 570
532 731
583 698
813 969
857 1048
779 601
810 956
660 843
590 764
826 944
565 746
537 732
734 554
861 1038
662 738
801 1012
824 973
567 709
689 580
526 713
736 578
608 746
651 793
847 1023
529 738
621 741
646 617
650 615
612 774
726 1024
860 1038
737 558
741 557
776 605
671 581
607 741
584 772
537 711
639 782
561 739
559 683
643 652
541 726
527 720
637 743
567 748
564 745
642 795
721 1008
636 625
616 647
666 585
657 607
635 740
734 561
587 705
545 724
614 648
824 1022
677 569
692 582
531 725
752 573
743 575
636 676
572 699
807 977
715 529
808 1016
735 560
707 590
719 1026
862 1041
794 1006
612 861
830 960
677 566
720 579
713 557
619 787
703 995
799 1005
628 740
743 573
674 579
843 1008
585 668
697 587
730 567
650 795
588 689
740 554
630 664
782 1012
797 1018
616 781
678 577
686 562
665 615
593 687
573 723
792 1001
598 738
828 961
721 1019
792 1007
597 669
636 671
561 688
543 749
638 796
616 742
703 1008
543 755
612 703
665 578
633 627
643 654
721 548
587 669
727 1018
764 565
669 608
855 1040
583 714
532 727
575 713
808 980
584 704
607 653
795 1016
732 565
832 1022
609 744
572 698
663 738
778 600
542 751
760 581
739 579
602 847
615 673
544 754
771 591
544 726
563 748
574 732
828 963
701 562
599 667
658 845
777 1017
792 1000
729 1004
545 681
617 784
855 1020
615 668
746 576
587 704
721 1013
607 775
569 734
641 760
616 757
601 739
564 738
651 618
539 721
576 767
644 783
571 724
578 720
537 726
630 665
813 970
642 792
814 976
581 708
810 1009
580 715
643 778
730 582
854 1016
657 759
713 554
612 667
574 695
542 754
583 729
756 557
588 711
702 561
716 582
619 752
630 628
716 566
727 574
687 560
547 730
808 971
752 571
828 944
616 666
826 1029
551 734
750 555
695 561
642 788
569 768
550 732
739 562
616 690
669 602
824 1024
723 1025
817 950
713 542
761 559
715 582
576 688
657 762
549 681
813 971
622 647
824 949
565 687
558 735
826 966
570 769
777 600
536 725
630 740
590 693
560 739
668 600
597 675
528 718
751 572
609 774
721 1014
735 553
604 677
541 782
637 623
812 962
646 786
545 749
722 549
675 577
705 565
577 713
640 665
614 646
792 997
661 845
616 668
522 714
576 689
720 584
734 567
825 1021
608 767
705 582
584 697
719 589
685 601
614 692
778 1021
599 671
701 989
730 568
715 559
638 653
667 608
589 688
730 1001
703 564
538 710
663 844
718 594
516 716
752 565
685 582
588 690
527 721
523 715
629 628
567 736
663 616
542 720
618 686
529 745
663 840
836 1028
576 770
736 561
594 729
641 661
646 783
547 748
617 698
862 1050
670 581
753 565
577 696
681 597
720 1011
716 1009
853 1039
614 681
709 564
808 982
533 724
574 689
581 762
641 626
587 694
499 882
618 763
825 956
698 585
813 961
703 563
670 582
612 744
536 710
640 659
655 762
663 843
604 792
653 612
605 678
580 764
792 999
716 559
593 669
623 873
713 535
770 564
758 564
623 642
606 767
629 633
721 576
613 680
858 1038
620 744
775 603
661 613
632 626
632 746
608 777
567 729
764 564
597 719
709 1011
732 1001
717 582
702 559
637 761
755 582
611 792
609 766
607 679
575 767
738 580
607 790
640 682
735 578
634 646
808 1013
623 666
565 733
613 699
590 761
679 573
565 740
717 581
821 973
571 695
565 726
651 668
602 760
613 775
801 982
647 790
587 703
616 649
846 1016
683 599
854 1030
702 591
646 782
740 568
574 774
721 557
625 648
619 789
651 616
574 777
852 1041
581 714
641 672
558 753
638 754
853 1016
575 764
612 650
649 664
590 680
815 977
859 1043
861 1044
623 868
702 991
581 695
619 791
614 673
616 858
542 753
635 625
618 784
832 947
769 585
855 1033
672 603
616 648
720 578
621 646
779 1021
617 770
573 724
836 1021
714 524
608 776
720 583
652 744
659 609
601 742
545 727
753 575
567 732
836 1019
638 784
630 746
753 561
817 958
713 531
619 698
640 616
639 626
709 1013
741 551
639 665
660 587
800 1016
747 552
545 725
848 1044
697 989
627 745
785 1014
694 561
584 670
538 721
644 670
698 991
818 1025
709 591
535 712
592 730
556 753
639 681
557 674
693 588
664 578
780 602
559 744
625 747
716 539
807 970
762 565
816 951
845 1020
700 587
703 983
639 751
663 841
553 735
646 612
536 722
671 602
618 779
669 597
716 533
600 867
706 585
700 988
520 715
580 666
802 1014
559 747
572 713
570 774
798 1016
824 1021
620 698
588 714
688 563
625 787
590 668
598 679
635 672
574 734
736 568
704 1009
608 653
645 793
576 723
705 992
546 734
557 751
729 1002
659 581
669 593
560 686
658 583
862 1040
616 777
555 680
624 637
555 681
578 709
588 694
820 955
590 690
670 580
782 1013
564 684
560 682
573 708
664 576
700 591
633 941
623 653
816 1021
687 562
689 562
818 953
717 539
621 765
718 1014
641 749
662 586
668 580
529 747
753 580
689 558
617 685
664 608
679 600
642 760
727 561
545 726
610 676
602 851
578 665
844 1044
650 757
670 590
627 640
675 600
766 587
705 1010
658 742
587 770
568 735
754 572
664 594
662 845
647 793
771 597
548 683
666 607
716 536
691 561
554 679
705 566
720 554
649 663
594 726
529 735
665 596
696 994
639 796
721 581
664 596
721 1017
536 713
792 1018
574 763
616 705
592 687
622 866
822 949
854 1018
646 769
539 719
638 795
746 556
591 668
598 724
759 561
850 1032
737 579
580 721
572 767
619 766
576 690
568 742
557 683
616 756
821 951
594 699
766 584
613 773
604 778
718 592
619 741
744 573
587 686
613 658
592 712
769 583
720 555
744 556
861 1043
639 622
796 1017
625 749
641 655
576 702
590 713
701 590
695 570
703 591
724 564
821 950
599 697
755 581
846 1018
698 561
567 728
778 1014
844 1042
638 627
731 569
720 576
601 741
633 748
666 580
544 752
617 757
655 622
656 758
639 781
653 753
543 683
716 538
714 542
770 563
805 1012
762 566
568 733
702 566
648 745
588 728
565 729
664 607
602 741
632 666
569 772
864 1045
662 578
533 733
642 766
614 663
584 708
591 693
813 1016
589 702
598 732
700 586
794 998
579 708
753 576
843 1021
473 707
659 843
564 744
586 693
751 557
558 683
638 748
607 740
618 666
863 1047
645 787
560 729
813 962
864 1049
621 788
622 864
660 841
691 562
642 668
653 762
565 727
821 945
703 990
804 970
747 551
597 679
564 683
615 646
699 585
612 775
552 748
712 588
824 969
555 783
576 713
644 669
819 1019
775 602
812 1013
650 793
566 748
824 970
532 726
575 766
569 725
775 1020
651 621
706 995
704 1002
618 778
620 697
653 756
577 766
647 788
597 670
609 683
598 676
833 1021
631 664
630 741
820 1021
807 1014
573 690
636 616
668 582
532 710
692 560
541 718
813 1012
558 751
631 625
715 525
570 727
659 580
711 529
603 853
599 744
762 585
711 530
696 585
544 683
715 567
673 601
668 587
669 582
733 1008
638 756
557 737
576 699
781 602
845 1042
578 714
585 695
598 687
813 965
530 747
763 556
532 741
530 731
598 760
631 744
762 553
768 583
619 743
605 867
619 763
661 738
650 749
591 727
636 741
585 772
536 724
828 964
573 713
567 686
709 529
818 957
698 571
550 680
632 742
605 866
720 577
767 590
618 690
716 584
815 1021
823 945
561 687
790 1010
619 756
696 582
583 727
554 682
627 649
739 564
778 1016
530 742
617 778
743 556
806 977
666 606
584 684
706 584
821 948
579 699
798 1004
767 594
710 1013
599 740
530 741
585 665
754 565
643 751
794 1016
594 725
724 552
819 955
679 597
717 1012
601 756
631 663
581 691
743 553
735 1011
647 791
829 966
720 592
583 728
589 663
596 761
771 565
581 704
672 602
599 739
618 771
580 705
611 767
795 1006
537 728
660 585
760 582
613 675
623 755
669 605
638 746
845 1016
759 582
619 744
649 756
616 786
628 746
715 593
804 1014
824 958
540 713
761 563
572 766
545 730
649 746
743 554
697 574
612 643
814 964
813 964
706 586
704 984
634 627
560 730
610 790
634 744
601 850
806 976
616 669
698 989
615 642
741 571
751 577
796 1013
579 664
662 740
613 676
610 755
623 789
655 739
836 1017
734 564
579 701
600 755
733 1007
474 718
800 983
642 650
733 1006
819 1021
561 674
824 1028
614 650
580 763
677 601
595 669
709 589
748 579
826 947
731 584
641 744
618 688
573 695
726 572
679 576
737 568
616 861
829 943
753 571
620 686
531 730
665 607
682 584
637 772
610 742
584 770
619 702
660 738
719 592
657 738
664 741
597 760
772 587
790 1001
625 640
638 612
807 1013
575 688
562 683
761 581
582 663
827 1030
818 1029
803 975
641 669
755 565
589 708
548 782
639 775
598 730
829 962
554 678
812 957
641 674
680 575
599 854
597 680
742 556
841 1021
716 1010
542 683
614 703
612 777
575 778
704 1008
646 767
725 1006
662 573
590 663
568 689
673 580
668 590
571 696
606 677
598 729
567 685
619 751
586 665
647 794
613 776
715 542
803 976
816 1022
527 723
532 708
726 566
713 588
669 591
577 706
641 652
597 721
571 706
663 842
841 1018
604 793
562 834
681 574
649 616
571 732
617 668
646 771
580 689
546 736
562 739
713 1008
678 597
527 718
592 680
569 773
619 671
594 687
793 1021
643 665
547 681
635 757
532 740
663 607
578 708
614 697
622 743
793 1020
623 636
715 563
669 596
701 585
566 729
643 760
555 740
655 612
658 588
602 742
590 701
713 529
777 597
617 872
697 570
862 1043
670 603
647 745
644 795
783 1009
849 1037
639 627
723 567
613 674
716 567
541 713
630 627
637 665
778 1019
690 580
578 713
787 1011
738 579
668 597
640 745
826 958
653 754
642 665
602 743
579 691
646 751
782 1015
660 742
571 767
637 651
810 955
720 575
789 1011
700 989
625 635
615 657
639 620
583 683
650 750
793 1010
820 950
640 620
636 624
570 707
615 751
551 744
626 637
618 790
638 761
613 655
794 1017
534 721
732 1005
529 732
825 946
711 532
560 731
722 1017
826 1030
720 549
560 742
733 578
718 566
701 990
682 572
531 746
699 569
519 716
698 992
859 1049
615 755
809 1013
618 659
645 768
648 792
604 853
618 875
625 746
654 762
684 597
562 835
699 571
576 709
731 564
599 674
734 555
653 833
737 566
729 1025
751 580
818 1027
658 749
752 570
526 712
628 744
531 745
668 602
709 588
634 758
598 733
657 842
803 974
792 1021
602 666
730 565
620 789
640 672
709 565
617 690
848 1045
617 771
601 761
736 567
590 666
611 655
644 761
547 682
565 732
562 743
582 664
639 678
623 650
550 679
579 728
569 691
753 556
668 588
634 666
617 861
657 585
661 844
824 951
751 578
668 608
794 1019
590 678
589 756
557 738
686 563
595 766
699 998
724 553
664 840
624 747
838 1021
620 790
661 572
687 564
622 865
781 1010
625 664
586 664
748 580
715 557
669 577
826 943
635 747
816 977
776 1021
614 693
674 599
575 723
683 578
613 672
587 714
598 669
570 714
623 702
587 688
573 718
668 599
801 984
577 711
621 639
740 573
563 683
615 644
658 744
745 556
712 586
672 601
669 592
674 597
568 745
650 748
615 664
640 783
810 1008
573 716
730 558
719 1025
813 967
639 761
696 991
543 783
546 684
733 581
560 738
561 834
581 703
648 614
599 736
684 596
585 694
641 747
802 1012
828 962
570 768
533 727
591 765
677 917
607 743
638 620
742 578
698 559
558 741
718 550
611 701
841 1041
637 672
595 767
560 681
552 747
533 728
647 769
566 709
699 560
729 1027
720 581
641 795
564 686
655 616
658 757
762 563
810 960
647 618
598 677
819 1029
559 742
537 723
630 632
816 953
590 769
696 559
732 1004
634 740
559 735
612 756
572 736
622 700
658 738
619 872
544 782
697 995
521 714
617 761
719 583
826 1023
579 695
529 733
698 581
772 591
543 728
650 794
708 526
594 764
559 674
640 746
733 580
637 744
704 565
574 773
668 577
571 738
611 789
575 710
565 734
608 766
615 779
615 641
677 567
706 986
546 735
688 578
613 670
561 747
660 578
585 667
602 744
826 1026
617 759
528 721
806 1013
699 572
649 767
658 747
655 614
854 1027
660 580
527 922
761 554
725 1023
661 612
752 557
818 956
728 558
579 763
721 546
675 601
787 1013
774 597
680 598
629 631
572 764
814 956
516 718
823 1024
558 742
597 671
691 993
632 651
471 713
652 746
639 653
584 699
639 773
659 748
581 665
829 946
564 740
596 681
585 693
713 541
651 833
785 1010
718 1011
665 841
792 1019
827 946
695 571
733 567
727 1005
674 581
814 973
588 693
713 536
588 671
590 766
584 705
861 1039
532 748
830 1023
588 668
760 563
644 666
615 702
681 582
619 646
711 534
709 586
736 563
640 747
623 667
614 658
750 578
648 766
601 851
627 634
624 868
615 754
602 759
620 872
591 702
538 780
825 945
588 704
777 606
727 568
768 592
637 663
731 568
726 559
849 1026
556 681
618 757
858 1020
764 583
727 579
574 764
640 673
561 680
611 791
682 597
537 721
781 599
715 566
629 634
529 714
566 727
702 586
611 786
714 534
646 746
607 778
831 1022
613 643
696 570
610 681
565 731
723 559
728 1019
656 610
687 582
614 786
653 831
605 679
662 841
644 617
475 718
610 765
612 765
725 1021
612 702
680 577
608 679
547 783
797 1006
676 577
539 717
631 740
817 953
706 994
829 961
575 709
681 572
812 970
723 551
743 571
620 646
519 717
698 574
693 992
640 655
643 835
812 1011
722 1020
615 665
643 790
578 710
611 788
783 595
641 668
783 596
797 1005
673 602
703 586
637 655
573 706
601 867
592 668
643 666
667 602
654 760
729 573
640 670
680 579
840 1024
714 531
617 664
611 652
622 868
811 970
630 622
760 561
556 770
715 536
650 614
619 788
701 988
813 959
761 555
648 613
589 768
583 669
530 732
732 1002
637 613
830 963
533 710
595 670
722 551
795 1008
655 615
594 701
780 598
852 1029
697 588
753 572
647 780
646 772
593 712
591 665
712 1008
526 921
724 582
571 731
552 733
658 607
778 598
557 741
853 1026
623 652
680 573
642 783
592 669
657 843
769 595
734 552
564 746
617 768
664 606
839 1021
622 872
587 706
786 1013
775 600
577 767
629 665
601 862
542 719
690 993
650 616
637 759
615 753
682 585
616 760
677 578
597 722
669 588
561 830
643 650
667 580
599 722
611 777
672 583
623 785
852 1017
648 746
845 1045
844 1046
642 782
620 669
757 564
688 558
557 735
639 682
732 1009
638 658
661 575
691 990
562 689
533 731
722 1008
662 575
690 990
627 638
695 994
792 1004
600 670
728 563
698 586
722 1018
643 649
862 1039
771 585
706 989
643 616
638 677
542 718
589 710
672 581
783 1010
639 619
702 995
576 778
699 574
644 768
823 1030
586 667
578 689
736 558
644 619
551 745
605 767
648 742
776 597
819 949
705 581
619 697
602 867
574 768
643 765
798 979
712 557
654 765
609 771
680 581
636 648
622 871
730 1003
715 524
611 679
664 843
744 575
608 774
617 699
631 748
549 680
826 956
700 567
716 583
601 669
684 579
722 1025
742 573
634 746
594 702
637 626
611 654
724 1007
737 556
608 684
537 712
730 556
723 1019
632 748
597 698
678 574
622 699
682 578
850 1037
573 769
644 796
721 593
600 848
776 600
717 546
730 566
549 733
826 954
559 780
719 1014
699 567
615 682
554 683
644 784
733 561
703 559
814 1019
561 740
701 566
575 776
562 679
616 788
611 790
539 781
657 608
540 718
847 1013
591 712
548 781
610 772
733 579
584 668
667 581
616 787
560 675
679 579
666 586
679 570
727 563
782 1014
704 563
559 743
701 576
769 594
714 529
605 858
720 556
863 1041
601 861
619 762
588 702
575 697
660 741
596 728
601 682
776 1017
733 582
817 1019
552 740
807 1011
568 740
612 668
716 527
617 782
807 976
581 705
711 557
850 1044
698 994
674 601
608 769
818 950
629 650
558 750
586 686
846 1006
654 622
774 599
615 689
763 582
523 716
595 671
795 1012
469 712
683 581
626 665
606 655
618 646
654 833
588 708
590 765
659 612
752 576
616 646
536 723
563 743
665 583
680 578
708 585
837 1028
572 700
617 787
533 729
809 976
575 737
723 552
726 579
799 1013
811 955
640 669
740 557
771 592
810 957
748 554
788 1012
580 722
680 574
589 680
659 758
851 1027
620 873
559 677
826 961
756 581
635 666
672 605
608 702
568 732
581 693
684 601
660 586
615 684
825 953
696 992
589 709
680 572
599 753
622 646
695 989
618 682
735 1006
545 685
647 795
589 713
572 737
611 861
609 682
655 761
678 598
656 761
653 832
560 685
620 752
745 578
753 577
771 586
695 586
636 743
638 672
654 761
682 583
570 733
639 746
528 923
813 1019
667 610
630 747
618 788
583 704
792 1017
736 556
768 589
840 1019
551 743
733 554
701 565
696 995
775 1021
619 764
820 949
548 738
652 745
585 664
795 1009
628 634
658 743
723 573
647 783
726 1019
557 753
644 762
834 1028
698 583
653 743
661 608
649 665
799 979
526 718
635 744
621 748
710 568
579 720
582 729
600 677
557 739
669 580
864 1047
639 658
851 1036
579 765
705 580
637 750
663 611
761 556
624 865
690 582
712 1011
759 583
530 745
651 796
715 1009
638 665
779 1019
696 578
582 725
778 1015
537 710
715 584
662 846
607 748
725 1007
606 766
813 960
545 728
641 616
713 530
552 680
815 952
827 943
853 1018
696 580
639 772
628 638
626 638
570 739
591 688
585 770
616 657
753 557
659 586
633 668
619 765
540 729
575 733
580 717
539 728
725 1019
645 652
687 579
711 1011
623 747
715 558
600 694
639 762
621 787
727 559
723 558
539 779
637 769
728 1024
622 747
699 573
598 670
610 655
614 757
845 1018
569 713
555 784
681 581
722 565
575 698
793 1012
568 709
609 684
733 583
586 704
531 741
581 702
826 945
732 554
525 717
557 752
812 956
662 572
617 874
618 665
686 558
594 669
800 1005
720 585
597 694
745 552
634 757
574 690
528 717
595 681
635 651
554 740
617 781
613 677
528 724
583 686
598 739
721 554
586 709
540 714
539 712
634 668
598 728
580 664
530 738
663 615
551 739
611 744
775 1019
725 569
744 555
612 700
548 746
583 663
731 1001
774 596
602 860
738 569
738 557
666 577
622 862
730 1000
581 664
589 765
648 620
640 778
574 778
534 732
849 1015
554 735
525 714
579 724
588 665
605 865
680 571
552 734
662 844
814 1013
733 553
672 604
531 739
734 568
669 610
579 665
697 577
720 557
724 1013
568 772
668 603
659 582
638 615
722 574
770 594
548 783
678 600
801 979
618 645
571 729
606 679
561 683
559 748
654 746
855 1021
646 787
802 1015
811 971
604 845
606 789
623 863
597 723
768 593
620 765
558 674
824 1023
628 650
767 563
849 1043
687 561
635 646
696 584
435 710
768 585
598 740
652 747
614 777
642 768
725 579
553 679
691 992
569 745
530 725
747 568
636 759
658 587
781 1009
606 653
551 733
726 573
572 714
742 551
708 1011
613 705
628 664
619 661
772 596
568 744
778 599
725 571
800 982
631 651
756 580
595 687
596 726
655 743
794 1010
738 559
639 655
622 752
780 604
629 630
582 715
607 652
825 1028
610 701
624 787
694 572
666 593
611 680
583 694
568 690
698 582
607 742
771 594
546 729
818 1026
656 764
556 736
577 700
742 571
645 835
599 694
540 728
707 565
718 1012
643 767
537 713
759 554
527 722
805 971
740 579
601 760
810 970
654 763
699 995
643 796
679 577
590 767
669 606
851 1014
664 841
792 1003
791 997
578 692
718 583
700 559
615 692
631 630
834 949
847 1012
643 783
764 582
667 587
552 746
560 677
741 578
594 703
620 639
648 790
696 586
657 584
732 1010
639 778
584 664
731 566
544 681
832 1031
636 647
608 700
639 780
800 1018
814 977
639 621
592 691
594 688
644 835
813 958
622 744
697 572
705 985
700 566
822 941
665 614
566 708
730 583
626 636
630 742
615 674
652 792
618 751
599 666
628 628
546 746
614 640
595 700
610 768
804 975
625 753
726 1005
634 648
562 830
863 1046
548 730
622 745
618 685
598 759
814 1022
649 667
616 755
596 684
706 1006
590 714
613 700
630 748
579 697
613 681
559 751
616 659
823 1028
827 1026
784 1013
743 551
599 669
647 617
653 755
712 534
846 1044
581 717
585 684
746 555
794 999
652 621
622 869
564 682
717 555
662 614
776 606
619 779
590 770
709 570
645 670
538 719
674 580
856 1020
678 573
653 615
642 651
844 1045
653 746
722 583
619 748
646 618
613 786
619 660
633 670
681 580
588 768
723 1008
575 734
720 1015
588 703
698 996
725 572
751 569
626 649
643 787
686 584
644 833
567 743
751 555
545 734
678 580
657 743
792 1005
714 580
540 780
701 567
749 568
643 761
639 766
640 744
825 1023
577 697
859 1051
722 558
619 648
656 605
545 755
767 589
643 795
547 736
574 772
703 991
861 1050
705 591
830 1026
637 739
638 614
668 610
575 773
784 1011
582 769
627 628
815 968
586 728
597 728
737 1006
698 580
632 663
730 560
625 665
719 580
556 683
614 695
661 737
799 1016
566 688
602 868
779 600
714 536
555 674
684 578
622 640
725 1024
766 563
591 713
596 765
639 623
656 739
662 616
816 952
642 750
705 991
651 757
549 747
542 783
623 754
704 1004
569 740
570 712
617 767
833 947
641 746
705 1005
551 678
611 766
826 955
708 566
713 534
825 1026
547 782
623 665
645 834
635 664
810 958
598 674
653 623
686 602
612 786
614 656
584 663
633 669
609 742
688 599
726 563
577 725
715 528
533 711
570 708
732 1006
760 555
581 692
586 729
601 681
683 582
798 1013
613 758
648 616
720 582
734 560
627 665
816 972
784 1012
624 753
715 565
540 782
614 694
720 580
829 1024
828 1024
636 613
723 582
602 869
568 736
722 1019
603 869
716 542
578 725
855 1031
659 757
599 687
697 573
633 666
651 751
527 709
790 1002
638 794
775 596
610 651
577 709
592 681
685 579
542 752
774 598
645 653
626 639
727 1019
606 739
813 1011
621 697
693 582
697 580
767 562
705 586
600 738
686 557
794 1009
662 607
549 683
857 1020
637 675
713 586
601 678
722 1012
700 987
742 576
601 677
655 613
617 769
628 742
628 743
610 667
750 554
668 605
834 1017
728 559
570 696
658 842
810 969
850 1023
822 943
635 772
613 777
658 758
778 1022
803 973
814 972
527 746
607 766
585 706
660 608
730 557
763 563
683 600
631 652
827 966
675 578
527 707
735 565
713 1009
772 602
613 678
817 1018
780 1014
718 544
524 714
677 600
672 597
729 1003
718 562
624 638
604 739
709 567
606 859
766 588
589 678
549 739
718 543
639 797
667 603
618 760
523 718
645 664
580 690
534 710
709 590
740 559
708 570
622 639
571 730
661 577
742 554
722 589
734 1006
634 670
673 603
537 727
639 656
595 726
677 598
580 762
526 711
794 1018
574 736
624 647
549 731
792 1006
659 611
608 742
718 540
650 746
704 983
656 763
570 740
750 569
565 743
638 676
631 742
616 645
618 740
690 562
789 1010
631 747
727 1024
605 850
663 740
709 585
818 951
747 577
710 1014
590 709
598 678
814 955
823 1029
854 1033
865 1050
715 554
611 784
715 562
579 698
791 1022
555 673
638 674
851 1037
722 550
653 614
587 689
530 710
665 605
761 558
581 700
601 680
725 570
530 724
726 567
678 596
593 764
561 679
834 947
640 626
538 713
776 608
621 699
544 753
581 769
640 750
622 638
726 580
657 606
662 611
611 785
573 736
823 973
701 591
698 997
577 770
641 794
701 587
622 645
539 780
550 734
762 564
593 672
826 953
578 765
634 625
768 565
713 533
718 593
594 700
695 582
581 690
821 1029
590 763
649 751
743 572
702 560
631 623
552 681
714 557
559 734
651 749
634 628
619 684
723 1007
845 1011
713 567
646 669
641 774
626 745
689 988
618 668
701 568
675 599
579 766
575 771
613 772
535 721
670 604
720 558
642 751
550 745
746 551
580 761
641 660
529 724
721 1009
619 742
639 677
593 713
619 761
815 953
814 1020
773 602
546 747
583 715
647 782
653 622
758 581
801 1017
606 750
753 578
792 1013
637 752
597 735
641 748
573 763
683 598
651 746
667 585
726 553
521 716
642 767
570 738
635 665
642 790
605 677
618 748
780 599
535 732
621 746
819 954
577 724
615 780
616 662
598 697
606 751
526 714
568 708
545 751
566 725
612 792
710 1011
716 562
603 677
552 735
711 566
850 1033
664 616
614 643
561 743
786 1014
613 668
654 756
721 1011
724 567
639 757
636 757
582 726
705 583
600 744
793 1013
715 564
832 1021
581 721
725 578
619 760
716 1012
651 752
600 758
526 920
862 1042
582 702
770 562
733 1009
637 745
615 787
673 582
578 696
752 567
696 990
649 744
623 701
686 599
688 562
651 614
623 644
676 601
652 622
666 579
718 1010
862 1049
600 743
625 751
725 1020
659 844
864 1050
526 922
615 704
715 561
613 673
706 992
662 615
678 569
731 578
717 541
661 585
704 564
721 547
630 624
610 744
708 524
660 611
719 546
645 761
622 787
721 589
553 740
574 699
617 779
716 1011
773 599
578 711
601 860
785 1015
573 767
694 571
565 739
553 741
656 762
810 1013
640 615
620 699
749 579
576 733
800 1017
649 757
581 725
705 987
743 574
688 600
793 1000
762 554
556 684
637 757
644 763
658 610
798 1014
600 760
605 859
601 740
808 981
696 560
616 685
610 775
654 757
637 664
635 745
583 695
585 728
642 793
637 754
472 708
628 630
708 525
524 921
637 753
577 666
693 572
744 552
527 706
586 773
625 641
793 1006
806 1014
549 732
607 746
625 647
613 701
716 537
638 651
661 607
753 559
632 623
565 748
555 770
643 789
517 717
859 1052
546 681
595 686
623 643
609 769
865 1044
725 1004
599 759
628 649
726 561
622 870
563 746
719 577
648 750
735 568
638 652
780 603
625 649
793 1011
737 560
602 870
599 670
586 706
786 1011
737 1005
851 1039
592 686
619 703
571 725
690 988
557 767
608 655
813 1017
651 792
601 755
544 728
659 583
758 578
862 1051
821 946
712 532
544 685
589 668
711 531
597 762
653 752
579 690
678 571
725 568
827 961
569 742
647 742
832 1017
636 761
587 728
794 1000
545 748
715 533
638 654
636 739
661 846
660 739
648 668
593 699
653 613
705 1008
580 667
698 560
817 1021
598 726
613 861
664 581
647 752
767 583
656 743
791 1003
616 779
835 948
570 706
772 588
695 992
615 778
773 587
661 843
532 724
741 570
569 770
569 774
639 628
616 658
583 687
719 557
824 952
587 670
801 983
708 1012
647 771
736 566
818 1018
618 670
620 788
750 579
608 791
724 576
642 667
618 671
560 747
768 563
708 527
613 669
541 712
541 719
623 700
719 590
769 589
706 583
537 731
574 776
610 862
623 649
550 746
567 691
652 834
555 679
652 833
574 688
521 715
693 574
615 643
673 581
752 577
535 726
638 770
671 592
669 598
576 698
583 722
537 729
714 555
728 1005
665 843
787 1001
636 670
630 637
754 560
657 760
568 741
761 567
640 796
562 688
662 580
581 694
722 582
680 596
577 723
541 727
537 730
649 743
824 946
636 748
588 705
806 1011
728 556
593 702
639 783
644 764
706 1007
637 650
567 688
676 598
844 1018
722 1023
619 659
775 598
567 712
602 739
561 675
621 743
581 766
858 1021
623 648
829 960
556 740
736 579
631 749
721 573
721 549
589 690
522 921
725 577
628 631
710 1016
582 701
567 711
554 739
589 665
564 743
682 582
739 563
717 543
597 685
631 629
566 707
711 586
611 775
631 626
590 665
643 797
605 653
646 784
834 948
825 959
637 673
644 652
548 734
526 923
565 741
576 701
750 571
844 1021
808 979
796 1014
648 751
844 1007
629 744
569 744
578 764
701 559
726 1021
636 678
574 724
832 1027
637 658
586 666
598 675
780 1019
748 568
667 601
617 660
647 665
616 697
704 1003
718 1024
606 747
771 595
689 578
706 565
801 976
609 756
693 575
529 711
646 668
641 778
683 577
769 560
822 942
599 754
770 587
692 992
772 595
778 602
736 560
791 1010
765 582
622 873
597 726
579 718
712 1009
718 1025
543 720
615 649
800 1014
610 678
566 743
704 991
770 560
560 679
720 548
613 756
671 597
699 561
698 569
714 579
646 792
667 590
833 1029
733 584
732 584
525 921
687 558
650 792
805 972
741 577
717 1026
728 1003
526 719
810 1007
685 600
552 679
688 988
573 707
568 743
754 566
609 681
825 1029
636 675
563 727
713 537
587 687
679 580
565 730
582 687
523 717
690 581
667 595
737 559
637 749
618 687
545 782
842 1042
605 789
574 713
723 576
578 767
527 724
731 999
570 726
724 1019
618 697
685 599
590 760
591 760
592 760
591 759
593 760
591 758
594 760
593 761
590 758
595 760
593 762
590 757
596 760
640 797
593 763
590 756
568 768
567 768
566 768
567 767
566 769
566 767
566 770
566 766
565 770
565 766
566 765
564 766
565 765
567 765
563 766
568 765
562 766
563 767
569 765
568 764
562 765
568 763
561 765
562 764
560 765
562 763
559 765
578 706
562 762
558 765
860 1039
714 1009
558 766
558 764
558 767
557 764
558 763
558 768
556 764
557 768
558 769
556 768
559 769
555 768
556 769
560 769
554 768
737 569
644 654
561 769
553 768
605 778
562 769
561 770
552 768
562 770
552 769
562 771
552 770
562 772
553 770
561 772
553 771
553 772
552 772
553 773
551 772
554 773
553 774
551 771
555 773
554 774
550 771
555 774
555 772
554 775
549 771
550 770
556 772
554 776
548 771
550 769
557 772
554 777
548 770
553 777
548 769
552 777
553 778
547 769
553 779
546 769
554 779
552 779
545 769
546 770
546 768
555 779
552 780
555 780
555 778
552 781
556 778
553 781
551 781
552 782
557 778
550 781
552 783
557 779
549 781
550 780
552 784
557 780
571 709
552 785
557 781
530 711
553 785
551 785
558 781
517 716
527 710
554 785
551 786
559 781
609 655
598 734
555 785
604 758
604 759
604 757
604 760
604 756
605 760
605 756
605 761
605 755
605 762
605 754
606 762
606 754
606 763
607 754
606 753
607 763
606 764
608 754
607 755
606 752
606 765
609 754
555 786
555 787
555 788
556 788
554 788
557 788
554 789
554 790
554 791
553 791
552 791
552 792
552 793
553 793
552 794
554 793
553 794
552 795
552 796
553 796
551 796
554 796
550 796
551 797
555 796
554 797
550 797
551 798
556 796
551 799
556 797
556 795
552 799
556 798
552 800
557 798
552 801
557 799
551 801
552 802
558 799
551 802
559 799
558 800
550 802
551 803
560 799
558 801
549 802
551 804
560 800
560 798
557 801
549 803
552 804
561 800
560 797
557 802
548 803
552 805
562 800
561 801
557 803
548 804
562 799
558 803
556 803
547 804
548 805
562 798
556 804
546 804
549 805
548 806
563 798
562 797
555 804
556 805
550 805
548 807
564 798
563 797
555 805
556 806
549 807
547 807
564 797
554 805
549 808
546 807
547 808
565 797
564 796
549 809
545 807
547 809
566 797
564 795
550 809
549 810
544 807
567 797
566 798
566 796
549 811
543 807
544 808
549 812
542 807
544 809
550 812
549 813
543 809
544 810
549 814
543 810
548 814
548 815
548 816
548 817
549 817
547 817
548 818
718 950
546 817
547 818
548 819
549 819
546 818
546 816
548 820
545 816
546 815
547 820
548 821
548 822
548 823
549 823
547 823
548 824
550 823
549 824
546 823
548 825
551 823
545 823
546 822
548 826
656 748
546 821
549 826
550 826
550 827
550 825
550 828
550 829
551 829
552 829
553 829
553 830
554 830
553 831
553 832
554 832
553 833
555 832
553 834
556 832
555 831
554 834
778 1020
557 832
556 833
555 834
474 716
558 832
472 716
559 832
473 709
560 832
474 708
471 712
561 832
474 717
473 708
552 834
552 835
551 835
551 836
550 836
551 837
550 837
551 838
549 837
550 838
548 837
547 837
548 838
547 838
547 836
548 839
546 836
547 835
548 840
545 836
547 834
549 840
547 840
544 836
545 837
548 834
547 833
550 840
549 841
544 837
549 834
547 832
550 841
549 842
543 837
548 832
546 832
550 842
548 842
543 838
546 831
551 842
550 843
547 842
542 838
543 839
545 831
546 830
552 842
546 842
547 843
541 838
544 831
545 830
546 829
553 842
552 843
552 841
545 842
547 844
541 839
543 831
546 828
553 843
553 841
545 841
546 844
547 845
541 840
542 831
553 844
554 841
553 840
544 841
545 840
546 845
548 845
541 841
542 832
555 841
553 839
543 841
545 845
549 845
542 841
541 842
541 832
556 841
555 840
544 845
549 846
549 844
542 842
540 842
540 832
555 839
544 844
549 847
542 843
539 842
540 843
555 838
543 844
548 847
549 848
543 843
539 841
548 848
550 848
538 841
548 849
550 849
537 841
538 840
548 850
551 849
536 841
537 842
538 839
547 850
536 842
537 839
547 851
535 842
537 838
547 852
535 843
536 838
546 852
534 843
535 844
535 838
545 852
536 844
534 838
544 852
545 853
545 851
537 844
534 837
544 851
545 854
537 845
533 837
543 851
545 855
533 836
543 850
546 855
544 855
532 836
547 855
543 855
544 856
531 836
547 854
543 856
530 836
548 854
542 856
529 836
549 854
541 856
542 857
529 837
549 855
549 853
540 856
542 858
528 837
529 838
550 855
543 858
542 859
527 837
530 838
551 855
541 859
527 838
527 836
552 855
541 860
527 835
552 856
541 861
526 835
553 856
542 861
541 862
526 834
554 856
542 862
540 862
525 834
555 856
554 857
539 862
524 834
525 833
555 857
554 858
539 861
523 834
525 832
556 857
538 861
523 835
523 833
524 832
557 857
556 858
537 861
523 836
522 833
524 831
557 858
557 856
556 859
536 861
523 831
524 830
558 858
556 860
535 861
523 830
525 830
558 859
555 860
556 861
534 861
535 860
522 830
526 830
559 859
558 860
554 860
555 861
534 862
534 860
521 830
522 829
527 830
560 859
554 861
555 862
534 863
521 829
528 830
527 829
561 859
560 858
535 863
534 864
520 829
521 828
528 831
527 828
562 859
560 857
535 864
533 864
534 865
519 829
520 828
521 827
529 831
527 827
563 859
559 857
532 864
534 866
518 829
522 827
529 832
528 827
564 859
563 858
532 863
534 867
517 829
523 827
528 826
564 860
531 863
535 867
517 830
517 828
529 826
565 860
564 861
530 863
535 868
516 830
517 831
516 828
530 826
566 860
565 861
563 861
530 864
530 862
517 832
531 826
567 860
566 861
563 862
529 864
530 861
516 832
531 827
531 825
568 860
566 862
563 863
528 864
529 865
529 861
530 860
516 833
532 827
531 824
568 861
568 859
562 863
529 866
530 859
532 828
531 823
568 858
562 864
528 866
530 858
533 828
532 823
530 823
567 858
562 865
527 866
529 858
534 828
532 822
529 823
567 857
561 865
562 866
526 866
528 858
529 857
535 828
532 821
529 824
529 822
567 856
560 865
563 866
526 867
527 858
529 856
535 827
533 821
531 821
532 820
528 822
560 866
563 867
525 867
531 820
528 821
563 868
524 867
528 820
564 868
563 869
524 866
527 820
564 869
523 866
524 865
526 820
527 819
564 870
522 866
525 820
526 821
526 819
564 871
521 866
526 822
526 818
521 867
525 822
520 867
524 822
520 868
524 823
519 868
524 824
519 869
519 870
518 870
519 871
517 870
516 870
516 871
516 869
515 871
516 872
516 868
514 871
516 873
514 872
517 873
513 872
514 873
517 874
512 872
513 873
514 874
517 875
513 874
515 874
516 875
517 876
513 875
518 876
517 877
512 875
513 876
519 876
516 877
511 875
512 876
514 876
513 877
520 876
519 877
516 878
513 878
521 876
519 878
516 879
512 878
513 879
522 876
521 875
518 878
515 879
516 880
511 878
512 879
521 874
518 879
510 878
511 879
512 880
522 874
518 880
510 877
512 881
522 873
518 881
509 877
513 881
511 881
523 873
522 872
518 882
508 877
514 881
513 882
511 882
524 873
523 872
519 882
508 876
514 882
513 883
510 882
524 872
519 883
508 875
515 882
509 882
524 871
520 883
519 884
509 875
508 874
508 882
525 871
524 870
521 883
507 874
508 873
508 883
508 881
521 884
506 874
507 873
507 883
522 884
505 874
507 872
506 883
523 884
505 875
507 871
506 882
523 883
507 870
505 882
524 883
508 870
507 869
504 882
525 883
524 882
509 870
506 869
503 882
504 883
526 883
525 884
524 881
503 883
503 881
527 883
523 881
524 880
503 884
503 880
528 883
527 884
503 885
502 880
503 879
529 883
502 885
501 880
530 883
501 885
501 879
530 884
530 882
500 885
501 886
501 878
531 884
530 885
531 882
499 885
501 887
501 877
532 884
531 885
532 882
499 886
499 884
502 887
500 877
532 885
532 883
499 887
498 884
499 883
502 888
499 877
533 885
533 883
499 888
497 884
503 888
498 877
534 885
499 889
496 884
504 888
503 889
497 877
498 876
535 885
499 890
496 883
504 889
504 887
503 890
496 877
497 876
536 885
535 886
495 883
496 882
504 890
495 877
496 878
497 875
537 885
535 887
505 890
504 891
494 877
497 874
538 885
537 886
536 887
506 890
504 892
494 876
538 886
537 887
536 888
506 891
504 893
494 875
537 888
536 889
507 891
493 875
494 874
535 889
536 890
492 875
493 874
534 889
537 890
492 876
533 889
534 890
532 889
533 888
534 891
535 891
533 891
535 892
532 891
536 892
535 893
531 891
534 893
530 891
531 890
534 894
530 890
534 895
529 890
533 895
528 890
532 895
533 896
527 890
531 895
533 897
526 890
531 894
534 897
533 898
530 894
535 897
532 898
533 899
530 893
536 897
535 898
532 899
533 900
529 893
536 896
535 899
532 900
533 901
528 893
536 899
531 900
533 902
537 899
533 903
538 899
533 904
539 899
533 905
533 906
534 906
532 906
535 906
532 907
535 907
535 905
531 907
532 908
536 907
535 908
536 905
535 904
536 908
535 909
535 903
536 909
535 910
536 903
535 902
537 909
536 910
535 911
537 903
536 902
537 910
538 903
538 910
539 903
538 904
538 911
539 902
539 911
538 912
540 911
539 912
541 911
540 910
539 913
542 911
543 911
542 912
542 910
544 911
543 912
545 911
544 910
546 911
544 909
547 911
546 912
548 911
547 912
549 911
548 912
548 910
547 913
550 911
548 909
547 914
550 912
549 909
548 908
548 914
547 915
550 913
550 909
548 907
546 915
547 916
551 909
547 907
545 915
546 916
547 917
552 909
551 908
546 907
545 916
547 918
553 909
551 907
545 907
546 908
545 917
554 909
553 910
552 907
545 906
544 917
554 910
553 907
552 906
544 906
545 905
544 918
555 910
553 906
543 906
544 905
543 918
556 910
555 911
554 906
544 904
543 919
556 909
555 912
554 905
543 904
544 903
543 920
557 909
555 913
554 904
543 921
558 909
557 908
554 913
553 904
554 903
542 921
559 909
553 913
555 903
554 902
541 921
560 909
553 914
553 912
556 903
540 921
541 922
541 920
560 910
556 902
540 922
541 923
561 910
560 911
540 923
542 923
560 912
539 923
540 924
542 924
560 913
538 923
540 925
543 924
542 925
561 913
537 923
538 922
544 924
542 926
561 914
537 924
538 921
545 924
562 914
536 924
538 920
546 924
545 923
563 914
538 919
546 925
564 914
537 919
538 918
565 914
536 919
538 917
566 914
565 915
535 919
539 917
538 916
567 914
566 915
565 916
534 919
535 920
568 914
566 916
565 917
533 919
535 921
569 914
564 917
532 919
533 920
569 913
564 918
532 918
533 921
569 912
564 919
532 917
570 912
565 919
563 919
564 920
533 917
531 917
571 912
570 911
562 919
564 921
530 917
572 912
571 913
570 910
562 920
565 921
563 921
564 922
530 918
530 916
643 788
571 914
571 910
569 910
570 909
566 921
564 923
529 918
529 916
530 915
715 592
716 592
568 910
570 908
566 920
529 919
529 915
531 915
716 590
567 910
570 907
567 920
529 920
528 915
531 914
716 591
570 906
528 920
527 915
528 914
532 914
715 591
715 594
716 594
570 905
528 921
528 913
716 595
716 596
718 597
528 922
573 912
574 912
573 911
575 912
576 912
577 912
576 913
576 911
578 912
576 914
576 910
577 914
577 910
577 915
577 909
578 909
578 908
579 908
578 907
580 908
577 907
578 906
580 909
576 907
578 905
576 908
578 904
575 908
578 903
579 903
577 903
578 902
579 902
580 902
579 901
581 902
579 900
581 903
578 900
579 899
582 903
577 900
580 899
582 904
576 900
580 898
582 905
576 899
580 897
583 905
575 899
581 897
583 906
574 899
582 897
584 906
574 900
574 898
583 897
585 906
574 897
584 897
583 898
583 896
574 896
585 897
584 898
573 896
574 895
585 898
585 896
572 896
575 895
586 898
586 896
585 895
572 897
572 895
575 894
587 898
587 896
585 894
571 895
576 894
587 899
587 897
588 896
584 894
570 895
577 894
576 893
588 899
587 900
589 896
588 895
583 894
584 893
570 896
570 894
577 895
577 893
588 900
587 901
590 896
588 894
584 892
570 897
569 894
570 893
577 892
588 901
591 896
590 895
585 892
583 892
568 894
569 893
577 891
588 902
585 891
582 892
567 894
569 892
588 903
585 890
581 892
566 894
568 892
589 903
587 903
585 889
581 893
568 891
590 903
587 904
586 889
584 889
580 893
581 894
567 891
568 890
591 903
590 904
566 891
568 889
592 903
591 904
565 891
569 889
568 888
593 903
564 891
567 888
568 887
594 903
563 891
564 892
567 887
568 886
595 903
562 891
566 887
567 886
595 902
565 887
595 901
596 901
594 901
597 901
596 900
597 902
597 900
598 902
599 902
598 903
600 902
598 904
601 902
599 904
602 902
601 903
599 905
603 902
600 905
599 906
603 903
603 901
601 905
599 907
604 901
602 905
605 901
604 900
602 906
606 901
604 899
602 907
606 902
606 900
603 899
604 898
601 907
607 902
606 899
601 908
606 898
606 897
607 897
605 897
606 896
608 897
607 896
605 896
609 897
607 895
605 895
610 897
609 898
605 894
610 896
609 899
611 896
608 899
609 900
611 895
608 900
610 900
609 901
612 895
611 894
609 902
612 894
610 902
611 902
612 902
611 901
613 902
612 903
613 903
613 901
612 904
614 901
613 900
612 905
613 899
613 905
612 906
614 899
613 898
612 907
614 898
612 898
611 907
612 908
615 898
612 909
616 898
615 897
613 909
612 910
617 898
613 910
612 911
618 898
613 911
612 912
619 898
614 911
611 912
619 899
619 897
611 913
619 900
610 913
611 914
620 900
618 900
619 901
612 914
611 915
621 900
617 900
613 914
610 915
611 916
622 900
621 901
621 899
609 915
610 916
611 917
622 899
621 902
609 914
610 917
622 898
622 902
621 903
608 914
609 917
623 898
623 902
621 904
607 914
608 913
609 918
624 898
624 902
623 901
620 904
621 905
606 914
607 915
608 918
609 919
624 903
619 904
620 905
605 914
609 920
625 903
618 904
619 903
609 921
626 903
609 922
626 904
609 923
626 905
609 924
627 905
610 924
608 924
628 905
627 906
629 905
627 907
629 904
628 907
630 904
629 907
628 908
631 904
632 904
632 905
632 906
633 906
634 906
633 907
634 905
635 905
634 904
636 905
637 905
638 905
639 905
640 905
639 906
641 905
640 906
642 905
640 907
642 906
642 904
640 908
642 903
641 908
639 908
640 909
643 903
641 903
642 908
639 909
640 910
644 903
640 911
644 904
644 902
640 912
644 905
645 902
640 913
645 905
646 902
645 901
639 913
640 914
645 906
647 902
645 900
638 913
639 914
640 915
646 906
648 902
646 900
645 899
638 914
646 907
648 903
644 899
645 898
638 915
644 898
646 898
645 897
637 915
638 916
643 898
644 897
646 897
636 915
637 916
639 916
644 896
635 915
639 917
644 895
635 916
640 917
639 918
643 895
635 917
641 917
639 919
643 894
635 918
642 917
640 919
639 920
643 893
643 917
640 920
644 917
643 916
641 920
645 917
644 916
641 921
645 916
642 921
641 922
646 916
645 915
643 921
640 922
641 923
647 916
645 914
644 921
639 922
641 924
647 917
646 914
645 913
639 923
642 924
682 571
647 918
647 914
644 913
645 912
638 923
639 924
643 924
648 918
648 914
647 913
645 911
637 923
638 924
639 925
644 924
643 925
649 918
649 914
646 911
636 923
638 925
639 926
643 926
650 918
650 914
649 915
636 924
638 926
642 926
650 919
650 915
650 913
635 924
636 925
638 927
642 927
651 919
651 915
651 913
634 924
637 927
641 927
652 919
651 920
652 913
633 924
652 918
651 921
653 913
652 914
633 925
633 923
652 917
652 921
651 922
654 913
633 926
653 917
651 923
655 913
654 914
654 912
633 927
652 923
650 923
655 912
654 915
632 927
656 912
654 916
631 927
632 928
657 912
655 916
632 929
657 913
656 916
631 929
632 930
658 913
657 916
656 917
630 929
631 930
659 913
658 916
657 917
657 915
631 931
659 916
657 918
631 932
660 916
632 932
660 917
660 915
632 933
661 917
661 915
632 934
662 917
661 918
661 914
633 934
632 935
661 919
662 914
634 934
631 935
663 914
635 934
630 935
631 936
664 914
635 935
629 935
630 934
631 937
664 915
628 935
632 937
630 937
664 916
627 935
633 937
630 938
663 916
664 917
634 937
630 939
664 918
635 937
634 938
631 939
665 918
636 937
632 939
666 918
632 940
667 918
666 919
666 917
633 940
632 941
668 918
667 917
666 920
666 916
632 942
669 918
667 916
667 920
666 921
631 942
632 943
670 918
669 919
669 917
631 943
633 943
632 944
671 918
670 917
669 920
669 916
630 943
634 943
633 944
632 945
672 918
670 916
669 921
630 944
634 944
634 942
632 946
673 918
672 919
670 915
670 921
630 945
634 941
632 947
673 917
672 920
671 921
629 945
632 948
674 917
673 916
673 920
629 946
633 948
675 917
674 920
628 946
629 947
633 949
676 917
630 947
629 948
634 949
676 916
629 949
677 916
676 915
630 949
678 916
676 914
631 949
630 950
679 916
678 915
677 914
676 913
630 951
679 917
679 915
677 913
631 951
630 952
679 918
680 915
677 912
680 918
678 918
681 915
680 919
681 914
681 919
680 920
682 914
682 913
683 913
682 912
684 913
681 912
682 911
685 913
683 911
686 913
683 910
687 913
686 912
688 913
687 914
689 913
687 915
689 912
688 915
686 915
689 911
688 916
685 915
690 911
689 910
688 917
689 909
688 918
688 909
687 918
688 919
687 909
688 908
686 918
689 919
688 920
688 907
685 918
690 919
689 920
688 921
688 906
684 918
691 919
687 921
688 922
688 905
691 920
686 921
688 923
688 904
692 920
691 921
685 921
686 922
689 923
688 924
689 904
688 903
693 920
685 922
686 923
690 923
688 925
690 904
687 903
688 902
693 921
693 919
686 924
689 925
687 925
691 904
690 903
686 903
693 922
694 919
685 924
690 925
691 903
690 902
685 903
694 922
695 919
684 924
685 925
691 925
690 901
684 903
695 922
694 923
695 920
684 925
684 923
685 926
691 924
690 900
683 903
684 904
695 923
684 926
683 923
685 927
690 899
682 903
683 902
683 926
684 927
686 927
691 899
689 899
681 903
683 901
687 927
692 899
689 898
680 903
681 904
683 900
687 928
693 899
688 898
689 897
679 903
681 905
684 900
683 899
687 929
694 899
690 897
689 896
678 903
679 902
682 905
680 905
685 900
687 930
695 899
691 897
690 896
688 896
677 903
678 902
679 901
679 905
685 899
688 930
686 930
695 900
695 898
692 897
687 896
688 895
676 903
677 902
688 931
685 930
696 900
687 897
688 894
676 904
689 931
685 931
697 900
686 897
687 894
688 893
675 904
676 905
690 931
684 931
698 900
686 894
687 893
689 893
674 904
691 931
684 932
699 900
698 901
687 892
673 904
674 905
674 903
691 932
691 930
684 933
699 901
699 899
687 891
672 904
673 905
692 932
691 929
684 934
699 902
699 898
687 890
671 904
672 905
693 932
692 933
690 929
685 934
683 934
700 902
699 897
671 903
672 906
693 933
692 934
689 929
690 928
700 903
700 897
670 903
671 902
671 906
672 907
693 934
691 934
701 903
701 897
700 896
669 903
672 902
694 934
693 935
702 897
668 903
669 904
672 901
695 934
702 896
667 903
669 905
696 934
702 895
666 903
696 935
702 894
666 904
696 936
701 894
665 904
695 936
700 894
701 893
664 904
695 937
699 894
663 904
695 938
698 894
699 893
662 904
696 938
694 938
695 939
697 894
698 895
699 892
662 905
662 903
696 939
694 939
662 906
662 902
697 939
694 940
662 907
663 902
661 902
829 963
694 941
662 908
664 902
660 902
661 901
657 748
677 565
694 942
664 901
660 903
661 900
833 1028
834 1021
831 963
693 942
694 943
659 903
660 904
661 899
828 966
835 1028
833 1030
832 1030
692 942
695 943
694 944
662 899
660 899
834 1018
830 966
830 965
691 942
692 943
695 944
662 898
659 899
825 966
837 1027
690 942
691 941
692 944
696 944
662 897
659 898
835 1017
833 1017
692 945
662 896
659 897
825 967
837 1026
693 945
663 896
837 1025
836 1018
836 1016
693 946
664 896
663 895
825 969
837 1016
836 1024
664 895
663 894
836 1020
837 1021
665 895
663 893
836 1022
824 972
666 895
663 892
824 974
840 1021
822 973
667 895
664 892
662 892
822 974
842 1021
841 1022
841 1023
841 1019
668 895
664 891
662 891
842 1023
842 1019
845 1021
842 1018
669 895
668 894
664 890
661 891
840 1018
843 1018
840 1017
845 1023
670 895
669 894
663 890
664 889
661 890
844 1023
845 1024
848 1023
846 1017
670 896
665 889
664 888
661 889
848 1024
849 1024
848 1025
847 1016
848 1026
665 888
663 888
847 1015
845 1015
666 888
663 887
848 1015
847 1014
667 888
662 887
850 1027
850 1015
667 889
661 887
662 886
850 1028
851 1015
851 1026
668 889
660 887
662 885
850 1029
851 1016
845 1012
669 889
660 886
662 884
852 1026
850 1030
851 1017
844 1012
669 888
660 885
661 884
662 883
850 1031
844 1011
854 1026
670 888
661 883
853 1015
844 1010
854 1017
671 888
661 882
854 1015
844 1009
854 1024
672 888
660 882
844 1008
853 1024
673 888
659 882
850 1035
855 1018
673 887
579 694
658 882
659 881
845 1008
851 1035
850 1036
856 1018
846 1008
657 882
844 1006
853 1022
856 1017
657 881
847 1008
844 1005
852 1022
656 881
657 880
853 1035
856 1016
848 1008
845 1005
656 880
843 1005
844 1004
851 1022
656 879
853 1034
851 1038
856 1021
856 1015
655 879
846 1005
842 1005
847 1005
841 1005
654 879
842 1004
858 1019
854 1021
855 1022
654 880
654 878
848 1005
855 1032
854 1039
855 1030
654 877
855 1038
856 1030
855 1041
853 1030
653 877
654 876
852 1030
856 1042
854 1042
857 1042
853 1042
655 876
654 875
858 1042
858 1043
656 876
654 874
851 1042
850 1042
644 667
656 875
655 874
653 874
654 873
644 786
651 834
653 830
656 874
655 873
654 872
615 858
610 863
657 874
653 872
654 871
602 853
603 842
605 856
657 873
652 872
653 871
656 842
657 841
658 873
651 872
658 846
659 873
651 873
651 871
667 841
666 842
660 873
659 872
650 871
662 838
618 876
661 873
660 874
659 871
649 871
625 863
660 875
660 871
659 870
648 871
620 862
661 875
660 876
661 871
660 870
658 870
659 869
647 871
601 848
662 871
659 868
647 870
597 853
663 871
658 868
659 867
646 870
647 869
600 850
663 872
663 870
658 867
645 870
600 847
663 873
658 866
644 870
645 871
603 864
657 840
664 873
663 874
658 865
644 871
658 847
667 840
665 873
657 865
643 871
661 838
618 877
666 873
665 874
657 864
642 871
626 863
625 862
619 862
667 873
666 874
666 872
665 875
656 864
657 863
641 871
642 872
605 853
602 859
601 853
668 873
666 875
666 871
665 876
657 862
640 871
641 872
649 833
650 834
654 830
659 847
668 874
668 872
667 875
666 870
664 876
656 862
657 861
639 871
640 870
641 873
658 848
667 839
660 838
668 871
665 870
663 876
664 877
655 862
657 860
638 871
639 870
640 873
641 874
619 877
618 878
627 863
626 862
619 863
669 871
655 861
657 859
638 870
639 869
639 873
640 874
642 874
619 861
615 857
611 863
670 871
654 861
657 858
637 870
638 869
642 875
610 864
603 847
671 871
670 870
653 861
656 858
657 857
636 870
603 845
602 842
672 871
670 869
653 862
655 858
656 857
658 857
635 870
636 869
659 848
658 849
667 838
672 872
671 869
670 868
652 862
653 863
654 858
656 856
658 856
635 869
636 868
660 839
660 837
620 877
673 872
672 873
651 862
652 863
654 859
654 857
658 855
634 869
637 868
636 867
618 879
628 863
627 864
673 873
671 873
651 863
651 861
653 857
659 855
635 867
627 862
618 863
619 860
674 873
671 874
650 863
650 861
651 860
652 857
660 855
635 866
605 855
596 853
675 873
650 864
649 861
661 855
634 866
635 865
600 849
602 864
675 872
649 864
650 865
649 860
662 855
661 856
633 866
636 865
603 865
648 833
676 872
648 864
651 865
648 860
649 859
663 855
661 857
633 867
637 865
658 850
668 838
666 838
677 872
676 871
648 865
648 863
651 866
648 859
663 856
660 857
661 858
632 867
633 868
638 865
637 866
637 864
660 836
621 877
620 876
628 862
627 865
678 872
648 866
647 863
648 862
652 866
651 867
647 859
664 856
662 858
661 859
631 867
639 865
637 863
618 864
619 859
655 830
614 857
611 864
679 872
649 866
646 863
652 867
665 856
660 859
661 860
631 868
639 866
610 865
666 837
661 836
659 836
622 877
629 862
627 866
680 872
646 864
646 862
652 868
666 856
665 855
662 860
630 868
617 864
618 865
620 859
603 859
602 858
605 852
645 864
645 862
646 861
653 868
652 869
665 854
663 860
630 869
600 853
662 836
658 836
659 835
622 878
630 862
644 862
647 861
653 869
664 854
665 853
629 869
630 870
629 861
626 866
616 864
620 858
601 852
601 847
602 841
654 869
665 852
630 871
648 834
662 835
657 836
630 861
629 860
664 852
629 871
630 872
626 867
615 864
621 858
656 830
655 829
613 857
614 856
663 852
628 871
629 872
631 872
656 836
631 861
630 860
615 863
622 858
609 865
663 853
663 851
627 871
628 872
604 855
602 865
602 863
605 845
656 835
632 861
614 863
663 850
626 871
627 872
628 873
622 857
604 859
648 835
657 830
655 828
612 857
664 850
662 850
626 872
626 870
628 874
613 858
613 856
609 866
601 858
655 835
614 862
602 857
602 844
605 851
664 849
662 849
625 870
647 835
658 830
654 828
608 866
601 865
602 866
655 834
665 849
662 848
624 870
625 869
614 861
601 863
602 862
599 853
646 835
666 849
663 848
662 847
623 870
647 836
607 866
603 855
655 833
698 939
699 939
698 938
699 940
699 938
698 937
700 940
699 941
699 937
698 936
701 940
700 941
698 935
701 939
700 942
701 938
701 942
702 938
702 942
703 938
702 943
702 941
704 938
703 939
702 944
705 938
703 944
706 938
703 945
707 938
706 937
703 946
707 939
707 937
706 936
704 946
702 946
705 936
706 935
705 946
701 946
704 936
706 946
700 946
701 947
703 936
706 947
699 946
701 948
703 935
707 947
698 946
702 948
701 949
708 947
698 945
708 948
697 945
709 948
708 949
710 948
707 949
708 950
710 949
707 950
708 951
711 949
710 950
706 950
708 952
712 949
706 951
708 953
713 949
712 950
708 954
713 950
713 948
707 954
714 950
713 947
714 951
714 947
713 946
715 951
714 952
715 947
712 946
713 945
714 953
715 946
712 945
715 953
714 954
711 945
716 953
714 955
710 945
711 944
717 953
716 952
714 956
718 953
717 952
713 956
714 957
719 953
717 951
715 957
714 958
720 953
717 950
716 957
713 958
720 954
717 949
717 957
716 956
720 955
716 949
717 948
717 958
720 956
715 949
718 948
717 947
717 959
721 956
717 960
722 956
718 960
716 960
723 956
719 960
718 961
724 956
719 961
724 957
724 955
720 961
725 955
724 954
724 953
725 953
724 952
726 953
725 952
725 951
726 951
727 951
727 950
728 950
729 950
730 950
729 949
731 950
729 948
731 951
731 949
732 951
731 952
731 948
733 951
732 952
731 947
734 951
732 953
732 947
730 947
735 951
733 953
730 946
736 951
735 952
735 950
734 953
733 954
737 951
735 949
733 955
735 948
734 955
734 948
735 955
733 948
734 947
736 955
734 946
737 955
736 956
734 945
738 955
736 957
734 944
738 956
736 958
733 944
735 958
733 943
735 959
733 942
735 960
732 942
733 941
735 961
731 942
734 941
733 940
736 961
735 962
731 941
735 941
733 939
737 961
734 962
730 941
735 942
734 939
733 938
738 961
737 960
734 963
729 941
734 938
733 937
739 961
737 959
733 963
729 942
729 940
734 937
740 961
739 960
733 964
728 942
728 940
729 939
735 937
734 936
741 961
739 959
727 940
736 937
742 961
741 962
740 959
726 940
727 939
736 938
736 936
743 961
742 962
740 958
726 941
726 939
737 938
736 935
742 963
740 957
725 941
726 942
726 938
738 938
743 963
742 964
740 956
726 943
726 937
738 939
744 963
741 964
741 956
727 943
725 943
727 937
725 937
739 939
738 940
744 962
741 965
742 956
725 944
724 937
725 936
740 939
745 962
740 965
741 966
723 937
725 935
740 940
746 962
741 967
723 938
723 936
724 935
725 934
741 940
746 963
742 967
740 967
741 968
722 938
722 936
723 935
725 933
742 940
747 963
743 967
721 936
723 934
726 933
725 932
742 939
748 963
747 964
744 967
721 937
722 934
727 933
725 931
742 938
749 963
748 962
745 967
744 966
727 934
725 930
743 938
749 962
748 961
746 967
725 929
744 938
748 960
746 968
724 929
725 928
744 939
744 937
749 960
747 960
746 969
723 929
726 928
744 936
750 960
749 959
746 970
723 928
727 928
745 936
751 960
750 959
745 970
746 971
723 927
727 927
745 935
751 961
747 971
746 972
724 927
722 927
728 927
745 934
752 961
751 962
748 971
746 973
721 927
729 927
753 961
748 972
747 973
720 927
721 926
729 926
753 960
749 972
747 974
721 925
730 926
729 925
754 960
750 972
747 975
722 925
731 926
728 925
750 971
748 975
747 976
732 926
728 924
751 971
749 975
733 926
732 927
752 971
749 976
733 927
753 971
750 976
749 977
733 928
753 970
751 976
749 978
734 928
754 970
753 969
752 976
749 979
735 928
734 929
755 970
752 969
753 968
752 977
750 979
748 979
749 980
735 929
735 927
734 930
756 970
751 969
753 977
752 978
747 979
748 980
736 927
734 931
757 970
751 968
754 977
746 979
748 981
737 927
736 926
735 931
733 931
758 970
757 969
750 968
755 977
746 978
748 982
737 928
737 926
736 931
758 971
758 969
757 968
749 968
755 978
746 977
748 983
738 926
736 930
759 971
759 969
757 967
748 968
756 978
755 979
748 984
739 926
737 930
760 971
759 972
756 967
755 980
748 985
739 927
739 925
738 930
760 972
759 973
755 967
756 966
756 980
754 980
747 985
748 986
739 928
739 924
739 930
738 931
758 973
759 974
754 967
756 981
753 980
746 985
748 987
739 931
738 932
759 975
756 982
745 985
746 986
746 984
749 987
739 932
760 975
758 975
759 976
744 985
745 986
749 988
761 975
758 976
759 977
743 985
749 989
759 978
742 985
743 986
750 989
758 978
759 979
741 985
742 986
750 990
760 979
741 986
741 984
751 990
750 991
761 979
741 987
741 983
752 990
749 991
750 992
762 979
761 978
740 987
741 988
740 983
741 982
753 990
748 991
750 993
763 979
739 983
754 990
753 991
753 989
748 990
751 993
763 980
738 983
755 990
754 991
754 989
752 993
764 980
763 981
737 983
738 984
738 982
755 991
754 992
754 988
752 994
765 980
763 982
736 983
737 984
737 982
738 985
755 992
754 987
752 995
765 981
765 979
737 985
737 981
739 985
756 992
753 995
752 996
766 981
737 986
737 980
756 993
754 995
752 997
767 981
736 986
736 980
737 979
756 994
754 994
751 997
768 981
767 982
767 980
735 986
735 980
750 997
767 979
734 986
734 980
735 979
750 998
767 978
733 986
734 981
734 979
749 998
768 978
767 977
732 986
733 987
733 981
733 979
748 998
749 999
769 978
767 976
732 979
733 978
747 998
748 997
749 1000
770 978
731 979
746 998
747 997
748 996
748 1000
749 1001
771 978
730 979
731 980
745 998
772 978
729 979
730 980
744 998
773 978
772 979
728 979
730 981
744 999
744 997
774 978
773 977
772 980
727 979
743 999
743 997
744 996
775 978
774 979
774 977
771 980
772 981
726 979
727 978
743 996
744 995
775 979
774 980
774 976
771 981
772 982
726 980
726 978
775 976
772 983
726 981
726 977
773 983
726 982
726 976
774 983
773 984
726 983
726 975
775 983
727 983
725 983
725 975
726 974
775 982
727 984
725 984
724 975
726 973
776 982
775 981
725 985
723 975
726 972
777 982
776 981
722 975
725 972
778 982
721 975
779 982
778 983
778 981
720 975
721 976
721 974
779 983
719 975
720 976
721 977
779 984
718 975
719 976
722 977
721 978
779 985
718 976
723 977
722 978
721 979
780 985
718 977
720 979
781 985
717 977
720 980
782 985
781 986
716 977
719 980
720 981
783 985
782 986
715 977
718 980
719 981
784 985
783 986
714 977
719 982
784 986
784 984
713 977
719 983
784 987
785 984
720 983
719 984
784 988
785 983
721 983
719 985
785 988
783 988
786 983
785 982
721 982
718 985
719 986
782 988
786 982
785 981
717 985
718 986
720 986
719 987
781 988
782 989
787 982
785 980
716 985
721 986
719 988
782 990
788 982
716 986
721 987
720 988
719 989
783 990
782 991
788 983
788 981
716 987
722 987
719 990
783 991
781 991
782 992
789 983
788 984
788 980
715 987
716 988
723 987
784 991
780 991
789 984
787 984
787 980
715 988
785 991
780 990
790 984
787 985
787 979
715 989
786 991
779 990
791 984
787 986
787 978
714 989
715 990
786 992
778 990
792 984
788 978
787 977
715 991
786 993
777 990
786 977
716 991
715 992
786 994
776 990
786 976
716 992
787 994
785 994
786 995
776 991
786 975
716 993
787 995
785 995
786 974
716 994
788 995
785 996
787 974
786 973
717 994
715 994
788 996
784 996
788 974
785 973
786 972
718 994
717 995
789 996
783 996
784 997
789 974
788 975
784 973
786 971
718 995
717 996
790 996
784 998
789 975
789 973
784 972
787 971
718 996
716 996
790 995
783 998
784 999
789 976
787 970
716 997
782 998
783 999
790 976
787 969
715 997
781 998
782 999
783 1000
790 977
788 969
787 968
714 997
780 998
781 999
791 977
790 978
789 969
714 998
779 998
781 1000
792 977
790 979
790 969
789 968
713 998
779 997
781 1001
793 977
792 976
790 968
712 998
713 999
778 997
779 996
782 1001
780 1001
794 977
712 999
712 997
713 1000
778 996
779 995
782 1002
794 976
711 999
712 996
714 1000
777 996
783 1002
782 1003
794 975
710 999
715 1000
776 996
784 1002
781 1003
782 1004
795 975
794 974
709 999
716 1000
776 997
784 1003
784 1001
780 1003
796 975
793 974
794 973
708 999
717 1000
785 1003
784 1004
779 1003
780 1004
797 975
792 974
707 999
708 1000
718 1000
786 1003
798 975
792 973
706 999
708 1001
718 1001
718 999
787 1003
798 976
792 972
705 999
706 998
707 1001
719 1001
718 998
788 1003
799 976
793 972
705 1000
706 997
706 1001
719 1002
789 1003
788 1002
800 976
704 1000
706 996
720 1002
790 1003
789 1004
788 1001
515 716
515 717
514 717
514 718
513 718
514 719
513 719
515 719
512 719
513 720
511 719
513 721
511 720
511 721
510 721
511 722
509 721
511 723
509 722
510 723
508 722
510 724
507 722
509 724
506 722
507 721
508 724
509 725
505 722
507 724
509 726
504 722
505 721
506 724
509 727
503 722
504 723
506 725
509 728
502 722
503 723
506 726
509 729
501 722
502 723
506 727
509 730
500 722
502 724
506 728
510 730
508 730
500 721
505 728
511 730
499 721
500 720
504 728
505 729
512 730
498 721
501 720
500 719
503 728
505 730
512 731
498 720
504 730
505 731
497 720
506 731
505 732
496 720
507 731
504 732
495 720
496 721
504 733
495 721
495 719
496 722
503 733
504 734
495 718
497 722
496 723
503 734
494 718
497 723
503 735
494 717
497 724
503 736
493 717
502 736
503 737
492 717
493 716
501 736
502 737
504 737
491 717
492 718
492 716
493 715
500 736
501 735
505 737
490 717
492 719
493 714
499 736
506 737
505 738
505 736
489 717
492 720
494 714
492 714
498 736
499 735
505 739
488 717
489 718
489 716
492 721
495 714
494 713
491 714
492 713
497 736
498 737
505 740
488 718
488 716
489 715
495 715
490 714
496 736
497 735
506 740
504 740
487 718
488 719
487 716
488 715
496 715
490 713
495 736
497 734
503 740
486 718
488 720
486 716
487 715
496 716
490 712
495 735
497 733
486 717
497 716
491 712
489 712
494 735
495 734
497 732
485 717
497 717
494 734
497 731
484 717
497 718
493 734
498 731
483 717
492 734
498 730
483 718
483 716
491 734
482 718
483 719
483 715
490 734
481 718
484 719
483 720
489 734
480 718
481 719
488 734
489 735
480 717
481 720
487 734
488 735
489 736
480 716
481 721
486 734
489 737
479 716
480 721
481 722
485 734
488 737
479 715
480 722
481 723
484 734
488 738
417 714
480 723
482 723
484 733
487 738
488 739
422 698
482 724
483 733
486 738
421 699
483 724
482 725
482 733
486 739
418 714
423 698
481 725
482 734
485 739
422 699
480 725
482 735
485 740
419 714
423 699
481 735
484 740
485 741
422 700
420 714
423 700
480 735
481 736
485 742
420 713
423 701
421 713
480 736
481 737
484 742
485 743
424 701
421 712
424 702
479 736
480 737
485 744
423 703
421 711
424 703
423 704
478 736
486 744
485 745
422 711
424 704
422 710
424 705
478 737
487 744
486 745
485 746
423 710
425 705
423 709
425 706
423 708
426 706
424 708
477 737
478 738
488 744
484 746
485 747
426 707
425 708
427 707
476 737
478 739
489 744
484 747
485 748
426 708
427 708
428 708
427 709
475 737
476 738
479 739
483 747
485 749
428 709
429 709
474 737
475 738
483 748
486 749
485 750
430 709
473 737
474 738
482 748
486 750
477 718
431 709
472 737
481 748
487 750
486 751
472 736
480 748
481 747
471 736
472 735
480 749
480 747
471 735
472 734
480 750
480 746
473 734
480 751
479 746
480 745
474 734
481 751
480 744
481 752
479 744
480 743
481 753
478 744
481 743
480 753
481 754
481 742
479 753
481 755
481 741
478 753
479 752
482 755
480 755
481 740
477 753
478 754
482 756
480 756
482 740
476 753
478 755
483 756
479 756
475 753
476 752
483 757
474 753
476 751
483 758
474 754
484 758
482 758
474 755
485 758
482 759
475 755
473 755
486 758
485 759
475 756
472 755
486 759
476 756
475 757
471 755
487 759
486 760
476 757
470 755
471 756
487 760
486 761
470 756
470 754
488 760
487 761
470 757
470 753
469 757
469 753
468 757
469 752
467 757
468 758
466 757
468 759
465 757
466 758
466 756
467 759
468 760
464 757
466 755
469 760
464 758
466 754
470 760
469 761
464 759
466 753
471 760
469 762
465 759
463 759
464 760
466 752
468 762
465 760
463 760
465 752
466 751
468 763
462 760
464 752
467 751
466 750
468 764
461 760
462 761
467 750
466 749
468 765
460 760
461 759
462 762
465 749
466 748
469 765
460 759
461 758
463 762
461 762
466 747
470 765
469 766
459 759
461 757
464 762
461 763
465 747
466 746
471 765
458 759
460 757
465 762
464 763
460 763
466 745
471 764
458 760
458 758
459 757
467 745
465 745
466 744
471 763
458 761
457 758
468 745
464 745
466 743
457 761
456 758
464 746
466 742
457 762
455 758
466 741
456 762
454 758
467 741
466 740
455 762
456 763
454 759
454 757
468 741
467 740
465 740
455 761
456 764
453 757
469 741
468 742
464 740
457 764
455 764
452 757
470 741
469 740
464 741
455 765
451 757
452 756
470 740
469 739
463 741
455 766
451 758
471 740
462 741
454 766
455 767
451 759
472 740
462 742
453 766
456 767
455 768
473 740
472 741
461 742
452 766
457 767
474 740
473 741
473 739
460 742
451 766
457 768
457 766
474 741
473 742
459 742
460 741
451 765
457 769
473 743
458 742
459 743
460 740
451 764
458 769
457 770
472 743
473 744
457 742
459 744
451 763
459 769
458 770
456 770
457 771
473 745
456 742
457 741
459 745
450 763
460 769
459 768
458 771
456 771
474 745
455 742
457 740
460 745
449 763
460 768
459 771
455 771
456 772
455 741
460 746
449 764
449 762
461 768
460 767
459 772
454 771
456 773
454 741
460 747
449 765
449 761
462 768
454 770
457 773
455 773
456 774
460 748
450 761
448 761
463 768
462 769
454 769
457 774
454 773
461 748
459 748
447 761
448 760
464 768
457 775
461 749
459 749
447 762
447 760
465 768
464 769
457 776
459 750
447 763
446 760
466 768
465 769
465 767
464 770
458 776
457 777
458 750
447 764
445 760
466 769
465 766
463 770
458 777
458 751
444 760
458 778
458 752
444 761
444 759
459 778
458 779
443 759
444 758
460 778
458 780
442 759
444 757
460 779
460 777
458 781
442 760
445 757
444 756
461 779
460 776
459 781
457 781
458 782
441 760
444 755
462 779
461 776
460 775
458 783
440 760
441 761
445 755
444 754
462 780
462 776
459 775
457 783
458 784
440 761
446 755
443 754
462 781
462 777
456 783
459 784
458 785
440 762
443 753
462 782
455 783
458 786
439 762
440 763
443 752
463 782
455 782
457 786
438 762
443 751
463 783
455 781
456 786
457 787
438 761
442 751
464 783
463 784
455 780
456 787
456 785
457 788
438 760
441 751
464 784
462 784
455 779
455 787
458 788
438 759
440 751
441 750
461 784
462 785
454 779
438 758
439 751
441 749
462 786
454 778
437 758
438 751
439 750
440 749
462 787
453 778
436 758
438 752
440 748
463 787
461 787
436 759
437 752
438 753
464 787
435 759
436 752
438 754
465 787
464 788
434 759
435 760
435 752
436 751
465 786
464 789
433 759
434 752
435 753
466 786
464 790
433 752
434 753
435 754
467 786
465 790
464 791
433 751
434 754
435 755
467 787
467 785
463 791
464 792
433 750
435 756
467 788
468 785
464 793
432 750
433 749
468 788
469 785
465 793
432 749
468 789
470 785
466 793
431 749
468 790
471 785
466 794
430 749
431 748
471 786
471 784
466 795
430 750
430 748
431 747
472 786
471 787
471 783
430 751
430 747
431 746
473 786
470 787
471 788
430 752
430 746
474 786
473 785
471 789
429 752
430 753
429 746
474 787
471 790
428 752
431 753
430 754
428 746
475 787
474 788
428 753
428 751
431 754
428 745
427 753
427 751
428 750
428 744
426 753
428 743
426 754
426 752
429 743
428 742
425 754
425 752
428 741
424 754
425 751
429 741
428 740
423 754
424 753
430 741
427 740
422 754
423 753
431 741
422 753
423 752
432 741
431 742
431 740
423 751
432 740
431 743
431 739
422 751
433 740
432 743
431 738
422 750
433 743
432 738
430 738
421 750
422 749
434 743
432 737
430 737
423 749
422 748
435 743
434 744
432 736
429 737
436 743
433 736
432 735
428 737
436 744
431 735
428 736
437 744
436 745
427 736
428 735
438 744
436 746
426 736
438 743
437 746
435 746
425 736
426 737
438 742
425 735
438 741
439 741
440 741
439 740
441 741
440 740
439 739
441 740
439 738
439 737
440 737
439 736
441 737
438 736
442 737
441 738
438 735
443 737
442 738
438 734
444 737
437 734
445 737
444 738
437 733
445 738
437 732
437 731
436 731
435 731
436 730
434 731
436 729
433 731
436 728
432 731
436 727
431 731
432 732
437 727
435 727
436 726
430 731
432 733
438 727
436 725
430 730
439 727
436 724
429 730
430 729
440 727
439 728
439 726
435 724
436 723
429 729
440 726
434 724
436 722
429 728
433 724
437 722
432 724
438 722
431 724
432 725
432 723
438 721
430 724
431 725
438 720
430 725
431 726
437 720
438 719
429 725
431 727
438 718
428 725
429 726
438 717
428 724
437 717
427 724
436 717
437 716
426 724
435 717
436 716
426 723
434 717
435 716
426 722
433 717
435 715
425 722
432 717
435 714
424 722
425 721
431 717
435 713
423 722
425 720
430 717
434 713
423 721
429 717
433 713
422 721
432 713
433 714
433 712
421 721
422 720
432 712
431 712
432 711
432 710
433 710
432 709
476 717
433 709
479 714
479 713
478 713
477 713
478 712
476 713
475 713
476 712
474 713
475 714
475 712
473 713
474 714
475 711
473 714
473 712
475 710
472 714
473 715
473 711
474 710
471 714
473 716
473 710
474 709
470 714
471 715
656 737
656 736
657 736
656 735
658 736
656 734
656 733
657 733
657 732
658 732
657 731
658 731
656 731
658 730
655 731
659 730
654 731
