507 930
604 760
469 946
521 804
558 783
688 707
599 686
579 747
431 890
448 807
453 862
433 1012
497 643
603 747
627 694
715 728
526 676
486 643
562 787
503 631
603 673
439 1008
688 689
713 784
552 821
604 768
582 752
508 667
498 964
448 793
481 972
547 838
452 810
440 1019
469 975
463 913
631 682
544 815
521 835
422 1034
521 807
605 722
505 676
684 712
613 760
538 670
435 914
455 815
396 1039
432 777
475 844
654 724
629 759
430 1025
628 767
638 688
611 746
481 629
538 808
534 802
467 967
662 714
618 705
606 771
460 926
535 795
508 812
392 1038
616 729
505 799
533 789
440 793
523 807
456 1007
483 640
575 753
436 779
498 821
628 769
573 835
445 998
605 680
515 974
486 815
510 917
457 780
561 786
473 970
481 945
641 712
468 828
435 782
685 703
618 766
509 915
527 803
451 818
521 816
465 858
559 842
492 936
460 924
493 921
485 909
504 666
464 831
430 904
456 939
531 805
469 859
506 936
597 752
714 725
516 974
645 727
469 955
508 784
525 973
502 665
723 754
429 1017
525 966
703 721
651 720
532 805
612 756
624 704
499 965
450 922
725 725
451 929
462 919
471 957
434 1013
411 1029
518 822
579 767
465 1012
450 961
506 799
460 853
478 629
719 783
460 985
626 748
638 684
532 790
557 794
642 687
572 757
621 762
725 785
511 976
677 700
528 973
455 812
404 1026
510 979
535 973
456 817
655 720
502 936
547 766
400 1037
524 812
611 772
504 634
725 798
547 790
410 1033
482 641
685 705
504 799
442 899
449 801
497 967
480 630
557 834
442 867
468 942
503 924
396 1028
534 671
502 977
411 877
555 793
481 954
463 833
626 743
688 704
679 700
513 976
610 695
497 936
454 977
716 771
495 641
557 786
508 783
573 829
565 782
533 675
500 914
724 757
520 672
501 934
542 812
712 806
528 673
512 977
519 806
466 829
571 777
438 920
474 970
479 840
643 728
545 836
554 795
453 857
620 766
442 908
543 802
439 911
546 821
420 1025
620 705
469 979
443 915
483 822
495 947
451 1006
435 869
469 842
731 720
627 712
543 838
680 717
529 675
458 977
449 791
721 769
557 765
427 865
598 753
414 1037
503 914
558 794
724 719
570 842
562 831
459 850
438 917
607 690
613 758
633 681
545 842
452 992
461 920
628 696
503 925
532 677
407 1028
428 1033
485 648
458 1009
451 787
566 848
554 780
501 979
449 796
501 980
435 1010
728 721
628 759
410 1032
452 995
469 954
483 951
606 723
416 891
643 710
633 685
456 825
491 936
408 869
714 808
475 640
462 920
447 795
480 830
478 634
457 822
699 722
612 758
686 700
522 809
464 914
715 729
444 1025
490 956
488 820
425 891
444 906
479 640
449 788
459 941
480 848
525 815
710 726
522 807
423 891
461 849
567 842
717 760
473 839
458 930
441 902
496 948
726 798
713 783
485 639
646 711
456 810
711 750
532 975
624 747
489 834
425 864
539 791
503 934
531 974
538 809
522 811
505 964
506 667
498 962
481 973
713 771
682 697
486 919
468 979
622 763
491 912
589 760
606 673
556 834
467 949
426 888
686 693
564 823
479 649
679 698
503 633
505 979
723 756
486 823
720 769
646 686
450 809
537 793
528 978
468 937
439 914
444 1002
457 782
559 841
537 799
462 930
660 714
421 1033
456 818
654 718
459 923
687 694
630 706
514 932
453 995
509 796
443 1022
589 759
510 789
632 761
496 966
628 771
441 965
467 829
664 717
478 848
515 819
575 757
544 840
404 1029
477 627
453 914
487 827
600 760
461 916
456 811
580 759
449 814
508 799
447 842
581 786
596 757
409 880
477 941
722 796
467 1010
484 649
442 995
695 721
412 876
707 725
554 762
681 724
452 1003
478 635
476 841
716 800
676 708
432 864
425 1035
426 1031
721 721
724 728
637 688
454 969
713 725
501 966
721 802
582 753
560 837
463 914
466 830
602 672
451 1002
433 1011
479 647
401 1026
600 679
473 833
452 802
727 801
431 1025
715 785
723 795
727 723
459 853
463 937
560 839
451 968
681 716
440 913
493 963
584 749
555 825
496 955
630 693
616 746
464 828
506 820
684 716
451 844
500 786
436 910
457 825
477 640
607 673
487 812
541 813
686 688
399 1037
559 830
505 675
622 746
510 819
511 818
534 674
442 792
561 853
482 826
637 678
447 806
531 675
484 648
447 962
669 713
625 781
696 722
612 747
494 955
469 976
443 999
447 777
538 811
600 683
487 643
622 705
468 847
525 967
472 644
545 791
455 844
401 1027
476 952
525 976
519 975
697 722
454 922
714 806
522 835
605 672
522 972
489 912
512 813
439 910
612 696
463 916
449 960
631 762
616 771
464 939
633 677
611 745
720 759
437 782
649 715
540 787
515 976
592 758
707 722
423 896
442 793
506 978
421 879
514 976
721 759
532 811
467 979
614 761
444 895
601 761
418 1012
449 961
471 1012
455 971
463 920
677 701
462 936
680 714
535 672
471 967
523 964
563 854
636 713
498 682
732 780
582 785
474 641
709 814
502 931
452 812
535 794
720 744
603 675
468 949
720 740
724 798
584 754
569 783
617 767
454 924
538 788
676 719
721 782
472 956
545 786
448 1004
476 846
520 828
482 827
610 760
446 806
455 922
725 734
603 761
443 917
415 882
635 681
634 762
487 810
459 927
535 805
713 728
477 970
486 646
420 878
501 914
465 979
483 627
616 727
447 960
463 1011
545 843
628 693
433 782
620 703
493 918
461 938
723 786
553 833
713 770
565 839
525 810
618 742
532 787
444 1024
442 1019
712 808
481 971
489 937
597 760
558 826
559 776
634 705
720 727
540 813
485 967
505 931
439 908
426 886
460 1010
447 797
657 720
432 868
497 931
626 706
453 936
723 784
481 631
509 972
660 718
480 827
546 780
520 827
449 962
705 724
509 930
439 967
522 815
628 694
482 640
484 635
423 884
605 742
568 768
512 932
469 844
505 672
530 680
520 836
448 794
437 909
476 640
654 720
617 743
475 836
426 887
496 939
569 830
502 934
424 886
448 1026
468 976
667 718
713 808
456 999
707 721
640 714
607 683
619 730
474 954
510 799
495 946
566 842
501 924
666 714
423 877
649 713
558 825
604 679
446 962
558 793
720 755
605 689
507 817
513 968
528 972
421 872
425 896
509 936
564 765
481 636
723 730
463 977
463 964
516 975
477 826
634 681
471 644
432 894
648 711
535 671
554 766
431 1008
396 1032
415 877
559 791
492 918
632 687
453 939
594 755
480 969
478 826
454 921
473 643
454 923
507 671
498 820
441 911
713 815
513 788
474 946
625 762
720 725
477 971
545 834
453 991
470 968
497 820
562 824
477 840
590 759
472 968
713 773
694 716
497 966
446 893
426 1030
614 726
409 874
518 823
425 889
458 970
731 780
455 1002
518 806
564 821
603 742
606 749
421 873
451 994
412 1030
572 781
422 1018
479 641
497 787
468 975
714 773
728 744
498 787
453 860
469 832
432 879
653 718
444 915
473 971
714 784
530 803
534 787
469 961
455 939
723 745
627 779
529 967
696 721
481 829
464 1012
498 943
421 1022
712 751
607 670
463 1012
451 928
421 883
444 966
535 802
437 966
638 712
512 968
452 843
649 711
487 815
423 876
544 786
467 939
502 925
455 780
434 903
624 748
548 821
475 944
453 968
462 967
725 777
399 1027
630 778
570 843
399 1025
551 793
396 1030
500 923
680 720
632 677
491 814
551 773
444 836
559 777
714 799
483 919
474 644
426 1035
603 744
500 981
573 785
501 967
453 814
548 839
477 633
631 761
460 977
578 778
726 718
654 717
724 779
700 722
527 675
486 647
527 668
467 934
582 769
502 787
676 721
419 1032
441 1019
724 774
481 634
630 760
583 752
682 691
468 938
435 927
722 733
565 817
478 652
508 935
452 986
563 853
586 754
426 1036
449 1026
566 847
721 742
626 777
470 961
446 781
424 1036
685 690
555 820
540 811
438 1019
498 922
503 823
497 959
457 927
716 795
509 934
477 649
504 667
473 957
513 931
483 958
725 736
497 818
397 1032
618 743
693 717
488 651
417 876
476 652
559 793
456 823
426 865
521 814
633 691
527 966
725 799
534 801
604 684
463 912
565 832
713 731
478 940
468 840
519 820
452 918
731 719
558 776
531 680
474 839
415 1029
489 935
508 930
494 935
449 813
490 912
571 837
683 691
443 898
606 768
723 721
486 813
519 838
679 714
435 777
637 679
561 855
550 832
459 847
433 1014
493 928
503 789
434 873
714 810
428 1030
617 747
461 977
506 930
642 686
677 704
635 691
544 821
496 953
414 1030
713 806
486 827
429 887
466 967
499 961
468 941
683 705
456 781
680 699
496 943
678 702
566 767
617 771
724 726
512 798
504 916
621 705
464 916
567 765
422 1014
721 739
528 676
438 919
407 1032
608 672
559 824
486 830
436 1008
714 728
500 790
452 914
718 757
490 816
525 676
656 728
521 818
428 1011
628 710
479 954
584 784
538 671
728 787
433 783
511 973
447 927
431 865
521 811
682 717
406 1027
483 626
563 850
505 967
580 765
567 844
724 734
531 676
425 1031
718 805
485 912
511 819
437 778
478 651
546 771
612 759
524 810
559 787
511 817
503 928
569 839
479 838
499 932
522 671
506 800
630 682
530 973
527 673
410 1029
457 964
736 718
455 825
479 936
475 941
546 781
426 1029
482 829
578 752
538 797
660 716
630 691
439 793
491 651
700 718
521 674
475 837
468 948
697 713
563 784
553 773
543 805
637 713
547 784
722 794
729 722
608 692
500 977
448 869
721 753
476 836
421 878
458 853
569 768
519 974
422 1023
452 916
504 926
625 768
614 725
714 767
608 693
601 739
504 978
731 718
507 668
720 774
565 787
684 714
621 728
687 719
568 642
458 867
564 768
555 781
506 804
470 946
714 800
460 916
699 720
508 933
560 784
431 1020
695 716
537 800
428 866
612 751
554 773
483 827
512 816
518 825
668 714
710 774
561 849
682 719
438 1010
505 790
650 711
456 963
454 785
495 917
647 732
523 803
530 675
507 815
713 807
698 713
651 736
402 1037
510 930
528 976
444 965
717 723
543 803
712 752
581 748
411 1028
501 922
576 759
443 790
555 846
418 1013
569 843
454 916
602 770
449 806
645 733
421 1034
451 806
473 978
642 709
539 786
456 783
600 761
554 820
508 917
480 639
635 706
622 744
454 867
540 820
496 940
472 638
465 938
612 694
558 785
595 752
563 791
488 935
526 809
472 637
582 750
712 765
633 762
675 708
615 724
718 765
421 1023
682 695
678 714
497 950
693 718
610 722
427 879
640 734
440 789
731 717
464 944
464 847
452 984
504 917
512 787
476 654
552 793
449 929
473 952
559 768
443 1001
428 964
671 717
443 1020
447 968
601 764
610 725
450 788
466 965
480 970
443 916
436 873
491 964
622 691
494 915
726 742
484 914
431 863
713 734
714 735
543 816
417 878
513 974
563 833
504 820
427 1034
457 813
687 706
463 984
605 775
479 831
451 927
476 641
472 833
501 798
557 832
496 641
566 837
737 718
414 1028
620 742
698 723
541 802
439 915
608 695
557 767
607 681
499 963
488 964
515 979
482 825
725 741
454 968
508 970
485 642
714 754
559 783
544 783
465 944
551 821
435 783
596 752
496 928
530 804
657 723
480 826
468 957
467 931
695 722
504 937
541 817
428 1022
483 922
430 1007
402 1025
401 1037
505 935
719 750
445 781
459 929
446 965
565 765
720 721
686 698
567 838
484 814
439 912
688 726
636 690
503 927
502 666
480 936
423 886
721 786
446 921
530 969
632 678
480 971
505 966
504 675
615 772
637 686
436 1018
462 918
474 952
485 650
543 782
420 1034
484 913
470 940
720 785
484 972
580 786
490 651
471 833
528 975
617 766
415 1026
448 806
454 1007
509 812
723 774
561 854
559 839
444 891
391 1038
542 786
444 806
546 768
507 784
448 929
498 913
565 820
474 846
619 728
507 801
453 942
679 719
416 1030
462 825
467 948
528 809
478 937
452 844
601 687
726 741
707 815
468 959
434 783
481 950
717 765
708 725
519 967
709 770
513 799
396 1026
484 634
510 796
725 726
529 802
663 718
466 968
726 721
686 717
542 653
649 737
567 783
442 895
714 758
523 966
676 720
506 806
543 781
636 711
612 702
552 792
629 708
717 795
487 966
657 724
577 752
577 778
518 802
519 830
641 711
425 886
546 770
492 960
715 774
545 770
604 770
444 795
497 924
728 724
626 749
724 780
727 797
461 930
712 814
450 844
668 713
454 855
725 805
530 808
574 782
467 844
497 943
711 818
432 846
624 768
557 768
450 802
446 841
700 720
458 934
450 805
656 727
695 715
556 845
497 961
432 862
454 995
516 806
655 726
572 830
517 974
718 806
481 835
565 818
652 721
556 822
468 980
725 796
437 868
477 634
576 760
661 715
470 976
440 896
488 938
522 812
693 724
530 972
406 1033
531 785
564 850
607 691
422 892
713 755
454 859
401 1036
633 680
473 946
432 905
691 725
542 816
464 983
622 766
425 1012
434 911
441 794
688 690
411 1032
491 955
656 726
564 833
617 745
437 908
648 733
532 792
719 801
539 806
530 678
496 956
537 792
519 815
613 725
503 915
516 976
722 757
687 722
532 807
455 936
446 1001
568 844
513 814
524 805
437 915
507 977
624 766
523 967
489 934
580 752
519 673
483 829
519 797
461 823
559 836
451 788
454 776
481 947
562 852
520 808
459 936
564 780
486 644
652 718
496 915
538 789
479 637
595 759
469 959
518 795
488 826
453 1004
448 792
707 771
710 724
483 638
438 921
459 1010
721 728
454 813
457 922
616 769
453 926
553 834
539 809
454 934
502 788
714 733
491 648
454 981
511 931
504 928
613 773
523 672
644 686
449 773
485 820
636 708
477 645
461 939
721 774
717 798
448 962
507 789
485 819
720 775
421 895
494 967
635 704
722 762
605 761
688 723
407 1029
696 714
566 841
562 859
726 744
718 786
528 801
556 829
529 677
469 947
440 1009
452 991
481 956
553 822
687 691
426 1016
473 943
438 924
532 789
434 965
510 978
502 926
443 995
628 755
427 1028
427 1014
715 753
471 843
507 787
723 742
632 689
444 963
566 762
641 735
454 1004
615 767
555 775
534 811
573 780
600 744
494 953
712 805
438 789
552 777
662 715
681 708
432 1027
467 968
509 789
437 901
714 731
483 943
563 783
557 841
600 687
436 896
721 790
401 1028
732 720
524 811
533 795
436 965
443 921
612 771
455 921
542 841
603 762
515 669
475 841
512 975
601 685
649 710
628 754
727 725
717 769
480 635
433 876
719 804
555 834
692 722
474 953
700 721
509 977
723 798
714 734
482 915
479 639
499 959
492 813
604 771
468 848
421 880
688 728
521 830
470 1012
532 791
550 773
613 772
639 712
587 754
691 724
486 640
456 927
473 634
422 1022
719 727
569 837
503 663
494 963
715 731
607 722
729 719
506 798
519 976
592 757
435 894
517 797
437 925
625 761
552 833
625 707
485 958
579 761
507 788
582 783
437 907
489 649
458 935
500 821
721 792
430 1022
537 802
454 975
636 707
502 789
519 812
543 817
584 773
451 921
566 830
504 980
504 633
582 765
603 745
497 965
644 712
433 1009
437 793
434 1029
543 821
612 750
418 1018
397 1034
541 820
626 778
709 722
422 1020
479 836
709 723
612 727
560 824
626 707
415 880
710 815
493 913
562 768
477 652
470 843
508 800
518 837
683 708
473 945
436 1017
607 680
436 778
492 647
484 961
497 925
614 749
449 816
419 878
473 640
461 1013
450 806
481 825
603 676
452 936
497 641
718 787
628 684
509 970
665 717
530 970
729 799
630 700
506 801
476 653
630 689
552 766
610 726
476 845
507 790
606 774
448 1002
521 834
495 953
521 973
473 947
646 730
580 775
576 829
449 926
468 974
603 683
453 1003
553 832
544 800
559 789
427 1018
627 711
580 751
418 878
413 875
502 633
495 928
667 714
437 968
425 890
451 916
565 834
605 721
530 807
719 767
605 675
583 772
665 719
546 776
502 798
468 945
458 849
613 749
620 702
430 964
722 759
436 782
664 712
539 808
616 714
677 702
441 789
473 944
483 825
491 911
428 1012
720 752
521 673
533 790
684 700
481 943
430 879
529 808
717 758
560 857
721 764
508 788
447 796
455 970
430 1008
457 812
556 774
506 914
684 699
686 691
560 831
429 1022
485 818
634 691
540 808
500 660
511 669
497 934
477 969
468 1012
438 796
429 869
513 672
481 626
599 759
485 964
646 728
484 647
714 811
441 868
522 964
469 983
686 689
481 974
439 795
425 1018
476 953
452 979
438 1006
699 713
466 980
531 971
488 833
486 641
531 787
638 713
463 918
559 771
451 995
436 968
642 734
474 643
520 826
456 942
607 684
504 819
489 955
723 762
458 855
611 695
457 783
726 740
488 813
529 801
543 776
490 817
547 780
711 754
484 969
462 827
523 806
566 849
500 661
445 964
544 770
493 910
441 920
478 971
717 796
454 927
472 639
496 949
451 930
471 944
456 1001
605 760
604 677
441 1005
493 954
622 743
581 762
447 1005
500 662
429 892
411 1030
520 835
696 723
480 935
436 911
606 671
555 827
624 746
478 640
562 850
689 724
717 805
438 966
738 719
444 793
433 1020
469 971
731 797
449 818
414 1026
436 909
664 713
452 919
461 922
509 667
604 764
466 944
643 733
626 751
403 1027
445 921
485 957
459 825
727 726
463 1014
600 672
438 1009
636 679
413 871
450 807
632 681
544 782
450 811
654 725
506 969
642 735
726 736
436 894
539 787
564 822
616 768
442 996
408 872
612 770
454 786
444 1004
629 755
493 915
554 796
565 783
462 854
642 727
495 954
427 1016
484 967
454 976
716 786
717 800
514 931
454 777
441 908
516 819
647 684
713 768
447 794
628 774
564 790
619 697
547 772
557 828
629 757
443 1021
472 641
516 818
486 912
464 832
520 796
505 926
456 995
683 692
459 1009
517 806
435 1019
561 768
472 971
404 1028
620 744
725 787
429 865
650 716
720 750
568 783
441 909
649 685
730 718
449 928
443 996
584 786
604 767
519 822
482 962
480 955
488 957
459 976
467 985
682 693
493 914
726 785
629 769
463 826
420 1020
429 1029
521 813
524 976
522 814
729 798
699 719
516 980
634 727
474 844
626 686
626 684
574 835
531 786
645 711
656 721
453 780
417 877
426 1032
557 796
470 985
461 827
547 821
599 685
561 851
623 695
580 766
639 689
454 974
639 680
431 1019
546 789
513 818
640 735
455 929
583 764
648 685
623 700
462 966
520 795
455 997
522 672
450 1005
581 771
481 948
484 971
722 798
486 831
715 800
397 1030
611 744
558 777
678 700
506 812
603 670
481 831
466 963
594 754
614 772
397 1038
556 843
458 857
643 734
583 765
459 938
644 727
561 857
506 668
484 639
480 958
605 688
507 785
486 650
468 981
558 774
620 697
723 728
488 967
511 673
476 648
479 629
465 934
486 964
626 694
420 1022
657 726
514 798
502 978
441 964
475 839
445 891
488 816
454 818
562 822
718 771
486 828
723 726
478 646
721 783
516 979
655 716
504 966
421 881
605 762
627 774
478 954
500 932
502 914
429 889
624 694
555 837
636 709
692 723
609 760
531 810
568 760
455 856
461 1014
724 784
566 766
448 817
567 764
572 756
479 635
469 939
511 672
467 962
464 920
726 726
454 778
534 786
458 812
626 774
478 939
553 776
603 672
439 1010
485 638
447 792
426 879
663 714
448 968
521 966
623 766
576 780
509 800
648 730
434 777
713 812
455 976
557 819
505 666
681 723
451 993
442 902
688 700
422 878
494 916
435 792
584 753
724 781
576 757
422 896
723 744
616 741
631 699
419 1025
511 789
564 832
545 769
422 876
430 891
496 929
518 820
415 1035
554 826
605 764
430 784
608 771
720 745
457 818
630 756
730 777
452 968
498 914
476 843
725 775
454 984
624 707
676 700
456 936
512 978
428 1029
623 763
538 802
452 917
441 922
444 842
613 757
409 879
469 968
486 910
539 807
622 767
440 911
596 758
432 907
430 905
502 820
580 768
502 980
479 939
604 769
435 1011
644 726
497 817
435 911
489 825
428 1036
554 779
490 913
712 815
455 937
672 717
428 1032
544 836
429 1007
718 760
641 733
525 672
430 1029
702 725
539 790
626 687
516 796
448 1025
628 778
507 915
553 783
422 872
443 1005
469 981
398 1037
483 920
468 961
466 949
500 820
476 837
558 836
691 723
481 828
687 720
573 843
454 970
575 754
625 749
419 877
543 780
605 741
566 783
677 718
638 687
626 772
455 931
641 710
712 772
511 796
629 684
409 1030
455 826
529 977
413 873
480 953
487 912
607 771
498 641
719 753
622 761
433 1013
397 1036
394 1038
601 674
434 786
565 768
611 723
397 1026
489 957
705 723
573 783
637 692
651 712
599 687
609 695
725 743
483 969
503 936
487 967
677 703
507 812
558 784
484 952
420 883
680 719
468 831
545 783
525 974
720 765
465 935
448 963
536 672
647 730
566 845
489 650
735 718
462 858
434 785
434 966
445 1005
547 783
728 718
624 772
701 725
689 729
443 1000
721 740
505 665
630 742
489 954
683 713
444 998
444 921
456 1002
467 1012
471 961
603 684
501 964
596 759
558 760
420 1032
688 702
555 774
492 955
626 768
417 1027
712 755
582 748
558 791
484 951
712 812
503 923
540 670
630 707
712 819
703 725
562 823
489 958
410 875
477 647
623 690
435 926
429 1031
723 733
520 818
714 766
446 777
725 733
616 744
727 718
487 819
688 725
484 923
421 871
509 788
453 1006
634 764
694 719
481 961
492 651
526 668
625 766
453 971
720 753
519 831
433 1010
615 725
453 784
446 779
426 1034
531 812
683 719
552 794
623 761
601 672
469 945
524 967
617 741
484 825
469 1010
431 1009
468 950
627 689
474 633
443 789
604 675
416 1026
416 1027
469 934
722 722
532 796
447 891
507 917
558 824
434 867
457 977
443 968
399 1026
626 783
730 779
515 671
399 1024
583 758
715 804
480 945
458 824
512 818
498 643
558 763
412 1029
708 721
552 762
455 995
638 675
711 752
719 768
449 815
546 775
558 761
425 879
499 914
720 746
709 815
726 786
458 815
412 874
553 763
572 779
450 816
565 844
619 765
485 961
722 763
718 753
713 727
434 1010
647 733
456 816
622 748
444 1005
408 1028
581 763
657 721
730 778
538 806
538 804
633 703
473 950
727 744
394 1036
480 646
620 704
686 699
582 784
453 783
546 840
440 1010
626 705
481 630
466 984
497 941
510 931
566 844
725 735
567 768
627 760
548 791
564 639
478 936
718 721
572 838
456 930
649 732
559 840
538 974
463 939
560 850
452 813
416 1033
714 755
438 908
685 688
498 934
501 965
627 771
419 1016
723 731
618 700
432 1020
472 944
438 793
429 879
677 714
520 813
508 796
687 696
479 837
721 720
522 797
429 905
622 745
550 792
496 818
523 801
604 678
559 852
601 679
581 772
396 1040
532 794
472 636
620 698
625 767
721 729
459 858
647 711
678 718
492 816
603 746
465 831
430 1023
395 1036
412 875
565 837
501 977
483 641
604 774
454 816
602 747
719 803
729 718
504 936
603 774
510 968
626 690
503 787
432 1018
573 757
608 748
533 811
424 1023
531 973
487 913
506 802
722 721
478 827
455 813
449 789
583 774
504 671
455 824
567 762
574 781
724 743
479 955
455 981
456 998
484 650
545 767
441 1007
463 857
507 813
508 798
576 758
634 765
651 710
730 780
509 935
444 904
552 778
714 732
623 749
728 745
430 1024
683 710
438 788
607 692
560 771
450 808
520 817
711 767
708 816
485 826
540 785
676 718
459 926
443 896
531 807
521 974
483 917
550 821
459 925
457 781
454 978
682 705
718 784
419 1019
547 792
546 773
583 770
627 781
534 804
621 765
433 1026
489 956
520 807
649 736
453 776
489 809
484 958
546 786
692 721
554 783
423 867
706 721
471 838
413 877
490 964
596 754
431 1021
497 939
396 1038
515 978
650 718
453 927
504 800
481 832
617 729
458 825
521 833
431 893
495 968
498 961
462 849
583 748
664 714
626 750
434 1011
575 756
722 788
723 732
476 639
516 797
468 984
437 1008
723 755
545 840
674 707
461 846
577 753
496 926
717 771
516 805
568 764
433 895
601 675
395 1038
510 915
554 794
480 837
725 773
682 707
583 784
539 813
509 973
542 785
621 745
601 743
559 851
521 827
453 915
711 755
632 686
635 716
481 951
567 845
519 818
565 850
442 965
505 631
547 789
510 918
513 671
449 968
482 970
498 932
438 909
600 688
507 818
408 873
659 718
724 729
713 726
495 816
603 771
406 879
595 757
565 843
622 747
729 775
579 752
432 1021
470 934
454 942
665 718
442 997
443 919
616 770
613 756
502 662
577 780
612 755
554 836
496 968
446 780
728 774
508 977
562 857
462 916
422 875
523 809
520 830
481 836
446 1005
509 790
449 1005
450 774
478 942
422 883
471 969
433 908
456 1005
502 822
630 759
458 924
552 772
623 706
537 798
652 720
486 822
443 792
511 820
435 966
680 710
508 931
718 804
536 793
458 967
473 641
486 810
489 959
473 834
519 823
486 913
473 981
500 965
507 806
512 795
518 974
629 693
425 1023
720 741
425 881
519 966
684 701
527 808
509 937
442 920
623 694
560 790
711 770
636 712
457 814
429 1008
543 820
558 762
485 821
553 771
467 961
482 942
634 704
626 771
498 963
645 732
687 701
457 824
453 923
491 959
440 1006
601 684
557 822
554 781
488 912
553 794
463 922
573 784
449 798
460 938
565 789
433 1025
727 777
431 785
550 793
609 772
472 643
433 1029
563 782
723 775
488 808
456 919
581 783
455 782
690 723
519 813
498 681
454 939
547 781
586 760
412 877
520 815
494 644
530 809
511 797
476 649
636 715
600 674
682 716
410 876
572 784
543 837
422 897
499 966
711 764
724 718
437 916
484 636
435 1013
665 714
609 771
474 634
501 931
738 718
544 816
460 824
558 823
493 650
633 679
501 787
483 918
515 977
623 762
649 712
520 966
703 724
712 768
473 980
468 936
619 704
468 947
485 968
461 1015
497 819
555 782
561 787
556 831
558 821
457 811
720 758
431 1027
490 958
468 841
720 795
721 726
722 739
595 754
544 801
400 1027
524 971
713 763
534 803
446 1025
643 727
687 705
484 817
552 826
546 772
497 786
453 916
576 781
584 752
634 687
574 756
481 635
730 717
525 809
575 829
605 776
602 742
446 927
457 923
452 920
607 671
583 785
505 965
454 782
445 965
474 944
637 677
554 765
546 823
604 671
613 762
441 793
455 942
603 748
472 843
521 805
446 968
496 947
613 774
423 885
437 969
458 936
481 633
458 966
447 929
535 801
505 822
460 923
511 967
415 1036
522 973
605 774
510 801
507 820
526 801
464 833
625 748
538 973
443 997
492 922
496 916
526 966
726 795
497 930
556 794
479 646
504 655
625 694
456 921
450 812
629 681
732 719
625 704
455 968
544 835
481 952
494 936
420 1019
417 1032
546 767
712 773
518 818
555 826
616 728
620 743
504 812
537 670
498 935
561 790
610 759
547 788
520 973
508 820
443 906
435 871
626 776
433 867
719 758
555 833
547 840
499 979
714 730
469 956
695 720
455 1005
486 965
548 792
481 944
502 935
506 934
580 763
536 802
436 777
619 766
537 672
602 743
423 894
553 791
646 685
517 807
429 880
470 965
612 746
464 978
453 787
499 980
549 821
456 785
466 1012
688 721
722 723
558 781
492 815
449 775
618 727
685 699
608 723
449 924
714 756
685 704
609 723
495 952
505 806
660 715
600 673
620 708
481 627
649 733
449 808
687 697
684 703
651 737
457 823
512 791
538 803
573 831
555 771
447 921
471 966
414 1035
487 961
415 1030
582 766
626 688
605 746
462 823
418 1010
503 930
533 673
395 1040
686 704
546 778
474 836
453 974
711 774
738 721
504 823
455 994
652 717
504 787
493 936
718 774
630 698
484 820
503 799
511 966
570 768
479 650
492 913
515 670
510 969
618 704
565 821
629 682
481 646
641 686
726 797
601 740
496 964
485 828
479 830
718 773
590 760
445 777
474 833
541 791
481 957
619 700
470 833
477 841
642 708
519 837
538 810
483 921
532 795
571 784
538 790
453 973
459 859
448 816
501 923
721 763
500 918
734 718
721 798
447 1003
533 801
488 959
556 795
563 660
454 982
697 723
453 818
437 787
624 762
726 803
600 740
407 1030
536 796
486 645
450 776
652 737
558 773
496 917
438 918
529 811
503 932
627 685
436 1019
485 636
484 638
457 966
429 1013
439 1006
519 829
507 802
423 883
722 728
432 877
462 824
507 814
639 688
523 971
554 776
657 722
435 786
442 842
603 679
621 697
545 821
402 1026
554 793
488 807
584 757
429 964
446 1000
626 752
692 718
472 984
506 977
628 770
413 1036
455 1007
532 793
454 988
505 667
504 964
572 780
446 795
429 906
608 749
483 632
481 632
486 639
500 916
575 782
518 821
530 785
523 805
607 669
578 779
558 851
507 819
470 941
537 790
631 700
727 800
726 723
468 844
497 927
393 1038
424 864
719 769
733 780
442 1020
455 996
704 722
630 708
731 721
609 748
452 1006
412 1031
527 674
628 760
481 830
556 842
648 736
649 734
633 687
534 810
546 841
484 821
517 816
728 725
508 665
460 1012
680 718
507 914
481 949
675 709
720 742
496 791
712 726
585 759
605 763
636 689
437 1018
579 778
503 675
607 769
467 830
480 626
584 756
429 1024
711 768
544 839
510 929
649 714
426 1013
474 642
655 721
719 799
460 930
451 813
686 706
607 682
693 716
555 626
600 743
714 753
563 787
558 771
680 708
626 780
554 833
685 717
672 706
723 723
486 917
415 881
510 977
468 960
636 681
623 692
557 830
494 928
445 963
473 843
450 801
722 774
511 812
472 947
394 1037
431 1028
483 952
546 839
632 691
603 677
446 1002
460 1013
436 785
712 763
431 1026
644 711
496 927
472 979
526 672
724 737
708 771
706 725
496 930
456 943
709 724
719 771
434 792
448 777
457 975
723 782
498 640
460 940
552 771
505 655
533 676
451 808
454 843
494 937
437 783
546 774
550 774
602 763
687 700
469 941
607 748
518 797
557 781
606 722
714 809
631 704
467 831
628 705
631 685
568 761
618 768
650 717
499 922
470 979
681 721
409 873
578 777
527 976
491 960
604 748
504 670
476 645
477 641
547 839
419 1033
449 812
706 720
452 990
572 778
447 1004
487 811
477 628
602 679
575 758
511 968
499 790
725 784
410 877
531 681
611 748
453 924
459 930
717 763
433 875
579 787
507 935
607 760
592 759
629 696
519 833
528 977
604 749
729 777
607 723
601 747
505 656
645 734
486 829
559 854
511 978
497 932
484 922
439 966
519 826
628 753
467 828
560 788
709 725
715 773
467 933
441 921
639 686
481 946
475 838
679 699
455 988
561 831
660 717
584 760
397 1028
438 923
557 766
612 748
613 709
578 780
630 697
459 1012
424 879
718 799
424 884
558 775
455 928
503 926
454 817
561 837
607 772
503 979
562 854
514 788
477 939
495 915
701 720
710 768
434 866
530 805
464 858
504 632
555 780
507 933
476 634
506 935
439 913
418 1009
611 727
413 872
621 767
614 728
499 641
448 791
547 791
502 966
705 725
493 816
471 971
517 796
628 743
454 781
510 813
526 806
718 752
718 723
505 786
650 736
655 717
473 632
569 782
544 769
468 973
417 1018
565 830
544 834
458 939
508 666
459 940
609 691
583 760
607 749
643 686
608 773
717 799
483 971
472 985
540 783
428 888
431 1029
623 708
522 806
535 793
606 748
512 976
511 813
631 678
430 785
580 764
490 811
456 964
504 822
495 962
478 628
424 878
593 752
533 672
710 771
483 915
422 1035
728 775
469 858
683 704
610 772
439 909
728 723
581 752
452 801
474 843
532 676
602 764
457 921
544 777
621 764
462 912
526 670
574 829
447 1002
656 723
462 935
540 802
711 725
557 795
509 971
498 823
449 1004
716 804
629 707
715 771
438 922
529 968
481 958
675 700
421 875
676 703
585 754
442 906
437 922
397 1037
407 879
638 676
519 828
561 856
440 1005
568 762
578 760
551 762
415 1027
704 725
497 915
450 804
682 710
625 772
721 795
545 837
490 650
579 776
460 825
513 930
566 768
440 1008
424 892
573 834
458 931
465 939
437 869
581 773
472 977
671 718
716 725
551 772
732 781
474 841
400 1036
563 768
425 883
485 814
695 717
725 774
724 736
484 828
446 963
723 761
711 753
579 780
565 831
513 817
683 693
406 1032
502 922
428 1014
533 974
422 1032
687 698
604 681
641 714
513 787
437 845
710 772
555 824
516 670
583 751
452 921
615 741
605 745
483 961
727 775
467 957
475 846
699 718
474 969
535 786
491 958
686 690
527 974
472 970
726 745
557 762
493 920
445 1006
474 942
698 722
508 816
476 647
510 972
622 765
712 817
503 662
600 759
636 714
709 721
471 962
723 759
573 839
432 785
481 645
726 802
449 774
685 716
565 781
443 869
542 801
547 782
428 1013
505 913
558 822
481 827
608 694
715 786
449 772
635 710
714 757
627 767
580 787
503 929
486 648
432 1009
571 843
470 944
529 969
425 888
605 768
623 745
475 942
546 783
467 943
720 743
484 632
452 988
712 813
694 717
603 685
396 1031
499 787
489 936
703 723
628 712
534 796
452 811
484 640
431 862
532 801
627 752
457 970
739 718
437 1019
435 784
630 699
469 972
491 937
419 1018
479 826
432 965
498 642
719 721
720 768
444 902
685 692
449 790
456 786
610 705
581 761
457 1009
717 759
562 858
469 978
502 667
560 787
684 711
729 797
429 1034
433 1019
464 979
432 908
627 748
594 756
512 814
494 923
487 818
580 780
504 821
497 788
604 750
492 923
550 833
540 793
540 786
439 796
502 634
483 647
487 957
482 947
474 949
557 771
410 878
477 646
629 694
718 769
594 758
482 630
423 1014
552 820
487 909
474 943
518 671
495 926
486 911
453 972
616 724
497 790
545 823
635 726
472 983
477 847
544 838
445 779
514 818
545 824
443 793
565 786
471 984
640 712
513 791
531 809
452 927
720 802
416 1025
604 765
398 1028
675 718
511 790
425 885
488 810
503 978
538 805
520 804
458 819
479 940
571 757
536 801
724 778
464 945
719 774
617 763
429 1010
631 687
501 820
627 696
468 940
552 832
608 682
465 828
493 923
629 690
431 907
687 689
406 878
423 868
719 800
559 843
429 904
591 759
675 710
495 925
570 839
410 874
436 967
506 929
454 857
455 940
597 759
511 798
565 833
610 724
726 796
716 728
732 718
572 775
501 678
493 953
438 965
560 789
530 802
533 805
449 797
714 785
466 1013
525 965
566 846
673 707
468 972
714 726
677 719
595 756
719 765
546 822
455 785
717 764
431 776
555 783
627 705
666 717
603 674
455 823
473 948
643 709
443 791
670 717
724 725
540 806
675 707
701 724
679 710
612 761
487 963
629 695
423 1023
485 827
723 719
607 773
505 657
494 917
657 725
455 983
531 811
447 928
487 960
720 751
512 792
573 840
499 933
482 957
679 709
631 702
491 956
621 700
496 644
440 921
457 820
457 926
625 690
448 800
454 914
729 723
526 976
438 926
413 1030
534 672
559 782
469 977
415 1023
515 796
682 708
544 776
580 748
437 914
582 782
410 1031
647 731
415 1024
425 1014
544 841
630 696
478 839
486 967
448 818
439 1019
627 708
503 931
722 795
645 686
437 899
462 922
674 718
632 685
439 1007
496 952
552 773
556 771
623 748
658 718
502 790
685 701
427 1029
573 837
545 839
445 795
721 750
719 802
484 633
490 936
568 660
432 1014
664 716
526 974
485 815
432 783
427 890
518 815
543 841
468 983
425 1013
462 984
561 830
463 858
563 837
509 813
674 717
414 1036
505 978
685 693
552 763
503 668
428 892
503 669
452 924
518 833
707 817
431 908
689 725
467 832
629 692
457 971
527 802
487 813
469 860
504 657
618 767
715 727
523 970
587 755
669 717
452 808
473 838
482 969
531 677
651 713
588 755
631 689
499 791
497 948
524 813
419 1017
635 676
443 902
564 764
689 689
549 792
501 679
508 672
414 1029
505 820
523 800
480 959
524 814
626 761
484 824
475 634
418 892
585 760
531 678
696 715
469 841
633 678
453 921
397 1035
553 836
440 902
713 817
493 948
555 773
495 943
451 1005
436 780
467 975
686 715
467 932
537 973
433 785
484 637
689 727
722 793
712 764
498 958
449 800
627 704
464 943
456 853
627 684
706 726
712 818
440 965
684 698
432 1022
624 721
524 804
621 766
463 938
559 767
526 977
540 790
469 958
476 970
581 760
490 824
457 819
431 906
530 812
484 963
720 726
698 720
629 758
469 843
611 750
620 728
624 769
682 706
712 771
637 681
476 844
402 1036
629 705
448 1003
603 671
628 783
702 723
545 838
397 1033
439 926
449 865
612 772
518 819
619 763
587 759
634 710
444 968
467 942
495 961
398 1040
526 669
484 950
396 1029
657 719
485 916
636 710
541 790
715 798
568 830
630 761
530 811
484 968
493 919
465 829
440 920
462 1014
494 918
722 787
617 742
632 703
724 733
444 1023
554 778
453 1005
462 965
546 833
620 745
437 910
421 1032
508 671
424 868
450 921
726 804
477 940
593 758
564 835
640 687
463 921
447 778
527 676
412 1032
473 949
546 791
548 773
495 945
499 967
474 635
533 669
451 1003
618 706
451 775
643 711
542 815
545 776
525 816
455 781
451 924
463 917
560 768
471 1013
627 783
433 1028
609 692
618 729
633 761
612 693
533 671
684 705
675 721
724 720
557 825
684 719
522 966
581 782
487 824
626 775
481 640
492 921
462 937
494 947
549 833
513 816
456 815
489 826
596 755
518 799
549 773
684 710
516 978
415 878
714 798
728 777
442 1005
503 980
564 789
683 715
433 964
478 650
461 923
570 837
489 817
673 706
520 797
475 952
471 979
711 771
716 724
726 787
511 930
539 797
563 767
569 840
618 763
442 921
574 842
449 795
507 800
545 825
490 649
468 1011
427 1032
723 729
428 887
492 954
616 767
522 805
606 760
502 664
498 931
580 767
441 795
436 900
619 699
557 769
440 792
557 764
556 781
456 857
500 917
459 924
517 802
709 771
463 834
686 718
402 1027
443 1023
626 704
493 912
542 814
541 792
470 955
465 832
572 776
554 821
512 930
504 914
604 680
496 961
431 777
494 968
522 800
461 1016
555 770
489 833
446 778
482 951
486 819
720 754
536 973
570 783
526 803
460 848
557 836
626 781
555 847
416 1024
469 985
546 779
506 655
449 922
605 749
723 781
565 829
540 788
470 984
453 979
510 798
650 719
480 937
619 698
555 836
513 789
503 966
687 695
678 709
640 686
454 979
518 670
523 808
434 895
525 803
556 765
411 1027
608 760
678 708
642 710
450 968
518 798
477 938
703 722
486 957
713 730
427 1013
442 1023
407 878
557 774
684 702
547 785
498 965
687 704
479 971
553 765
504 631
477 842
475 834
508 934
498 959
470 957
529 972
448 778
450 969
472 957
512 790
613 728
524 815
634 686
496 937
579 760
543 786
420 1014
521 815
467 963
563 789
580 773
682 714
434 908
695 718
462 1013
616 766
476 945
408 1030
545 777
462 977
499 934
475 840
502 821
437 1011
579 764
495 940
519 825
537 791
619 710
516 798
469 962
685 710
578 788
461 826
397 1040
490 935
459 939
560 841
719 784
437 786
546 835
457 930
511 974
650 720
503 667
450 789
726 739
630 705
720 797
436 846
442 907
552 783
481 833
469 833
715 725
563 838
719 787
518 828
582 771
404 1027
501 662
622 700
499 820
651 711
438 787
485 950
552 764
573 832
405 1033
505 936
720 784
489 810
451 776
526 808
606 689
430 1009
454 935
602 684
581 764
667 717
452 776
611 726
455 975
439 794
567 843
461 854
682 718
461 912
719 748
506 805
547 786
492 650
463 944
547 787
518 976
725 718
538 807
715 758
542 802
455 998
603 764
602 761
467 972
470 844
466 964
437 926
416 878
720 798
458 845
612 760
447 961
558 844
613 748
512 815
717 797
606 769
443 966
538 791
663 719
522 673
437 784
566 765
536 797
629 742
443 920
582 759
427 1036
501 917
540 789
638 685
507 805
534 795
534 809
560 823
481 628
633 704
534 974
583 757
537 801
628 752
623 744
524 672
446 999
623 773
440 966
424 894
613 761
495 938
655 725
574 840
594 759
727 786
622 771
420 892
539 973
519 816
564 781
580 760
451 992
556 846
581 768
474 834
546 769
686 719
438 915
409 881
451 777
548 784
424 865
504 933
565 819
471 934
634 706
663 720
677 705
723 785
584 785
482 943
434 1019
410 879
472 978
738 717
583 773
473 979
457 852
480 836
455 941
512 974
450 803
453 816
453 986
421 874
730 797
518 803
566 820
604 745
646 732
436 914
712 774
595 753
610 706
437 1006
452 985
629 711
490 809
486 824
397 1027
604 766
529 810
664 715
625 765
630 755
525 972
423 865
541 818
470 972
540 784
724 761
430 1021
474 842
725 728
498 790
436 1009
687 723
471 972
488 806
482 958
533 788
499 918
684 713
444 1021
718 766
449 844
614 748
544 781
722 789
688 699
472 955
601 683
518 975
453 786
514 819
449 777
495 640
425 1017
462 939
500 963
514 790
539 802
718 722
518 977
486 651
496 938
547 767
682 711
631 701
533 787
536 795
439 920
573 842
619 743
503 822
623 772
624 761
631 705
491 649
555 765
482 917
444 1003
518 672
597 751
514 668
485 959
687 702
494 816
617 746
731 722
627 782
588 759
649 738
721 760
512 793
602 741
605 684
464 913
634 763
564 783
704 723
424 1035
528 803
501 676
553 835
502 663
495 944
476 944
460 925
488 966
511 795
714 771
463 935
608 722
519 832
707 816
713 816
411 873
601 686
714 774
491 913
580 774
620 701
521 797
456 920
449 925
631 681
483 821
606 684
456 858
714 768
501 932
726 800
485 817
583 747
611 760
478 840
511 670
504 798
477 937
533 670
442 1009
429 785
496 942
577 828
502 916
708 814
722 791
599 683
693 722
455 979
423 878
582 786
436 792
541 819
636 688
468 939
628 768
723 724
564 834
506 819
518 796
722 792
557 820
554 775
720 796
468 934
489 652
733 718
474 950
464 966
457 976
421 882
485 962
518 673
497 789
663 717
510 800
557 770
488 832
512 799
463 827
678 719
680 716
465 965
437 785
539 670
624 691
433 965
690 725
430 1010
435 787
477 968
438 797
505 977
436 1011
607 672
594 752
489 813
572 777
727 776
439 897
441 1008
481 834
504 658
582 749
469 1012
448 924
715 726
496 816
697 714
676 717
433 873
485 825
673 717
723 757
420 1021
578 775
438 1008
627 778
451 801
464 965
680 698
641 713
460 850
434 793
618 701
446 966
506 790
429 1023
542 817
456 978
498 940
447 1025
604 762
702 721
517 973
486 918
687 703
487 814
464 915
468 832
529 676
558 772
545 778
520 833
552 782
405 878
634 690
620 763
495 645
581 765
573 782
485 810
456 1000
478 941
416 1034
681 714
687 721
708 815
504 934
509 671
437 797
485 971
475 835
575 755
536 670
471 968
728 797
448 920
415 1028
520 816
715 805
537 974
582 768
621 742
604 672
558 767
498 948
580 758
482 626
548 786
467 944
449 969
455 980
420 1018
662 717
419 1014
720 747
582 770
587 760
472 948
458 969
436 786
629 710
455 854
472 838
547 834
509 969
532 678
724 727
489 831
626 773
548 787
464 984
456 1009
519 836
501 926
458 927
680 709
552 791
513 790
724 785
560 783
512 794
415 879
628 757
677 708
429 1018
682 696
423 1033
581 781
414 877
615 746
542 781
605 767
524 803
532 809
452 786
711 815
462 978
716 753
494 934
487 831
416 1035
715 759
523 965
433 1027
484 815
674 709
505 787
686 716
584 755
454 780
501 677
431 878
598 759
627 743
436 1013
685 691
632 683
458 923
629 709
434 901
564 787
505 812
715 760
511 972
619 709
630 777
627 780
477 626
468 935
567 629
553 777
545 841
420 1024
721 727
438 790
708 726
458 932
449 776
522 799
419 876
558 787
398 1027
602 740
605 687
560 830
482 971
445 1025
604 687
718 785
482 833
407 1027
496 951
453 868
420 1023
683 716
578 787
456 977
547 773
537 797
455 930
506 916
462 938
471 645
723 760
454 920
531 806
652 719
722 786
429 1019
620 700
447 930
488 815
496 936
449 799
629 683
721 733
482 959
619 729
557 763
455 817
712 766
711 766
639 690
548 772
691 718
491 647
527 671
711 751
573 778
628 742
684 693
724 777
522 798
726 777
471 945
448 819
719 747
393 1037
461 1012
496 941
460 860
489 964
490 834
604 670
458 968
668 717
614 747
542 813
489 808
423 893
417 879
492 964
497 914
506 803
443 965
425 880
638 680
495 964
687 693
718 758
430 1018
530 971
610 748
556 793
505 659
544 802
621 763
457 939
487 651
701 721
458 933
582 758
495 644
491 816
493 947
479 839
472 832
559 760
622 772
730 721
443 998
644 735
454 784
435 1009
469 957
716 759
629 778
512 672
520 806
438 925
623 707
481 953
726 737
427 888
442 903
561 850
451 789
468 968
463 965
466 934
408 876
469 984
479 636
560 791
523 642
448 921
636 706
720 749
726 799
623 705
514 797
464 935
721 743
454 971
603 678
568 843
646 729
457 936
658 719
628 756
717 786
537 788
477 650
559 792
627 686
566 838
434 1025
455 973
439 789
528 808
535 974
505 970
455 1003
452 989
495 955
718 763
498 822
477 846
528 974
653 736
473 954
510 973
442 789
455 811
564 782
634 709
408 877
518 824
494 929
424 876
722 742
395 1041
573 828
496 643
466 979
706 719
606 690
473 639
652 736
553 821
424 1019
465 984
449 771
504 789
455 927
454 943
613 750
632 684
557 839
688 706
493 916
422 1024
663 712
426 1018
502 933
681 720
457 965
445 806
454 936
431 778
723 758
461 825
579 748
437 1013
720 799
616 772
612 728
628 687
721 765
497 940
576 782
607 770
506 970
456 784
455 1006
519 670
465 966
451 989
537 671
548 833
714 736
436 926
710 725
483 923
631 703
726 738
458 975
493 649
541 793
577 760
717 804
637 687
683 714
539 812
688 724
723 780
631 742
623 691
630 690
716 723
654 721
607 774
531 975
558 786
442 1008
444 890
493 911
462 857
602 771
681 722
472 969
584 761
424 883
410 1030
518 800
463 828
725 804
523 969
630 769
566 850
523 815
488 827
444 781
500 787
455 989
495 924
494 924
484 627
573 756
624 745
507 667
626 760
682 709
636 692
504 931
603 743
436 793
466 966
583 749
582 751
455 857
567 763
539 805
466 939
479 648
719 749
523 972
488 937
704 721
630 692
422 885
488 831
439 918
483 960
434 846
493 946
497 968
467 984
619 703
492 652
615 747
407 1031
455 1004
501 925
712 725
409 876
543 777
631 688
504 669
413 1038
706 718
566 819
561 852
563 785
636 691
689 726
598 752
580 781
688 705
631 691
512 931
424 1014
433 777
507 970
453 987
422 1033
694 722
632 682
565 816
471 965
721 775
476 939
523 802
440 918
608 724
722 790
428 1034
602 680
546 834
558 841
479 634
474 971
421 896
429 1030
726 746
721 785
610 723
525 971
436 966
726 743
527 801
604 775
538 672
567 815
682 698
473 951
454 973
457 815
724 721
452 809
474 980
405 1027
477 844
457 821
443 967
647 685
497 947
558 820
541 786
423 1035
524 801
565 838
507 786
553 762
523 811
602 746
462 1012
719 770
424 881
445 968
535 803
450 813
449 794
519 973
492 814
638 679
681 698
560 856
502 791
499 923
722 782
718 772
487 964
520 674
518 801
416 1031
615 728
689 700
428 863
480 960
625 687
450 818
517 818
490 810
533 678
666 718
482 632
644 734
481 647
627 707
453 813
649 716
551 833
428 1010
432 964
459 977
556 820
420 1015
533 975
578 776
462 923
497 935
543 804
487 938
505 968
605 673
489 651
505 930
481 955
498 960
449 927
453 988
483 957
637 676
506 968
552 765
451 786
727 802
689 728
539 811
526 807
460 858
636 676
695 719
617 744
416 1032
500 913
729 721
443 918
600 764
613 771
620 706
627 709
627 710
626 712
626 713
467 1009
485 816
517 821
496 914
444 905
606 686
425 876
486 966
687 725
496 932
448 892
453 984
485 824
495 937
466 831
717 753
535 785
504 672
628 688
680 724
475 970
496 817
548 834
723 743
649 735
469 944
498 980
479 848
515 798
418 1032
490 825
723 783
496 950
456 971
441 910
440 1018
624 690
640 685
556 830
487 833
606 687
636 716
463 978
469 982
479 638
559 853
672 705
627 768
472 640
618 728
507 816
626 762
448 922
507 932
593 751
450 929
474 632
474 640
529 673
638 681
476 943
616 745
720 786
473 955
564 791
559 781
627 687
722 731
726 725
488 819
523 968
534 805
456 1008
626 714
429 888
521 964
466 962
454 983
487 919
626 689
499 981
506 786
638 686
468 829
497 791
474 838
408 878
470 975
444 1001
583 771
514 799
453 989
715 730
482 647
503 630
460 1014
424 1034
583 759
565 788
488 828
640 732
517 673
478 955
622 690
454 779
606 680
503 798
574 780
481 942
620 707
476 941
619 708
412 873
718 767
475 632
606 674
614 702
505 915
423 1020
496 925
444 794
424 896
467 833
476 848
431 964
562 837
726 722
468 1010
716 798
563 786
646 727
560 852
474 945
438 907
502 937
605 747
501 981
445 894
604 742
542 820
477 848
614 727
725 776
606 685
486 821
577 829
728 786
489 913
570 784
414 1038
683 698
446 797
583 766
572 843
715 806
467 945
459 937
713 811
514 669
738 720
573 830
508 932
675 699
499 680
488 817
653 721
581 758
692 724
518 816
627 714
628 714
627 715
629 714
627 716
629 715
627 717
630 715
626 717
631 715
625 717
632 715
631 716
631 714
625 718
625 716
633 715
632 716
631 717
631 713
625 715
580 776
631 718
632 713
631 712
632 718
631 719
632 712
631 711
633 718
630 719
631 720
633 712
631 710
634 718
633 719
629 719
634 719
629 720
486 642
634 720
628 720
634 721
628 721
627 721
628 722
626 721
629 722
628 723
625 721
629 723
627 723
626 723
625 723
626 724
624 723
500 915
624 724
613 701
623 724
613 700
623 725
614 700
623 726
612 700
613 699
623 727
613 698
612 698
624 727
623 728
612 697
480 629
622 728
623 729
612 695
437 898
618 708
617 708
616 708
617 709
617 707
615 708
614 708
615 709
613 708
615 710
613 707
616 710
615 711
612 707
613 706
615 712
613 705
615 713
612 705
613 704
616 713
611 705
613 703
617 713
711 769
613 702
617 714
617 712
438 916
423 1018
626 725
627 725
627 726
628 726
629 726
628 727
629 725
628 728
630 725
628 729
631 725
629 729
628 730
632 725
631 726
629 730
628 731
632 726
632 724
631 727
629 731
628 732
633 726
631 728
630 731
628 733
630 728
631 729
631 731
628 734
632 729
631 732
628 735
633 729
631 733
629 735
627 735
628 736
634 729
633 728
632 733
630 733
626 735
628 737
635 729
632 734
626 736
636 729
635 728
633 734
626 737
637 729
636 730
635 727
625 737
638 729
636 731
636 727
624 737
625 738
639 729
638 728
635 731
436 781
624 736
625 739
640 729
634 731
635 732
623 736
625 740
635 733
623 735
625 741
636 733
635 734
623 734
624 741
637 733
636 734
623 741
624 742
638 733
637 732
622 741
623 740
624 743
639 733
638 732
622 740
623 739
625 743
624 744
640 733
638 731
600 689
601 689
599 689
600 690
598 689
598 690
597 690
596 690
596 689
595 689
594 689
593 689
594 688
593 690
592 690
593 691
591 690
594 691
590 690
595 691
589 690
590 689
595 692
589 691
589 689
590 688
596 692
588 691
589 692
589 688
590 687
597 692
587 691
588 688
590 686
597 693
586 691
591 686
590 685
598 693
597 694
585 691
586 692
592 686
599 693
597 695
584 691
586 693
600 693
599 692
596 695
583 691
584 690
600 694
599 691
595 695
583 690
600 695
594 695
583 689
593 695
582 689
583 688
592 695
593 694
581 689
583 687
591 695
593 693
580 689
582 687
591 696
580 690
581 687
591 697
579 690
581 686
591 698
578 690
579 691
581 685
592 698
590 698
591 699
577 690
578 689
581 684
593 698
592 699
589 698
577 691
577 689
582 684
581 683
593 697
592 700
589 697
576 691
577 692
576 689
582 683
581 682
594 697
592 701
589 696
575 689
583 683
582 682
581 681
593 701
589 695
584 683
583 682
581 680
593 702
585 683
580 680
581 679
593 703
586 683
585 682
580 679
581 678
594 703
592 703
587 683
586 682
580 678
582 678
595 703
591 703
592 704
588 683
579 678
582 677
596 703
595 704
595 702
592 705
588 682
578 678
583 677
595 705
589 682
577 678
594 705
595 706
590 682
576 678
577 679
596 706
591 682
590 681
575 678
597 706
596 707
591 683
590 680
575 677
598 706
597 707
596 708
592 683
591 680
589 680
590 679
574 677
599 706
597 708
595 708
593 683
590 678
573 677
600 706
599 705
595 709
589 678
572 677
601 706
599 704
572 678
572 676
601 705
600 704
571 676
572 675
602 705
570 676
602 704
570 675
603 704
570 674
604 704
570 673
605 704
604 705
570 672
606 704
571 672
607 704
606 705
606 703
572 672
607 703
606 702
573 672
572 673
608 703
605 702
606 701
574 672
573 671
609 703
604 702
607 701
606 700
574 673
573 670
603 702
574 670
572 670
573 669
575 670
571 670
572 669
576 670
575 669
570 670
576 671
575 668
576 668
575 667
577 668
576 667
574 667
575 666
578 668
575 665
575 664
576 664
575 663
576 663
574 663
575 662
573 663
575 661
573 664
576 661
574 661
572 664
574 660
571 664
572 665
570 664
572 666
569 664
572 667
569 665
569 663
568 665
569 662
567 665
570 662
568 662
567 666
571 662
567 662
568 661
567 667
567 663
567 668
566 663
566 668
567 669
565 663
564 663
563 663
564 664
564 662
563 664
564 665
564 661
562 664
563 665
564 666
565 661
563 661
564 667
565 660
564 668
565 659
564 659
564 658
563 658
564 657
563 657
564 656
562 657
565 656
564 655
561 657
563 655
562 655
561 655
562 654
560 655
561 654
562 653
560 656
562 652
563 652
562 651
564 652
563 651
562 650
564 651
563 650
562 649
561 649
562 648
560 649
563 648
559 649
564 648
558 649
564 647
557 649
564 646
556 649
557 648
565 646
555 649
556 650
565 645
555 650
555 648
566 645
554 648
567 645
566 644
553 648
567 646
566 643
553 649
553 647
568 646
566 642
552 649
553 646
569 646
565 642
566 641
552 650
554 646
569 645
567 641
566 640
552 651
570 645
568 641
566 639
553 651
552 652
571 645
428 1018
568 640
567 639
565 639
554 651
551 652
552 653
572 645
571 646
565 638
550 652
553 653
552 654
572 646
565 637
549 652
550 651
554 653
573 646
572 647
564 637
549 653
550 650
554 654
574 646
573 647
564 636
549 654
550 649
554 655
574 647
574 645
573 648
563 636
564 635
548 654
549 655
550 648
555 655
575 647
563 635
547 654
548 655
549 656
551 648
549 648
550 647
556 655
555 656
575 648
562 635
546 654
548 648
549 647
575 649
562 634
545 654
546 653
549 646
561 634
544 654
545 653
549 645
561 633
544 655
544 653
548 645
561 632
543 655
544 652
548 644
562 632
560 632
542 655
543 656
543 652
544 651
547 644
562 631
559 632
541 655
542 654
543 651
546 644
547 643
563 631
559 631
540 655
541 654
542 651
543 650
545 644
546 645
563 630
559 630
540 656
541 651
543 649
544 644
546 646
564 630
563 629
558 630
559 629
539 656
540 657
541 650
545 646
546 647
565 630
562 629
563 628
558 629
559 628
541 657
541 649
547 647
566 630
561 629
564 628
557 629
558 628
540 649
566 629
558 627
540 648
557 627
558 626
540 647
556 627
558 625
541 647
540 646
556 628
557 625
558 624
540 645
555 628
556 625
557 624
558 623
540 644
554 628
555 629
555 625
557 623
559 623
540 643
553 628
555 630
560 623
559 622
539 643
552 628
553 629
561 623
560 622
538 643
539 642
551 628
552 627
553 630
562 623
560 621
537 643
539 641
551 627
552 626
562 622
561 621
536 643
537 642
540 641
539 640
550 627
551 626
553 626
552 625
563 622
535 643
536 644
537 641
541 641
539 639
549 627
550 626
551 625
552 624
564 622
563 621
535 644
535 642
537 640
542 641
539 638
549 628
551 624
565 622
564 623
563 620
534 642
536 640
543 641
542 642
538 638
539 637
550 624
566 622
564 624
564 620
533 642
534 641
536 639
543 642
543 640
540 637
539 636
549 624
567 622
563 624
564 619
532 642
533 643
534 640
544 642
544 640
543 639
541 637
538 636
539 635
567 623
567 621
565 619
531 642
532 641
533 644
533 640
545 642
544 639
542 637
541 638
538 635
540 635
568 623
567 624
567 620
443 905
532 644
533 639
545 641
543 637
542 638
541 639
568 624
567 619
556 844
532 645
546 641
544 637
471 646
531 645
532 646
547 641
546 640
544 636
445 892
447 892
533 646
532 647
545 636
431 905
534 646
532 648
546 636
446 892
573 841
534 647
531 648
532 649
547 636
546 635
470 646
534 648
530 648
532 650
547 637
547 635
471 647
535 648
534 649
529 648
548 635
445 903
535 649
534 650
529 647
549 635
548 634
435 906
573 833
607 686
534 651
528 647
549 636
549 634
444 903
533 651
528 646
434 906
433 905
533 652
527 646
446 894
532 652
526 646
527 645
434 905
531 652
525 646
526 645
557 844
556 839
524 646
525 647
526 644
434 904
445 895
525 644
443 901
444 900
525 643
443 900
525 642
434 902
524 642
694 723
444 896
524 641
442 900
435 901
442 896
523 641
460 1011
442 898
436 901
522 641
442 897
441 897
522 640
437 900
436 899
438 899
522 639
439 896
440 897
522 638
438 897
436 892
437 897
521 638
436 893
437 896
520 638
435 896
434 896
435 895
421 897
418 890
519 638
520 637
417 891
418 891
417 892
433 894
519 639
520 636
419 892
431 894
423 895
421 892
430 893
519 640
521 636
519 636
430 892
423 892
428 890
467 845
520 640
518 640
522 636
521 635
519 635
466 845
466 846
466 847
517 640
518 635
467 847
465 847
468 846
463 847
516 640
517 641
517 635
462 847
461 847
462 848
516 639
516 635
517 636
462 846
460 847
461 848
462 850
515 635
459 848
459 846
460 849
458 848
459 845
514 635
515 636
457 845
459 851
456 845
459 852
455 845
514 634
458 852
454 844
456 852
458 854
461 853
514 633
453 843
455 853
458 856
452 842
514 632
455 855
458 858
482 960
495 963
457 974
455 978
513 632
449 843
454 858
482 961
461 985
512 632
449 842
453 858
493 965
448 842
449 841
511 632
512 633
454 860
462 985
493 964
512 634
447 841
512 635
453 861
512 636
464 982
484 962
511 636
445 841
446 840
510 636
452 862
472 986
510 637
445 842
445 840
509 637
510 638
452 863
486 962
510 639
445 839
452 864
467 986
511 639
510 640
443 842
444 839
445 838
511 640
509 640
510 641
452 865
487 962
533 674
445 837
511 641
509 641
510 642
453 865
511 642
508 641
509 642
510 643
451 865
441 842
512 642
508 642
442 843
442 841
512 643
507 642
446 837
445 836
512 644
506 642
450 865
451 866
512 645
505 642
506 641
442 844
450 864
513 645
512 646
505 643
505 641
506 640
451 867
441 844
442 845
449 864
513 646
512 647
504 643
505 644
506 639
452 867
450 867
451 868
511 647
503 643
504 644
506 644
505 639
506 638
440 844
443 845
449 863
453 867
511 648
502 643
503 642
504 645
507 644
506 645
505 638
507 638
449 867
439 844
448 863
511 649
503 641
503 645
504 646
505 637
449 868
438 844
439 843
447 863
455 867
512 649
511 650
503 646
505 646
505 636
449 869
437 844
446 863
447 864
447 862
513 649
512 650
511 651
503 647
504 636
456 867
437 843
446 864
446 862
457 867
513 650
510 651
511 652
502 647
503 648
504 635
456 866
437 846
436 843
509 651
511 653
503 649
430 890
445 864
446 861
435 843
444 864
509 652
512 653
510 653
504 649
408 870
446 860
435 846
434 843
443 864
447 860
435 847
513 653
505 649
406 880
405 877
433 843
442 864
448 860
433 846
432 843
514 653
513 654
505 650
425 892
426 891
442 865
431 843
442 866
431 846
430 843
431 842
513 655
505 651
430 887
429 890
408 871
430 846
431 845
431 841
442 868
431 840
443 868
440 868
514 655
506 651
505 652
407 880
441 869
439 868
438 868
439 867
437 867
436 869
515 655
514 656
507 651
504 652
437 870
434 869
435 870
435 868
433 869
433 868
436 871
434 871
435 872
436 872
514 657
507 652
507 650
504 653
435 873
431 868
432 867
435 874
430 868
431 867
432 866
435 875
430 869
514 658
503 653
432 865
433 874
433 872
432 872
429 870
430 865
432 863
433 877
428 865
515 658
514 659
502 653
503 654
429 864
429 863
431 861
432 878
425 865
427 863
430 878
422 865
516 658
513 659
502 652
423 866
428 879
467 860
468 859
467 859
466 859
465 857
465 859
460 859
517 658
513 660
502 651
461 858
533 677
530 679
530 677
527 669
526 671
527 672
520 673
517 659
517 657
513 661
501 651
513 668
515 668
517 670
498 680
499 679
512 670
514 670
500 679
517 660
512 661
500 651
513 670
502 676
510 672
502 675
510 671
505 677
505 674
507 672
505 673
518 660
511 661
500 652
500 650
506 672
558 843
557 840
572 839
573 836
571 836
572 837
556 836
569 838
518 661
510 661
511 660
499 652
499 650
560 836
560 838
568 838
561 836
564 837
565 828
567 830
509 661
510 662
510 660
498 652
498 650
499 649
564 836
563 832
566 815
563 831
565 815
561 832
556 832
508 661
509 662
510 663
510 659
498 653
497 650
499 648
557 831
558 830
554 827
553 826
508 662
510 658
497 653
497 651
497 649
562 821
563 822
556 828
558 828
556 826
507 662
508 663
509 658
510 657
496 651
497 648
561 823
558 827
557 826
422 1017
422 1021
431 1018
506 662
508 658
496 648
497 647
418 1011
485 918
485 917
482 916
509 917
510 916
423 1019
506 663
507 658
495 648
496 647
419 1013
484 916
484 915
507 916
508 915
425 1019
422 1013
421 1014
506 664
506 658
507 659
494 648
496 646
486 909
484 912
503 917
425 1016
424 1015
503 916
505 664
505 658
493 648
494 649
495 646
496 645
505 914
425 1015
565 618
565 617
565 616
566 616
565 615
564 615
563 615
564 614
563 616
562 616
561 616
560 616
561 617
561 615
559 616
559 617
559 615
559 614
559 613
558 613
559 612
557 613
559 611
556 613
557 612
555 613
554 613
553 613
554 614
552 613
553 612
554 615
551 613
552 614
553 615
550 613
552 615
550 614
550 612
551 615
549 614
550 611
548 614
551 611
550 610
547 614
550 609
546 614
547 615
547 613
549 609
550 608
546 615
548 609
549 608
550 607
545 615
547 609
548 610
551 607
550 606
544 615
546 609
547 610
550 605
546 608
549 605
550 604
545 608
546 607
548 605
550 603
546 606
548 606
550 602
545 606
546 605
551 602
550 601
544 606
546 604
552 602
551 601
550 600
546 603
553 602
552 603
551 600
550 599
545 603
546 602
554 602
552 600
549 599
545 602
555 602
553 600
552 599
545 601
556 602
555 603
554 600
553 599
552 598
557 602
555 604
555 600
552 597
556 604
554 604
555 599
553 597
552 596
557 604
554 605
554 597
554 596
539 972
554 595
553 595
554 594
555 594
554 593
556 594
553 593
557 594
556 593
557 595
556 592
558 595
557 596
556 591
558 596
557 597
556 590
558 597
557 590
555 590
556 589
556 588
557 588
556 587
557 587
555 587
557 586
554 587
558 586
554 586
559 586
554 585
560 586
559 587
553 585
554 584
561 586
559 588
554 583
561 587
561 585
555 583
554 582
562 585
553 582
554 581
562 584
552 582
553 581
554 580
563 584
562 583
551 582
553 580
554 579
564 584
563 583
562 582
550 582
554 578
565 584
549 582
550 583
565 585
565 583
548 582
550 584
566 585
565 586
565 582
547 582
548 583
550 585
566 586
565 587
566 582
546 582
550 586
567 586
565 588
566 581
545 582
546 583
550 587
566 588
564 588
565 589
567 581
545 583
545 581
550 588
564 589
565 590
568 581
567 580
545 580
549 588
563 589
564 590
566 590
565 591
569 581
568 582
567 579
544 580
545 579
548 588
563 590
566 591
570 581
566 579
567 578
543 580
547 588
548 589
548 587
563 591
567 591
570 582
570 580
566 578
542 580
546 588
548 590
548 586
568 591
567 592
571 580
565 578
541 580
546 587
548 591
547 586
569 591
567 593
572 580
571 579
565 577
541 579
549 591
547 591
547 585
570 591
568 593
573 580
565 576
540 579
541 578
550 591
549 592
570 592
573 581
573 579
566 576
565 575
539 579
550 590
549 593
573 582
573 578
567 576
564 575
538 579
539 580
539 578
551 590
548 593
573 583
574 578
573 577
567 575
563 575
538 580
539 577
552 590
547 593
573 584
575 578
573 576
562 575
563 574
537 580
552 591
572 584
573 585
573 575
561 575
563 573
537 581
553 591
574 575
560 575
561 574
536 581
575 575
574 574
560 576
560 574
535 581
576 575
559 576
560 577
559 574
560 573
534 581
577 575
561 577
559 573
560 572
533 581
534 582
534 580
577 574
562 577
558 573
559 572
561 572
532 581
533 582
534 579
577 573
558 572
561 571
532 582
535 579
534 578
578 573
557 572
561 570
531 582
532 583
536 579
534 577
578 572
556 572
557 571
562 570
530 582
533 577
579 572
555 572
556 571
562 569
529 582
532 577
580 572
554 572
555 573
562 568
531 577
581 572
580 573
554 573
561 568
530 577
581 571
554 574
560 568
530 578
530 576
581 570
559 568
560 569
560 567
530 579
529 576
558 568
559 567
560 566
528 576
557 568
558 567
527 576
527 577
527 575
527 578
526 575
527 579
525 575
527 580
524 575
525 576
527 581
523 575
524 574
527 582
524 573
527 583
523 573
527 584
522 573
528 584
527 585
522 574
522 572
529 584
526 585
527 586
521 574
522 571
525 585
528 586
527 587
520 574
523 571
521 571
527 588
519 574
520 575
523 570
527 589
518 574
520 576
524 570
523 569
528 589
527 590
518 575
518 573
525 570
523 568
528 590
527 591
517 575
518 576
517 573
526 570
523 567
529 590
528 591
516 575
518 577
516 573
527 570
526 569
524 567
522 567
530 590
516 574
519 577
517 577
516 572
527 571
526 568
521 567
522 566
530 591
530 589
519 578
516 577
515 572
516 571
525 568
520 567
531 591
530 592
531 589
530 588
520 578
515 577
517 571
516 570
532 591
531 592
532 589
521 578
520 579
514 577
515 570
532 592
533 589
520 580
513 577
514 570
533 592
532 593
534 589
519 580
513 578
513 576
514 571
514 569
534 592
532 594
535 589
518 580
512 578
514 568
535 592
532 595
536 589
535 588
517 580
518 581
511 578
512 579
514 567
536 592
532 596
537 589
536 588
516 580
517 581
518 582
511 579
512 580
515 567
532 597
538 589
537 588
536 587
516 579
517 582
518 583
510 579
516 567
531 597
532 598
538 590
537 587
519 583
518 584
509 579
510 580
517 567
516 566
532 599
539 590
537 586
520 583
518 585
508 579
509 580
517 566
516 565
533 599
532 600
540 590
537 585
521 583
519 585
508 578
509 581
516 564
532 601
541 590
521 582
519 586
508 577
508 581
516 563
532 602
541 591
521 581
520 586
519 587
507 577
508 576
517 563
533 602
522 581
521 586
518 587
506 577
508 575
517 562
534 602
523 581
521 587
518 588
506 578
507 575
508 574
518 562
535 602
522 587
518 589
506 579
507 574
519 562
518 561
535 601
523 587
519 589
517 589
518 590
505 579
507 573
519 563
518 560
536 601
535 600
523 586
520 589
519 590
516 589
504 579
506 573
507 572
518 559
537 601
515 589
503 579
506 572
519 559
537 602
514 589
515 588
503 580
503 578
520 559
514 590
515 587
503 581
502 578
503 577
520 558
513 590
516 587
514 587
515 586
502 581
503 582
501 578
502 577
504 577
520 557
513 587
501 581
502 582
504 582
500 578
501 579
502 576
520 556
512 587
513 586
500 581
505 582
500 577
501 576
519 556
520 555
511 587
500 582
499 577
520 554
510 587
511 588
511 586
500 583
499 576
519 554
520 553
511 589
511 585
499 583
499 575
521 553
499 584
498 575
499 574
522 553
498 584
497 575
522 554
522 552
497 584
498 585
497 574
523 554
522 551
497 585
497 583
498 586
496 574
524 554
523 551
496 583
498 587
495 574
524 555
524 551
498 588
494 574
495 575
525 555
525 551
498 589
493 574
494 573
526 551
525 550
498 590
492 574
493 573
494 572
526 552
525 549
499 590
498 591
491 574
494 571
527 552
525 548
500 590
491 575
491 573
495 571
528 552
527 553
526 548
525 547
501 590
491 576
491 572
495 570
529 552
526 547
524 547
501 591
490 576
490 572
491 571
496 570
530 552
529 551
526 546
523 547
524 546
502 591
489 572
491 570
497 570
530 553
529 550
527 546
526 545
523 546
503 591
502 592
488 572
491 569
497 569
531 553
530 550
529 549
523 545
504 591
503 592
502 593
487 572
488 571
498 569
497 568
530 549
528 549
522 545
523 544
505 591
502 594
486 572
499 569
497 567
522 544
524 544
505 590
503 594
501 594
486 573
486 571
497 566
521 544
506 590
505 589
485 571
496 566
521 543
507 590
505 588
484 571
521 542
507 591
504 588
483 571
521 541
508 591
503 588
483 572
520 541
521 540
509 591
482 572
483 573
519 541
520 540
521 539
509 592
483 574
519 540
521 538
509 593
482 574
483 575
518 540
522 538
509 594
481 574
483 576
517 540
510 594
508 594
481 573
484 576
482 576
516 540
511 594
480 573
516 541
516 539
511 595
480 572
516 542
516 538
511 596
480 571
517 542
516 543
515 538
516 537
479 571
515 543
514 538
517 537
516 536
479 570
514 543
518 537
515 536
516 535
479 569
514 544
514 536
516 534
478 569
479 568
514 545
513 536
477 569
515 545
514 546
512 536
476 569
477 568
514 547
511 536
475 569
511 537
511 535
474 569
510 537
511 538
510 535
473 569
474 570
509 537
510 538
510 534
473 570
473 568
474 571
508 537
509 538
509 534
510 533
472 570
473 567
475 571
507 537
508 536
508 534
510 532
471 570
473 566
476 571
475 572
506 537
507 538
508 533
510 531
474 566
473 565
475 573
505 537
506 538
510 530
472 565
474 573
505 536
510 529
473 573
474 574
504 536
505 535
509 529
473 574
474 575
506 535
505 534
509 528
472 574
475 575
474 576
505 533
509 527
471 574
476 575
475 576
473 576
504 533
505 532
508 527
470 574
476 576
475 577
473 577
503 533
507 527
469 574
470 573
477 576
475 578
472 577
473 578
502 533
506 527
468 574
469 573
478 576
475 579
501 533
506 526
467 574
468 573
476 579
500 533
501 532
506 525
466 574
468 572
477 579
499 533
500 532
501 531
506 524
466 573
468 571
478 579
477 580
498 533
502 531
501 530
466 572
469 571
468 570
478 580
477 581
497 533
498 532
502 530
500 530
467 570
476 581
477 582
498 531
502 529
500 529
467 569
477 583
499 531
503 529
502 528
467 568
478 583
477 584
502 527
467 567
479 583
476 584
502 526
466 567
480 583
475 584
476 585
501 526
502 525
466 566
475 583
476 586
503 525
502 524
465 566
466 565
475 582
502 523
464 566
467 565
501 523
463 566
467 564
500 523
463 565
468 564
499 523
500 522
462 565
468 563
498 523
500 521
461 565
462 564
469 563
468 562
497 523
500 520
461 566
462 563
470 563
468 561
496 523
500 519
461 567
461 563
470 564
470 562
468 560
495 523
501 519
500 518
460 567
461 562
469 560
467 560
495 524
495 522
501 518
499 518
460 568
461 561
470 560
467 559
495 521
501 517
498 518
499 517
459 568
460 569
462 561
460 561
466 559
494 521
502 517
501 516
458 568
459 569
460 560
466 558
493 521
503 517
501 515
457 568
458 569
492 521
503 516
500 515
501 514
456 568
457 569
457 567
492 520
504 516
503 515
500 514
455 568
456 569
492 519
505 516
503 514
500 513
454 568
455 567
493 519
491 519
500 512
454 569
454 567
490 519
501 512
499 512
454 570
453 567
490 520
502 512
501 511
498 512
453 570
454 571
453 566
490 521
503 512
502 511
501 510
497 512
452 570
452 566
489 521
503 511
501 509
496 512
452 571
451 566
488 521
501 508
496 513
450 566
451 567
487 521
502 508
501 507
495 513
450 567
450 565
451 568
487 522
487 520
503 508
502 507
500 507
495 514
450 568
450 564
486 522
487 523
504 508
502 506
499 507
495 515
449 568
451 564
485 522
487 524
505 508
498 507
499 508
496 515
494 515
495 516
449 569
452 564
451 563
484 522
485 523
488 524
506 508
497 507
499 509
497 515
493 515
449 570
451 562
483 522
484 521
485 524
507 508
498 509
497 516
450 570
449 571
452 562
482 522
484 520
484 524
485 525
507 507
497 509
497 517
449 572
453 562
452 561
482 521
483 524
508 507
507 506
496 509
449 573
453 563
452 560
482 520
482 524
508 506
506 506
495 509
450 573
453 560
451 560
452 559
481 520
482 525
508 505
506 505
494 509
495 510
450 574
454 560
450 560
452 558
481 519
482 526
509 505
508 504
505 505
494 510
450 575
455 560
449 560
451 558
481 518
510 505
508 503
505 504
450 576
448 560
451 557
507 503
505 503
449 576
450 577
448 559
505 502
448 576
449 577
451 577
450 578
447 559
505 501
447 576
447 558
506 501
504 501
447 577
447 575
446 558
503 501
504 500
446 577
445 558
446 557
502 501
503 502
504 499
446 578
444 558
445 557
501 501
505 499
503 499
445 578
444 557
500 501
501 502
506 499
505 498
503 498
445 579
443 557
444 556
499 501
501 503
507 499
506 498
502 498
503 497
445 580
444 555
498 501
499 502
499 500
506 497
445 581
445 555
444 554
498 502
507 497
506 496
446 581
445 582
444 553
498 503
507 496
444 582
445 553
443 553
497 503
498 504
508 496
443 582
445 552
442 553
497 504
499 504
509 496
508 495
443 581
446 552
445 551
441 553
496 504
497 505
499 505
510 496
508 494
442 581
447 552
446 551
441 552
495 504
510 497
508 493
441 581
442 580
447 553
440 552
441 551
495 505
511 497
509 493
507 493
440 581
441 582
448 553
447 554
439 552
441 550
495 506
511 498
509 492
506 493
439 581
438 552
442 550
440 550
441 549
494 506
512 498
509 491
506 492
439 582
439 580
437 552
438 553
443 550
441 548
493 506
513 498
512 499
509 490
506 491
439 583
436 552
437 553
437 551
438 554
444 550
443 551
441 547
492 506
512 500
510 490
508 490
506 490
438 583
436 553
437 554
438 555
441 546
491 506
513 500
511 490
507 490
505 490
437 583
435 553
438 556
440 546
441 545
491 507
491 505
513 501
512 490
511 489
505 489
436 583
437 584
434 553
438 557
440 545
491 504
513 490
511 488
505 488
435 583
437 585
434 554
434 552
437 557
438 558
440 544
491 503
514 490
513 489
512 488
511 487
506 488
505 487
434 583
435 582
433 554
434 555
438 559
440 543
491 502
515 490
514 491
507 488
505 486
433 583
435 581
432 554
434 556
441 543
439 543
492 502
491 501
516 490
507 487
506 486
505 485
432 583
431 554
441 542
438 543
490 501
491 500
508 487
507 486
505 484
432 584
432 582
430 554
442 542
490 500
504 484
505 483
431 584
432 581
429 554
489 500
504 483
506 483
430 584
431 581
429 555
429 553
488 500
504 482
429 584
430 585
431 580
428 555
487 500
488 501
504 481
428 584
429 583
430 586
431 579
427 555
428 556
486 500
487 499
505 481
503 481
429 582
431 586
430 587
430 579
431 578
426 555
428 557
485 500
505 480
502 481
428 582
429 581
430 588
431 577
425 555
426 556
426 554
429 557
484 500
485 501
502 480
430 589
431 576
424 555
425 554
429 558
483 500
501 480
502 479
429 589
430 590
432 576
430 576
423 555
424 556
425 553
482 500
501 479
433 576
429 576
422 555
424 557
425 552
481 500
501 478
434 576
433 577
433 575
428 576
429 575
422 554
425 557
423 557
425 551
480 500
481 499
501 477
435 576
433 574
427 576
428 577
421 554
422 553
424 551
425 550
479 500
480 501
502 477
434 574
427 575
428 578
420 554
422 552
425 549
478 500
503 477
435 574
434 573
427 574
427 578
419 554
423 552
424 549
425 548
477 500
503 476
436 574
427 573
427 579
419 553
423 549
477 501
477 499
503 475
437 574
427 572
426 579
419 552
422 549
477 502
476 499
502 475
503 474
438 574
426 572
426 580
418 552
419 551
422 548
476 502
477 503
476 498
501 475
504 474
503 473
438 573
425 572
417 552
420 551
421 548
422 547
477 504
476 497
500 475
503 472
439 573
438 572
425 573
425 571
416 552
420 548
422 546
477 505
477 497
475 497
499 475
500 476
500 474
440 573
425 570
416 553
419 548
421 546
422 545
478 505
477 506
478 497
474 497
498 475
499 476
500 473
441 573
424 570
416 554
418 548
421 545
423 545
422 544
479 505
478 506
478 496
474 498
474 496
498 474
501 473
499 473
500 472
441 574
441 572
417 554
415 554
417 548
423 544
422 543
479 506
478 507
479 496
474 495
498 473
500 471
441 575
441 571
417 547
424 544
423 543
421 543
422 542
480 506
478 508
479 495
474 494
497 473
498 472
500 470
440 575
441 576
441 570
425 544
423 542
421 542
481 506
478 509
479 494
473 494
474 493
496 473
497 472
501 470
500 469
440 576
442 576
441 577
442 570
440 570
426 544
425 545
424 542
423 541
420 542
481 505
478 510
480 494
479 493
472 494
495 473
502 470
500 468
439 576
440 577
442 577
442 569
440 569
427 544
426 543
423 540
419 542
481 504
477 510
481 494
479 492
471 494
472 493
494 473
495 474
502 469
500 467
439 577
443 569
440 568
428 544
427 543
424 540
423 539
418 542
482 504
480 504
481 503
476 510
477 511
481 495
480 492
470 494
472 492
494 472
495 475
501 467
499 467
429 544
424 539
417 542
476 511
482 495
481 496
480 491
471 492
493 472
494 471
495 476
501 466
498 467
429 543
424 538
416 542
417 541
475 511
482 496
481 497
480 490
471 491
492 472
495 477
502 466
497 467
430 543
429 542
416 543
417 540
475 512
482 497
480 489
471 490
492 473
496 477
494 477
503 466
430 542
428 542
429 541
416 544
417 539
474 512
475 513
482 498
470 490
471 489
491 473
497 477
493 477
503 465
431 542
429 540
417 544
415 544
417 538
473 512
474 513
475 514
470 489
472 489
490 473
491 474
498 477
492 477
431 541
418 544
417 545
416 538
473 511
470 488
473 489
472 488
489 473
490 472
498 478
491 477
492 478
492 476
415 538
472 511
473 510
469 488
470 487
474 489
488 473
489 474
490 471
490 477
492 479
492 475
414 538
415 539
472 510
474 510
473 509
470 486
487 473
488 474
490 470
491 479
414 537
471 510
474 509
473 508
471 486
470 485
487 474
487 472
489 470
490 479
414 536
471 509
473 507
471 485
486 472
487 471
488 470
490 480
413 536
414 535
470 509
472 507
473 506
472 485
471 484
486 471
488 471
488 469
489 480
490 481
412 536
414 534
469 509
470 508
473 505
471 483
487 469
488 480
491 481
411 536
412 537
412 535
415 534
413 534
414 533
469 508
474 505
473 504
470 483
471 482
488 479
491 482
410 536
411 535
416 534
468 508
473 503
469 483
471 481
488 478
492 482
410 537
411 534
417 534
467 508
469 484
472 481
493 482
410 538
411 533
417 533
467 509
467 507
473 481
472 480
410 539
411 532
418 533
467 510
467 506
474 481
472 479
409 539
410 540
412 532
419 533
467 511
475 481
473 479
471 479
408 539
410 541
412 531
420 533
419 534
466 511
473 478
407 539
410 542
412 530
421 533
466 512
474 478
473 477
407 540
413 530
412 529
422 533
475 478
473 476
406 540
414 530
412 528
423 533
474 476
406 541
414 529
424 533
423 534
474 475
406 542
414 528
425 533
475 475
474 474
407 542
405 542
415 528
414 527
425 532
473 474
474 473
407 543
404 542
415 527
413 527
426 532
425 531
472 474
408 543
403 542
415 526
413 526
426 531
472 473
409 543
402 542
403 543
403 541
416 526
413 525
426 530
472 472
409 544
401 542
402 543
417 526
416 525
427 530
426 529
473 472
472 471
410 544
409 545
401 541
402 544
418 526
417 527
416 524
427 529
425 529
471 471
472 470
411 544
410 545
401 540
402 545
419 526
418 527
417 528
416 523
428 529
427 528
424 529
470 471
472 469
412 544
411 545
402 540
401 539
401 545
402 546
420 526
418 528
417 529
415 523
416 522
429 529
427 527
423 529
424 530
424 528
471 469
472 468
411 546
400 539
400 545
401 546
419 528
418 529
416 521
430 529
426 527
422 529
424 527
472 467
412 546
399 545
400 546
401 547
415 521
430 530
421 529
422 530
424 526
473 467
471 467
413 546
399 546
399 544
401 548
415 520
431 530
430 531
420 529
474 467
470 467
471 466
399 547
399 543
402 548
415 519
432 530
475 467
474 468
470 466
400 543
398 543
402 549
416 519
415 518
476 467
470 465
397 543
403 549
416 518
414 518
415 517
476 466
470 464
396 543
397 544
403 550
476 465
471 464
469 464
396 542
397 545
476 464
472 464
471 463
468 464
469 463
395 542
396 541
396 545
476 463
467 464
468 465
468 463
469 462
394 542
397 541
395 545
477 463
467 463
468 466
469 461
394 543
394 541
398 541
395 546
466 463
467 466
468 467
468 461
469 460
393 543
394 544
393 541
394 540
394 546
395 547
465 463
466 462
466 466
468 468
392 543
392 541
393 540
395 540
393 546
396 547
465 464
466 461
465 466
466 465
468 469
391 543
392 544
392 542
391 541
393 539
392 546
393 547
396 548
465 461
464 466
467 469
391 542
392 545
390 541
391 540
393 538
393 548
397 548
464 461
465 460
464 467
466 469
467 470
391 545
393 537
463 461
465 459
463 467
465 469
390 545
394 537
462 461
466 459
465 458
462 467
464 469
390 546
390 544
394 536
461 461
464 458
465 457
462 466
464 470
390 547
389 544
394 535
460 461
461 460
463 458
461 466
389 547
390 548
394 534
460 462
463 457
460 466
388 547
390 549
394 533
459 462
463 456
460 467
387 547
388 546
390 550
395 533
394 532
462 456
463 455
459 467
386 547
387 548
388 545
391 550
390 551
396 533
461 456
464 455
458 467
385 547
386 548
387 549
391 551
390 552
396 532
460 456
461 457
465 455
464 454
457 467
385 546
387 550
389 552
397 532
396 531
459 456
456 467
384 546
387 551
397 531
396 530
455 467
456 466
383 546
387 552
395 530
454 467
456 465
382 546
383 547
383 545
386 552
387 553
395 529
453 467
454 468
454 466
455 465
381 546
395 528
452 467
455 464
380 546
395 527
454 464
380 545
394 527
395 526
454 463
380 544
393 527
454 462
380 543
393 528
453 462
393 529
453 461
453 460
452 460
453 459
451 460
452 459
453 458
450 460
451 461
453 457
449 460
452 457
448 460
449 461
452 456
448 461
448 459
451 456
448 462
447 459
450 456
451 455
448 463
446 459
449 456
451 454
447 463
445 459
449 457
449 455
445 460
445 458
449 458
448 455
445 461
448 454
444 461
448 453
444 462
449 453
444 463
449 452
443 463
444 464
449 451
442 463
444 465
450 451
441 463
442 462
444 466
451 451
440 463
441 464
442 461
444 467
452 451
451 452
451 450
439 463
442 460
445 467
443 467
451 449
441 460
446 467
442 467
452 449
440 460
447 467
446 468
453 449
439 460
447 466
446 469
454 449
439 461
439 459
447 465
445 469
454 450
438 461
439 458
444 469
455 450
438 462
440 458
444 470
456 450
440 457
444 471
457 450
440 456
445 471
457 451
457 449
439 456
440 455
446 471
458 451
457 448
440 454
447 471
446 472
459 451
458 452
458 448
457 447
440 453
447 472
447 470
446 473
460 451
458 447
441 453
439 453
446 474
461 451
459 447
442 453
441 452
438 453
439 452
445 474
446 475
460 447
459 446
443 453
442 452
437 453
439 451
445 475
447 475
461 447
459 445
442 451
437 452
445 476
447 476
461 446
459 444
442 450
445 477
447 477
459 443
442 449
446 477
445 478
448 477
458 443
459 442
441 449
444 478
445 479
458 442
459 441
441 448
443 478
457 442
460 441
441 447
443 477
456 442
457 441
461 441
460 440
440 447
456 443
457 440
462 441
461 440
460 439
455 443
456 440
462 442
460 438
454 443
455 444
456 439
463 442
462 443
460 437
454 442
456 438
464 442
462 444
460 436
456 437
465 442
464 443
463 444
462 445
460 435
457 437
455 437
465 443
461 435
457 436
454 437
455 436
466 443
462 435
453 437
455 435
467 443
463 435
462 436
462 434
453 438
454 435
455 434
468 443
464 435
462 433
452 438
453 439
455 433
468 442
465 435
464 434
463 433
462 432
453 440
456 433
455 432
465 434
461 432
457 433
456 432
465 433
458 433
457 434
456 431
466 433
459 433
456 430
467 433
457 430
456 429
468 433
467 432
420 440
455 429
469 433
467 431
423 439
421 440
455 428
469 434
467 430
454 428
469 435
468 430
453 428
454 427
469 436
469 430
452 428
453 429
453 427
454 426
470 436
452 429
453 430
453 426
454 425
471 436
470 437
452 430
452 426
454 424
472 436
471 437
452 431
455 424
453 424
473 436
472 437
452 432
456 424
473 435
453 432
451 432
456 423
473 434
450 432
451 433
456 422
473 433
449 432
457 422
456 421
474 433
472 433
473 432
457 421
455 421
475 433
473 431
458 421
455 420
473 430
459 421
455 419
474 430
460 421
454 419
455 418
461 421
460 422
453 419
455 417
462 421
461 422
461 420
452 419
462 422
462 420
461 423
461 419
451 419
452 420
462 419
461 424
450 419
451 418
462 418
461 425
450 420
451 417
462 417
460 425
450 417
463 417
462 416
460 426
449 417
464 417
463 416
461 416
462 415
460 427
448 417
449 416
465 417
464 418
461 415
462 414
461 427
460 428
447 417
466 417
464 419
460 415
459 428
446 417
466 416
464 420
460 414
458 428
445 417
446 416
467 416
466 415
445 418
445 416
468 416
465 415
444 418
445 419
445 415
468 415
465 414
443 418
445 414
469 415
465 413
442 418
443 419
445 413
470 415
469 414
466 413
441 418
444 413
470 416
466 412
440 418
441 417
443 413
471 416
470 417
466 411
441 416
442 413
472 416
467 411
466 410
440 416
441 413
473 416
468 411
466 409
439 416
474 416
473 417
469 411
468 412
468 410
465 409
438 416
475 416
474 415
470 411
469 410
468 409
464 409
437 416
476 416
470 412
463 409
464 408
437 417
437 415
477 416
476 415
470 413
464 407
436 415
478 416
476 414
471 413
465 407
435 415
478 417
478 415
466 407
465 406
434 415
435 416
435 414
479 417
478 418
478 414
467 407
465 405
434 416
434 414
480 417
479 414
467 406
466 405
433 416
434 417
433 414
434 413
480 414
468 406
432 416
434 412
480 413
469 406
468 405
434 411
470 406
468 404
435 411
470 407
470 405
468 403
436 411
470 404
437 411
436 412
436 410
470 403
437 410
436 409
470 402
436 408
470 401
437 408
435 408
469 401
470 400
438 408
434 408
469 400
439 408
433 408
434 407
469 399
440 408
433 409
469 398
441 408
433 410
470 398
468 398
469 397
441 409
432 410
471 398
469 396
431 410
472 398
469 395
430 410
473 398
472 399
469 394
429 410
474 398
472 400
469 393
429 411
475 398
473 400
470 393
468 393
428 411
429 412
475 399
475 397
471 393
470 392
467 393
468 392
427 411
430 412
429 413
476 399
475 396
470 391
466 393
427 410
431 412
429 414
471 391
465 393
466 394
466 392
426 410
427 409
432 412
431 413
429 415
471 390
464 393
466 395
425 410
427 408
432 413
430 415
428 415
471 389
466 396
424 410
425 411
428 408
427 407
430 416
427 415
471 388
465 396
424 411
429 408
426 407
430 417
427 416
472 388
471 387
423 411
424 412
429 407
430 418
472 387
422 411
423 412
429 406
431 418
429 418
473 387
472 386
422 410
430 406
432 418
428 418
429 419
474 387
472 385
421 410
422 409
432 419
427 418
428 419
475 387
473 385
472 384
420 410
421 409
433 419
476 387
473 384
472 383
419 410
420 411
420 409
421 408
434 419
433 420
474 384
473 383
471 383
418 410
419 411
420 408
421 407
434 420
475 384
473 382
470 383
420 407
434 421
473 381
419 407
420 406
434 422
474 381
418 407
419 406
420 405
435 422
433 422
419 405
435 423
432 422
433 423
418 405
435 424
433 424
436 424
433 425
436 425
433 426
437 425
434 426
432 426
438 425
431 426
432 427
438 424
430 426
431 425
438 423
430 427
438 422
430 428
437 422
429 428
429 429
428 429
429 430
427 429
429 431
427 430
427 428
430 431
428 431
429 432
427 427
429 433
427 426
428 433
429 434
427 425
427 433
427 424
426 433
427 434
426 434
427 435
426 435
425 435
424 435
425 436
423 435
425 437
422 435
423 436
426 437
423 437
427 437
422 437
427 438
421 437
421 438
421 439
422 439
458 430
459 430
458 431
