722 616
473 267
492 518
579 333
516 526
499 345
500 460
500 487
589 329
510 363
506 396
464 264
515 464
545 486
435 273
466 284
503 349
522 279
437 570
535 233
469 280
702 585
511 321
481 601
495 513
515 531
446 567
726 608
439 577
701 608
487 531
417 199
379 239
412 571
509 278
612 334
506 406
416 567
504 307
502 539
447 394
464 570
429 571
495 550
531 466
501 557
402 563
504 327
510 570
561 314
500 346
511 483
486 593
506 340
487 340
501 517
583 345
428 210
479 590
521 530
518 305
465 266
504 421
606 321
696 436
451 598
479 593
538 240
504 306
497 503
456 397
552 514
432 598
503 479
510 569
638 327
501 564
432 259
636 487
519 589
517 290
509 320
583 346
714 570
517 276
494 270
519 481
510 429
498 573
642 323
412 570
501 344
494 519
511 452
639 483
466 389
693 441
720 615
469 282
416 203
582 345
517 577
507 579
534 494
582 341
519 274
708 592
562 309
481 598
549 286
453 567
508 493
431 262
497 587
504 303
504 411
745 385
376 245
501 538
515 347
515 290
609 330
536 493
687 613
536 286
606 352
702 608
700 573
721 605
577 336
399 563
512 441
536 252
519 266
474 294
547 461
479 295
518 329
514 328
510 396
474 290
505 480
439 601
597 328
487 294
524 282
463 293
524 352
496 280
520 275
384 234
426 210
510 316
419 264
424 205
640 320
502 282
544 488
595 339
522 421
440 581
510 362
715 597
610 324
534 261
612 335
465 286
499 346
516 525
438 250
422 575
519 348
583 309
510 585
515 317
511 284
554 460
413 211
517 479
606 339
495 498
526 351
538 365
638 484
586 324
504 531
578 340
515 529
511 278
484 591
589 318
504 539
501 357
460 262
485 601
710 567
634 325
470 281
519 334
725 605
598 343
745 386
521 582
454 253
535 260
597 321
508 422
526 264
598 341
507 580
378 231
507 548
526 260
588 317
536 491
433 274
604 317
601 352
514 364
596 324
704 583
511 307
494 340
516 480
695 612
424 264
504 543
499 444
502 576
469 269
493 600
460 569
495 265
599 347
703 608
508 292
516 462
587 318
417 275
507 547
494 437
626 336
596 310
517 307
701 586
439 578
455 254
501 537
486 361
501 555
511 352
457 394
571 307
492 383
527 457
691 612
512 574
499 567
511 520
705 568
590 328
506 478
507 451
480 292
515 327
495 371
544 227
580 310
587 328
530 262
572 304
501 566
551 462
573 341
543 284
719 493
512 296
503 534
443 602
513 348
486 365
424 208
513 277
506 321
416 207
433 259
417 204
693 439
535 251
685 434
460 391
680 438
507 395
403 565
433 261
444 603
474 280
505 411
468 287
511 373
429 253
550 459
541 284
495 485
506 402
518 347
586 327
418 571
703 434
447 595
485 274
719 597
469 595
494 483
510 304
536 464
428 278
467 383
513 521
524 350
500 475
409 563
643 323
451 607
486 362
704 588
459 391
647 327
447 574
388 231
515 475
647 326
511 288
503 539
640 321
474 289
518 269
505 493
380 240
605 346
473 551
504 581
504 281
543 489
468 273
469 283
558 305
416 205
521 474
409 187
519 329
499 458
701 629
409 190
504 346
507 541
708 576
485 272
509 367
521 282
711 567
598 351
589 319
509 523
706 592
499 576
516 420
508 498
499 280
509 412
681 432
511 289
740 380
535 242
531 228
628 322
420 572
720 597
430 264
450 592
439 576
512 392
642 330
490 516
510 367
511 529
495 510
572 307
712 565
587 314
517 462
440 601
725 606
515 330
436 596
506 573
538 251
496 585
700 571
602 319
507 516
495 467
460 259
442 572
589 311
541 231
431 274
477 548
511 543
720 611
602 318
605 348
414 567
638 326
488 403
502 480
537 240
711 576
519 406
486 363
532 257
392 234
495 292
717 602
415 564
428 263
603 324
506 401
509 432
509 435
497 535
511 326
698 614
473 270
517 461
411 572
518 451
501 348
517 293
443 247
503 552
484 532
429 254
418 569
517 590
460 260
541 247
495 560
604 315
501 565
556 300
424 213
604 323
723 610
499 502
494 367
719 607
702 628
508 430
488 365
422 572
433 275
501 476
488 483
639 329
498 490
635 488
699 566
707 621
539 242
469 259
534 227
526 266
689 434
488 532
639 333
507 322
582 298
405 563
738 370
418 276
428 256
488 402
458 389
532 262
706 583
646 326
500 478
580 337
444 247
463 389
480 283
605 318
415 569
459 262
450 597
385 231
514 469
498 485
509 521
483 293
543 227
522 263
459 260
554 462
448 256
691 609
478 548
720 616
525 261
712 591
411 201
485 597
420 198
384 237
498 567
462 568
414 211
540 491
574 301
510 392
506 339
528 229
421 200
497 360
721 611
432 581
518 581
513 332
494 275
510 543
611 326
509 307
508 414
497 537
493 463
522 475
584 331
605 345
541 227
483 295
450 576
541 228
512 349
593 332
406 569
716 579
511 364
624 325
457 602
483 601
503 542
697 614
473 550
494 462
453 569
511 517
438 580
460 289
458 258
496 486
613 333
415 570
534 493
721 596
427 208
416 209
699 629
484 269
504 512
699 622
423 266
493 590
535 222
499 284
380 225
484 538
420 268
452 566
567 335
613 330
436 576
577 337
629 322
483 291
511 346
533 258
430 217
693 442
492 462
705 619
405 565
494 517
383 239
498 344
496 520
679 437
584 305
512 543
510 451
479 548
542 231
458 257
518 309
522 420
512 575
511 448
701 622
483 488
515 324
705 567
624 332
507 581
418 568
500 357
648 329
570 335
611 332
535 283
437 251
510 542
590 329
700 567
585 332
582 311
472 591
512 333
435 277
441 571
511 585
703 438
595 321
486 597
408 192
578 339
578 333
497 523
501 482
448 596
702 564
503 563
499 360
482 546
410 563
542 489
474 275
549 284
540 260
725 611
473 268
502 549
492 516
489 293
586 322
420 278
504 422
449 594
689 612
573 307
440 577
684 433
518 579
474 276
681 413
502 351
508 369
519 487
743 380
529 465
515 326
702 587
446 394
511 453
575 340
648 328
497 485
435 274
503 541
460 571
509 390
719 613
509 377
509 382
697 571
577 299
740 382
464 594
399 561
533 253
503 558
438 592
504 513
504 515
464 388
452 564
511 440
431 569
489 273
489 603
530 258
498 486
517 317
500 551
505 337
382 229
499 499
493 483
484 486
500 536
716 580
697 437
428 255
522 474
411 561
521 330
471 272
508 463
551 503
517 575
493 339
445 255
473 586
529 353
508 306
428 266
509 393
446 250
534 251
582 300
529 468
458 602
423 271
452 605
453 568
426 208
458 607
393 227
432 580
389 231
511 309
494 341
419 574
509 437
631 321
450 595
497 524
497 525
504 509
496 322
716 601
427 257
704 611
492 291
491 273
426 575
608 350
414 561
523 528
525 264
509 283
506 376
497 483
506 448
380 228
688 434
456 569
715 615
438 596
430 263
482 486
422 204
490 363
743 386
435 572
451 255
496 529
429 260
708 614
523 453
541 232
485 360
502 548
495 343
594 321
484 369
611 336
493 595
471 277
477 271
554 296
503 461
560 305
412 210
440 583
719 615
680 433
697 567
495 521
516 481
578 334
497 498
517 316
706 568
522 408
582 306
537 245
523 417
505 327
511 443
504 508
518 346
514 297
610 338
466 287
626 337
492 601
446 566
506 463
522 468
609 339
596 329
415 267
415 262
526 227
540 262
724 605
498 506
496 321
704 585
508 386
573 304
450 591
494 532
703 612
510 498
413 564
415 263
461 573
549 461
516 590
625 327
519 333
515 454
534 253
472 553
703 587
431 571
510 328
442 574
484 271
429 278
498 503
502 547
569 331
428 211
564 310
418 270
466 596
609 342
497 536
494 473
718 619
381 229
392 227
492 292
551 458
486 403
462 293
513 291
443 579
498 501
515 409
704 569
701 565
469 387
713 366
606 340
564 333
538 260
511 413
498 583
509 543
740 379
488 295
467 595
553 460
489 363
526 457
474 553
462 572
418 574
521 331
619 340
496 550
534 260
507 386
484 291
474 270
625 322
703 437
447 255
645 326
415 562
519 423
506 574
724 608
435 580
510 364
534 282
500 575
465 265
697 570
722 618
500 566
608 335
596 339
508 497
627 322
683 433
434 251
496 559
468 272
513 528
449 606
710 613
523 466
457 607
711 586
467 260
525 351
557 303
415 199
508 416
700 622
440 247
578 335
424 207
428 252
500 484
499 591
511 451
467 265
459 389
485 292
693 438
483 269
427 574
565 313
454 567
494 590
411 202
538 252
496 533
589 309
438 571
487 360
532 228
705 613
416 262
582 337
515 307
704 579
595 335
500 282
404 568
494 274
505 435
724 607
706 620
511 310
680 436
508 308
493 575
491 341
435 223
454 601
523 351
499 445
496 562
695 437
627 335
455 255
505 428
639 484
487 597
421 201
432 216
513 333
535 237
520 406
498 575
701 567
473 275
497 510
473 266
515 362
435 278
491 384
412 202
745 384
527 272
524 353
442 247
457 390
504 439
430 259
521 416
526 261
513 448
461 262
473 549
498 458
485 486
574 299
717 615
644 325
494 485
593 328
711 575
488 485
506 385
511 351
433 577
449 599
724 610
702 630
524 527
498 494
429 597
501 554
513 573
616 321
510 352
461 572
511 300
494 534
532 263
451 605
523 276
483 275
590 307
512 481
713 570
500 458
702 610
532 286
521 458
635 487
509 280
499 487
530 466
510 309
494 467
503 533
519 273
499 509
498 581
508 329
530 264
500 472
576 335
693 437
407 190
445 570
707 613
701 568
503 549
728 619
703 571
505 448
503 439
511 481
503 346
410 573
508 331
690 435
507 463
713 612
506 426
555 306
505 432
685 433
525 282
487 358
536 225
700 617
466 269
539 495
498 586
506 400
516 409
473 277
537 252
521 583
726 602
439 249
422 205
562 310
465 381
510 481
447 579
458 611
434 580
640 333
482 545
606 331
501 497
563 333
713 594
522 277
381 241
724 617
418 198
496 519
437 590
448 564
552 296
486 367
494 564
633 323
482 550
473 548
515 325
489 532
446 255
465 595
612 327
431 220
517 525
512 449
514 570
490 517
526 270
518 274
470 547
539 259
535 223
447 251
509 579
496 484
516 529
601 340
446 251
723 603
591 340
509 384
529 284
490 340
412 195
419 572
713 596
712 587
454 606
426 271
501 543
473 280
522 469
494 461
493 588
535 281
453 601
565 336
622 344
500 459
433 572
431 254
498 552
603 344
448 574
500 479
513 279
518 418
535 256
521 281
526 283
700 566
493 519
463 286
525 453
503 357
385 237
534 464
534 287
515 287
481 293
380 242
514 408
425 210
579 331
586 339
699 625
605 343
495 508
542 235
535 243
456 390
715 598
599 341
512 302
529 466
564 311
470 277
511 344
435 221
520 479
505 497
593 310
502 472
710 578
525 457
540 492
463 287
483 533
457 605
502 449
616 335
514 464
519 486
513 276
446 596
471 381
509 395
552 294
429 252
516 348
495 459
537 493
497 565
509 380
423 265
581 339
503 353
706 608
517 274
456 398
411 569
552 306
523 471
522 472
630 322
484 487
517 464
529 257
394 230
705 620
500 587
530 226
713 591
417 201
579 332
521 265
589 315
510 280
465 382
502 536
585 319
463 571
501 326
472 595
563 305
516 410
649 326
382 231
521 407
434 246
470 549
482 279
506 494
500 279
501 449
611 324
713 578
494 531
505 513
730 619
490 602
503 351
504 441
499 575
522 417
425 267
456 255
455 395
513 463
498 459
525 350
504 423
414 560
505 340
607 350
520 485
446 602
605 316
532 246
587 340
545 487
402 564
496 274
624 334
506 405
474 380
721 600
605 320
437 587
462 263
504 436
619 324
462 598
526 272
485 594
509 391
537 255
471 274
431 258
524 452
449 574
494 486
411 562
438 591
515 423
511 482
699 441
510 332
499 448
507 321
509 389
485 592
505 421
517 408
585 321
713 567
517 591
406 190
497 584
711 595
449 257
392 235
641 332
498 553
512 299
581 344
498 578
516 308
720 621
727 608
591 332
516 527
495 361
730 620
437 273
513 392
612 329
510 526
386 233
522 457
489 484
720 595
496 276
715 612
522 273
496 521
719 616
515 470
508 480
520 583
501 473
507 411
511 334
536 282
503 348
489 598
494 271
598 347
512 385
587 319
506 411
381 231
586 325
493 589
504 514
713 576
509 333
490 601
474 267
526 473
552 462
554 299
508 545
459 395
588 320
455 603
499 461
520 351
501 556
423 206
491 293
431 259
426 257
493 592
522 278
529 469
440 588
487 273
553 290
473 272
436 224
499 590
466 262
506 320
519 351
506 436
498 566
447 567
478 593
423 264
425 574
445 247
438 578
457 564
705 439
479 594
443 601
439 248
513 454
492 537
493 599
496 586
503 350
530 279
717 606
434 274
521 264
628 323
714 595
500 496
427 256
506 515
460 392
716 614
427 210
503 574
594 332
508 345
517 362
415 271
453 395
641 505
522 272
510 283
497 507
484 295
513 449
703 565
512 293
643 331
584 330
495 511
476 547
460 387
707 591
507 431
701 583
509 449
517 466
698 628
507 341
529 261
517 586
455 605
721 595
425 212
705 615
496 588
395 230
582 338
505 514
529 265
463 596
494 576
420 570
703 582
553 302
504 516
431 570
517 589
569 335
527 475
694 568
477 292
480 550
515 541
458 255
506 341
492 600
508 492
513 298
488 486
607 351
492 326
485 593
725 612
509 300
691 435
482 544
470 387
508 477
488 360
552 308
701 620
716 612
459 394
498 346
486 360
505 439
631 322
589 341
515 469
431 580
564 314
382 240
495 535
511 494
496 577
583 333
376 244
517 473
500 325
459 257
512 469
505 462
385 233
551 287
572 308
590 309
703 569
492 272
520 267
417 571
493 564
706 609
720 598
524 459
418 263
498 511
447 599
511 442
507 376
496 343
399 560
486 596
494 536
512 310
426 274
477 592
430 209
643 319
447 600
602 342
511 302
445 578
625 328
442 596
513 522
506 307
377 229
493 338
492 368
597 339
506 403
412 194
522 422
610 327
422 263
445 601
433 277
492 532
502 302
486 529
513 300
427 261
553 308
603 321
458 256
534 259
510 310
499 356
521 351
712 586
719 600
425 272
432 570
539 284
484 543
609 341
585 309
495 470
519 270
599 350
432 574
501 282
626 327
446 601
451 594
512 334
526 460
710 569
503 516
499 490
521 275
468 389
535 241
474 592
448 599
512 516
501 441
510 548
473 591
714 567
515 474
632 326
603 320
512 278
493 596
518 452
513 570
485 277
437 221
509 425
719 620
498 489
643 318
439 594
418 261
520 469
519 582
494 493
507 497
585 330
503 550
577 298
537 257
512 313
512 548
511 305
590 306
502 559
553 304
513 422
621 346
716 577
529 256
443 571
524 264
702 572
473 588
454 394
505 544
541 286
640 486
641 318
496 290
532 457
531 352
493 515
430 224
715 616
680 434
424 209
488 603
500 497
498 491
495 507
492 517
565 335
448 593
509 372
460 576
508 340
500 321
505 321
442 601
516 467
541 262
537 286
690 453
461 259
512 367
509 394
521 422
553 306
542 237
498 360
455 606
380 244
435 224
508 332
701 628
495 272
501 559
530 281
494 272
486 532
511 350
378 230
578 331
516 464
460 261
505 427
506 336
441 247
441 573
563 304
433 220
703 590
463 597
507 362
702 613
506 516
504 551
460 614
703 617
500 482
514 409
603 352
698 629
493 384
422 264
535 253
461 570
614 324
495 486
497 501
575 304
506 409
527 262
425 207
711 577
728 625
481 369
461 387
502 439
620 339
508 424
567 332
457 395
583 306
525 452
421 204
527 263
698 627
433 276
521 457
510 278
500 578
498 521
379 227
512 410
508 580
531 350
517 542
524 272
596 323
386 230
501 351
596 328
542 228
538 492
438 582
539 260
703 588
504 480
508 366
612 330
510 483
562 332
495 268
460 390
557 306
693 443
524 472
484 539
463 285
511 315
510 394
412 564
492 273
452 256
502 577
703 631
504 546
510 494
530 225
517 406
461 291
491 592
511 343
718 512
596 337
494 558
496 327
475 592
706 584
441 580
399 559
616 336
742 382
495 437
516 463
504 437
516 578
707 619
517 282
409 189
534 250
474 589
537 260
528 227
705 566
514 528
439 603
496 485
609 326
540 233
507 449
512 528
509 386
524 471
409 188
508 396
588 319
535 240
513 549
476 290
516 423
614 334
725 603
588 309
531 258
537 258
498 492
425 259
510 307
501 552
517 407
499 503
547 284
525 455
702 436
504 481
588 318
510 549
417 203
700 440
703 619
645 331
506 475
380 243
713 560
714 614
525 529
511 385
510 495
519 484
503 566
504 545
540 494
503 551
510 322
502 326
449 575
505 463
386 239
538 227
639 334
507 428
512 300
498 323
600 343
509 329
544 235
506 544
702 438
533 228
495 493
521 280
497 529
690 614
507 479
468 595
514 422
433 219
628 335
706 613
497 281
511 303
510 547
604 324
581 307
462 389
482 269
639 335
504 355
426 256
526 265
508 418
504 424
498 504
556 302
708 579
498 280
717 600
540 261
466 381
551 461
509 392
711 581
510 388
585 323
521 277
520 579
709 565
595 324
540 232
497 534
564 306
487 364
498 281
503 508
494 292
503 421
522 471
516 530
482 591
494 597
472 283
708 611
722 605
494 561
604 344
391 227
510 390
496 576
618 339
526 229
511 374
482 533
504 547
493 534
515 348
495 471
462 569
527 227
723 618
461 289
482 371
506 548
539 249
551 460
407 570
588 313
415 264
510 439
448 565
499 514
496 273
508 344
472 277
495 293
724 612
501 514
573 342
499 434
446 249
586 346
494 463
497 458
432 578
703 580
443 570
586 326
483 368
502 435
422 573
505 433
462 261
419 269
539 241
506 362
511 324
474 283
502 579
680 523
529 285
514 363
461 574
514 280
510 398
468 274
496 565
428 209
540 281
582 332
401 564
682 432
422 203
709 574
433 227
436 221
574 302
689 611
606 323
530 227
567 305
504 434
537 236
504 322
595 337
628 334
510 414
493 516
502 461
526 267
635 326
413 571
418 206
520 294
484 596
439 247
496 581
605 352
432 257
714 580
487 272
431 227
455 389
490 483
699 624
472 279
618 324
634 326
498 493
459 613
518 406
486 364
587 313
514 385
601 322
489 365
582 310
539 285
507 339
524 457
552 289
509 498
508 328
642 329
506 558
520 281
437 596
698 615
458 388
469 382
615 324
406 568
575 334
566 335
498 495
507 400
503 441
497 362
604 313
679 435
556 292
511 519
725 610
642 325
520 458
498 436
498 509
452 255
485 591
539 247
440 587
499 582
549 463
428 574
712 577
524 265
490 532
743 381
476 292
418 205
509 360
572 335
643 320
615 335
725 602
541 235
432 572
716 578
386 236
440 595
548 484
527 456
520 452
731 621
442 573
540 459
549 462
502 575
701 585
501 550
642 331
483 276
616 322
511 323
499 586
518 474
520 422
587 339
692 435
455 390
515 528
582 308
506 476
701 617
647 331
510 302
516 542
532 229
510 577
418 269
461 386
498 282
514 289
523 532
530 282
589 342
611 325
713 577
414 269
528 466
496 487
511 550
451 577
556 297
497 453
500 434
706 439
506 278
412 197
514 578
413 271
553 296
714 611
492 593
612 331
596 311
383 237
500 581
519 453
721 597
444 254
513 520
406 563
521 578
500 471
581 300
491 517
471 549
711 612
450 599
718 607
417 569
429 255
511 348
495 271
511 313
510 444
527 226
504 425
594 329
442 600
711 587
457 565
581 310
494 338
499 493
637 486
563 332
515 538
440 248
441 597
527 284
509 322
540 493
481 370
723 602
417 202
515 280
466 265
508 439
530 470
437 588
597 319
599 323
447 395
567 306
447 596
437 583
493 535
506 575
476 592
509 428
526 477
594 327
392 228
482 543
561 306
729 624
524 461
435 226
500 470
603 326
512 394
430 218
509 361
490 403
422 574
591 338
553 456
516 538
508 334
597 495
524 528
522 275
454 603
531 455
517 578
590 342
435 225
448 255
495 562
519 590
642 318
473 287
397 564
502 578
524 418
495 474
516 307
720 617
714 587
718 602
720 623
470 594
682 437
498 283
388 230
523 282
392 233
517 279
476 288
731 623
446 259
580 344
504 577
511 465
627 334
507 346
439 595
499 585
431 216
510 493
416 211
494 599
589 333
552 287
721 601
461 263
488 487
501 511
637 325
504 362
513 362
704 584
520 577
493 533
442 575
582 343
416 206
703 435
489 533
502 344
432 576
486 528
566 308
511 282
458 391
626 332
699 571
601 351
498 496
433 597
447 601
704 610
701 610
509 424
500 480
409 191
597 340
509 376
640 329
437 577
484 536
459 601
524 474
600 353
522 265
526 271
455 257
601 327
493 518
516 419
529 224
487 485
510 287
516 422
627 324
406 188
430 210
405 566
485 596
710 592
425 258
625 329
495 587
507 494
492 369
505 356
501 501
503 446
742 383
498 572
600 352
514 412
596 345
459 576
435 222
428 257
507 306
520 481
523 411
536 233
440 604
488 597
514 467
690 436
717 598
510 464
698 572
506 416
467 287
453 600
623 339
540 286
466 282
715 580
499 355
405 190
509 365
496 500
552 457
697 436
513 286
472 275
574 304
585 322
582 342
506 419
502 348
527 477
429 276
411 188
425 266
433 578
456 568
695 614
633 325
524 530
422 201
498 276
449 395
460 291
569 332
429 209
533 246
445 567
513 572
613 334
449 576
496 534
498 448
492 370
500 585
483 544
610 326
507 450
492 480
445 577
508 516
643 326
592 329
545 488
509 480
495 473
493 573
506 498
707 611
442 580
497 500
578 332
520 419
520 329
478 292
499 460
555 302
414 562
505 308
540 231
487 403
436 250
714 579
713 608
710 575
515 424
468 269
497 359
518 423
553 458
553 297
509 576
518 575
685 431
691 610
704 572
615 337
504 428
503 442
511 399
505 402
698 617
463 263
414 565
728 624
512 298
495 345
424 573
717 601
550 458
697 566
564 312
515 279
488 340
587 320
512 412
552 290
433 579
430 598
427 252
497 292
446 568
514 480
429 570
386 231
743 383
597 323
504 511
539 494
484 276
713 581
427 266
495 534
709 569
464 287
513 446
425 257
521 532
493 574
438 588
392 231
594 340
511 527
491 368
617 336
431 574
626 326
522 409
530 280
518 529
416 199
508 376
497 581
435 276
474 551
523 272
744 384
557 305
606 351
554 302
506 428
501 536
501 350
511 414
449 605
451 578
582 339
499 483
502 516
461 571
421 264
732 623
516 588
568 336
500 509
541 229
534 495
534 286
467 389
491 532
515 289
707 614
498 569
716 588
502 581
507 478
499 449
453 255
498 535
544 489
643 327
718 620
595 336
415 207
694 440
508 464
576 339
647 323
492 576
497 521
579 337
511 521
554 309
508 321
516 280
426 251
506 330
464 288
513 384
536 223
718 600
514 454
510 517
632 325
520 407
606 322
493 493
742 380
461 290
616 323
627 332
550 305
503 359
411 563
518 419
510 312
513 361
483 271
503 496
504 309
495 460
702 568
487 365
503 532
473 594
617 322
415 266
719 604
523 277
459 568
438 586
440 582
725 609
692 613
537 238
505 434
497 342
471 270
704 565
506 417
444 573
592 340
470 274
434 217
509 422
531 246
471 548
506 493
511 571
513 577
728 366
446 248
517 277
380 241
430 252
591 310
697 628
421 269
566 305
524 458
450 578
511 386
512 328
512 361
452 395
384 233
696 613
503 438
510 497
492 594
494 366
405 187
718 598
501 460
494 339
523 274
539 251
427 251
508 450
495 342
505 346
398 560
515 480
456 606
416 212
533 286
581 299
709 570
622 340
597 350
712 564
500 534
512 576
432 573
495 461
525 284
487 533
528 456
704 589
537 259
636 326
597 343
505 281
486 486
579 339
484 593
598 340
408 569
487 592
566 306
510 375
492 479
510 519
594 324
561 310
506 346
513 297
507 330
582 344
554 305
424 206
638 333
486 601
508 431
465 380
522 282
504 558
609 325
498 435
438 572
693 614
713 595
607 341
538 236
514 307
494 323
493 383
699 567
473 282
539 226
511 549
606 338
701 438
556 304
465 383
517 453
695 571
588 316
430 226
521 334
567 334
710 589
486 340
538 282
517 306
532 466
604 353
511 367
534 234
508 583
602 341
494 268
536 244
553 461
647 325
532 247
456 396
392 232
504 497
713 569
537 234
724 619
692 437
507 335
439 593
691 613
543 235
516 454
455 392
485 487
497 585
437 572
462 600
482 547
468 266
470 548
485 365
504 305
523 275
549 304
483 595
595 338
506 279
504 308
590 308
511 378
709 575
575 336
501 516
542 491
535 286
412 200
515 533
705 583
518 317
569 330
589 310
502 502
582 309
513 469
473 589
454 255
565 305
448 395
500 583
522 470
604 318
485 531
565 315
537 256
517 409
502 562
706 612
589 340
523 530
541 287
421 198
540 283
406 192
512 285
514 362
433 247
500 558
512 422
417 260
619 494
525 454
509 517
411 194
492 533
541 459
478 592
514 569
409 192
435 597
484 279
517 330
579 298
492 364
511 463
565 308
516 282
523 406
498 528
537 224
409 185
578 298
469 268
516 587
527 478
510 521
497 497
599 322
381 240
469 277
538 457
517 523
526 474
523 280
517 423
505 362
487 603
439 602
606 326
451 395
534 252
519 265
720 622
514 317
562 331
518 334
502 352
503 445
485 367
554 303
507 398
496 362
717 597
589 330
457 567
484 541
501 533
541 236
487 359
496 492
440 578
724 604
577 338
534 249
504 361
499 277
515 532
449 261
476 548
450 600
479 283
449 396
519 350
493 367
384 238
481 599
410 194
411 568
495 585
462 390
508 576
468 284
385 241
610 323
455 391
601 324
481 292
501 346
418 199
492 482
473 587
626 321
438 249
526 285
498 551
450 256
414 568
510 578
529 264
623 325
516 311
485 536
481 550
509 542
717 614
467 262
515 472
590 341
493 364
515 471
513 480
431 275
538 460
555 296
428 264
581 337
479 591
708 571
522 268
482 283
453 390
516 540
497 572
495 581
484 280
597 494
520 480
477 287
515 285
407 188
585 331
495 267
497 577
463 572
617 324
415 265
514 299
510 428
558 303
496 474
526 269
436 572
511 586
606 325
507 278
718 606
510 411
555 292
509 585
488 363
500 501
492 345
500 324
530 284
496 279
408 570
382 239
587 309
518 293
414 558
505 461
595 310
703 618
465 389
484 540
452 569
382 232
446 595
709 572
511 449
450 598
438 599
697 569
500 481
503 497
495 588
497 361
465 284
567 308
517 336
499 550
412 211
546 461
485 279
612 332
522 466
631 325
718 603
497 272
509 464
432 251
420 200
556 305
462 386
552 295
700 436
569 307
478 591
580 301
510 318
609 338
466 263
706 615
529 229
523 407
514 543
712 612
543 490
534 262
384 239
502 501
516 589
511 391
573 306
520 529
393 226
417 567
704 613
704 580
551 307
424 574
461 567
505 509
496 563
518 265
709 571
485 291
541 491
511 415
494 276
503 437
500 550
508 478
538 239
494 516
499 322
700 621
490 293
496 508
449 259
645 319
591 327
394 226
414 210
428 261
522 473
505 516
708 568
718 599
484 485
513 421
482 282
509 321
707 535
412 572
486 294
588 314
598 345
742 379
501 509
387 229
697 572
625 321
432 597
475 270
508 417
457 610
639 486
716 606
517 348
510 518
383 234
504 552
503 434
694 443
519 575
597 351
511 441
496 457
706 567
716 607
497 454
493 272
621 325
454 258
493 344
454 608
639 330
416 210
580 332
467 381
555 295
434 227
642 328
470 270
470 271
506 480
504 321
606 348
510 290
507 549
520 423
516 452
718 614
480 294
483 536
528 263
460 389
583 332
433 257
604 421
579 297
606 343
516 523
465 596
511 577
693 440
551 305
498 347
414 559
378 238
509 387
742 381
498 526
619 339
697 613
519 583
607 342
503 424
500 533
499 481
485 295
473 547
515 328
529 286
591 309
606 347
459 602
490 603
728 620
524 351
406 567
500 493
543 492
515 451
715 594
518 283
513 385
511 333
710 577
449 258
509 368
538 233
526 475
556 303
721 615
483 487
378 228
496 458
719 605
624 337
500 280
703 610
502 561
426 212
484 594
593 324
508 411
499 450
713 587
538 235
525 286
694 437
461 568
418 572
493 371
523 474
683 437
497 484
425 273
552 291
509 290
512 522
512 347
438 247
510 291
519 576
430 276
430 220
689 614
700 625
704 439
605 330
439 581
611 327
495 558
436 273
498 505
528 457
513 571
463 593
496 498
645 327
712 581
542 284
508 517
496 499
500 514
500 553
438 597
409 186
476 289
518 483
487 341
459 259
707 582
448 394
509 575
459 611
447 254
512 587
439 580
420 264
520 271
551 459
702 617
507 576
525 472
495 266
510 546
457 255
492 598
429 212
499 276
485 540
640 484
608 348
379 226
509 583
722 606
524 463
430 225
454 391
393 230
581 332
414 270
702 627
525 355
503 347
710 588
708 566
500 323
700 629
500 503
517 281
521 417
501 499
379 244
493 345
528 224
702 631
721 617
503 481
504 578
520 274
513 315
666 477
502 450
439 597
434 577
571 335
738 374
391 234
484 281
431 596
504 448
633 322
499 323
586 320
508 494
621 343
503 420
436 595
534 244
511 366
456 608
428 597
535 254
427 596
429 217
540 495
545 284
507 280
482 534
551 284
538 257
510 587
602 324
516 281
425 276
483 280
697 617
507 320
471 595
524 417
710 595
504 493
538 228
497 499
509 306
729 619
516 317
557 299
431 209
437 247
692 436
431 251
519 452
503 540
434 597
492 536
467 382
484 273
557 474
520 268
514 348
493 598
465 597
512 517
502 563
508 333
502 552
525 348
451 600
417 273
522 452
706 619
432 275
536 254
527 264
494 465
499 566
717 603
468 259
572 334
499 486
706 588
414 212
449 596
433 260
512 277
702 619
608 337
508 318
534 245
705 584
407 192
432 571
495 509
608 330
440 571
511 317
700 438
448 258
511 322
429 258
517 309
485 271
534 229
618 338
491 364
494 563
420 270
543 491
710 576
549 464
519 454
701 587
508 449
529 470
483 370
501 520
493 576
595 340
509 438
528 223
539 225
405 564
516 310
706 587
641 320
531 351
499 501
461 292
553 462
531 285
478 287
448 597
696 571
475 290
715 570
641 486
510 351
517 463
467 284
549 305
601 323
507 419
680 432
648 325
705 572
515 473
496 323
517 481
509 369
473 290
509 570
709 613
540 234
516 309
605 344
473 286
583 339
637 487
495 456
607 340
477 591
516 528
703 436
519 458
530 230
727 618
643 325
497 276
484 542
588 315
436 278
457 568
680 437
640 485
492 460
519 485
436 219
523 273
710 587
507 523
416 269
448 566
510 306
719 499
436 247
499 474
426 207
431 263
426 276
523 265
530 353
572 333
509 385
688 436
492 481
484 294
697 439
726 620
509 481
519 269
531 454
430 274
512 585
607 348
462 602
489 534
437 576
408 563
616 324
721 618
551 463
531 261
418 200
499 321
500 520
483 545
506 577
536 255
406 189
498 537
580 297
536 258
503 546
499 549
714 610
468 261
410 193
536 237
538 458
512 571
523 410
437 597
580 300
509 308
514 447
535 225
484 293
514 291
600 339
702 583
411 192
462 391
516 473
452 567
478 295
471 592
712 566
535 280
529 258
458 568
719 611
545 227
532 259
498 558
386 238
502 580
574 306
517 280
414 570
419 568
730 621
517 351
494 371
566 315
524 462
473 281
516 466
517 289
499 555
638 485
597 322
461 389
567 331
494 266
410 572
733 623
535 282
530 224
510 370
621 342
537 235
713 610
622 326
496 292
507 425
576 340
509 436
704 614
513 292
511 327
536 260
510 422
511 286
704 566
516 424
504 341
460 613
501 515
497 455
505 511
504 575
440 597
526 262
581 304
605 319
480 549
707 579
480 293
704 608
509 465
529 467
715 614
511 287
539 245
696 438
452 600
525 451
696 612
492 484
477 270
704 612
557 298
379 238
544 284
536 253
512 573
430 574
498 574
624 335
705 570
496 281
478 291
725 619
595 329
509 522
481 600
511 318
554 301
533 263
515 288
587 331
503 531
507 578
641 329
410 568
490 365
706 591
418 277
509 362
599 351
554 291
515 536
496 575
539 261
415 197
501 518
451 256
713 568
550 285
506 328
599 343
496 574
507 480
542 226
500 554
610 341
450 593
492 461
518 576
471 591
484 296
480 601
497 496
498 530
513 468
479 292
519 264
453 393
570 304
510 576
386 229
508 412
390 231
505 425
453 602
444 574
461 293
393 231
519 268
668 519
711 589
498 589
495 468
457 566
506 308
517 529
430 219
599 339
465 264
512 453
489 403
514 391
419 262
701 588
435 218
499 447
550 286
463 598
404 567
706 580
522 407
518 351
531 284
623 341
512 332
495 466
512 351
711 592
512 375
500 555
498 529
512 544
523 268
434 226
496 456
445 253
490 600
500 584
506 427
586 309
605 342
434 250
498 570
387 239
606 346
507 542
437 589
495 458
584 329
510 524
488 294
418 272
519 529
473 276
506 511
473 279
498 284
428 260
511 393
510 412
511 484
514 286
509 366
605 315
486 530
464 390
432 227
707 589
521 294
521 529
438 221
605 322
405 567
520 457
537 237
472 549
427 262
694 571
515 294
457 604
417 261
475 548
517 585
396 230
554 290
464 571
378 229
456 256
511 328
588 339
532 258
499 500
593 340
471 547
712 594
548 461
499 535
434 257
713 571
489 340
510 383
512 368
604 352
480 548
516 421
639 328
473 552
531 260
574 303
567 309
518 405
507 396
584 306
524 419
711 594
417 574
578 434
508 582
502 283
649 325
516 294
507 336
491 597
509 433
435 217
454 395
511 345
504 304
725 608
511 375
499 484
446 574
460 612
499 511
434 252
503 422
623 324
510 379
564 309
497 343
520 334
528 351
467 285
517 275
711 591
641 336
524 529
522 453
404 189
483 486
526 268
567 330
705 569
481 548
553 305
520 486
412 563
520 474
502 564
493 370
536 463
464 263
498 456
533 248
510 376
610 325
555 294
420 269
743 384
484 544
679 432
583 340
452 565
517 305
609 340
469 381
442 598
504 435
521 272
482 281
508 330
497 271
504 574
515 293
509 414
502 304
499 358
470 272
487 357
537 285
537 233
496 272
597 345
702 629
421 268
449 567
496 271
489 294
530 261
730 623
488 534
519 335
440 596
415 269
709 578
528 260
506 343
642 324
536 226
420 574
500 574
506 543
532 284
701 609
377 243
712 608
489 597
567 333
474 286
512 393
498 582
448 259
501 500
419 201
467 596
538 237
458 395
583 308
510 496
505 401
586 328
487 366
717 620
430 262
536 256
417 205
514 573
510 385
572 306
512 292
421 572
473 592
501 576
486 291
502 474
578 433
497 436
414 197
468 275
439 575
491 340
580 298
620 324
412 198
498 549
523 531
380 226
590 340
507 543
510 443
715 588
492 384
503 443
545 485
503 559
467 269
522 530
429 211
707 588
497 511
708 589
430 275
517 308
618 337
492 483
437 278
703 613
553 307
596 325
709 589
532 455
517 294
509 388
700 585
700 437
503 579
484 537
420 199
512 454
484 270
494 535
495 576
507 448
409 573
423 575
432 252
603 325
708 577
687 434
432 276
573 343
439 588
550 460
685 432
507 344
694 444
450 594
534 226
726 609
492 577
485 533
483 270
563 314
608 329
472 270
516 541
561 305
453 563
506 331
508 420
711 582
548 286
463 599
518 589
719 603
502 281
435 220
501 451
641 331
502 446
489 364
624 322
475 284
427 276
462 288
517 434
592 332
390 230
509 548
425 213
492 592
516 479
428 277
719 612
589 312
457 603
520 455
480 370
499 344
681 431
473 269
451 606
490 484
498 527
454 607
553 309
644 326
417 570
494 345
399 562
626 330
707 612
434 215
489 516
582 299
518 580
625 337
475 282
703 581
499 534
533 245
439 600
518 585
587 317
709 567
444 602
436 276
498 457
507 363
587 338
459 261
495 269
716 605
686 434
499 551
501 475
474 591
494 588
505 558
515 466
716 618
584 339
704 571
485 529
506 342
592 338
508 278
517 419
498 525
612 325
554 292
699 617
605 326
500 582
419 575
535 464
428 262
585 320
508 283
518 482
418 271
506 437
605 321
602 326
424 271
512 364
508 421
598 322
539 282
420 573
494 365
407 191
512 286
492 595
503 433
502 482
640 334
499 525
502 542
627 321
498 460
500 449
583 307
485 278
509 305
501 558
497 456
502 515
495 344
495 469
502 566
508 370
506 578
410 192
505 355
480 295
500 474
510 523
568 335
593 327
495 326
512 294
377 244
529 223
524 261
514 450
503 356
580 302
513 331
530 263
540 284
503 281
525 347
532 285
476 293
416 208
641 322
379 228
515 422
531 225
526 284
718 608
511 528
496 277
510 289
502 560
517 452
627 333
496 275
519 473
609 327
513 543
476 270
693 613
594 328
615 334
481 591
533 262
497 506
418 273
428 258
469 389
495 580
386 237
450 596
442 571
517 350
507 540
610 335
527 273
502 345
497 589
624 330
524 407
505 573
525 285
524 470
426 273
689 436
524 354
484 292
469 270
418 275
493 292
436 581
498 568
477 286
425 270
644 330
438 570
402 565
551 304
517 405
384 241
522 351
510 449
524 460
536 261
503 447
457 606
622 325
714 577
503 358
411 210
423 576
541 230
492 293
485 269
500 356
486 485
494 585
510 324
517 576
444 570
447 259
526 282
498 274
497 341
498 565
509 279
557 300
626 331
581 303
714 612
501 549
607 349
514 288
484 368
453 607
541 226
463 595
512 577
527 283
472 278
415 198
416 264
483 272
501 459
455 253
445 574
485 276
518 270
709 595
414 271
426 209
495 559
437 582
717 605
514 527
495 270
508 523
503 355
537 254
508 425
473 593
408 573
572 342
505 574
541 260
381 225
430 273
499 578
516 335
523 457
544 226
422 207
509 293
462 262
518 335
511 462
377 231
722 615
505 564
580 299
504 461
474 293
529 255
515 286
482 487
477 285
499 285
476 283
564 334
510 397
502 437
506 338
628 324
508 436
526 228
511 461
421 575
429 259
510 421
698 616
461 288
528 283
482 535
495 365
503 360
491 601
484 533
515 467
516 329
594 310
501 477
703 620
715 589
554 300
714 581
574 341
425 271
605 314
690 434
460 388
510 305
625 330
647 330
380 229
425 265
583 329
503 543
516 586
697 611
482 601
505 548
473 590
701 631
436 571
521 455
531 353
729 623
505 376
500 567
538 494
504 359
623 337
492 295
428 276
524 464
445 575
539 246
512 411
626 325
510 344
435 596
376 229
692 572
514 411
615 505
483 292
502 353
512 295
602 322
509 319
509 331
414 571
448 251
468 268
415 211
537 226
719 598
509 291
483 597
574 305
469 388
472 290
426 275
504 427
485 273
504 510
716 602
460 574
508 419
514 479
501 446
385 232
469 272
520 456
706 438
590 338
517 283
502 473
528 458
429 263
408 562
555 293
724 603
509 339
616 337
599 340
708 569
694 572
597 341
516 362
597 346
506 347
602 353
486 271
624 323
499 488
419 200
491 345
472 269
476 287
640 330
478 283
588 340
624 331
439 582
454 257
448 575
527 351
692 443
695 436
720 600
407 569
414 265
608 327
497 550
493 341
468 285
604 326
470 381
581 306
723 607
708 567
449 256
442 597
465 262
553 459
516 334
495 492
505 407
539 492
581 305
428 596
514 571
525 354
518 481
720 619
513 474
647 324
461 613
483 369
702 571
451 569
523 468
588 333
552 288
731 622
502 346
552 456
499 524
532 287
568 331
515 534
469 279
540 242
510 571
461 569
500 483
540 225
509 494
498 590
516 289
503 354
723 604
433 251
514 413
514 279
503 448
532 261
501 581
415 268
492 515
413 197
530 229
523 409
692 611
499 496
514 292
611 335
509 396
605 427
434 216
426 266
491 483
482 280
438 603
532 230
682 433
420 569
430 570
474 287
511 464
478 547
479 549
506 281
499 552
464 595
603 313
515 329
585 339
715 596
512 464
472 282
469 267
385 242
514 298
695 613
474 548
589 332
707 580
393 228
534 233
510 281
492 294
600 351
457 608
506 408
454 256
444 255
521 581
525 456
596 321
616 334
477 291
437 248
422 206
511 314
509 431
499 359
509 427
477 284
582 340
483 591
467 272
519 579
460 257
521 268
540 227
694 614
581 302
501 281
477 290
445 248
739 379
631 323
526 451
588 328
514 446
465 390
495 363
524 267
521 468
592 328
423 263
508 339
487 339
586 323
507 546
719 606
740 381
537 223
424 266
440 249
700 626
435 599
472 594
603 353
509 520
454 569
469 278
506 386
417 262
553 291
501 439
513 410
418 566
432 575
440 579
519 577
492 535
555 300
462 287
715 618
511 422
454 393
434 277
552 302
520 578
520 473
602 340
697 612
495 512
446 577
525 346
455 394
608 340
501 521
491 403
526 472
520 270
533 465
498 488
446 569
504 579
642 322
495 290
691 443
497 474
500 511
724 618
494 464
473 546
516 336
501 510
538 244
431 252
539 248
515 299
521 263
512 352
386 234
446 570
525 460
462 286
719 614
467 283
463 600
550 462
495 325
483 535
522 266
693 612
579 330
467 266
501 575
502 460
515 578
385 235
624 324
518 473
519 581
496 488
462 570
564 337
618 325
686 431
443 573
486 278
504 541
598 350
469 266
510 303
508 387
412 199
510 378
501 512
597 320
705 588
706 621
512 284
726 619
525 349
641 333
695 443
496 564
460 575
597 347
426 576
613 332
462 285
474 282
416 273
466 286
405 189
497 344
540 282
493 561
510 346
503 548
444 248
378 244
632 322
517 284
431 575
693 572
585 346
470 282
688 613
538 226
513 411
509 584
436 279
528 261
574 335
451 576
638 486
494 343
457 609
590 339
514 410
589 331
411 200
555 305
641 334
497 586
637 326
713 609
510 588
434 247
521 278
512 279
533 466
502 434
506 576
508 423
437 578
538 241
464 593
491 339
478 294
497 509
465 287
502 533
447 578
696 611
715 613
629 323
722 607
530 228
534 228
496 291
523 464
701 621
705 616
510 282
681 437
515 537
504 507
522 281
486 404
517 484
575 341
551 286
546 487
604 316
416 569
495 341
455 568
487 530
499 558
466 283
506 432
626 320
640 322
437 584
431 597
506 337
501 542
497 508
505 475
496 363
387 234
526 476
565 314
497 492
722 604
509 318
709 573
707 568
508 397
380 239
511 392
426 252
417 269
499 521
591 329
509 426
491 363
553 457
716 598
474 288
575 335
497 588
584 346
508 380
382 230
510 308
452 254
431 217
500 477
698 436
571 304
487 532
648 330
504 576
542 227
534 247
581 341
535 244
409 562
445 602
495 472
503 444
482 292
587 316
419 268
521 335
495 483
512 350
562 314
643 322
714 566
456 393
702 565
504 440
446 252
520 330
498 275
522 467
398 564
512 348
508 362
715 587
516 306
584 309
736 370
498 361
525 527
550 284
595 334
500 348
591 328
500 281
421 265
377 228
383 241
455 604
460 395
458 610
486 592
510 311
680 435
502 441
702 584
516 524
490 485
425 269
513 316
439 571
518 407
438 598
508 465
435 252
529 263
440 580
384 242
499 533
627 336
468 382
707 590
529 282
521 452
493 368
468 260
541 237
500 521
703 440
580 339
495 520
594 334
513 450
454 390
477 283
598 352
700 628
496 503
593 333
537 494
606 330
556 298
435 214
470 280
493 577
449 260
457 391
563 306
498 571
420 277
509 381
501 534
620 326
586 331
516 531
685 435
453 603
492 573
429 598
419 261
530 247
513 328
406 187
620 346
436 583
643 330
495 276
506 404
469 271
739 378
509 371
531 259
495 561
433 218
694 567
511 372
531 247
499 512
535 238
597 342
712 582
468 282
511 377
511 498
565 312
521 451
608 336
563 308
507 380
517 471
514 293
509 364
720 594
408 188
511 587
706 614
439 605
703 579
593 325
507 366
521 418
503 303
511 316
584 308
386 235
509 328
382 233
568 307
430 278
577 339
720 605
437 586
562 306
604 346
506 327
486 295
493 466
502 303
708 612
516 539
514 448
510 372
485 368
528 353
534 465
564 308
501 450
536 492
507 397
516 295
403 568
471 275
513 296
507 399
722 614
494 326
411 570
426 272
517 483
454 602
509 439
499 568
501 434
548 284
504 548
516 360
541 234
711 590
509 303
707 583
443 578
741 380
435 219
703 616
713 579
499 513
496 483
694 569
446 254
406 562
498 531
502 497
603 346
598 342
444 578
510 525
448 594
518 584
536 240
720 620
602 343
516 450
449 578
512 307
501 535
517 465
590 332
517 278
513 481
426 574
473 553
417 274
496 436
551 464
454 254
509 292
711 593
534 222
506 407
498 474
518 348
470 273
509 430
493 532
559 305
538 238
507 436
519 293
508 415
515 446
516 471
509 312
411 187
506 344
464 389
513 307
492 597
704 616
524 268
713 566
430 597
510 353
535 355
563 310
508 543
623 326
698 567
539 233
419 277
523 527
693 568
431 576
565 309
535 224
502 481
722 611
512 415
499 577
598 321
711 566
445 576
536 494
481 283
537 227
432 258
720 596
388 239
528 259
466 285
540 226
623 338
500 445
522 280
419 263
447 597
509 578
490 597
426 259
495 563
586 318
527 474
499 485
447 577
507 582
502 360
481 544
434 218
715 595
504 340
564 336
417 270
510 300
505 405
515 291
576 299
709 614
480 591
416 566
509 344
461 602
509 370
691 614
425 268
546 284
638 328
483 596
500 441
464 597
499 357
512 520
454 604
556 296
705 608
468 271
703 439
540 285
506 280
519 419
496 282
644 319
500 473
433 216
499 587
602 321
492 341
510 440
600 350
521 469
712 592
422 202
618 326
502 448
456 392
709 568
492 463
455 569
602 344
574 300
578 341
460 258
484 534
510 313
433 580
436 580
421 278
470 595
507 417
506 477
537 239
634 487
606 332
493 597
387 228
495 327
726 601
456 395
424 210
607 322
707 610
601 339
508 548
505 330
446 253
500 552
603 318
510 484
413 568
521 332
602 352
509 383
434 214
525 272
612 328
490 273
439 592
475 293
539 258
715 617
545 461
452 607
513 578
504 544
518 484
601 326
499 347
431 255
508 335
518 583
556 295
404 188
704 587
564 315
711 614
524 406
614 325
511 325
512 316
507 481
503 450
530 454
701 571
613 325
427 250
499 523
435 247
411 573
513 317
437 585
606 342
573 335
495 324
494 466
409 572
496 437
697 438
519 267
592 310
534 248
607 346
506 329
501 519
428 265
423 574
509 378
506 497
521 531
523 465
513 391
512 346
564 305
515 535
731 619
510 527
644 331
410 187
502 538
408 190
487 601
459 612
694 570
516 405
597 344
485 532
418 201
535 226
528 352
472 272
439 604
414 564
459 569
537 282
514 421
510 450
618 336
427 258
517 454
605 323
524 266
595 311
703 583
537 244
507 545
697 568
518 268
641 335
704 590
539 244
511 412
501 445
499 532
567 307
442 599
699 623
509 379
515 331
502 357
484 601
465 391
517 522
529 247
589 328
493 591
691 611
704 619
624 333
506 410
487 271
625 325
510 399
383 233
500 516
497 578
510 445
495 323
551 306
437 250
497 522
512 549
643 328
494 520
513 464
512 376
511 283
609 337
497 495
441 601
468 262
593 326
633 326
721 620
534 246
608 328
584 332
588 311
581 345
437 581
588 312
508 394
698 571
509 373
497 551
437 591
539 459
514 474
707 581
388 229
475 275
535 493
711 574
711 613
577 335
442 579
521 406
435 251
493 326
489 360
503 581
430 255
496 278
529 227
607 330
522 262
515 298
514 468
493 343
509 340
522 532
506 306
523 452
600 323
627 337
439 574
421 279
721 619
529 456
530 456
531 456
538 459
532 456
598 319
576 338
533 456
723 611
533 457
533 458
534 458
535 458
535 459
535 460
535 461
536 461
537 461
538 461
537 462
537 463
538 463
587 315
539 463
386 232
540 463
407 564
541 463
556 293
542 463
503 480
712 609
543 463
542 464
542 462
429 574
543 462
542 465
538 285
543 461
543 465
542 466
510 333
544 461
543 460
544 465
542 467
452 563
647 328
543 459
542 468
494 293
506 435
497 323
542 469
517 349
607 343
434 572
543 469
412 196
485 275
700 627
509 429
642 320
604 319
450 395
497 327
407 563
499 531
528 286
507 577
521 333
482 370
520 418
598 323
605 313
511 301
727 619
450 601
460 570
517 329
707 592
435 598
475 283
501 325
516 328
499 435
494 438
575 299
564 335
504 326
482 548
450 605
487 602
447 396
700 441
436 251
421 277
604 348
591 331
503 326
483 594
451 567
513 364
506 425
689 613
540 247
376 231
507 432
517 574
517 335
529 283
620 325
543 470
543 471
544 471
543 472
545 471
543 473
545 470
542 473
546 470
541 473
542 474
547 470
541 472
542 475
548 470
547 471
541 471
543 475
542 476
547 472
543 476
542 477
546 472
547 473
543 477
547 474
543 478
547 475
543 479
546 475
547 476
543 480
545 475
546 476
547 477
544 480
543 481
545 474
548 477
547 478
545 480
549 477
547 479
545 481
550 477
546 479
547 480
545 482
550 476
548 480
546 482
544 482
550 475
548 481
546 483
621 345
549 481
546 484
466 264
550 481
456 394
547 484
545 484
504 360
516 361
550 480
551 480
469 284
495 362
450 567
548 485
588 331
393 233
549 485
548 486
623 340
633 324
550 485
549 486
548 487
493 268
609 335
590 331
520 293
515 450
548 488
708 578
448 567
547 488
621 340
692 442
547 489
623 342
383 240
547 490
700 572
621 341
505 377
510 348
547 491
461 600
485 366
426 211
547 492
460 600
461 601
497 340
488 484
548 492
460 601
435 227
507 343
488 273
506 345
452 608
391 231
494 364
621 344
493 266
500 349
700 565
409 569
495 364
550 474
551 474
552 474
551 473
552 473
553 473
554 473
554 474
554 472
555 472
555 471
556 471
557 471
556 470
557 472
556 469
557 473
556 468
557 468
555 468
557 467
558 467
557 466
556 466
555 466
555 465
555 464
544 225
711 563
713 559
711 564
712 559
724 602
710 564
711 559
570 307
710 565
711 558
555 463
556 463
557 463
558 463
557 462
558 464
558 462
557 461
559 464
559 462
556 461
560 464
559 461
561 464
559 460
562 464
559 459
563 464
562 465
559 458
564 464
562 466
560 458
565 464
563 466
562 467
561 458
566 464
565 463
562 468
562 458
566 465
566 463
565 462
562 469
562 459
562 457
566 466
564 462
562 470
563 459
562 456
566 467
563 462
561 470
562 471
563 456
562 455
566 468
562 462
561 471
562 472
564 456
561 455
567 468
561 462
563 472
562 473
564 455
561 454
562 474
564 454
560 454
562 475
563 454
564 453
560 453
562 476
564 452
559 453
562 477
565 452
559 452
563 477
561 477
566 452
564 477
561 478
567 452
566 453
564 478
561 479
568 452
567 451
564 479
560 479
569 452
568 451
567 450
565 479
559 479
560 480
570 452
567 449
566 479
560 481
571 452
570 453
570 451
567 448
567 479
559 481
560 482
572 452
570 454
568 448
566 448
567 478
558 481
560 483
573 452
572 453
569 448
568 447
566 447
568 478
567 477
558 482
561 483
560 484
574 452
573 453
569 447
566 446
569 478
566 477
557 482
562 483
559 484
574 453
566 445
569 479
566 476
556 482
559 485
574 454
567 445
565 445
570 479
555 482
558 485
574 455
567 444
564 445
554 482
555 483
558 486
575 455
573 455
567 443
563 445
553 482
554 481
555 484
558 487
576 455
573 456
568 443
567 442
562 445
554 480
555 485
558 488
577 455
569 443
562 446
562 444
559 488
557 488
558 489
578 455
577 456
577 454
570 443
561 446
562 447
560 488
559 489
556 488
558 490
578 456
577 457
562 448
561 488
556 489
558 491
579 456
561 448
562 449
562 488
561 489
561 487
559 491
557 491
580 456
560 448
561 449
563 449
563 488
562 487
560 491
559 492
556 491
581 456
559 448
560 449
561 450
564 488
561 491
560 492
555 491
582 456
581 457
558 448
564 489
562 491
554 491
583 456
582 455
557 448
558 449
565 489
563 491
554 492
584 456
583 457
556 448
557 449
566 489
563 492
563 490
554 493
585 456
583 458
555 448
557 450
567 489
563 493
555 493
554 494
585 455
584 458
557 451
568 489
567 490
563 494
553 494
585 454
585 458
584 459
568 490
568 488
564 494
562 494
552 494
553 495
584 454
584 460
568 491
569 488
564 495
553 496
583 454
584 453
585 460
583 460
568 492
570 488
554 496
552 496
553 497
584 452
586 460
567 492
571 488
570 487
555 496
552 497
585 452
586 461
572 488
571 487
556 496
555 497
555 495
551 497
586 452
587 461
586 462
573 488
572 487
556 495
555 498
550 497
551 498
586 451
588 461
586 463
574 488
555 499
550 496
551 499
587 451
589 461
586 464
574 489
563 290
549 496
550 499
551 500
588 451
590 461
589 460
587 464
575 489
565 289
564 290
550 500
552 500
588 450
591 461
588 464
576 489
564 289
564 288
565 286
550 501
553 500
552 501
588 449
592 461
589 464
588 463
577 489
564 287
550 502
553 499
588 448
593 461
592 460
577 490
577 488
564 286
563 286
549 502
550 503
589 448
587 448
594 461
592 459
577 487
562 287
562 286
566 279
548 502
589 447
586 448
595 461
578 487
577 486
562 281
561 286
548 503
589 446
585 448
595 462
595 460
579 487
560 287
566 278
565 279
547 503
548 504
588 446
584 448
595 463
596 460
580 487
565 277
562 282
560 286
549 504
588 445
595 464
565 278
588 444
594 464
562 283
560 285
556 285
587 444
588 443
594 465
564 278
561 283
588 442
594 466
559 285
556 284
557 285
589 442
587 442
595 466
593 466
563 278
560 283
559 284
557 284
589 441
586 442
595 467
592 466
593 467
562 278
561 279
559 283
590 441
586 443
586 441
596 467
593 468
558 284
561 278
560 277
591 441
590 440
585 443
586 440
597 467
594 468
592 468
559 282
558 283
592 441
591 442
584 443
586 439
598 467
597 466
591 468
560 278
558 282
593 441
592 442
583 443
584 442
586 438
598 466
597 465
590 468
591 469
555 511
558 281
594 441
593 442
592 443
583 444
587 438
585 438
586 437
597 464
591 470
564 509
565 508
559 279
595 441
593 443
592 444
583 445
588 438
586 436
592 470
591 471
558 280
565 509
566 508
595 440
591 444
582 445
586 435
590 471
591 472
555 512
558 279
595 439
582 446
586 434
590 472
591 473
556 279
565 510
596 439
595 438
581 446
582 447
585 434
590 473
591 474
567 508
597 439
595 437
580 446
582 448
584 434
589 473
592 474
598 439
597 440
597 438
596 437
594 437
579 446
582 449
584 433
639 332
589 474
592 475
599 439
597 441
597 437
594 436
579 447
579 445
581 449
583 433
584 432
589 475
592 476
600 439
598 437
593 436
594 435
579 448
579 444
583 432
584 431
590 475
592 477
601 439
598 436
580 448
578 448
579 449
582 432
585 431
584 430
590 476
593 477
592 478
602 439
601 440
581 432
586 431
585 430
584 429
590 477
594 477
602 440
602 438
580 432
587 431
586 432
585 429
589 477
595 477
506 433
603 438
602 437
579 432
580 433
588 477
595 476
602 436
578 432
587 477
588 476
596 476
603 436
601 436
577 432
716 575
587 478
587 476
597 476
603 435
576 432
716 576
586 478
587 479
586 476
598 476
604 435
603 434
576 431
587 480
585 476
586 475
599 476
598 475
604 434
602 434
603 433
575 431
587 481
584 476
585 475
600 476
599 475
605 434
604 433
603 432
574 431
588 481
587 482
584 477
584 475
585 474
600 477
600 475
606 434
603 431
574 430
589 481
587 483
583 477
583 475
585 473
601 477
600 478
601 475
607 434
604 431
573 430
574 429
590 481
588 483
586 483
587 484
583 478
582 475
586 473
584 473
600 479
607 435
607 433
604 430
572 430
574 428
591 481
590 480
586 484
587 485
583 479
581 475
582 476
584 472
600 480
607 436
607 432
605 430
572 429
592 481
591 482
585 484
582 479
583 472
584 471
601 480
607 437
608 432
607 431
605 429
572 428
591 483
585 485
581 479
582 480
602 480
608 437
607 438
609 432
502 508
607 430
605 428
571 428
592 483
584 485
585 486
580 479
582 481
603 480
602 481
606 438
607 439
610 432
607 429
604 428
570 428
592 484
583 485
584 486
585 487
580 480
604 480
603 479
608 439
611 432
610 433
610 431
608 429
603 428
604 427
569 428
592 485
582 485
579 480
605 480
604 479
608 440
611 431
610 434
608 428
602 428
603 429
604 426
568 428
593 485
591 485
581 485
582 486
579 481
604 478
609 440
611 430
611 434
601 428
604 425
567 428
594 485
593 486
590 485
591 486
581 484
582 487
578 481
604 477
610 440
611 429
612 434
603 425
604 424
593 487
590 484
580 484
577 481
605 477
611 428
602 425
604 423
594 487
592 487
577 480
606 477
612 428
611 427
602 424
603 423
595 487
607 477
610 427
601 424
595 488
608 477
610 426
600 424
703 385
595 489
609 477
608 478
609 426
599 424
596 489
609 478
609 425
598 424
597 489
596 490
610 478
608 425
609 424
598 425
598 423
596 491
610 479
610 424
609 423
598 426
597 423
596 492
611 479
609 422
599 426
596 423
597 422
597 492
596 493
612 479
608 422
600 426
595 423
598 492
595 493
613 479
607 422
601 426
595 422
599 492
594 493
614 479
613 478
606 422
607 421
594 422
595 421
600 492
599 493
593 493
614 480
613 477
606 423
606 421
593 422
594 421
596 421
601 492
599 494
593 494
593 492
614 481
612 477
613 476
606 424
605 421
592 422
593 421
600 494
598 494
599 495
592 492
615 481
613 481
605 420
593 420
601 494
677 469
591 492
592 491
612 481
613 482
605 419
592 420
602 494
404 565
591 493
592 490
613 483
605 418
591 420
603 494
602 495
590 493
592 489
613 484
606 418
590 420
591 421
602 496
589 493
613 485
590 419
603 496
588 493
614 485
613 486
590 418
604 496
603 497
587 493
588 492
615 485
590 417
605 496
604 495
588 491
616 485
589 417
605 497
587 491
588 490
616 486
588 417
589 416
606 497
586 491
587 490
589 490
616 487
588 418
588 416
589 415
607 497
586 492
587 489
616 488
588 415
590 415
608 497
607 496
585 492
586 489
617 488
615 488
587 415
588 414
591 415
609 497
607 495
618 488
586 415
588 413
609 498
619 488
618 487
585 415
589 413
587 413
588 412
609 499
620 488
618 486
584 415
586 413
588 411
610 499
609 500
620 489
620 487
618 485
584 416
587 411
608 500
609 501
620 490
621 487
620 486
584 417
587 410
609 502
621 490
620 491
622 487
584 418
587 409
610 502
608 502
622 490
619 491
620 492
623 487
622 486
584 419
588 409
586 409
611 502
607 502
623 490
618 491
620 493
623 488
622 485
585 419
514 465
584 420
589 409
585 409
611 501
606 502
607 503
607 501
624 490
623 491
617 491
620 494
624 488
623 485
622 484
586 419
584 421
590 409
589 408
585 410
612 501
607 504
625 490
624 491
623 492
616 491
621 494
625 488
623 484
622 483
586 420
584 422
590 410
590 408
584 410
613 501
612 500
606 504
626 490
625 491
624 492
622 494
626 488
622 482
587 420
586 421
591 410
590 407
583 410
614 501
612 499
624 493
626 487
621 482
586 422
591 411
591 407
590 406
582 410
583 409
615 501
612 498
625 493
626 486
586 423
592 411
592 407
590 405
583 408
615 502
615 500
612 497
626 493
627 486
587 423
585 423
591 405
590 404
584 408
615 503
616 500
613 497
611 497
626 494
628 486
588 423
587 424
585 424
592 405
589 404
616 503
614 503
617 500
627 494
629 486
589 423
588 422
585 425
592 404
588 404
589 403
614 504
617 501
617 499
627 495
630 486
589 424
585 426
592 403
587 404
614 505
628 495
631 486
630 487
593 403
592 402
586 404
587 405
587 403
490 404
613 505
629 495
628 496
631 485
594 403
593 402
592 401
587 406
587 402
630 495
628 497
632 485
631 484
595 403
594 402
593 401
592 400
586 402
543 277
630 494
627 497
633 485
632 484
593 400
592 399
585 402
630 493
626 497
633 484
594 400
593 399
591 399
585 401
631 493
629 493
630 492
626 496
633 483
590 399
591 398
584 401
632 493
631 492
625 496
634 483
633 482
590 398
591 397
583 401
631 491
624 496
625 495
633 481
589 398
590 397
591 396
582 401
624 497
633 480
590 396
582 400
624 498
634 480
632 480
633 479
582 399
625 498
623 498
624 499
635 480
634 479
631 480
633 478
581 399
624 500
636 480
635 481
634 478
631 481
580 399
623 500
624 501
635 478
630 481
631 482
579 399
622 500
624 502
636 478
629 481
579 400
579 398
625 502
636 477
628 481
629 480
578 400
579 397
625 503
636 476
627 481
577 400
579 396
625 504
636 475
626 481
627 480
580 396
578 396
579 395
625 505
635 475
636 474
625 481
580 395
578 395
625 506
636 473
625 482
625 480
581 395
578 394
625 507
637 473
624 482
624 480
577 394
578 393
625 508
638 473
623 480
577 393
578 392
625 509
638 474
623 479
577 392
579 392
626 509
625 510
639 474
576 392
580 392
627 509
625 511
640 474
576 391
581 392
628 509
627 510
625 512
640 475
640 473
576 390
582 392
629 509
628 510
625 513
640 472
575 390
576 389
583 392
582 393
582 391
629 508
625 514
641 472
574 390
576 388
583 393
582 394
582 390
629 507
626 514
625 515
642 472
641 471
573 390
574 391
575 388
576 387
584 393
582 389
629 506
627 514
625 516
643 472
642 471
573 389
574 392
585 393
583 389
581 389
582 388
627 515
627 513
626 516
644 472
643 473
573 388
573 392
574 393
586 393
585 392
580 389
582 387
626 517
645 472
644 471
643 474
573 387
572 392
574 394
586 392
585 391
580 390
580 388
582 386
626 518
646 472
704 553
571 392
573 394
586 391
585 390
580 387
583 386
625 518
626 519
646 473
646 471
571 393
572 394
584 390
585 389
626 520
647 473
646 474
647 471
646 470
570 393
571 394
586 389
585 388
627 520
625 520
626 521
648 473
647 474
646 475
648 471
647 470
646 469
569 393
587 389
628 520
627 521
626 522
648 472
646 476
647 469
645 469
646 468
569 394
588 389
625 522
647 476
648 469
646 467
568 394
589 389
625 523
647 477
646 466
567 394
568 395
589 388
625 524
647 478
646 465
566 394
567 393
568 396
648 478
646 478
647 465
646 464
566 393
567 392
567 396
568 397
649 478
646 479
647 464
566 392
568 392
566 396
567 397
569 397
650 478
649 477
645 479
646 480
648 464
647 463
565 392
651 478
650 479
649 476
646 481
647 462
564 392
652 478
649 475
647 481
646 482
646 462
647 461
564 391
653 478
652 479
650 475
649 474
648 481
645 482
646 461
648 461
647 460
563 391
654 478
653 477
652 480
650 474
644 482
645 461
646 460
649 461
562 391
563 390
655 478
653 476
652 481
644 483
645 460
646 459
649 460
561 391
656 478
655 479
654 476
652 476
653 475
644 484
644 460
646 458
650 460
560 391
657 478
656 477
655 480
654 475
645 484
644 485
643 460
645 458
646 457
651 460
559 391
560 392
656 480
655 475
643 485
642 460
643 461
643 459
647 457
646 456
652 460
558 391
657 480
656 475
642 485
643 486
642 461
643 462
648 457
646 455
653 460
557 391
558 392
658 480
657 475
656 474
642 486
641 461
649 457
645 455
654 460
653 461
557 390
558 393
658 479
657 474
520 416
642 487
640 461
641 462
650 457
644 455
655 460
653 462
557 389
557 393
658 474
702 620
640 462
650 458
650 456
644 456
644 454
656 460
654 462
558 389
556 389
556 393
557 394
659 474
701 611
420 568
639 462
640 463
657 460
656 459
655 462
556 388
556 392
557 395
660 474
659 475
421 568
419 566
638 462
639 463
655 463
556 387
555 392
558 395
661 474
660 473
659 476
415 567
416 565
416 564
637 462
638 463
656 463
556 386
554 392
555 391
559 395
662 474
660 472
659 477
415 563
504 563
504 564
637 461
638 464
556 385
554 393
554 391
559 396
662 475
658 477
399 564
636 461
637 464
638 465
556 384
553 393
554 394
553 391
663 475
504 562
636 460
637 465
638 466
556 383
552 393
554 395
553 390
663 476
400 564
404 569
636 459
556 382
552 394
554 396
552 390
664 476
663 477
557 382
556 381
551 394
555 396
554 397
665 476
662 477
556 380
550 394
551 395
555 397
553 397
554 398
666 476
665 475
557 380
555 380
556 379
553 398
665 474
558 380
556 378
666 474
664 474
559 380
558 381
558 379
556 377
667 474
666 473
664 473
560 380
558 378
555 377
664 472
561 380
560 381
559 378
554 377
555 376
664 471
562 380
561 381
561 379
560 382
559 377
554 378
554 376
555 375
665 471
562 379
561 378
559 382
559 376
554 379
553 376
555 374
666 471
563 379
562 378
560 376
559 375
553 379
555 373
666 470
564 379
563 378
560 375
558 375
559 374
554 373
555 372
667 470
558 374
553 373
555 371
668 470
557 374
553 372
555 370
669 470
668 469
556 370
555 369
670 470
557 370
555 368
670 471
555 367
671 471
556 367
555 366
672 471
671 472
556 366
555 365
673 471
556 365
554 365
674 471
673 472
557 365
554 364
675 471
558 365
553 364
676 471
675 470
559 365
558 366
552 364
553 363
677 471
676 470
675 469
560 365
559 366
551 364
553 362
677 472
677 470
675 468
560 366
551 365
552 362
553 361
678 472
674 468
675 467
551 366
553 360
679 472
678 473
673 468
675 466
551 367
553 359
680 472
679 473
672 468
673 467
676 466
674 466
675 465
551 368
554 359
553 358
681 472
679 474
672 469
672 467
677 466
676 465
674 465
550 368
551 369
555 359
554 358
553 357
682 472
681 473
679 475
671 467
677 467
676 464
674 464
550 369
552 369
553 356
683 472
682 473
679 476
678 467
677 464
674 463
553 355
684 472
683 473
682 474
680 476
679 477
679 467
673 463
674 462
554 355
552 355
684 471
683 474
682 475
678 477
679 478
679 466
674 461
555 355
551 355
685 471
682 476
679 479
675 461
673 461
556 355
555 354
551 356
551 354
686 471
683 476
682 477
678 479
679 480
676 461
673 460
557 355
556 354
550 356
550 354
551 353
686 472
686 470
683 477
677 479
680 480
677 461
673 459
557 354
549 356
549 354
551 352
686 473
687 470
686 469
684 477
683 478
676 479
677 480
678 461
677 460
557 353
549 357
549 355
548 354
551 351
686 474
688 470
685 469
686 468
684 478
683 479
677 481
679 461
558 353
549 358
548 355
552 351
550 351
688 469
684 469
685 478
684 479
683 480
678 481
676 481
679 462
679 460
559 353
550 358
540 259
549 359
550 350
688 468
683 469
683 481
676 482
679 463
680 460
679 459
560 353
559 352
550 359
641 506
549 350
550 349
689 468
682 469
683 468
684 481
683 482
676 483
679 458
550 360
641 507
549 349
551 349
689 467
682 470
683 467
684 482
682 482
683 483
675 483
680 458
635 511
646 500
549 348
552 349
689 466
683 466
684 483
682 483
674 483
680 457
645 501
648 502
553 349
688 466
682 466
685 483
681 483
673 483
681 457
680 456
638 513
554 349
688 465
682 465
685 484
673 484
673 482
681 456
680 455
636 511
555 349
687 465
681 465
686 484
672 484
673 485
673 481
682 456
646 501
647 502
556 349
555 350
687 464
687 484
671 484
673 486
672 481
682 455
633 514
638 512
637 511
557 349
555 351
687 463
688 484
687 483
671 481
672 480
682 454
646 502
645 503
557 350
556 351
554 351
555 352
686 463
687 462
689 484
688 485
688 483
670 481
682 453
634 514
494 591
638 511
558 350
685 463
690 484
688 486
688 482
670 480
683 453
681 453
682 452
646 503
559 350
685 464
691 484
689 486
669 480
684 453
680 453
681 452
682 451
637 522
560 350
559 349
689 487
669 479
684 452
634 515
560 349
690 487
685 452
684 451
689 530
561 349
690 488
686 452
685 451
684 450
687 528
562 349
691 488
687 452
683 450
684 449
639 511
638 510
562 350
692 488
688 452
687 451
685 449
684 448
646 504
645 505
563 350
693 488
692 489
689 452
688 451
687 450
686 449
683 448
647 505
638 522
564 350
693 487
692 490
690 452
689 453
687 449
682 448
634 516
693 529
689 529
564 351
694 487
692 491
681 448
688 528
639 510
646 505
647 512
691 491
681 449
681 447
638 521
635 516
692 529
693 528
691 492
680 449
681 446
689 528
637 513
691 493
682 446
681 445
640 510
690 493
691 494
680 445
681 444
689 493
692 494
679 445
680 444
688 493
689 494
689 492
692 495
679 446
687 493
689 491
692 496
678 446
679 447
686 493
688 491
691 496
692 497
677 446
678 447
679 448
686 494
687 491
693 497
678 448
685 494
686 491
694 497
678 449
684 494
686 490
695 497
694 496
677 449
684 495
696 497
695 496
676 449
684 496
697 497
695 495
676 448
683 496
684 497
698 497
697 496
675 448
683 497
685 497
697 495
674 448
682 497
686 497
685 498
698 495
673 448
674 447
681 497
686 496
685 499
699 495
698 494
673 449
673 447
674 446
681 498
681 496
687 496
685 500
700 495
673 450
672 447
673 446
675 446
674 445
680 498
681 495
685 501
700 496
700 494
674 450
672 450
673 445
675 445
680 495
686 501
684 501
685 502
701 496
700 493
671 450
673 444
675 444
680 494
687 501
685 503
702 496
700 492
670 450
673 443
676 444
675 443
680 493
687 500
686 503
685 504
703 496
699 492
669 450
670 449
672 443
675 442
679 493
688 500
687 503
686 504
684 504
685 505
703 495
699 491
668 450
671 443
676 442
675 441
678 493
687 504
686 505
683 504
685 506
703 494
699 490
667 450
668 449
677 442
675 440
677 493
686 506
682 504
685 507
704 494
666 450
678 442
675 439
677 494
687 506
681 504
682 503
685 508
665 450
679 442
674 439
675 438
676 494
687 507
680 504
682 502
664 450
679 441
675 437
676 495
688 507
679 504
680 503
679 440
675 436
675 495
676 496
689 507
688 508
678 504
679 503
680 440
678 440
675 435
677 496
676 497
689 508
688 509
677 504
681 440
676 435
675 434
687 509
688 510
676 504
677 505
677 503
682 440
681 439
676 434
674 434
689 510
688 511
675 504
676 505
682 441
682 439
676 433
673 434
690 510
689 511
675 503
676 506
683 441
682 438
676 432
672 434
691 510
675 502
675 506
683 442
443 263
677 432
675 432
672 435
692 510
675 507
684 442
443 264
443 265
674 432
693 510
674 507
675 508
685 442
684 443
442 266
673 432
674 431
694 510
673 507
674 508
685 443
684 444
430 282
443 266
442 267
674 430
695 510
674 509
686 443
684 445
446 267
675 430
695 511
674 510
687 443
686 444
685 445
446 273
430 283
675 429
696 511
695 512
675 510
673 510
687 444
429 284
675 428
697 511
696 512
675 511
673 511
561 392
428 285
674 428
675 427
697 510
672 511
443 267
445 275
675 426
698 510
697 509
599 310
446 268
446 272
676 426
674 426
699 510
599 309
430 284
677 426
673 426
699 511
699 509
598 309
430 286
677 425
672 426
673 425
700 511
699 512
597 309
596 309
729 365
429 285
678 425
677 424
672 427
701 511
681 524
653 515
652 516
677 519
443 276
679 425
677 423
671 427
702 511
701 510
738 375
739 370
736 369
444 275
444 267
680 425
678 423
670 427
703 511
729 364
678 518
677 529
679 529
445 268
446 271
430 285
681 425
680 424
678 422
670 428
670 426
703 512
703 510
680 524
739 375
435 286
443 275
682 425
681 426
680 423
678 421
670 425
703 513
703 509
739 371
739 369
735 369
444 274
681 427
681 423
679 421
678 420
669 425
703 514
704 509
703 508
728 364
729 363
653 516
444 268
682 427
680 427
680 421
668 425
704 514
703 515
704 508
676 517
677 518
446 270
683 427
679 427
680 420
668 424
705 514
702 515
704 507
739 376
740 369
432 286
684 427
678 427
680 419
668 423
705 515
701 515
734 369
431 285
434 286
680 418
669 423
667 423
668 422
705 516
701 514
730 363
443 274
444 269
681 418
680 417
666 423
706 516
704 516
729 362
678 529
445 270
432 281
682 418
679 417
665 423
666 424
666 422
706 517
704 517
680 525
653 517
739 377
432 285
683 418
679 416
665 424
666 421
707 517
703 517
704 518
741 369
730 362
676 518
434 285
684 418
679 415
664 424
665 425
666 420
708 517
707 518
678 528
679 525
654 517
675 518
438 283
443 273
685 418
684 417
678 415
679 414
663 424
665 426
666 419
709 517
707 519
678 527
679 526
740 377
738 377
537 491
444 270
433 281
685 419
677 415
680 414
662 424
666 426
664 426
667 419
710 517
742 369
741 368
730 361
656 520
433 285
439 283
686 419
685 420
677 414
681 414
680 413
661 424
662 423
664 427
668 419
711 517
655 517
675 519
675 527
678 526
434 271
433 270
443 272
687 419
676 414
681 415
680 412
561 332
662 422
669 419
668 418
711 518
741 377
517 433
698 441
741 367
730 360
444 271
433 282
688 419
687 420
675 414
676 413
681 412
661 422
668 417
711 519
657 520
656 517
675 520
675 526
433 284
439 282
436 268
434 270
688 418
687 421
676 412
681 411
661 421
667 417
712 519
711 520
516 433
742 367
740 367
741 366
731 360
730 359
443 271
434 282
433 283
689 418
688 421
675 412
676 411
682 411
661 420
667 416
712 520
711 521
677 526
657 519
656 518
676 520
675 525
515 433
743 367
440 282
436 269
435 270
442 271
434 283
689 421
674 412
676 410
660 420
661 419
666 416
667 415
713 520
742 366
741 365
732 360
729 359
677 525
440 281
441 280
436 270
441 271
690 421
673 412
674 413
677 410
676 409
659 420
661 418
714 520
657 518
676 521
676 525
677 524
441 273
436 284
690 422
673 413
675 409
658 420
715 520
714 521
515 428
515 432
743 368
742 365
435 283
440 280
690 423
673 414
674 409
675 408
658 421
658 419
715 519
714 522
733 360
639 512
728 359
658 518
671 519
437 270
441 272
436 283
689 423
672 414
673 415
674 408
675 407
657 421
657 419
715 518
714 523
676 522
676 524
514 428
515 429
744 368
440 279
438 270
440 272
672 415
673 416
676 407
656 421
657 422
657 418
715 517
713 523
734 360
733 361
733 359
727 359
658 517
436 282
439 279
677 407
656 418
657 417
714 517
715 516
712 523
660 525
659 524
672 519
515 431
440 278
677 406
655 418
657 416
716 516
715 515
711 523
712 522
513 426
514 429
745 368
733 362
438 271
439 272
678 406
677 405
655 419
657 415
717 516
715 514
710 523
733 358
726 359
727 360
727 358
676 523
436 281
437 280
438 279
678 405
676 405
677 404
654 419
656 415
657 414
717 517
715 513
710 524
710 522
659 517
660 524
659 523
672 520
673 521
514 431
513 427
439 278
438 272
436 280
679 405
677 403
654 420
656 414
657 413
715 512
710 525
746 368
745 367
733 357
726 360
726 358
727 357
438 278
437 272
680 405
679 404
678 403
676 403
653 420
655 414
658 413
657 412
715 511
710 526
674 524
675 523
661 516
660 517
660 523
672 521
673 524
438 273
437 276
681 405
675 403
676 402
652 420
654 414
655 413
658 412
656 412
657 411
716 511
711 526
709 526
514 430
747 368
746 369
745 366
734 357
733 356
725 360
681 406
681 404
676 401
651 420
652 421
652 419
654 413
717 511
716 510
711 527
708 526
674 523
661 517
660 522
672 522
673 523
662 517
512 427
681 407
682 404
676 400
650 420
652 422
653 413
654 412
718 511
717 512
717 510
708 525
748 368
746 370
745 365
735 357
734 356
732 356
683 404
682 403
675 400
649 420
652 413
718 510
717 513
717 509
707 525
725 361
661 518
661 522
671 524
684 404
683 405
674 400
652 414
652 412
718 509
717 514
717 508
707 524
672 523
662 518
661 521
512 431
684 405
684 403
683 406
674 399
652 415
652 411
718 514
716 508
717 507
706 524
707 523
749 368
748 369
745 370
736 357
684 402
683 407
673 399
651 415
652 410
715 508
718 507
717 506
705 524
707 522
735 358
732 355
724 361
666 524
685 402
683 402
673 398
651 410
652 409
715 509
717 505
704 524
705 523
707 521
671 523
662 519
661 520
667 524
670 523
686 402
683 401
673 397
653 409
714 509
718 505
703 524
664 518
513 430
749 369
687 402
683 400
713 509
719 505
718 504
702 524
745 371
737 357
735 359
731 355
732 354
687 403
687 401
712 509
713 510
719 506
718 503
702 525
723 361
662 520
667 523
669 523
670 522
688 401
687 400
720 506
719 503
718 502
702 526
665 518
663 520
512 428
750 369
689 401
687 399
720 507
720 503
717 502
701 526
702 527
745 372
737 356
731 354
732 353
723 362
689 402
687 398
716 502
700 526
702 528
723 360
667 522
669 522
665 519
664 520
668 522
688 398
715 502
699 526
703 528
666 521
665 520
512 430
751 369
722 362
723 359
668 521
666 520
689 398
688 397
714 502
703 529
668 520
667 520
667 519
667 518
512 429
752 369
721 362
722 359
666 517
667 517
511 429
690 398
713 502
704 529
703 530
753 369
720 362
721 363
721 359
675 515
668 517
676 515
691 398
712 502
705 529
703 531
699 438
753 370
719 362
721 364
721 358
677 512
699 440
753 371
719 363
692 398
691 399
691 397
712 501
704 531
721 365
720 358
668 516
676 514
696 444
753 372
718 363
720 357
677 513
693 398
691 400
691 396
712 500
705 531
699 439
754 372
752 372
719 357
720 356
669 516
676 513
694 445
695 444
718 357
721 356
691 401
691 395
712 499
705 532
720 355
669 515
668 514
691 444
717 357
718 356
721 355
674 512
692 401
691 402
692 395
691 394
711 499
712 498
706 532
675 513
670 515
698 439
717 358
668 513
716 358
717 359
674 513
671 515
715 358
693 401
691 403
690 394
710 499
712 497
707 532
706 533
718 359
717 360
702 434
669 513
715 357
716 360
673 513
694 401
692 403
690 403
689 394
710 500
710 498
712 496
708 532
707 533
706 534
671 514
670 513
715 356
672 513
671 513
695 401
694 402
694 400
690 404
688 394
689 393
713 496
708 533
708 531
705 534
671 512
671 511
715 355
714 354
715 352
696 401
689 404
687 394
714 496
709 533
708 534
708 530
705 535
715 351
714 352
716 355
715 354
717 354
697 401
689 405
686 394
715 496
708 535
709 530
704 535
715 353
698 401
689 406
686 393
716 496
715 495
643 501
708 536
709 529
717 355
698 402
698 400
689 407
685 393
717 496
716 495
708 537
710 529
698 403
698 399
688 407
689 408
684 393
685 392
718 496
717 497
707 537
708 538
699 403
697 403
698 398
688 408
690 408
689 409
683 393
684 392
685 391
719 496
718 495
709 538
700 403
699 404
697 404
699 398
697 398
688 409
689 410
682 393
683 394
685 390
719 497
718 494
709 539
700 402
696 404
700 398
682 392
685 389
720 497
719 498
719 494
718 493
710 539
701 402
701 398
681 392
686 389
684 389
505 492
717 493
718 492
711 539
710 540
702 402
702 398
701 397
680 392
681 391
687 389
718 491
712 539
710 541
702 397
679 392
680 391
688 389
687 388
718 490
710 542
703 397
702 396
680 390
687 387
719 490
718 489
710 543
704 397
702 395
679 390
680 389
720 490
717 489
711 543
710 544
704 396
702 394
680 388
720 489
716 489
710 545
705 396
704 395
702 393
680 387
720 488
709 545
704 394
702 392
681 387
680 386
721 488
708 545
705 394
679 386
722 488
708 546
708 544
706 394
705 393
678 386
723 488
722 489
722 487
707 546
708 547
706 393
705 392
678 387
678 385
723 489
723 487
722 486
706 546
709 547
707 393
705 391
677 387
678 384
723 490
724 487
722 485
463 574
710 547
708 393
707 392
704 391
677 388
678 383
723 491
725 487
463 573
709 393
704 390
676 388
679 383
724 491
723 492
725 486
539 365
709 394
709 392
703 390
704 389
676 389
679 382
725 491
725 485
537 356
536 355
709 395
710 392
709 391
704 388
675 389
726 491
724 485
539 364
536 361
711 392
709 390
703 388
704 387
727 491
726 492
538 354
537 355
711 393
711 391
708 390
709 389
702 388
539 363
537 361
712 393
711 394
711 390
701 388
702 387
538 355
539 362
538 361
713 393
712 394
711 395
711 389
701 387
539 355
539 361
714 393
712 395
712 389
700 387
701 386
539 356
539 360
714 392
713 395
699 387
701 385
539 357
539 359
714 391
714 395
698 387
702 385
700 385
701 384
539 358
540 358
541 358
715 391
714 396
697 387
698 388
699 385
701 383
541 357
541 356
546 352
547 353
715 390
715 396
698 389
699 384
702 383
701 382
542 356
546 353
543 356
545 353
715 389
716 396
715 397
699 389
703 383
700 382
701 381
544 356
543 355
545 354
544 355
545 355
716 389
715 398
699 390
704 383
546 355
546 356
544 358
546 357
717 389
716 398
714 398
699 391
705 383
545 358
546 358
547 358
548 358
646 506
718 389
717 390
717 398
713 398
700 391
698 391
647 507
647 511
640 522
639 521
635 517
692 528
690 528
719 389
718 388
717 391
718 398
698 392
689 527
644 501
640 509
646 507
647 510
641 522
719 388
718 387
718 391
719 398
698 393
640 521
636 517
691 528
690 527
418 567
640 508
646 508
720 388
719 387
719 391
719 399
719 397
698 394
646 510
647 509
641 521
644 518
637 517
691 527
720 387
719 386
719 396
641 508
646 509
641 520
644 519
639 516
638 517
691 526
643 507
719 385
642 508
644 508
720 385
718 385
719 384
645 509
642 520
641 519
720 384
718 384
643 519
639 517
526 354
687 519
721 384
691 525
722 384
693 521
643 508
723 384
722 385
722 383
644 509
642 519
724 384
722 386
722 382
640 517
725 384
724 383
723 386
722 387
721 382
722 381
688 519
726 384
722 388
723 381
722 380
691 524
726 385
726 383
723 388
723 380
721 380
722 379
692 521
692 523
723 389
721 379
722 378
643 509
642 518
723 390
720 379
721 378
722 377
641 517
689 519
722 390
723 391
720 378
722 376
691 523
692 522
643 510
721 390
719 378
720 377
723 376
722 375
642 511
642 517
689 520
691 522
721 389
722 374
643 511
642 516
689 521
690 522
723 374
722 373
643 512
642 515
641 514
724 374
723 373
721 373
688 521
689 522
725 374
724 373
723 372
720 373
721 372
643 513
642 514
726 374
725 375
725 373
720 374
720 372
687 521
687 523
688 522
727 374
726 375
725 372
719 374
719 372
645 516
643 514
727 375
718 372
719 371
687 522
645 513
728 375
727 376
717 372
718 371
645 515
644 514
647 519
728 376
718 370
686 522
645 514
647 518
729 376
717 370
648 517
685 522
730 376
716 370
717 369
646 514
647 517
731 376
715 370
717 368
678 520
684 522
647 514
732 376
731 377
731 375
714 370
718 368
647 516
679 520
683 522
731 378
731 374
714 371
714 369
719 368
718 367
647 515
679 521
730 378
731 379
731 373
714 368
682 520
683 521
648 515
732 373
730 373
713 368
679 514
681 520
680 521
682 521
683 526
733 373
730 372
713 367
650 514
649 515
678 514
676 532
674 530
734 373
730 371
681 521
682 526
735 373
730 370
650 515
650 517
678 515
676 531
735 372
730 369
674 529
681 522
682 525
736 372
735 371
730 368
651 517
650 516
678 516
676 530
737 372
734 371
729 368
730 367
675 529
681 523
682 524
738 372
737 373
737 371
728 368
729 367
731 367
730 366
651 516
678 517
738 373
737 370
728 367
729 366
730 365
676 529
679 530
706 547
706 548
706 549
707 549
705 549
708 549
704 549
709 549
704 548
710 549
703 548
711 549
710 550
702 548
711 548
702 547
712 548
702 546
713 548
701 546
714 548
713 549
700 546
714 549
714 547
699 546
700 547
714 550
715 547
698 546
700 548
715 550
714 551
698 545
699 548
700 549
716 550
713 551
698 544
699 549
717 550
713 552
697 544
698 543
699 550
718 550
717 551
712 552
713 553
696 544
698 542
699 551
713 554
695 544
699 542
697 542
698 541
699 552
714 554
713 555
694 544
695 543
698 540
700 552
699 553
715 554
713 556
694 545
699 540
701 552
699 554
714 556
713 557
693 545
694 546
702 552
701 553
698 554
699 555
715 556
703 552
716 556
704 552
703 553
717 556
705 552
704 551
717 557
718 557
717 558
719 557
717 559
718 559
718 560
718 561
719 561
718 562
719 562
717 562
719 563
717 563
720 563
716 563
717 564
721 563
715 563
716 564
717 565
722 563
714 563
715 564
715 562
713 563
714 562
715 565
713 562
714 561
712 562
713 561
711 562
712 561
425 251
425 250
424 250
425 249
423 250
426 249
425 248
422 250
423 251
423 249
425 247
421 250
422 249
423 252
425 246
420 250
422 248
424 252
424 246
425 245
420 249
423 246
426 245
425 244
422 246
427 245
425 243
422 245
427 244
422 244
428 244
427 243
422 243
421 243
420 243
421 242
420 244
420 242
421 241
419 244
419 242
422 241
421 240
419 245
418 242
422 240
420 240
421 239
418 245
423 240
422 239
421 238
417 245
420 238
421 237
416 245
419 238
420 237
422 237
416 246
420 236
416 247
419 236
420 235
416 248
420 234
417 248
421 234
419 234
417 249
421 233
419 233
417 250
422 233
421 232
418 233
416 250
417 251
418 232
416 251
417 232
416 232
415 232
416 231
414 232
416 230
413 232
417 230
415 230
412 232
415 229
411 232
415 228
410 232
411 233
416 228
415 227
410 233
417 228
409 233
418 228
417 227
408 233
418 229
417 226
407 233
418 226
416 226
417 225
406 233
407 234
418 225
416 225
406 234
406 232
407 235
419 225
406 231
408 235
420 225
419 224
407 231
406 230
408 236
421 225
420 226
419 223
407 230
406 229
409 236
422 225
419 222
406 228
410 236
422 226
422 224
420 222
418 222
406 227
423 224
418 221
405 227
406 226
423 223
418 220
404 227
406 225
424 223
419 220
417 220
404 228
425 223
424 222
419 219
403 228
426 223
425 222
424 221
420 219
419 218
402 228
403 229
427 223
423 221
424 220
419 217
402 229
402 227
403 230
427 224
423 220
425 220
420 217
418 217
401 229
401 227
404 230
427 225
422 220
426 220
425 219
418 216
401 230
400 227
427 226
421 220
426 221
425 218
559 278
401 231
399 227
427 227
427 221
426 218
425 217
398 227
427 228
425 216
397 227
398 228
398 226
428 228
425 215
396 227
397 226
429 228
428 229
426 215
395 227
396 228
430 228
428 230
426 214
395 228
430 229
430 227
429 230
426 213
394 228
395 229
431 229
504 401
503 401
502 401
503 402
503 400
501 401
500 401
501 402
499 401
500 400
501 403
499 400
500 403
501 404
498 400
499 403
501 405
497 400
498 399
499 404
500 405
497 399
500 406
496 399
499 406
500 407
495 399
498 406
501 407
500 408
494 399
495 398
497 406
502 407
495 397
496 406
497 405
503 407
502 406
494 397
495 406
496 405
503 406
493 397
494 406
495 405
503 405
448 601
493 406
494 405
743 387
743 388
492 406
494 404
742 389
743 389
491 406
492 405
744 389
490 406
745 389
490 405
745 388
745 387
493 396
492 396
493 395
491 396
493 394
491 395
490 395
489 395
490 394
488 395
488 396
488 394
487 396
488 397
488 393
486 396
489 397
488 392
486 397
490 397
485 397
486 398
484 397
486 399
484 396
483 396
482 396
482 397
482 395
481 395
480 395
481 394
479 395
481 393
479 394
480 393
481 392
478 394
482 392
481 391
480 391
481 390
479 391
480 390
482 390
481 389
480 389
483 390
481 388
479 389
484 390
481 387
479 388
484 389
478 388
485 389
484 388
477 388
478 387
486 389
477 389
477 387
487 389
486 388
476 389
476 387
488 389
487 390
487 388
486 387
475 387
476 386
489 389
487 391
487 387
485 387
486 386
474 387
476 385
489 388
486 385
474 386
476 384
485 385
486 384
473 386
485 384
487 384
472 386
473 385
485 383
488 384
471 386
472 387
473 384
484 383
489 384
488 383
472 388
472 384
473 383
483 383
489 385
489 383
488 382
472 389
473 382
483 384
490 385
487 382
488 381
471 389
473 381
491 385
470 389
474 381
472 381
492 385
552 284
553 284
553 283
553 282
553 281
554 282
552 281
552 280
552 279
551 280
552 278
552 277
551 278
552 276
553 277
551 276
553 276
554 277
551 275
550 276
553 275
555 277
528 258
553 274
555 278
556 277
567 506
552 513
557 277
567 507
552 512
557 278
553 512
557 279
554 512
556 499
557 499
556 500
557 500
557 498
556 501
556 502
555 502
556 503
554 502
557 503
556 504
554 503
558 503
554 504
558 504
558 502
558 505
559 502
558 501
558 506
559 506
557 506
558 507
560 506
558 508
561 506
560 505
557 508
562 506
561 507
560 504
557 509
562 507
562 505
557 510
563 507
556 510
557 511
563 508
555 510
564 508
549 276
548 276
549 277
547 276
549 278
546 276
545 276
546 277
546 275
544 276
545 277
546 278
543 276
547 278
483 550
