743 568
374 350
680 465
460 322
521 535
765 613
550 533
524 344
711 515
494 308
734 498
538 357
565 415
749 503
465 424
383 322
741 512
568 465
547 476
475 500
773 569
568 461
524 412
499 377
546 467
493 363
722 575
507 395
490 440
522 412
723 576
518 328
472 335
379 392
355 446
492 422
702 497
338 470
338 456
761 568
339 457
709 507
490 371
461 315
383 403
518 329
337 490
572 426
551 475
517 381
512 465
333 454
513 332
392 358
493 426
561 433
516 395
349 446
320 504
510 380
740 492
510 331
569 457
502 301
538 490
483 423
522 517
748 503
744 564
511 393
518 335
335 466
513 463
746 565
432 432
768 522
697 498
510 320
820 581
563 438
518 307
570 426
508 321
497 458
522 326
509 483
459 316
729 487
528 536
330 506
540 537
759 564
739 561
793 562
721 562
383 391
669 465
571 425
547 425
685 445
516 334
719 562
439 318
735 542
491 452
740 493
446 428
738 527
779 531
397 371
673 537
540 536
496 528
709 523
338 495
719 563
341 465
376 328
372 329
519 387
392 354
501 465
562 451
760 463
755 476
706 518
495 321
797 563
338 490
525 366
526 341
475 499
722 563
745 560
805 566
498 466
745 561
321 442
561 431
725 567
779 566
391 350
495 387
492 380
517 308
377 387
532 463
542 367
446 312
456 320
554 449
440 318
734 503
747 490
688 465
480 362
556 437
329 433
777 568
732 543
567 465
777 566
513 393
334 436
564 437
475 359
735 508
564 439
472 501
507 465
520 327
569 467
429 392
732 573
780 557
735 495
794 554
743 566
812 565
388 355
530 493
783 586
524 380
382 398
476 327
744 531
474 425
747 484
345 478
505 464
773 613
784 606
742 553
394 350
695 454
387 345
322 449
564 427
715 559
743 506
743 542
782 586
572 460
755 559
782 593
513 377
537 359
497 319
499 466
540 530
715 562
501 367
695 499
781 596
332 477
449 424
519 340
385 365
745 533
475 330
526 332
324 502
507 323
716 576
756 457
452 429
344 493
337 443
786 604
735 546
502 307
796 564
377 348
521 347
478 365
521 329
802 612
800 613
813 579
491 427
744 505
781 608
744 541
745 555
792 606
553 427
784 569
713 498
766 570
482 322
382 336
381 386
801 566
573 451
573 414
564 448
329 503
378 328
377 356
681 481
767 533
761 531
792 562
508 395
537 366
523 335
757 462
521 424
719 490
495 386
750 481
797 562
567 410
505 311
554 467
498 320
737 499
695 500
442 316
534 541
825 579
552 420
773 521
529 383
514 393
724 569
370 328
567 448
563 416
734 526
522 420
384 341
552 477
525 518
338 446
695 449
739 525
500 366
567 459
751 566
556 461
426 387
727 500
359 466
764 530
455 303
770 612
823 577
773 534
718 577
529 350
559 445
715 578
771 530
725 569
742 463
449 331
508 464
520 361
457 321
760 565
331 494
763 568
712 486
463 323
522 408
510 323
760 555
773 599
522 357
342 444
331 449
500 320
332 488
456 310
575 453
524 328
781 595
546 529
440 317
741 549
719 574
523 309
690 441
764 566
714 490
724 566
364 338
498 318
808 563
775 605
347 444
794 566
516 534
782 580
338 472
518 538
549 420
335 472
568 457
751 471
475 422
328 448
329 494
486 424
787 577
706 578
518 326
517 355
461 316
792 557
369 339
821 569
469 328
361 342
383 362
393 351
770 564
514 537
685 443
540 542
503 370
513 468
808 564
540 466
785 555
326 506
374 325
528 494
733 499
732 572
433 430
328 429
330 431
528 538
761 523
559 427
675 474
475 337
477 324
525 382
504 299
550 534
359 474
435 429
528 378
571 426
314 497
497 375
600 508
576 420
524 404
552 426
485 419
747 471
502 309
485 323
531 537
792 559
547 483
513 376
442 312
374 335
454 330
350 445
781 590
746 557
753 457
674 465
764 577
527 501
560 452
706 522
334 433
681 470
756 522
771 532
548 477
800 571
753 500
475 434
454 505
544 532
519 308
526 412
777 567
553 538
735 548
522 381
772 522
769 528
443 428
746 555
780 580
385 397
539 448
561 442
530 525
552 529
774 597
678 468
668 465
477 327
545 466
753 566
383 339
764 619
745 557
388 370
804 562
509 479
760 573
540 490
749 531
466 423
706 516
454 509
500 465
756 455
464 323
472 421
737 549
690 466
679 490
436 321
528 517
385 401
501 461
749 460
345 444
669 463
753 454
536 542
728 489
542 528
525 500
385 316
439 315
548 528
516 308
734 564
457 303
728 491
396 349
763 619
330 497
715 501
749 535
486 377
522 380
509 311
821 573
682 464
753 458
714 501
329 452
554 422
728 500
776 596
554 418
483 353
743 514
745 514
745 491
731 484
759 497
552 427
738 541
749 534
564 435
480 365
525 378
537 539
688 529
566 412
511 382
759 569
456 303
522 416
376 355
685 440
313 502
526 368
530 350
562 436
529 349
684 471
533 537
776 558
754 566
477 345
693 440
660 481
375 349
566 457
795 569
524 384
534 384
358 445
792 560
566 426
568 454
727 511
776 607
541 542
556 466
462 510
742 486
720 490
798 573
506 322
515 337
391 353
479 324
706 576
823 573
728 488
818 570
774 610
328 450
385 398
555 477
378 402
731 546
731 545
545 425
383 397
463 423
737 523
452 327
560 463
502 323
509 480
750 502
718 561
726 516
450 306
758 570
335 477
551 426
715 518
730 491
521 396
521 386
744 490
380 395
498 302
529 353
550 474
461 507
468 421
717 559
532 531
765 615
764 614
523 328
805 563
338 435
376 386
458 316
551 419
749 461
453 496
782 552
470 425
428 388
570 454
517 374
734 505
522 373
501 331
380 393
385 362
494 311
725 498
752 475
392 363
481 428
455 304
470 334
769 572
732 526
735 540
383 331
785 580
709 508
530 339
388 316
504 384
460 511
746 490
524 410
309 504
510 464
552 463
714 567
376 324
757 566
738 539
482 423
535 490
438 315
554 468
447 310
380 322
568 464
452 498
504 318
357 472
749 561
505 463
548 530
484 422
536 506
815 570
363 330
475 338
339 447
497 528
561 438
382 381
383 385
554 460
791 557
795 607
520 334
480 425
523 329
748 536
530 385
808 565
470 327
744 468
452 324
796 561
503 300
518 336
520 387
762 614
341 498
339 459
459 319
572 416
571 411
749 566
515 398
768 570
507 375
529 371
333 439
548 471
712 523
338 453
544 485
476 424
331 497
513 311
381 396
518 356
515 538
342 490
503 371
333 507
523 397
471 330
568 466
328 445
763 530
477 328
391 348
742 480
713 496
372 342
487 425
694 455
532 340
329 454
322 500
517 380
526 409
741 487
497 368
745 562
494 309
784 555
670 540
723 567
547 478
783 558
376 334
450 326
470 341
732 529
734 566
713 564
483 371
571 423
747 561
555 426
743 532
363 342
314 504
486 379
547 479
470 335
567 458
376 326
379 338
362 343
492 427
744 565
729 486
528 368
714 577
530 308
740 481
385 386
374 353
527 377
456 504
572 413
343 443
742 537
487 426
338 449
345 466
729 576
756 559
500 365
674 474
731 525
490 428
560 453
710 575
518 340
813 580
334 466
544 354
780 586
498 462
533 383
742 491
552 465
523 512
383 340
495 322
512 313
737 521
533 367
736 539
523 384
822 573
380 346
487 428
701 515
684 529
501 365
456 315
493 379
371 340
384 362
340 495
710 576
438 434
484 376
331 448
440 434
785 570
531 374
505 381
746 559
707 577
769 529
496 378
467 325
728 522
770 570
359 462
381 349
726 571
781 609
742 538
525 346
778 568
714 507
726 508
473 333
756 465
756 521
374 327
348 489
382 391
526 383
527 310
760 523
530 527
518 341
510 482
472 336
505 384
452 325
673 468
564 446
463 322
528 331
798 567
519 307
742 568
673 474
537 385
521 308
675 461
767 528
769 520
519 515
537 360
550 469
820 570
538 536
762 534
516 381
341 437
450 327
744 540
734 507
511 331
707 516
735 533
338 437
517 513
537 362
541 457
777 533
338 460
465 423
533 342
536 368
520 365
723 490
334 454
442 437
527 378
770 614
784 577
507 387
733 502
512 384
562 413
785 581
777 531
756 453
744 559
450 425
754 529
496 377
766 528
381 384
745 535
679 463
537 356
541 534
685 441
432 434
521 381
676 463
474 329
685 464
349 439
751 531
513 378
714 504
370 337
760 529
385 343
744 538
692 445
745 505
507 371
687 466
347 443
670 539
775 607
438 432
378 345
481 373
538 539
567 426
752 469
501 313
561 410
388 317
481 434
474 426
767 527
478 428
556 476
741 511
671 462
494 376
532 495
759 614
437 430
794 553
528 350
534 366
702 513
529 329
563 454
452 306
548 527
438 429
739 516
560 451
547 458
338 485
534 383
519 373
665 484
492 371
507 386
803 566
728 526
511 310
752 568
572 459
524 340
752 496
510 376
728 569
521 366
501 368
676 472
385 314
451 310
542 457
738 558
780 597
801 614
733 503
679 462
541 535
458 320
336 445
714 488
752 497
487 419
444 310
766 576
496 365
510 324
521 387
570 451
506 324
764 621
738 559
455 504
440 435
383 399
677 489
661 483
521 327
451 326
532 504
777 534
761 574
379 359
502 386
460 317
557 452
745 508
353 472
500 302
388 362
781 584
525 368
685 439
330 436
510 472
738 519
523 513
554 533
337 448
702 496
332 436
495 362
679 467
387 346
488 424
553 476
726 520
479 357
779 608
342 493
476 434
745 563
533 369
790 604
788 553
346 445
811 564
523 420
437 315
520 345
525 312
503 307
322 503
470 325
513 392
676 473
515 326
369 337
536 489
675 464
571 412
514 396
525 538
506 383
749 533
454 322
520 335
451 514
370 340
747 555
738 557
557 426
734 542
521 400
440 431
512 378
510 474
456 509
331 439
479 421
474 434
752 560
533 531
744 514
758 558
737 557
747 470
573 416
741 559
759 567
778 561
523 422
512 381
482 323
735 535
522 405
448 514
682 474
727 577
536 384
735 571
738 529
497 467
506 368
714 511
744 486
559 423
493 378
338 442
565 449
770 571
331 430
501 371
324 503
336 473
725 577
533 365
505 330
392 355
494 370
746 469
473 433
477 430
544 535
360 344
439 433
523 324
538 367
552 530
751 469
461 322
758 567
512 310
484 421
561 427
809 577
532 337
449 307
455 306
520 417
689 465
730 527
772 562
741 553
785 607
479 326
461 314
775 601
454 501
721 561
703 497
362 339
492 386
339 439
534 492
504 321
332 478
753 469
523 368
748 500
511 473
737 531
518 539
747 535
496 364
542 533
321 448
462 516
776 530
368 342
659 481
448 429
736 545
722 564
443 433
521 343
783 578
694 446
755 529
813 567
493 380
521 325
458 507
561 443
369 342
528 330
744 464
459 322
781 558
328 452
338 494
521 419
795 557
712 488
376 333
504 311
743 538
520 534
454 321
516 514
329 501
523 536
804 564
327 451
722 490
802 562
452 434
510 368
361 334
555 438
492 363
734 545
462 437
777 527
761 530
550 423
447 425
745 554
733 544
475 361
455 330
450 514
561 437
552 468
748 481
500 464
524 385
457 322
395 349
686 472
730 571
541 360
729 507
337 463
341 440
772 532
480 420
537 542
462 515
797 567
380 323
684 442
786 560
752 564
675 473
393 349
762 533
516 323
678 537
429 433
532 543
454 315
336 437
388 354
527 330
745 536
752 559
353 469
773 612
474 332
533 500
377 325
359 472
823 579
758 555
384 399
503 382
509 464
541 490
787 571
492 372
557 448
521 458
564 428
790 603
338 450
576 428
557 449
518 534
731 483
714 502
759 464
455 512
733 507
573 417
478 325
522 426
735 492
479 424
685 529
369 338
499 462
731 566
695 447
481 422
484 379
736 481
482 380
596 507
734 497
547 528
544 525
550 422
382 404
664 484
341 477
786 603
464 510
561 439
729 532
770 565
452 326
731 501
774 533
476 345
364 328
349 467
571 457
378 388
754 564
522 347
517 356
662 482
357 466
529 352
509 376
531 365
751 456
528 516
357 475
510 393
531 366
528 495
778 596
570 424
503 301
528 500
796 605
520 381
313 498
726 488
382 377
542 470
361 473
446 425
749 476
531 308
391 365
445 424
531 340
811 576
556 464
761 533
754 533
329 502
328 499
366 341
342 443
453 315
574 424
552 429
497 379
471 423
451 513
675 471
778 534
339 440
513 537
566 463
380 405
464 324
502 302
519 416
466 325
701 516
733 543
737 541
772 531
675 462
492 365
507 467
708 522
748 465
453 512
750 568
477 355
749 459
545 529
681 530
376 350
323 437
757 556
457 512
765 570
751 455
729 566
745 556
734 556
385 319
784 607
556 425
561 426
354 477
453 502
511 378
455 432
788 547
781 586
506 375
540 532
568 450
787 575
497 527
517 345
501 462
528 370
750 474
537 536
806 616
668 467
747 536
738 484
439 320
739 568
380 358
758 532
537 368
713 505
515 350
340 486
338 486
739 523
502 330
508 322
441 436
713 577
766 531
771 598
739 482
824 578
683 464
379 404
536 365
724 496
713 516
374 354
767 578
330 445
760 611
525 376
753 498
664 485
458 504
698 497
508 478
490 370
795 554
521 361
520 342
755 456
775 568
574 421
738 544
501 460
535 542
748 473
794 569
684 440
672 467
567 431
453 311
588 547
332 444
554 419
556 448
797 561
688 441
732 509
679 466
535 487
392 359
571 410
330 507
329 495
493 384
729 500
696 499
501 327
742 554
558 418
378 348
365 472
445 305
727 516
516 351
613 522
461 512
588 548
810 578
732 501
480 432
741 556
385 317
362 336
540 529
534 461
771 606
762 522
507 466
799 571
824 571
475 339
730 543
522 325
536 460
687 529
339 498
545 426
773 597
737 544
733 564
476 365
393 354
328 501
712 521
695 448
349 438
495 372
463 312
794 567
820 568
780 588
392 348
790 602
744 539
509 323
524 368
745 541
807 566
745 486
480 368
569 468
771 600
537 365
443 431
340 494
496 369
738 496
323 442
752 500
532 503
473 422
763 620
547 475
561 453
755 466
317 448
454 504
730 509
568 458
509 310
526 324
376 325
689 463
570 411
350 443
449 425
723 491
685 530
520 514
729 569
735 557
687 465
516 397
378 343
382 401
528 496
471 340
727 523
521 356
324 450
537 364
779 529
486 382
546 469
537 384
331 450
775 597
469 341
782 578
715 558
556 449
703 515
737 539
734 500
789 604
508 383
531 530
567 441
724 488
516 353
500 330
343 485
730 572
370 342
770 529
521 370
494 385
758 557
501 385
523 516
456 311
459 508
480 355
749 565
550 470
527 502
378 342
447 513
519 391
715 557
515 381
770 533
461 506
786 559
498 375
467 333
680 471
497 370
392 356
572 412
722 489
672 468
702 501
333 434
510 325
688 440
359 345
383 338
344 444
788 571
523 367
484 377
353 447
347 447
546 470
755 498
516 355
524 541
687 533
461 511
717 561
551 420
729 575
544 536
810 564
454 503
762 530
775 533
534 338
476 358
744 533
745 510
753 561
492 370
362 328
378 346
493 373
543 469
456 316
509 467
720 491
533 496
337 457
530 347
568 451
492 364
514 327
381 383
520 347
449 326
322 499
332 451
726 514
522 397
780 569
713 520
812 566
779 561
747 465
764 523
500 315
566 432
481 435
509 385
479 432
750 531
517 307
529 323
499 371
382 379
524 376
483 355
454 496
547 532
791 561
520 368
482 355
469 421
742 506
715 491
802 566
535 506
342 492
737 545
526 348
703 499
544 541
775 609
737 567
429 430
515 323
769 533
753 533
715 493
530 520
340 477
382 348
705 511
519 374
714 503
335 432
331 476
761 573
802 565
721 575
336 446
378 330
316 502
751 568
809 578
333 495
740 491
737 543
747 477
747 489
386 368
381 334
795 611
526 325
527 331
490 423
437 431
780 594
672 464
385 363
519 392
497 462
382 334
545 469
505 367
332 452
731 540
714 520
729 501
736 523
732 525
774 530
731 482
530 351
511 391
740 498
505 310
529 492
753 476
462 317
500 466
765 569
528 384
804 561
383 401
379 341
731 510
804 613
742 531
787 558
521 513
792 607
381 348
454 316
496 385
510 377
792 555
779 537
740 539
487 382
712 564
785 560
523 413
337 466
568 409
751 473
758 453
814 574
660 484
336 447
393 348
757 465
501 366
340 490
501 370
777 596
389 372
722 491
374 386
562 433
526 375
325 450
742 512
498 309
724 497
472 435
543 356
470 336
517 401
570 423
693 455
714 496
730 557
517 534
430 435
336 495
385 320
682 470
557 419
676 537
693 441
343 491
779 563
738 516
684 443
519 344
531 529
746 483
747 469
675 537
374 334
491 377
567 432
440 314
569 464
564 425
460 506
362 338
501 323
679 471
510 395
389 354
453 503
743 515
758 571
450 431
806 615
497 378
525 311
539 487
811 579
508 382
552 534
485 425
476 425
501 383
392 366
504 463
529 373
500 326
446 426
740 559
394 349
741 480
762 566
477 339
392 361
321 445
520 380
772 521
774 529
797 610
454 318
759 528
365 338
379 388
745 467
511 330
797 570
790 549
726 503
752 558
358 466
768 611
535 384
520 374
520 416
519 383
714 510
536 537
453 510
522 415
752 501
503 320
542 369
671 461
716 561
793 554
543 540
524 327
516 535
477 433
815 568
538 488
731 544
320 503
675 538
556 421
782 587
742 513
516 392
539 534
806 563
567 462
731 492
522 538
821 567
519 345
734 506
467 323
322 444
749 462
716 490
776 608
462 315
551 474
732 570
492 453
470 423
744 466
778 536
330 477
740 544
492 373
374 333
708 507
389 371
732 565
327 445
714 518
726 513
518 515
532 308
524 345
713 511
526 328
518 399
729 529
336 466
739 517
530 537
349 441
571 422
771 614
468 333
382 358
778 566
543 357
517 392
789 547
768 568
763 575
783 552
455 315
740 499
527 323
476 364
748 463
714 561
434 429
463 513
535 308
544 534
394 355
382 383
331 453
739 559
383 389
733 538
522 363
525 385
493 369
724 498
572 451
470 337
332 450
372 341
726 512
506 464
821 580
529 502
479 362
552 471
507 478
481 433
374 328
532 490
708 524
428 390
428 387
732 566
542 537
500 331
546 482
776 525
539 535
333 484
532 542
312 503
522 410
338 458
739 481
554 466
337 465
765 567
742 549
693 502
731 571
728 507
733 535
790 551
691 462
526 327
741 506
461 509
795 610
768 565
388 356
453 500
522 422
539 356
526 340
787 574
528 323
709 510
567 412
766 526
764 622
762 583
529 378
469 334
350 444
450 322
553 536
381 391
470 421
735 523
748 568
561 435
776 609
677 463
713 515
497 529
813 573
334 446
713 562
355 472
447 308
716 566
472 339
517 309
764 522
537 488
492 321
524 379
425 389
719 576
539 367
556 450
568 410
730 525
382 378
508 467
474 424
567 442
500 323
712 577
725 568
733 481
338 465
371 329
688 470
516 391
710 523
733 545
557 463
498 321
542 465
503 383
537 457
815 569
739 552
496 371
732 557
333 450
777 561
686 530
387 369
478 424
763 615
784 554
705 509
392 360
517 347
448 425
515 541
508 368
728 573
703 501
808 576
685 473
755 569
385 340
531 492
713 499
468 325
556 436
441 305
522 371
696 498
746 558
526 420
531 339
530 492
572 414
338 457
764 567
530 524
775 602
486 378
330 498
721 576
328 430
738 528
319 448
507 391
437 434
682 477
482 425
744 536
540 362
471 501
707 576
753 558
554 475
513 383
786 577
479 427
527 308
732 527
819 569
571 421
735 504
571 415
805 613
763 609
534 536
571 458
532 535
809 564
757 535
753 563
461 513
338 452
519 375
814 576
501 328
556 451
515 309
533 533
534 500
555 419
563 455
531 309
506 329
550 532
457 315
735 568
684 472
521 425
533 463
475 360
814 573
525 310
377 402
358 467
570 457
479 499
360 465
684 445
729 506
555 425
565 412
734 524
445 426
445 310
467 332
782 585
521 401
753 532
539 371
501 304
319 504
452 500
793 559
329 432
659 479
510 387
509 368
741 488
733 571
496 362
384 338
354 437
748 477
502 368
517 332
727 520
755 565
595 509
526 535
514 376
347 466
347 491
510 379
543 369
333 452
764 576
446 424
732 542
561 441
778 565
743 556
488 382
456 511
728 506
479 365
513 382
381 395
386 347
567 460
346 477
774 527
751 561
781 592
428 385
708 515
384 385
762 609
341 464
690 463
682 476
521 365
715 577
331 431
741 544
441 429
372 335
522 411
785 557
736 558
673 539
730 544
740 516
561 451
502 365
503 326
681 480
558 417
741 538
499 373
322 501
489 424
531 348
695 457
795 553
518 332
745 534
731 490
504 323
383 383
522 364
327 429
478 347
349 445
556 462
453 312
769 530
558 419
528 374
446 304
323 501
762 575
712 489
343 492
557 425
555 452
540 366
338 444
520 385
776 598
520 386
446 313
528 375
781 582
776 568
676 464
509 477
740 480
806 564
781 607
532 465
566 458
768 533
518 401
495 528
741 516
515 333
532 491
797 568
508 311
512 329
567 425
544 465
348 467
700 496
546 530
561 429
730 566
515 391
788 548
376 327
516 335
789 570
547 424
677 536
715 497
346 466
439 432
736 565
755 468
514 331
497 376
739 499
726 515
787 602
735 538
517 322
340 475
760 532
774 521
674 475
452 497
704 511
786 607
457 504
677 535
789 558
541 538
467 422
777 562
477 427
558 423
463 510
567 443
469 327
561 434
741 496
451 311
371 336
566 450
331 487
329 434
777 529
693 459
677 462
686 532
391 349
778 557
455 314
396 353
355 477
458 303
349 442
790 558
746 465
481 371
527 350
764 573
530 528
554 424
715 495
537 459
379 323
338 489
767 522
681 468
342 467
455 509
538 361
546 466
790 561
726 576
528 502
500 386
702 500
510 466
513 471
342 477
770 563
380 359
809 565
565 435
435 434
463 424
498 377
824 570
521 385
540 533
500 325
472 331
500 313
499 320
527 495
808 578
516 311
492 450
526 323
798 570
718 576
378 322
787 570
347 489
360 345
527 368
573 426
753 534
552 425
499 312
329 497
337 464
741 489
769 567
758 565
552 476
554 476
727 569
360 342
734 558
556 467
782 594
482 372
526 343
749 475
334 432
740 495
518 348
777 530
560 427
531 497
754 567
516 513
329 444
522 329
783 553
481 355
454 433
741 505
500 375
495 455
528 340
741 568
456 317
778 607
537 487
772 603
715 561
726 506
533 366
492 375
380 394
508 323
738 482
516 307
731 542
730 499
474 436
541 362
743 555
345 479
474 338
548 483
527 538
714 508
564 436
486 420
509 373
324 439
341 439
328 495
522 414
539 488
745 538
734 565
563 436
321 443
526 344
521 369
743 485
571 424
511 482
547 477
794 558
542 542
376 332
454 329
381 333
520 396
768 567
375 386
478 427
523 340
758 460
748 464
745 559
521 399
481 323
737 522
692 500
512 467
551 534
740 513
537 363
506 323
522 383
752 455
693 499
334 451
523 376
574 426
340 491
508 393
339 474
528 519
524 411
385 350
535 382
520 538
509 474
753 529
386 316
765 574
476 326
738 525
517 340
725 502
710 574
553 468
502 308
525 536
496 310
386 344
739 514
772 569
522 417
562 453
476 325
719 575
353 479
508 394
546 483
436 429
337 436
473 420
514 330
710 525
528 322
570 463
564 412
332 481
429 435
769 531
556 419
712 509
507 383
769 564
513 327
736 564
494 371
334 467
574 451
784 558
374 339
483 381
549 428
456 508
734 548
796 567
771 599
534 487
695 453
357 464
378 333
570 420
596 508
755 564
735 537
753 497
687 532
490 377
551 469
382 331
761 522
733 565
483 354
535 489
466 422
557 474
430 436
484 432
782 592
502 462
786 575
794 570
797 565
787 580
772 534
506 333
741 479
734 557
713 500
390 361
435 435
331 444
380 333
755 457
712 522
505 331
794 606
756 460
799 613
815 567
565 458
474 422
532 343
599 507
767 577
559 436
527 411
450 310
821 568
387 316
376 356
553 465
478 434
681 479
735 490
526 537
552 422
680 467
479 425
544 353
671 466
442 305
724 521
438 321
687 530
543 535
471 422
539 533
702 514
527 320
809 576
670 538
517 338
561 450
758 464
758 461
518 381
390 351
790 547
702 515
742 493
518 373
682 475
487 427
795 558
528 492
480 421
554 448
518 374
762 523
530 541
507 368
575 420
392 362
768 528
521 363
441 437
566 465
333 478
728 523
820 580
750 475
744 506
709 574
774 607
513 313
483 352
766 612
332 447
371 335
534 458
529 538
457 503
668 466
765 575
813 576
355 445
514 326
541 487
759 462
441 316
814 568
565 444
372 339
780 607
518 397
449 310
380 348
531 347
756 524
392 365
732 528
484 425
328 432
537 537
745 465
318 446
461 508
495 367
663 484
515 388
801 567
745 483
532 532
763 523
562 437
431 392
459 504
378 387
515 311
462 322
473 340
771 536
545 484
338 436
745 507
558 474
349 490
510 385
564 447
784 579
478 358
467 421
350 468
761 528
390 365
760 461
768 614
563 419
385 344
673 475
728 577
739 553
455 497
365 340
513 328
325 504
480 364
371 342
443 432
547 423
537 460
333 445
760 524
480 354
713 509
503 368
543 487
385 385
741 558
744 483
757 453
468 339
743 540
516 354
779 570
754 528
484 423
329 505
382 340
732 499
529 321
534 341
788 602
759 532
488 428
517 333
531 371
769 566
733 501
528 339
761 532
734 567
453 328
661 484
737 548
505 323
564 438
484 380
393 363
763 583
738 524
328 447
729 570
703 498
489 421
469 335
526 377
338 454
566 462
779 562
396 348
499 316
743 503
454 328
350 490
550 428
780 604
450 426
541 537
739 527
389 317
538 457
561 430
439 431
382 360
469 340
481 420
527 494
781 581
496 363
523 372
321 504
389 364
757 475
772 614
495 369
531 372
533 532
736 559
380 386
499 461
712 508
748 462
363 331
554 477
477 425
764 565
312 497
500 301
499 386
525 516
511 464
755 568
697 449
734 496
792 561
461 317
543 530
542 469
386 361
439 321
787 548
743 512
519 399
504 381
729 530
513 330
391 356
823 585
713 563
766 529
518 391
641 533
748 498
794 607
684 444
389 353
537 358
496 373
522 368
347 479
501 459
508 310
522 425
676 474
473 435
513 391
798 572
750 530
342 489
727 502
792 553
742 492
501 386
442 431
480 326
458 315
553 537
451 329
555 532
527 329
688 534
522 537
750 458
555 448
451 321
727 529
364 331
557 476
382 397
529 537
531 526
518 540
542 356
735 493
533 534
731 509
512 391
741 498
373 339
496 370
479 429
711 577
567 449
525 344
568 463
553 534
519 390
779 609
550 471
550 421
466 421
734 559
472 337
557 418
821 581
696 496
521 397
502 306
566 411
770 531
534 462
521 375
742 566
521 515
469 331
436 428
574 427
534 463
762 521
561 464
760 612
774 605
798 565
526 349
509 384
695 498
455 312
778 529
379 358
496 468
532 501
525 423
504 322
443 313
794 557
464 425
520 325
332 508
532 537
521 357
484 323
545 485
532 367
514 381
496 386
315 502
563 415
686 442
732 547
670 461
773 522
736 495
532 530
741 507
712 487
777 607
331 433
483 432
505 332
740 566
524 381
539 539
739 551
698 496
737 566
693 446
721 488
659 485
504 319
770 613
543 542
516 350
525 384
481 370
386 345
784 570
447 429
735 539
499 315
489 378
798 571
508 320
522 535
708 576
529 368
784 556
527 376
823 580
455 501
452 502
726 577
724 499
477 426
515 308
378 344
548 473
529 372
464 424
476 362
471 331
458 318
722 496
550 472
752 529
795 609
520 383
480 369
769 521
568 456
771 522
713 561
787 561
533 536
372 340
527 408
452 321
519 396
376 387
572 424
473 329
331 432
707 507
735 545
775 527
478 431
504 320
804 565
479 325
723 496
716 559
782 584
552 479
571 459
537 357
498 386
452 328
764 575
459 510
759 570
351 468
499 330
477 347
687 463
503 384
732 549
471 333
383 332
527 327
491 423
492 374
335 444
477 344
789 561
392 346
519 534
567 434
494 362
547 531
539 369
751 458
739 484
563 451
760 525
753 499
441 430
451 324
787 560
494 312
597 506
342 445
539 542
537 369
340 498
524 500
708 521
339 455
361 472
441 318
748 459
751 502
395 369
517 397
534 497
557 450
786 552
545 532
428 386
469 325
787 606
518 395
711 574
743 541
812 582
461 510
744 487
803 562
676 462
516 348
552 423
769 573
714 564
443 315
510 484
793 557
529 374
502 383
772 604
489 377
748 472
823 576
525 377
514 395
375 328
818 569
380 389
386 362
724 501
476 366
498 319
338 461
446 306
565 416
780 589
536 386
731 530
537 386
508 477
738 495
490 320
674 476
520 333
751 470
490 372
726 500
384 340
525 409
715 566
334 478
533 339
343 489
755 566
502 320
560 443
788 603
736 543
737 497
733 498
492 428
743 507
674 471
686 443
727 506
571 417
713 559
759 566
748 499
502 321
767 575
494 381
535 341
758 524
511 325
330 505
744 569
370 336
387 347
738 566
495 320
729 485
539 492
777 599
382 339
755 533
517 327
550 425
512 312
786 580
742 555
449 514
823 584
569 443
776 562
496 366
670 466
757 567
728 570
763 607
755 500
761 609
714 566
460 508
563 412
383 384
557 487
744 503
333 435
426 388
500 467
476 361
526 309
802 567
734 538
531 542
379 348
478 348
446 310
526 326
520 402
328 444
740 494
743 486
481 424
767 526
565 427
795 564
569 451
528 518
683 473
521 538
763 618
727 518
332 433
568 455
714 565
731 557
743 491
473 334
341 490
784 586
490 369
773 598
736 541
352 442
692 444
379 389
336 436
562 438
476 499
770 573
734 554
525 367
383 361
522 327
559 452
517 395
743 536
777 557
345 492
787 572
769 613
712 576
364 471
768 577
771 535
504 371
560 444
512 314
388 369
534 464
516 352
750 503
472 332
560 464
341 485
699 516
521 371
339 438
823 583
338 493
774 522
452 499
673 464
509 382
691 461
390 350
491 428
339 465
516 325
731 567
362 342
784 568
786 572
519 538
388 366
448 307
528 381
323 450
490 321
494 310
814 567
487 380
517 393
683 470
390 367
478 355
808 566
776 599
758 497
333 436
706 511
534 494
354 468
519 329
736 498
504 366
502 371
714 498
349 440
482 352
523 345
477 360
501 369
559 443
778 610
453 501
434 430
462 321
377 332
812 567
491 372
340 454
723 566
445 428
390 353
378 329
493 375
573 420
706 517
521 422
523 501
540 491
510 392
359 475
681 469
490 382
349 489
761 612
328 498
361 474
476 342
749 501
743 483
397 353
740 485
729 525
518 396
523 538
566 413
726 523
458 508
385 342
558 452
507 311
549 475
570 490
561 446
517 515
567 466
338 434
779 564
756 535
516 333
749 536
332 494
713 504
755 477
542 532
749 474
573 419
791 549
432 430
492 378
716 579
382 338
737 542
519 537
492 382
433 432
513 314
533 458
771 533
571 451
477 362
514 350
804 611
549 534
677 471
726 509
814 571
396 368
737 530
388 350
494 386
556 463
571 416
560 445
500 324
733 523
774 532
721 496
777 560
481 365
732 496
802 614
485 322
797 554
456 318
780 578
341 491
469 337
462 313
760 526
382 361
565 450
517 379
519 341
569 454
760 610
475 427
782 606
770 607
523 539
565 448
393 358
335 451
742 514
491 321
528 493
570 453
523 405
432 392
476 363
791 556
732 567
749 477
757 570
439 430
741 490
560 446
429 391
726 518
687 471
562 455
520 357
750 501
740 506
775 604
486 322
763 581
332 439
778 570
715 504
516 349
512 482
562 443
494 313
374 355
780 605
343 484
701 497
340 465
331 437
530 371
810 579
460 510
770 522
482 370
553 447
343 444
530 383
336 438
706 579
522 407
485 420
322 504
531 352
345 485
515 397
519 355
474 361
336 451
511 468
458 505
740 549
473 361
367 341
353 446
488 425
794 568
501 311
557 437
519 326
684 464
731 528
518 387
528 383
506 384
543 534
507 481
539 361
519 357
502 304
451 308
509 482
800 567
346 492
507 369
545 470
686 471
338 448
498 373
524 422
513 411
511 380
759 572
710 524
490 385
751 477
756 475
392 353
338 433
503 324
494 322
811 566
535 366
562 435
377 333
507 464
668 463
342 483
771 569
520 515
505 376
788 572
350 446
450 323
513 384
730 501
509 375
727 517
514 310
540 492
556 475
468 334
715 494
774 601
513 388
480 424
733 557
357 465
373 386
542 536
814 572
342 496
337 454
748 562
384 398
337 458
483 375
516 347
429 429
824 585
386 350
516 336
723 568
759 573
670 463
362 344
731 556
536 487
740 561
523 515
733 524
717 578
725 576
549 425
775 570
531 369
781 606
692 460
501 326
381 380
741 555
704 515
484 355
453 432
391 361
775 611
759 475
338 498
471 329
514 329
556 478
722 565
534 367
451 322
573 459
679 469
352 443
373 328
533 337
526 499
503 325
451 429
531 384
736 568
729 574
445 425
542 486
480 363
692 501
539 370
533 504
738 549
540 487
492 377
469 425
469 339
521 368
443 310
521 389
456 304
520 388
702 502
454 306
746 504
724 500
524 520
493 381
431 430
522 372
483 380
374 352
544 469
341 496
383 358
386 349
545 467
539 458
493 382
778 571
701 514
530 307
382 380
753 531
379 331
503 323
479 434
381 358
397 352
508 483
734 508
534 537
765 572
481 427
380 321
371 328
542 534
563 444
531 491
543 368
529 369
382 321
330 494
498 467
475 345
326 450
529 370
501 330
772 600
374 351
368 341
453 306
766 522
528 382
479 435
500 300
380 392
680 468
704 510
506 311
500 374
506 385
517 326
534 491
756 567
783 587
503 330
433 431
481 368
378 331
503 299
662 481
522 345
761 569
517 323
737 568
510 485
534 495
751 560
765 568
540 531
762 582
430 433
554 532
543 541
373 335
505 309
785 575
382 322
746 477
543 486
480 323
760 528
794 609
430 391
729 491
559 438
785 579
526 382
712 515
386 348
471 327
709 511
554 534
815 571
453 330
329 479
752 474
360 339
533 340
745 503
546 528
570 421
454 511
823 570
491 422
448 310
490 420
490 421
764 579
552 428
737 495
513 381
699 496
813 575
452 311
492 426
538 356
543 532
521 534
747 531
525 328
511 384
765 526
444 430
377 324
541 356
492 452
433 433
501 329
556 474
747 497
477 342
780 596
538 370
526 345
527 383
389 363
380 339
486 419
446 513
463 313
688 439
338 440
548 427
775 603
445 430
532 500
558 427
347 445
680 470
536 362
330 437
771 567
452 496
519 381
765 573
755 469
341 486
481 369
556 440
498 372
566 427
727 512
469 426
484 378
522 536
333 433
763 521
779 590
324 504
773 572
479 368
768 613
781 569
738 568
745 531
392 345
552 469
711 508
514 333
540 367
491 385
561 449
733 491
340 493
519 389
778 535
743 463
529 308
812 581
383 390
533 542
477 431
575 424
564 416
716 575
371 339
564 426
748 482
735 491
812 576
389 366
381 397
520 419
443 311
743 565
335 436
512 463
440 315
550 427
525 309
338 455
731 489
513 310
332 446
781 578
544 355
740 496
769 571
391 364
741 485
752 473
563 417
385 315
785 577
511 386
493 312
744 563
748 502
458 506
806 566
776 563
563 452
524 372
519 400
522 382
504 369
503 367
736 557
536 366
749 537
549 531
506 332
502 311
474 340
554 450
733 526
544 540
521 372
530 502
744 511
481 367
329 436
521 374
347 446
751 501
499 379
447 306
322 441
547 480
793 563
777 558
498 371
512 311
378 403
483 376
499 378
744 554
449 309
384 320
484 420
717 560
749 500
659 484
509 475
503 462
522 306
570 450
557 420
454 510
728 571
572 410
728 502
452 513
695 455
707 580
484 352
371 338
771 568
795 606
534 340
549 533
736 533
731 541
471 326
757 524
741 486
721 495
523 310
533 491
475 340
380 341
587 548
763 610
726 504
747 468
511 381
753 456
753 562
381 389
773 601
748 561
792 554
395 354
390 363
530 328
452 307
741 566
564 444
496 319
562 465
543 466
471 339
734 555
351 446
546 481
786 555
514 540
502 310
493 385
509 396
692 446
509 481
514 536
787 552
540 535
733 508
532 502
323 439
327 432
744 507
522 424
380 385
735 541
739 485
380 349
758 572
777 559
723 577
700 516
474 333
342 442
496 309
734 504
824 577
512 330
507 382
540 360
330 478
330 479
531 373
551 476
334 495
773 611
538 368
341 438
496 469
759 527
575 419
451 307
520 358
781 591
531 465
340 496
550 473
447 309
687 470
531 346
717 490
786 573
566 480
506 376
482 424
385 349
811 565
443 305
521 328
466 324
554 421
563 420
397 349
563 443
500 311
548 478
766 578
734 568
775 569
752 528
737 483
737 565
510 386
353 444
514 532
459 507
553 471
752 566
680 466
712 575
525 517
524 409
528 320
741 463
694 456
477 358
350 467
725 521
728 529
498 379
779 607
496 467
501 332
514 391
509 466
527 382
514 444
499 321
735 496
562 412
500 312
539 536
711 575
436 317
679 465
538 384
761 614
759 461
515 540
471 328
485 378
387 362
779 565
513 467
685 472
759 524
744 504
500 303
556 420
555 467
496 527
682 469
752 458
729 567
506 367
474 419
773 570
391 363
714 517
567 411
726 502
791 606
480 429
379 340
380 388
520 384
320 502
564 419
768 526
510 473
454 495
526 347
569 411
533 338
547 481
482 374
713 506
485 352
675 465
743 570
374 349
761 610
388 368
563 414
517 339
522 419
332 434
531 375
757 568
744 485
794 564
771 607
728 512
436 315
817 568
743 511
516 533
505 324
787 607
713 514
708 511
541 454
490 384
554 530
499 464
732 546
479 356
536 383
694 457
384 361
449 306
523 511
521 379
687 464
344 481
504 367
502 459
508 481
718 490
526 538
704 512
537 367
527 375
749 458
521 398
350 442
506 478
771 534
711 507
433 434
338 481
486 352
740 487
556 439
374 356
755 474
556 438
521 309
478 429
747 503
437 429
502 328
531 345
730 529
713 560
814 575
508 373
330 444
495 368
555 421
788 606
429 394
823 581
735 536
502 300
572 415
799 568
530 497
746 563
454 512
776 533
738 517
575 428
496 312
336 444
339 495
728 574
663 482
327 505
478 498
332 445
521 345
734 569
742 515
737 529
538 459
337 461
498 310
707 578
540 458
461 437
527 309
489 384
748 474
524 501
513 473
509 393
508 384
521 377
508 333
522 369
560 412
760 497
340 455
522 376
473 339
445 431
531 385
736 548
570 467
771 563
788 552
494 321
756 523
554 423
374 336
382 382
749 478
658 479
423 389
459 317
568 467
476 339
510 378
521 418
435 321
753 455
534 364
430 393
548 475
525 420
822 569
782 579
465 422
521 367
498 317
379 360
769 568
768 615
540 361
337 478
503 311
449 429
781 583
714 509
337 447
684 470
453 513
532 374
524 423
563 428
514 402
337 462
757 532
783 607
753 530
514 337
730 496
774 523
690 440
365 342
745 482
741 548
542 466
741 493
384 364
782 569
796 554
787 573
573 421
519 401
707 522
497 313
707 511
530 386
455 305
739 483
723 575
379 346
341 467
737 519
472 503
331 434
451 323
794 563
757 497
697 490
780 564
338 478
525 340
472 422
470 340
709 516
428 430
571 468
531 368
732 530
510 483
364 339
526 520
526 346
765 522
817 569
522 309
740 486
379 390
755 567
509 476
509 478
786 570
524 421
511 467
695 452
444 311
749 532
519 356
710 508
337 477
564 450
353 445
672 463
569 419
575 454
380 387
728 575
339 488
347 478
520 308
564 445
338 443
444 306
386 364
462 314
532 464
475 498
566 444
671 463
521 335
440 316
368 343
776 567
479 423
556 477
744 463
559 463
520 415
477 434
549 529
496 376
782 607
521 417
740 568
339 458
750 565
793 568
531 367
439 434
530 521
750 480
394 351
729 526
330 502
512 477
780 590
534 542
541 466
778 562
733 522
780 609
566 460
544 528
513 469
329 451
758 526
566 443
445 427
515 336
364 345
319 444
749 479
736 534
722 562
534 499
525 501
733 537
686 534
380 404
336 443
760 568
531 501
532 498
535 499
705 515
347 442
704 497
778 595
471 325
774 609
447 305
736 480
514 390
444 305
771 601
735 480
497 386
515 395
672 539
352 444
532 341
824 576
451 331
728 516
576 427
535 493
569 463
377 323
566 433
790 606
492 362
327 448
532 383
531 383
347 477
764 580
769 569
757 533
780 558
509 391
445 432
335 437
472 500
523 325
525 348
518 383
742 542
384 401
462 312
497 373
364 340
502 305
778 590
456 512
526 408
521 348
741 497
319 434
777 570
454 320
333 453
815 577
348 445
757 461
520 425
824 586
544 529
786 558
533 368
524 536
785 558
385 341
766 575
693 460
384 321
455 313
730 506
544 466
321 444
499 302
386 366
475 358
518 347
524 310
472 329
382 399
385 364
525 383
509 381
534 308
363 345
769 525
732 544
338 451
500 373
372 328
767 570
742 490
759 526
765 530
772 599
457 508
562 454
526 536
535 488
395 353
779 596
328 449
530 542
520 364
810 576
346 444
523 541
525 331
733 490
505 382
732 539
497 466
512 473
720 562
377 328
760 530
763 577
546 477
525 519
732 536
530 522
797 564
549 528
557 422
379 342
773 614
684 473
522 541
477 499
520 363
790 557
781 580
331 477
519 334
736 530
334 445
561 409
746 536
785 576
339 486
486 380
755 455
549 478
531 541
822 581
347 490
339 446
531 343
674 538
494 372
443 429
502 303
457 320
447 514
823 578
515 310
757 534
331 499
785 574
784 578
768 607
787 551
769 570
512 475
673 469
550 424
524 329
526 339
495 309
715 490
764 578
447 311
567 450
328 504
552 464
760 527
494 375
326 504
477 424
613 512
711 522
757 463
693 500
528 352
514 387
790 553
535 460
779 557
561 440
751 474
763 616
534 460
381 346
682 465
559 428
497 312
468 331
750 477
519 380
757 460
431 434
694 447
472 334
513 472
778 528
733 500
327 446
529 542
662 484
797 569
600 509
538 542
766 530
551 471
358 469
546 479
740 553
750 560
539 466
716 577
330 452
787 603
554 451
570 469
474 433
748 471
682 463
561 432
692 461
522 409
756 454
521 362
789 552
570 412
452 330
481 324
575 427
452 431
507 322
782 576
746 561
763 582
715 508
750 473
482 371
513 445
357 341
528 308
712 507
483 323
388 367
454 310
733 568
514 332
521 516
776 526
710 515
534 496
454 311
495 366
452 433
382 400
483 370
538 489
763 529
337 494
390 366
764 618
342 498
757 559
333 437
365 341
489 428
688 530
754 563
669 467
500 371
563 429
504 310
380 347
738 523
769 522
774 569
514 377
749 481
756 532
364 470
692 502
496 320
345 477
783 569
708 523
742 464
820 569
442 429
743 490
750 561
743 531
739 515
527 349
597 509
715 492
376 348
519 333
689 441
371 337
466 323
509 320
731 496
330 439
539 486
505 371
330 496
462 513
447 307
513 329
314 498
568 443
474 428
767 569
551 465
334 431
360 329
513 470
478 432
530 519
759 525
526 407
327 450
517 337
530 306
525 380
687 534
729 524
459 318
752 531
534 459
487 381
771 562
339 472
754 500
334 450
553 422
562 464
738 518
378 338
714 506
544 468
558 426
376 349
739 539
734 525
522 386
775 521
493 321
775 596
424 389
773 607
670 465
360 463
375 333
702 512
506 370
739 496
448 424
373 340
527 516
772 607
512 325
824 579
518 323
377 331
476 360
752 498
737 532
517 329
520 389
504 462
718 562
547 471
533 535
499 317
342 441
364 342
520 343
767 615
751 567
527 367
673 538
548 428
532 496
659 480
790 548
540 356
744 535
729 577
439 319
733 536
798 612
754 476
738 530
518 382
661 485
532 338
379 403
496 368
823 571
713 521
499 463
532 342
788 570
455 311
336 467
499 314
464 426
332 507
384 322
474 427
526 366
721 491
332 438
469 330
488 321
551 529
566 435
436 320
516 324
536 498
444 424
778 609
482 431
429 389
511 320
450 329
532 372
776 527
454 506
809 579
536 541
528 321
493 425
470 331
482 432
528 324
574 419
751 472
507 333
732 481
514 325
479 422
736 492
535 537
476 347
514 388
759 565
336 471
550 475
476 340
563 418
778 527
734 523
387 349
693 454
545 468
454 317
497 309
506 371
734 491
382 359
515 535
476 341
739 544
380 332
756 525
743 567
748 483
381 335
373 332
538 458
764 581
793 609
716 504
480 428
558 449
744 568
690 462
732 571
523 416
470 422
568 462
458 322
438 431
709 515
742 484
574 425
531 502
761 567
478 339
746 470
437 321
519 393
340 438
447 424
709 509
744 465
330 433
525 381
535 491
714 497
469 338
378 323
782 577
562 417
332 449
537 540
532 529
755 558
381 338
687 439
570 419
515 325
527 328
733 496
509 463
524 403
474 423
692 440
700 515
311 502
788 561
670 464
679 464
549 471
522 516
328 496
465 324
362 337
705 510
324 501
390 352
328 451
500 462
435 320
488 322
757 464
526 380
526 342
779 589
527 347
471 335
503 369
381 392
791 555
338 441
799 567
777 571
519 343
771 531
790 550
693 443
824 574
344 477
514 445
559 437
558 463
732 500
784 553
534 506
495 467
526 500
823 582
772 601
679 468
700 497
341 466
453 429
743 484
321 499
534 368
537 361
694 499
530 352
729 568
539 490
539 368
333 438
686 445
375 385
490 383
779 538
451 330
823 574
393 350
312 496
710 510
536 500
758 556
531 344
742 550
499 310
510 310
745 490
544 527
794 565
538 538
734 570
504 330
536 486
745 466
726 505
753 535
482 426
513 394
713 513
483 425
440 436
546 531
324 500
662 483
477 359
736 535
501 384
735 494
758 559
793 608
804 566
762 567
522 307
560 454
745 509
427 388
739 550
345 495
558 438
345 494
517 394
681 465
774 528
381 393
353 476
379 393
726 521
550 426
385 318
527 340
482 373
487 321
548 476
336 468
334 444
702 499
549 473
724 576
544 526
535 486
447 304
743 569
779 530
713 512
328 500
536 485
810 575
535 383
354 446
382 337
749 562
718 559
427 430
455 496
429 388
482 375
444 428
548 425
451 309
380 331
376 351
380 351
445 304
728 517
457 310
331 452
771 564
779 532
682 473
773 562
452 432
476 357
691 440
451 431
769 607
714 489
551 535
520 329
797 566
328 431
526 350
363 339
733 566
773 533
373 333
517 336
332 495
754 455
431 391
694 442
526 411
690 465
514 324
550 420
689 464
750 479
472 333
734 540
791 553
728 572
566 464
732 540
749 563
494 387
331 508
512 476
480 435
696 497
718 579
512 474
778 606
525 408
522 335
506 330
727 501
746 564
761 613
574 452
356 476
824 575
548 484
543 367
518 346
535 340
769 565
520 359
686 439
382 403
392 347
505 462
823 569
523 404
539 357
528 411
360 474
477 329
529 519
523 381
519 347
672 466
512 464
478 362
539 366
778 537
752 563
326 505
552 538
475 329
527 500
365 470
569 426
737 482
345 493
711 523
737 498
313 501
381 331
755 467
481 432
790 552
505 478
742 530
506 386
479 323
773 561
325 439
380 340
687 531
323 503
358 475
556 465
479 355
728 524
748 497
804 612
774 611
497 374
557 451
377 403
522 413
448 428
481 366
736 522
714 495
676 471
339 475
735 565
515 539
512 466
490 381
588 549
329 504
378 389
508 391
528 329
520 401
746 467
478 499
461 323
535 505
386 367
520 513
375 356
517 538
730 526
500 304
463 514
723 565
474 435
482 427
322 442
816 569
526 516
794 559
362 332
682 478
781 594
523 412
520 360
671 539
693 442
550 531
530 526
741 550
388 357
429 393
476 329
555 424
713 488
763 576
736 532
563 450
726 569
736 482
752 561
770 568
472 420
332 453
560 428
531 498
380 350
425 388
529 339
560 437
746 531
678 462
543 355
727 572
553 475
767 612
521 346
733 480
449 329
686 463
521 376
773 528
327 504
477 429
381 321
520 373
487 352
381 404
490 422
738 497
782 558
776 570
489 382
379 347
764 613
499 366
453 321
748 467
442 315
728 508
537 538
492 385
454 319
477 325
525 379
674 464
457 309
430 434
453 495
679 472
729 531
513 325
474 420
761 575
567 413
736 529
682 479
394 354
462 517
534 457
534 493
779 569
449 330
753 475
454 432
526 331
804 563
487 418
395 368
499 465
375 325
539 358
762 568
491 382
340 464
504 382
510 391
776 560
744 556
387 368
823 572
489 321
336 469
747 559
554 426
547 470
471 424
737 556
537 541
776 597
343 493
545 531
597 507
479 367
517 325
441 431
505 369
716 578
338 447
536 499
739 554
686 464
709 576
530 368
446 429
755 475
765 578
741 517
707 579
756 497
517 328
543 531
476 422
575 452
508 374
547 533
563 435
814 577
821 582
726 570
678 471
812 579
781 605
526 410
337 451
572 421
765 571
755 499
731 491
449 328
522 387
498 314
455 320
760 567
493 370
518 345
755 532
382 402
825 571
486 425
443 312
570 468
724 567
754 558
771 608
713 517
812 580
713 501
747 485
380 380
541 486
747 467
517 391
531 528
566 461
554 427
735 547
741 495
741 539
541 367
488 320
338 459
519 365
481 423
814 569
718 578
475 425
744 467
530 523
798 611
529 496
389 351
501 320
495 312
727 510
564 418
760 569
514 389
454 513
741 557
788 601
380 384
732 548
725 500
386 365
336 484
331 498
698 498
494 363
533 487
531 532
734 571
737 520
496 372
490 424
328 497
784 557
798 569
516 538
546 425
806 614
385 402
737 534
779 578
483 377
743 533
443 314
544 486
499 313
363 325
352 446
519 342
553 539
518 541
730 500
677 537
450 429
508 375
741 513
533 308
360 475
497 314
730 530
523 540
780 587
557 424
446 311
502 319
705 516
759 555
534 365
471 425
556 424
484 322
774 606
434 434
744 510
356 446
509 395
739 526
695 450
444 432
714 512
330 508
812 575
543 528
571 463
750 566
331 495
520 537
447 303
740 560
338 482
451 430
743 537
726 522
532 499
554 447
522 379
733 558
534 498
785 568
822 577
480 366
375 339
381 390
529 536
510 384
774 531
487 322
789 606
492 376
529 328
392 357
739 549
393 362
772 606
760 462
746 503
768 525
697 491
659 482
506 391
732 545
546 484
685 442
727 488
570 452
714 519
518 333
524 420
549 429
773 571
552 475
411 349
452 331
388 371
521 307
521 457
332 454
758 463
754 469
548 531
725 515
731 481
772 602
727 519
597 508
342 440
557 438
728 509
514 463
566 416
514 462
515 462
515 461
515 460
516 460
516 459
517 459
516 458
518 459
517 458
519 459
517 457
520 459
335 433
517 456
521 459
517 455
522 459
518 455
517 454
523 459
519 455
518 454
517 453
524 459
520 455
518 453
517 452
525 459
524 458
516 452
525 460
525 458
516 451
526 460
525 461
553 418
525 457
516 450
527 460
525 462
526 457
525 456
517 450
516 449
525 463
526 456
525 455
516 448
708 516
525 464
527 456
516 447
524 464
756 466
561 411
516 446
523 464
524 465
455 322
517 446
515 446
523 465
389 350
524 466
566 434
514 446
523 466
373 331
514 447
527 455
528 455
529 455
529 454
530 454
529 453
530 453
528 453
530 452
531 452
530 451
531 451
529 451
532 451
529 450
533 451
529 449
533 450
534 450
533 449
535 450
533 448
536 450
533 447
537 450
536 451
534 447
536 452
535 447
537 452
535 452
538 452
537 453
539 452
537 454
539 451
536 454
537 455
739 513
539 450
538 455
541 451
539 449
539 455
538 456
541 452
538 449
539 456
332 437
541 453
540 456
380 338
381 337
542 453
541 456
339 437
543 453
382 335
543 454
339 441
543 455
693 458
544 455
749 568
545 455
694 458
546 455
545 456
767 532
722 488
547 455
546 454
545 457
723 488
725 488
548 455
536 457
546 453
546 457
544 457
477 346
695 451
729 488
549 455
742 487
547 457
543 457
544 458
728 490
696 449
756 498
549 456
549 454
544 459
477 343
550 456
549 457
549 453
544 460
552 478
732 490
551 456
549 458
549 452
544 461
693 444
552 456
549 459
545 461
543 461
339 492
692 443
553 456
550 459
546 461
543 462
553 457
553 455
551 459
550 460
542 462
543 463
554 457
554 455
553 454
552 459
550 461
543 464
553 453
553 459
551 461
550 462
544 464
554 453
553 460
551 462
549 462
545 464
568 426
555 453
554 452
552 462
551 463
548 462
557 423
556 453
497 461
497 460
496 460
496 459
495 460
720 575
739 538
737 494
561 428
368 337
562 429
763 617
496 458
496 457
496 456
497 456
496 455
496 454
497 454
495 454
498 454
495 453
499 454
498 455
498 453
495 452
500 454
495 451
500 455
494 451
495 450
500 456
493 451
495 449
501 456
492 451
496 449
496 448
496 447
496 446
497 446
495 446
497 445
495 445
497 444
495 444
497 443
495 443
497 442
494 443
498 442
494 442
499 442
498 441
500 442
499 441
498 440
500 443
500 441
499 440
501 441
500 440
502 441
500 439
501 439
501 438
502 438
501 437
503 438
502 437
500 437
501 436
500 436
499 436
500 435
499 435
499 434
498 434
499 433
497 434
500 433
499 432
496 434
499 431
495 434
496 435
496 433
500 431
498 431
496 436
501 431
500 430
497 431
498 430
496 437
502 431
500 429
497 430
495 437
500 428
497 429
494 437
501 428
493 437
502 428
493 438
503 428
502 427
493 439
504 428
492 439
493 440
504 429
504 427
492 440
504 430
505 427
492 441
503 430
504 431
506 427
491 441
492 442
507 427
506 428
490 441
508 427
507 428
507 426
489 441
490 442
508 426
700 514
508 425
507 424
508 424
507 423
509 424
506 423
507 422
510 424
505 423
510 425
510 423
504 423
511 425
510 422
503 423
511 422
503 424
503 422
502 422
501 422
502 421
502 420
502 419
503 419
501 419
503 418
500 419
503 417
499 419
503 416
498 419
499 420
504 416
502 416
497 419
505 416
497 420
506 416
497 421
506 417
735 479
498 421
496 421
535 504
495 421
508 390
494 421
495 422
495 420
339 489
493 421
494 420
495 419
337 485
363 469
493 422
494 419
365 469
727 509
729 509
430 430
494 418
339 487
747 483
361 464
493 418
364 473
364 472
332 486
331 485
492 418
363 472
339 483
334 484
343 481
491 418
340 483
353 477
359 473
360 464
356 475
361 465
341 483
358 476
319 435
561 412
563 413
332 485
344 483
574 418
353 480
790 605
793 607
358 463
770 611
768 612
790 601
573 410
769 615
789 603
568 411
353 475
358 472
570 413
359 463
356 464
358 468
332 487
335 484
360 466
321 435
320 436
343 482
574 417
542 529
544 524
326 436
332 483
346 481
766 615
553 535
524 516
554 531
820 582
766 613
764 615
762 615
795 605
320 437
525 520
553 530
335 495
516 515
326 437
332 482
331 475
330 476
562 446
346 480
515 514
350 491
523 514
737 527
492 361
478 357
796 610
798 610
760 614
764 620
763 614
524 542
586 548
347 492
336 494
511 368
510 367
323 435
321 437
325 437
798 613
763 622
342 497
498 308
342 491
340 492
800 614
802 613
347 480
352 473
597 510
599 508
517 512
345 486
339 482
362 472
323 436
763 608
329 453
803 612
763 606
342 485
344 485
343 483
353 478
352 477
764 606
598 508
348 478
352 472
354 472
356 466
763 605
568 419
320 435
332 484
345 481
758 475
803 613
805 614
756 468
534 504
352 475
322 435
352 474
595 508
356 467
323 438
455 431
460 437
355 473
356 472
322 437
324 437
456 431
459 437
457 431
459 436
332 480
332 479
331 478
353 471
352 470
354 470
356 468
458 431
459 435
323 440
337 475
343 476
312 502
458 432
459 434
353 470
353 468
336 478
355 468
458 433
459 433
343 477
322 443
387 350
460 433
460 432
465 436
339 478
363 324
364 325
363 326
464 435
466 435
322 440
337 476
336 479
365 328
543 460
339 477
339 476
335 478
467 434
460 431
465 435
466 434
462 430
461 431
361 328
317 501
317 503
362 329
465 434
462 431
352 468
320 442
314 503
347 467
319 445
362 330
317 447
462 433
465 433
462 432
464 433
362 349
317 502
320 498
463 432
464 432
469 431
364 332
360 348
362 348
319 446
363 332
361 348
464 431
468 431
314 502
465 431
318 447
337 473
336 472
361 333
360 334
361 347
468 430
466 431
339 473
319 447
338 473
337 472
362 333
363 334
361 346
319 499
318 502
321 498
467 430
466 430
467 429
362 334
360 336
360 346
344 466
345 467
322 446
466 429
465 429
359 328
320 448
362 335
361 336
358 341
358 343
460 422
472 430
361 344
512 411
338 471
344 467
322 447
465 428
521 423
320 499
360 340
323 449
322 498
461 422
360 328
363 327
472 431
358 342
319 502
342 468
343 467
465 427
319 443
462 422
473 431
472 432
322 448
338 469
363 344
360 341
359 342
363 328
463 426
465 426
462 423
473 432
320 445
337 469
506 415
506 414
507 414
508 414
509 414
508 413
510 414
509 413
508 412
511 414
508 411
511 413
507 411
506 411
507 410
507 409
507 408
508 408
506 408
509 408
505 408
510 408
511 408
512 408
513 408
513 407
514 407
513 406
515 407
512 406
516 407
515 406
511 406
512 405
517 407
516 408
515 405
518 407
516 409
514 405
515 404
519 407
518 408
518 406
515 409
514 404
516 404
519 406
518 409
515 410
513 404
516 403
520 406
515 411
513 403
516 402
521 406
514 411
515 402
516 401
521 407
521 405
556 479
557 479
556 480
558 479
555 480
556 481
559 479
557 481
560 479
559 480
557 482
561 479
560 480
557 483
562 479
561 480
560 481
557 484
562 478
560 482
557 485
562 477
559 482
560 483
556 485
563 477
561 483
556 486
564 477
563 476
561 484
556 487
564 478
564 476
562 484
537 506
555 487
564 479
565 476
563 484
555 488
564 480
566 476
564 484
563 483
554 488
565 480
564 481
566 475
565 484
553 488
554 489
563 481
564 482
565 483
554 490
562 481
565 482
555 490
553 490
554 491
566 482
556 490
554 492
567 482
557 490
556 489
554 493
568 482
567 483
557 491
554 494
568 483
567 484
557 492
554 495
569 483
567 485
554 496
569 484
568 485
567 486
554 497
570 484
569 485
554 498
571 484
554 499
571 485
555 499
554 500
572 485
571 486
556 499
553 500
573 485
571 487
557 499
552 500
574 485
573 486
571 488
558 499
557 500
557 498
552 501
574 484
573 487
572 488
570 488
558 500
557 497
552 502
574 483
573 488
572 489
569 488
558 501
556 497
574 482
572 490
569 489
558 502
556 496
574 481
572 491
559 502
557 502
558 503
575 481
574 480
571 491
572 492
560 502
556 502
557 503
576 481
573 480
570 491
572 493
561 502
560 501
556 501
557 504
576 482
569 491
570 492
437 317
573 493
562 502
560 500
557 505
577 482
568 491
569 492
570 493
574 493
573 494
563 502
560 499
558 505
578 482
568 492
568 490
569 493
570 494
574 494
574 492
564 502
561 499
558 506
578 483
578 481
567 492
567 490
569 494
570 495
575 494
565 502
559 506
579 481
567 493
570 496
576 494
575 495
565 503
580 481
566 493
570 497
576 495
576 493
565 504
580 480
569 497
576 496
565 505
580 479
568 497
577 496
564 505
565 506
581 479
579 479
580 478
568 498
568 496
578 496
563 505
565 507
581 478
578 479
579 478
567 496
579 496
565 508
577 479
566 496
579 495
566 508
565 509
577 478
566 495
580 495
565 510
576 478
577 477
581 495
566 510
564 510
575 478
582 495
581 494
566 511
583 495
582 496
566 512
584 495
567 512
585 495
584 494
568 512
586 495
585 496
569 512
568 511
586 494
585 497
568 510
587 494
586 493
779 605
588 494
586 492
588 495
589 495
590 495
591 495
590 496
591 496
591 494
590 497
592 496
591 493
592 497
592 493
593 497
593 493
594 497
593 498
593 492
593 499
594 492
594 499
592 499
595 492
595 499
595 500
595 501
595 502
594 502
595 503
594 503
596 503
593 503
594 504
597 503
592 503
593 504
597 502
592 504
597 501
591 504
598 501
597 500
591 505
599 501
597 499
590 505
599 500
598 499
590 506
598 498
589 506
599 498
598 497
588 506
589 507
588 507
589 508
587 507
589 509
590 509
589 510
591 509
589 511
592 509
591 510
588 511
589 512
593 509
592 510
592 508
588 512
589 513
594 509
592 511
721 494
592 512
670 544
593 512
592 513
669 542
591 513
592 514
670 543
670 542
592 515
670 541
312 498
310 504
592 516
312 499
310 503
312 500
661 481
310 502
313 500
436 316
592 517
592 518
593 518
593 519
594 519
593 520
595 519
592 520
593 521
596 519
594 521
593 522
597 519
594 522
597 518
595 522
598 518
595 523
599 518
598 517
596 523
595 524
599 517
598 516
597 523
596 524
600 517
597 516
596 525
601 517
600 516
597 515
597 525
596 526
596 515
597 514
598 525
597 526
596 527
595 515
598 514
599 525
598 524
595 527
594 515
599 514
599 526
594 527
594 516
594 514
600 526
594 528
594 526
601 526
593 528
594 529
602 526
592 528
595 529
603 526
602 527
591 528
592 529
596 529
595 530
604 526
603 525
602 528
595 531
605 526
603 524
601 528
602 529
595 532
606 526
604 524
600 528
603 529
602 530
595 533
607 526
606 527
606 525
605 524
604 523
599 528
604 529
601 530
594 533
595 534
608 526
606 524
604 522
604 530
604 528
600 530
593 533
596 534
609 526
607 524
604 521
604 531
593 534
596 535
609 525
608 524
607 523
605 521
605 531
592 534
593 535
610 525
606 521
591 534
593 536
611 525
606 520
590 534
591 535
594 536
593 537
611 524
606 519
589 534
590 533
594 537
592 537
611 523
607 519
605 519
589 533
594 538
592 538
612 523
611 522
607 518
604 519
605 518
595 538
592 539
613 523
611 521
604 518
595 539
593 539
591 539
614 523
610 521
596 539
595 540
590 539
615 523
609 521
610 520
597 539
595 541
589 539
590 538
615 524
615 522
610 519
598 539
596 541
589 540
615 525
609 519
610 518
597 541
596 542
588 540
589 541
616 525
615 526
611 518
589 542
617 525
615 527
611 517
590 542
589 543
618 525
614 527
615 528
611 516
588 543
589 544
619 525
618 526
613 527
611 515
587 543
589 545
620 525
619 524
612 527
611 514
590 545
621 525
620 526
620 524
619 523
611 527
612 528
612 526
612 514
591 545
590 546
620 527
620 523
610 527
611 528
612 529
612 513
590 547
620 528
613 529
612 530
612 512
590 548
620 529
612 531
638 537
591 548
589 548
620 530
612 532
592 548
591 549
364 469
621 530
619 530
612 533
593 548
592 549
591 550
340 489
734 480
424 391
622 530
618 530
612 534
594 548
593 547
591 551
428 391
426 389
623 530
618 529
613 534
611 534
593 546
591 552
624 530
623 529
614 534
613 535
611 535
594 546
591 553
624 531
624 529
623 528
615 534
611 536
594 545
590 553
591 554
625 531
624 532
615 533
612 536
611 537
595 545
594 544
590 554
592 554
626 531
624 533
616 533
612 537
589 554
627 531
625 533
617 533
612 538
588 554
589 555
628 531
625 534
618 533
612 539
587 554
588 553
589 556
629 531
628 530
625 535
619 533
613 539
612 540
587 555
587 553
590 556
589 557
630 531
629 530
628 529
620 533
619 534
614 539
612 541
586 555
586 553
587 552
588 557
589 558
631 531
630 530
620 532
615 539
614 540
614 538
612 542
586 552
589 559
632 531
631 532
621 532
616 539
615 540
614 537
612 543
586 551
589 560
632 530
617 539
616 540
615 541
614 536
612 544
589 561
633 530
618 539
616 541
613 544
611 544
590 561
634 530
633 529
619 539
618 538
616 542
613 545
590 562
635 530
634 531
619 540
616 543
614 545
590 563
635 531
635 529
634 532
617 543
615 545
614 546
591 563
590 564
636 531
635 528
634 533
618 543
617 544
614 547
591 564
590 565
635 527
633 533
634 534
619 543
618 542
617 545
615 547
591 565
590 566
635 526
635 534
634 535
620 543
619 544
618 541
618 545
615 548
636 526
634 526
635 525
636 534
633 535
621 543
615 549
637 526
636 525
633 526
637 534
636 533
632 535
622 543
636 524
632 526
637 535
631 535
632 536
623 543
632 527
632 525
638 535
632 537
624 543
623 544
631 525
639 535
638 536
633 537
632 538
624 542
623 545
639 536
634 537
633 538
631 538
624 541
624 545
640 536
639 537
634 538
631 539
623 541
624 540
625 545
624 546
641 536
635 538
625 540
626 545
625 546
625 544
641 535
625 539
627 545
626 546
642 535
643 535
642 534
644 535
643 536
642 533
644 534
643 537
587 549
642 532
645 534
644 537
646 534
645 537
646 533
645 536
646 532
646 536
645 532
646 531
644 532
647 531
647 530
648 530
647 529
648 529
649 529
649 528
650 528
649 527
651 528
648 527
652 528
651 529
648 526
652 529
647 526
653 529
652 530
647 525
652 531
646 525
647 524
653 531
646 524
648 524
654 531
653 532
645 524
646 523
649 524
655 531
653 533
644 524
646 522
649 523
656 531
655 530
653 534
644 525
647 522
656 532
655 529
654 534
653 535
648 522
657 532
655 528
655 534
653 536
658 532
655 527
655 535
655 533
653 537
658 531
655 526
655 536
652 537
653 538
659 531
658 530
654 526
655 525
655 537
652 538
654 538
653 539
653 526
656 525
655 524
656 537
655 538
652 539
652 526
653 527
657 525
655 523
657 537
655 539
651 539
657 524
655 522
658 537
655 540
658 524
654 522
655 521
659 537
658 536
655 541
658 523
655 520
660 537
658 535
656 541
655 542
656 520
654 520
661 537
660 538
658 534
657 541
657 520
653 520
654 519
662 537
661 538
661 536
659 534
657 519
652 520
663 537
660 534
657 518
651 520
652 521
661 534
660 533
656 518
657 517
651 519
652 522
662 534
657 516
652 523
662 535
662 533
656 516
651 523
663 535
656 515
664 535
656 514
664 536
655 514
656 513
665 536
657 513
656 512
658 513
655 512
659 513
658 512
655 511
659 514
659 512
658 511
655 510
658 510
713 518
658 509
659 509
659 508
660 508
659 507
660 507
659 506
660 506
658 506
659 505
657 506
659 504
657 505
660 504
656 505
669 543
661 504
655 505
656 504
661 505
656 503
662 505
656 502
663 505
655 502
664 505
654 502
664 506
664 504
653 502
664 507
665 504
664 503
652 502
653 503
653 501
664 508
666 504
664 502
651 502
653 504
653 500
508 334
664 509
667 504
665 502
650 502
651 503
653 499
665 509
664 510
668 504
666 502
649 502
654 499
652 499
666 509
665 510
669 504
648 502
654 498
652 498
666 510
670 504
669 505
647 502
648 503
655 498
651 498
652 497
667 510
671 504
648 504
655 497
651 497
653 497
668 510
667 511
671 503
649 504
656 497
651 496
669 510
668 509
667 512
672 503
671 502
657 497
656 496
650 496
651 495
670 510
668 512
673 503
658 497
656 495
649 496
652 495
668 513
674 503
673 502
658 498
658 496
648 496
652 494
669 513
675 503
658 495
647 496
670 513
675 502
659 495
647 497
647 495
671 513
670 512
676 502
659 494
646 497
646 495
672 513
677 502
660 494
646 498
645 495
646 494
672 514
678 502
660 493
646 499
644 495
645 496
645 494
673 514
679 502
660 492
646 500
674 514
680 502
679 503
679 501
659 492
660 491
645 500
675 514
681 502
680 503
680 501
679 500
645 501
675 515
675 513
682 502
681 503
681 501
678 500
644 501
675 516
683 502
682 503
677 500
678 499
643 501
644 502
674 516
684 502
683 503
682 504
678 498
643 502
386 401
644 503
674 517
685 502
684 503
677 498
643 503
674 518
685 503
677 497
642 503
675 518
673 518
674 519
685 504
677 496
675 519
673 519
686 504
685 505
678 496
676 496
676 519
672 519
686 505
684 505
678 495
675 496
677 519
671 519
672 520
686 506
684 506
678 494
675 497
675 495
678 519
677 520
672 521
687 506
678 493
675 498
679 519
678 518
673 521
672 522
687 507
679 493
674 498
675 499
680 519
678 517
672 523
687 508
680 493
673 498
676 499
680 520
680 518
677 517
671 523
688 508
680 494
673 497
681 520
680 517
676 517
671 524
689 508
681 494
673 496
681 521
670 524
671 525
689 509
682 494
672 496
669 524
672 525
690 509
689 510
683 494
682 493
672 495
673 525
691 509
690 510
682 492
672 494
673 526
692 509
691 508
683 492
682 491
671 494
674 526
693 509
684 492
681 491
682 490
670 494
671 493
675 526
694 509
685 492
684 491
671 492
676 526
675 527
675 525
694 508
686 492
684 490
670 492
676 525
675 528
695 508
694 507
686 491
684 489
669 492
670 491
674 528
675 529
696 508
694 506
687 491
685 489
684 488
669 493
669 491
673 528
674 529
676 529
697 508
693 506
688 491
686 489
683 488
684 487
669 490
672 528
677 529
698 508
697 509
692 506
689 491
682 488
685 487
684 486
669 489
678 529
698 507
697 510
692 507
689 490
681 488
682 487
685 486
683 486
684 485
670 489
668 489
669 488
679 529
699 507
698 510
690 490
682 486
686 486
683 485
684 484
671 489
668 488
669 487
680 529
679 530
700 507
698 511
691 490
690 489
682 485
686 485
684 483
671 488
667 488
669 486
681 529
680 528
679 531
701 507
700 508
700 506
691 489
690 488
681 485
685 483
672 488
668 486
681 528
680 527
679 532
702 507
700 509
692 489
689 488
680 485
685 482
668 485
681 527
679 527
680 532
678 532
703 507
699 509
700 510
693 489
692 488
679 485
686 482
685 481
667 485
682 527
681 526
681 532
680 533
703 506
701 510
693 490
693 488
692 487
678 485
679 486
687 482
685 480
667 484
682 532
680 534
704 506
703 505
702 510
693 491
694 488
693 487
678 484
679 487
685 479
667 483
683 532
682 531
680 535
705 506
704 505
703 504
694 491
692 491
679 488
684 479
666 483
684 532
679 535
680 536
705 507
702 504
695 491
692 492
678 488
679 489
683 479
665 483
685 532
678 535
679 536
706 507
702 503
696 491
678 489
437 322
437 323
437 324
437 325
436 325
437 326
435 325
437 327
437 328
436 328
437 329
435 328
437 330
434 328
437 331
434 329
438 331
436 331
437 332
436 332
437 333
435 332
434 332
434 333
433 333
434 334
432 333
435 334
431 333
432 334
436 334
435 335
431 332
432 335
433 335
432 336
431 336
432 337
430 336
432 338
429 336
430 337
433 338
429 335
434 338
428 335
429 334
435 338
434 337
427 335
428 334
436 338
434 336
427 336
436 339
426 336
437 339
436 340
425 336
438 339
437 340
435 340
424 336
438 338
437 341
424 337
424 335
439 338
438 341
437 342
423 337
424 334
436 342
422 337
435 342
436 343
422 336
436 344
421 336
435 344
436 345
420 336
436 346
420 337
420 335
437 346
435 346
419 337
420 338
420 334
434 346
435 347
420 339
421 334
420 333
435 348
419 339
420 340
422 334
419 333
434 348
418 339
420 341
419 332
433 348
434 349
417 339
418 338
421 341
419 341
419 331
432 348
433 349
434 350
417 338
422 341
419 330
431 348
434 351
417 337
422 342
419 329
435 351
433 351
423 342
418 329
419 328
436 351
432 351
424 342
417 329
419 327
437 351
431 351
425 342
417 328
419 326
438 351
430 351
425 343
420 326
419 325
439 351
438 352
438 350
429 351
430 352
430 350
426 343
425 344
421 326
418 325
419 324
438 353
438 349
429 352
427 343
426 344
417 325
420 324
439 353
437 349
429 353
428 343
427 344
427 342
426 345
417 326
417 324
440 353
439 354
429 354
426 346
416 326
441 353
439 355
428 354
429 355
426 347
415 326
416 327
441 352
438 355
427 354
428 355
430 355
429 356
425 347
414 326
415 325
441 351
437 355
426 354
431 355
429 357
413 326
415 324
442 351
436 355
437 356
425 354
432 355
430 357
412 326
413 325
415 323
443 351
437 357
424 354
425 355
433 355
432 356
430 358
411 326
412 325
444 351
423 354
424 355
424 353
432 357
430 359
411 327
411 325
412 324
444 352
444 350
422 354
411 328
410 325
445 352
422 355
422 353
412 328
410 328
409 325
446 352
421 355
421 353
412 329
409 328
409 324
420 355
421 356
412 330
409 329
409 327
408 324
409 323
421 357
411 330
412 331
408 329
409 330
407 324
408 323
409 322
422 357
420 357
421 358
413 331
407 329
409 331
407 325
407 323
409 321
419 357
421 359
414 331
406 329
410 331
408 331
406 325
406 323
410 321
408 321
422 359
420 359
421 360
414 332
405 329
406 330
407 331
405 325
410 320
407 321
422 360
414 333
405 328
406 331
407 332
405 324
411 320
410 319
406 321
423 360
415 333
405 327
405 331
407 333
412 320
411 319
406 320
424 360
423 361
415 334
404 327
404 331
408 333
413 320
411 318
405 320
425 360
415 335
403 331
414 320
413 321
426 360
425 359
415 336
402 331
403 332
414 319
413 322
427 360
425 358
414 336
402 330
403 333
428 360
427 361
413 336
414 337
402 329
404 333
402 333
428 359
427 362
413 337
413 335
401 329
402 328
404 334
402 334
428 362
426 362
413 334
400 329
402 327
405 334
429 362
400 330
401 327
405 335
429 363
400 327
405 336
429 364
399 327
400 326
406 336
404 336
405 337
430 364
429 365
399 326
404 337
405 338
431 364
430 365
429 366
403 337
404 338
405 339
431 365
428 366
429 367
406 339
372 330
431 366
427 366
406 340
431 367
427 367
466 585
431 368
427 368
465 585
432 368
430 368
428 368
426 368
465 584
433 368
430 369
428 369
425 368
468 584
433 369
429 369
424 368
466 580
465 581
434 369
429 370
424 369
424 367
465 583
434 370
423 369
467 584
466 581
422 369
466 583
421 369
422 370
422 368
469 587
421 370
421 368
422 371
467 583
421 371
421 367
466 582
420 371
421 372
420 367
470 587
469 586
419 371
421 373
419 367
420 366
467 582
470 586
422 373
420 373
418 367
468 580
419 373
420 374
417 367
420 375
417 366
421 375
419 375
416 366
421 376
418 375
416 365
418 376
418 374
415 365
416 364
417 376
418 377
414 365
417 364
419 377
418 378
413 365
414 366
418 364
419 378
417 378
412 365
419 379
416 378
417 379
411 365
412 366
420 379
419 380
415 378
416 379
417 380
411 364
419 381
414 378
415 379
416 380
410 364
419 382
414 379
416 381
409 364
416 382
417 382
415 382
417 383
414 382
417 384
413 382
418 384
416 384
412 382
413 383
413 381
419 384
415 384
416 385
412 381
413 384
420 384
419 385
416 386
412 380
412 384
420 383
417 386
415 386
416 387
411 380
412 385
421 383
417 387
415 387
410 380
411 385
412 386
418 387
417 388
415 388
409 380
412 387
417 389
415 389
408 380
411 387
417 390
415 390
407 380
408 379
410 387
418 390
414 390
406 380
407 379
408 378
409 387
419 390
413 390
414 391
405 380
409 378
408 387
420 390
419 391
412 390
413 389
414 392
404 380
405 381
410 378
408 388
411 390
412 391
412 389
414 393
403 380
404 379
405 382
411 378
407 388
411 391
412 392
414 394
403 379
404 378
406 382
404 382
406 388
415 394
414 395
402 379
405 378
407 382
403 382
406 389
406 387
415 395
401 379
407 383
405 389
405 387
415 396
400 379
408 383
404 387
405 386
416 396
415 397
399 379
400 378
409 383
404 388
405 385
417 396
414 397
398 379
399 380
409 384
409 382
406 385
417 397
413 397
397 379
399 381
418 397
396 379
400 381
399 382
419 397
395 379
400 382
419 398
394 379
420 398
393 379
420 399
392 379
393 378
421 399
392 380
393 377
422 399
421 400
392 381
392 377
393 376
423 399
421 401
393 381
391 377
424 399
394 381
390 377
391 376
425 399
424 398
395 381
394 382
390 378
391 375
426 399
424 397
395 382
389 378
390 375
391 374
427 399
425 397
423 397
395 383
388 378
392 374
428 399
425 396
423 396
396 383
387 378
392 373
428 400
425 395
396 384
386 378
387 377
393 373
428 401
426 395
425 394
397 384
386 379
387 376
393 372
424 394
425 393
398 384
385 379
386 376
394 372
393 371
761 524
424 393
425 392
399 384
398 383
385 380
386 375
395 372
392 371
423 393
426 392
399 385
384 380
385 375
396 372
395 371
391 371
423 392
426 391
384 381
384 375
396 371
395 370
390 371
391 370
423 391
427 391
426 390
383 381
506 481
506 482
506 480
505 482
504 482
503 482
504 483
503 483
503 481
504 484
502 481
505 484
504 485
501 481
503 485
503 486
502 486
503 487
501 486
503 488
500 486
499 486
498 486
497 486
496 486
495 486
496 487
494 486
495 487
493 486
494 485
495 488
493 485
495 489
492 485
495 490
491 485
492 484
496 490
490 485
496 491
490 484
497 491
496 492
489 484
497 492
496 493
488 484
498 492
497 493
488 485
499 492
498 493
487 485
488 486
500 492
499 491
488 487
487 487
486 487
485 487
486 488
486 486
484 487
484 488
484 486
484 489
483 486
484 485
485 489
485 490
485 491
486 491
487 491
486 492
487 492
486 493
488 492
489 492
490 492
490 493
490 491
491 493
491 491
491 494
492 494
492 495
492 496
491 496
491 497
491 498
490 498
491 499
491 500
490 500
489 500
490 501
490 502
490 503
490 504
491 504
489 504
491 505
491 506
492 506
490 506
492 507
489 506
493 507
492 508
488 506
494 507
492 509
487 506
488 507
494 506
491 509
492 510
487 507
495 506
490 509
492 511
486 507
495 505
491 511
492 512
496 505
490 511
491 512
492 513
497 505
489 511
497 504
489 512
489 510
498 504
488 512
499 504
488 513
500 504
499 505
487 513
501 504
500 503
499 506
487 514
500 502
500 506
487 515
501 502
499 502
500 507
487 516
502 502
501 501
498 502
499 501
500 508
487 517
503 502
501 508
487 518
504 502
503 503
502 508
488 518
486 518
505 502
504 501
503 508
502 509
488 519
485 518
505 503
505 501
502 510
488 520
484 518
485 519
506 503
505 500
501 510
502 511
489 520
484 519
484 517
485 520
507 503
500 510
503 511
490 520
484 516
486 520
485 521
507 504
500 511
504 511
491 520
490 521
485 516
483 516
486 521
485 522
499 511
500 512
491 519
490 522
485 515
483 515
486 522
484 522
485 523
498 511
499 512
492 519
491 522
490 523
482 515
483 514
487 522
486 523
483 522
498 512
492 518
482 514
488 522
487 523
486 524
482 522
493 518
492 517
487 524
486 525
481 522
494 518
493 517
492 516
480 522
495 518
494 517
493 516
480 523
480 521
496 518
480 524
480 520
497 518
496 519
480 525
481 520
479 520
498 518
479 525
480 526
481 519
498 519
498 517
478 525
480 527
481 518
498 520
499 517
477 525
478 526
478 524
479 527
481 517
499 520
500 517
476 525
478 527
479 528
480 517
500 520
501 517
500 518
475 525
476 526
476 524
478 528
479 529
480 516
500 521
476 523
479 530
479 516
500 522
477 523
479 531
478 516
500 523
479 532
477 516
478 517
501 523
499 523
479 533
477 515
502 523
498 523
479 534
477 514
503 523
497 523
498 524
498 522
480 534
478 514
503 524
496 523
498 525
480 535
478 513
503 525
495 523
496 522
499 525
498 526
481 535
480 536
479 513
478 512
503 526
497 526
482 535
479 536
480 537
477 512
503 527
351 438
483 535
479 537
481 537
476 512
504 527
353 439
351 437
484 535
479 538
481 538
475 512
476 513
505 527
353 438
352 437
485 535
484 534
479 539
482 538
481 539
474 512
475 511
505 528
353 437
485 536
478 539
479 540
483 538
473 512
475 510
506 528
505 529
485 537
478 540
479 541
484 538
483 537
472 512
476 510
507 528
504 529
480 541
472 513
472 511
477 510
507 529
507 527
504 530
480 542
471 513
472 514
477 509
508 529
507 526
504 531
480 543
471 514
477 508
508 530
508 526
503 531
504 532
480 544
471 515
476 508
508 531
509 526
508 525
502 531
505 532
480 545
470 515
475 508
476 507
509 531
509 525
501 531
502 532
506 532
505 533
479 545
480 546
470 516
474 508
476 506
509 532
510 525
500 531
505 534
478 545
481 546
469 516
474 507
510 532
511 525
510 524
499 531
505 535
477 545
468 516
473 507
474 506
510 533
511 524
510 523
505 536
476 545
477 544
468 515
474 505
511 533
511 523
505 537
476 546
477 543
467 515
468 514
474 504
512 533
505 538
476 547
466 515
474 503
513 533
512 534
477 547
475 547
465 515
475 503
474 502
514 533
512 535
477 548
464 515
465 516
465 514
475 502
473 502
514 534
748 555
513 535
512 536
463 515
465 513
476 502
475 501
472 502
473 501
515 534
512 537
377 404
376 404
376 405
375 405
376 406
374 405
375 406
377 406
374 404
375 407
378 406
373 404
375 408
378 407
372 404
374 408
378 408
371 404
372 403
373 408
379 408
371 405
371 403
372 408
373 409
379 409
370 403
372 407
380 409
369 403
370 402
381 409
368 403
369 402
370 401
382 409
381 410
367 403
370 400
382 410
366 403
367 402
370 399
383 410
365 403
366 402
367 401
370 398
384 410
364 403
366 401
368 401
370 397
384 409
363 403
364 404
364 402
364 405
364 401
363 405
364 406
363 401
362 405
363 406
365 406
364 407
362 401
361 405
364 408
361 401
362 402
362 400
360 405
365 408
360 401
362 399
359 405
360 404
366 408
359 401
360 402
361 399
367 408
366 409
358 401
359 402
359 400
361 398
368 408
367 407
366 410
357 401
361 397
367 410
365 410
366 411
357 402
362 397
360 397
367 411
364 410
365 411
357 403
363 397
360 396
367 412
363 410
365 412
358 403
356 403
357 404
359 396
367 413
364 412
365 413
355 403
357 405
358 396
359 395
368 413
366 413
355 404
355 402
357 406
358 397
369 413
354 404
356 406
357 407
370 413
353 404
355 406
370 412
353 403
354 406
355 407
371 412
352 403
353 406
372 412
371 411
352 406
372 413
352 405
372 414
373 414
374 414
374 415
374 416
373 416
374 417
372 416
375 417
371 416
376 417
375 418
371 417
377 417
376 418
375 419
370 417
371 418
376 419
375 420
369 417
371 419
376 420
374 420
369 418
377 420
376 421
368 418
369 419
378 420
377 421
376 422
367 418
378 421
375 422
376 423
366 418
367 419
379 421
375 423
376 424
366 417
367 420
380 421
374 423
376 425
365 417
366 416
366 420
367 421
380 422
374 424
376 426
365 420
367 422
381 422
375 426
364 420
365 421
365 419
367 423
382 422
374 426
375 427
363 420
367 424
383 422
382 423
374 427
375 428
362 420
363 421
368 424
367 425
383 423
376 428
375 429
362 421
362 419
363 422
368 425
384 423
374 429
362 422
361 419
362 418
364 422
363 423
385 423
384 424
361 422
364 423
386 423
384 425
360 422
364 424
387 423
386 424
359 422
364 425
387 424
387 422
359 421
363 425
388 424
388 422
387 421
359 420
362 425
389 424
358 420
389 425
357 420
389 426
356 420
357 421
357 419
390 426
355 420
391 426
354 420
355 421
392 426
353 420
355 422
393 426
352 420
353 421
353 419
355 423
353 422
355 424
355 425
355 426
356 426
354 426
355 427
357 426
357 427
357 428
357 429
358 429
358 430
359 430
358 431
360 430
359 431
357 431
360 431
356 431
355 431
356 432
355 432
355 430
356 433
354 430
357 433
356 434
354 429
357 434
355 434
356 435
354 428
357 435
354 434
356 436
353 428
356 437
352 428
355 437
356 438
732 552
356 439
733 552
357 439
356 440
732 553
733 553
356 441
735 553
733 554
357 441
356 442
735 554
356 443
357 443
355 443
356 444
358 443
355 444
358 444
358 442
518 542
518 543
517 543
517 544
516 544
517 545
515 544
518 545
517 546
514 544
519 545
517 547
514 543
519 546
516 547
520 546
516 548
521 546
516 549
522 546
521 545
516 550
523 546
516 551
523 547
523 545
515 551
516 552
523 548
514 551
516 553
524 548
522 548
513 551
516 554
524 549
513 552
516 555
525 549
513 553
517 555
515 555
526 549
512 553
517 556
515 556
527 549
512 554
518 556
517 557
514 556
528 549
527 548
511 554
517 558
529 549
527 547
510 554
516 558
530 549
529 550
529 548
528 547
510 555
510 553
529 547
528 546
510 556
510 552
509 556
510 557
510 551
508 556
511 551
508 557
508 555
511 550
507 557
511 549
506 557
506 558
505 558
505 559
504 559
505 560
505 561
504 561
505 562
506 562
505 563
507 562
504 563
508 562
503 563
508 563
502 563
508 564
501 563
507 564
508 565
500 563
507 565
508 566
499 563
500 562
506 565
509 566
508 567
499 564
499 562
500 561
505 565
510 566
508 568
499 565
499 561
501 561
500 560
511 566
510 565
508 569
499 566
500 559
512 566
511 567
509 569
500 566
498 566
499 559
513 566
511 568
501 566
497 566
498 567
498 559
513 565
512 568
511 569
496 566
497 559
511 570
496 567
496 565
497 560
497 558
511 571
495 565
496 564
496 560
497 561
496 558
512 571
510 571
494 565
495 558
496 557
513 571
512 572
509 571
493 565
494 566
494 564
495 559
496 556
513 572
513 570
508 571
492 565
494 559
495 556
513 573
514 570
507 571
491 565
492 564
493 559
494 556
513 574
514 569
506 571
507 570
491 566
492 563
493 556
514 574
513 575
514 568
505 571
490 566
492 556
514 575
513 576
505 572
489 566
492 557
492 555
515 575
512 576
504 572
489 567
516 575
511 576
503 572
504 573
489 568
516 576
511 577
511 575
502 572
503 571
504 574
488 568
489 569
516 577
511 578
503 570
505 574
487 568
488 569
489 570
517 577
516 578
503 569
506 574
505 575
486 568
487 569
488 570
490 570
517 578
515 578
516 579
506 573
505 576
486 569
486 567
487 570
516 580
504 576
485 569
486 566
487 571
516 581
485 570
485 566
486 565
487 572
517 581
515 581
486 564
488 572
487 573
518 581
489 572
486 573
487 574
519 581
518 582
490 572
485 573
487 575
520 581
491 572
484 573
485 572
488 575
487 576
520 582
492 572
484 574
484 572
489 575
487 577
521 582
493 572
492 573
483 574
490 575
488 577
486 577
521 583
494 572
482 574
483 575
490 576
490 574
521 584
495 572
481 574
491 576
491 574
522 584
520 584
495 573
495 571
481 575
491 577
523 584
519 584
496 573
495 574
480 575
481 576
491 578
524 584
518 584
497 573
494 574
479 575
480 576
492 578
491 579
525 584
517 584
518 585
497 574
497 572
479 574
480 577
491 580
526 584
525 585
516 584
518 586
498 572
478 574
479 573
479 577
490 580
491 581
527 584
526 583
515 584
517 586
518 587
498 571
479 572
492 581
491 582
528 584
527 585
526 582
514 584
516 586
517 587
498 570
480 572
479 571
492 582
491 583
528 585
528 583
527 586
526 581
514 583
515 586
517 588
497 570
479 570
493 582
490 583
491 584
528 586
529 583
526 580
513 583
514 582
515 587
516 588
497 569
478 570
479 569
494 582
489 583
492 584
528 587
530 583
526 579
512 583
513 582
514 587
515 588
477 570
495 582
494 583
528 588
531 583
527 579
525 579
526 578
511 583
512 582
513 587
477 569
495 581
528 589
531 582
528 579
524 579
526 577
512 587
513 586
477 568
496 581
495 580
528 590
524 580
525 577
526 576
512 588
476 568
477 567
496 580
495 579
529 590
523 580
525 576
527 576
512 589
475 568
478 567
477 566
494 579
529 591
522 580
523 581
524 576
525 575
512 590
474 568
475 569
475 567
476 566
494 578
530 591
522 579
523 582
523 576
524 575
525 574
511 590
473 568
474 569
475 566
476 565
494 577
530 592
521 579
522 578
523 577
524 574
526 574
525 573
510 590
473 569
474 570
474 566
476 564
530 593
523 574
509 590
473 570
474 571
477 564
476 563
531 593
529 593
522 574
523 573
508 590
472 570
473 571
475 571
475 563
476 562
528 593
529 594
521 574
522 573
508 591
471 570
473 572
476 571
477 562
476 561
528 594
529 595
507 591
508 592
471 571
471 569
473 573
477 561
507 592
508 593
471 572
471 568
474 573
477 560
507 593
509 593
508 594
471 573
470 568
471 567
474 574
478 560
507 594
472 567
471 566
474 575
479 560
506 594
507 595
470 566
475 575
473 575
479 561
479 559
505 594
507 596
470 565
472 575
480 561
479 558
504 594
505 595
470 564
471 575
478 558
479 557
503 594
504 593
505 596
471 564
470 575
479 556
504 592
505 597
471 563
470 576
480 556
478 556
479 555
505 592
471 562
469 576
470 577
481 556
478 555
472 562
470 562
469 577
471 577
470 561
468 577
472 577
471 578
469 561
467 577
473 577
471 579
469 560
467 578
467 576
472 579
470 579
468 560
469 559
466 578
466 576
473 579
466 575
473 580
466 574
473 581
466 573
472 581
473 582
467 573
466 572
472 582
473 583
465 572
471 582
464 572
470 582
471 583
463 572
464 571
470 583
470 581
471 584
469 581
471 585
468 581
470 585
471 586
468 582
406 341
407 341
408 341
408 342
409 342
408 343
408 344
409 344
408 345
408 346
409 346
409 347
409 348
410 348
408 348
410 349
408 349
567 454
