660 741
617 721
645 787
767 629
713 607
584 767
775 658
542 762
598 744
714 604
679 761
737 636
676 785
533 594
571 742
622 676
621 745
644 655
776 627
625 708
532 601
627 756
696 789
738 690
712 608
474 560
434 539
639 786
655 690
450 554
641 567
697 603
775 661
618 720
635 689
576 777
618 646
609 646
602 744
766 623
657 740
552 608
537 599
538 760
568 744
705 601
790 672
561 595
600 745
603 653
462 544
579 600
626 651
574 610
659 778
468 572
580 744
788 660
736 662
452 546
660 774
575 591
700 784
519 588
793 671
659 663
479 559
615 643
698 595
445 563
735 630
593 568
667 748
699 603
516 765
640 597
728 609
721 598
544 609
691 601
670 749
701 782
740 598
526 583
452 517
638 658
762 659
691 764
436 558
734 657
595 746
579 775
633 671
598 572
751 624
523 760
578 762
604 774
567 724
558 578
704 596
744 632
654 750
617 726
465 519
480 535
694 798
577 762
465 563
580 763
549 589
556 599
635 756
533 769
628 754
764 659
728 607
768 644
660 739
642 750
668 642
576 728
616 554
725 623
734 673
548 618
638 678
555 602
558 599
512 587
770 651
630 674
515 583
538 601
623 652
575 741
482 560
656 693
682 605
706 605
473 560
640 573
635 738
686 793
675 655
629 667
673 766
603 555
629 754
576 603
610 663
624 718
711 605
661 654
694 796
603 738
761 633
772 654
457 520
543 614
464 562
467 532
547 766
529 590
607 669
631 676
615 547
665 778
656 657
739 684
603 747
557 766
676 790
678 789
546 596
625 602
750 624
642 570
458 547
696 788
664 656
510 585
469 533
673 765
769 630
588 756
633 706
461 553
677 790
636 773
636 695
576 737
635 765
633 603
656 688
623 545
466 551
649 655
711 625
597 639
775 648
521 590
733 671
561 769
565 748
770 628
476 540
747 637
568 747
589 747
435 513
632 679
674 778
610 647
500 574
529 584
791 655
668 787
456 517
477 559
554 620
787 657
586 767
770 648
630 754
729 625
667 787
601 777
632 576
677 649
467 551
736 670
552 768
771 655
576 729
546 583
663 741
555 761
448 544
625 664
726 616
626 599
766 645
597 743
508 581
599 779
544 615
793 654
621 742
766 626
629 601
620 546
732 631
708 625
737 594
463 539
658 740
503 571
586 749
791 664
541 610
522 595
448 548
679 655
649 755
642 568
657 750
621 659
768 649
638 687
618 549
467 572
520 587
633 754
718 599
633 760
628 676
768 661
602 782
474 546
792 666
465 569
488 535
339 802
554 755
764 651
442 513
631 579
611 658
727 610
427 509
468 571
619 712
480 590
688 764
680 764
452 515
633 750
653 656
719 593
620 747
474 544
660 656
670 771
665 752
568 724
516 593
621 727
468 521
603 748
606 748
610 555
690 793
632 767
484 596
545 584
645 741
545 617
603 772
647 648
606 773
614 762
784 648
539 605
732 594
618 645
646 726
600 744
610 765
725 624
466 530
613 757
470 571
437 556
629 737
695 792
623 673
584 755
456 515
641 780
726 603
619 553
456 540
471 545
661 652
480 538
551 591
677 761
623 743
448 521
625 737
662 737
617 741
546 609
641 766
670 782
552 600
480 584
607 670
635 688
616 547
482 559
697 797
627 718
472 510
680 761
718 605
457 515
548 761
601 641
468 560
577 746
732 652
616 645
616 728
631 681
604 740
757 658
643 676
672 763
574 767
698 785
561 771
703 617
640 777
671 778
757 653
705 622
642 653
542 607
625 600
659 692
459 545
584 772
795 656
549 760
623 665
556 756
611 670
641 679
542 606
496 585
592 556
699 594
642 784
732 610
451 528
605 666
628 666
631 672
481 577
627 683
784 649
731 659
778 657
679 776
649 746
629 681
528 599
633 737
468 547
514 761
591 561
666 752
795 672
678 655
526 584
445 514
623 738
765 638
612 656
553 594
447 509
705 613
612 655
536 765
697 606
616 749
677 784
534 768
436 552
443 566
767 652
704 601
640 766
609 647
699 604
522 593
662 780
556 595
456 542
633 653
794 663
636 764
724 603
773 643
627 708
538 765
550 621
572 732
474 542
622 657
624 600
745 596
666 748
628 624
735 665
619 717
608 745
467 529
746 625
451 531
544 606
763 633
648 736
520 763
569 721
628 599
471 508
465 561
634 760
601 771
710 607
611 659
696 797
625 741
627 662
769 647
643 747
331 797
505 576
639 571
611 748
616 652
689 763
579 772
469 563
610 556
580 746
558 756
669 770
467 525
330 797
443 565
749 629
787 650
612 751
768 664
623 712
621 662
613 649
459 547
553 590
549 767
744 624
437 561
610 667
533 764
759 621
616 760
586 750
483 596
522 596
733 600
591 747
723 601
632 681
707 623
643 684
614 648
607 749
622 665
634 705
599 565
616 722
727 627
754 626
471 565
719 592
611 657
531 594
466 559
618 743
640 660
552 591
771 625
464 534
729 672
623 713
558 757
601 782
555 587
621 739
631 599
728 610
627 624
789 659
600 645
758 631
575 730
572 605
554 602
666 750
763 623
555 763
559 752
660 691
576 735
726 615
632 705
630 600
726 604
737 691
545 616
675 652
765 624
608 773
543 766
710 610
649 647
626 718
733 670
623 675
507 584
571 607
672 788
505 578
459 519
479 560
644 729
630 733
649 654
607 778
669 761
546 584
610 668
519 585
617 733
609 750
667 761
636 739
629 708
624 648
507 579
710 614
741 671
435 552
767 662
796 673
438 542
769 666
732 595
638 573
631 697
628 657
588 747
521 763
634 571
673 787
601 640
486 591
577 763
549 618
638 706
712 617
603 773
636 745
619 551
731 665
560 765
632 754
662 755
699 809
774 662
623 728
645 750
758 620
759 652
626 666
450 522
661 650
556 769
609 774
670 750
633 577
559 755
608 776
706 614
643 745
453 509
703 601
638 576
529 602
618 722
533 770
625 597
644 649
633 600
698 806
581 771
623 744
699 787
615 655
635 763
635 597
610 670
570 603
712 605
707 620
497 584
718 603
481 535
785 649
765 653
761 639
640 772
640 574
631 576
648 757
766 641
674 782
702 624
557 759
571 608
513 581
447 564
446 568
504 583
617 714
436 562
667 779
577 779
603 742
669 755
432 505
466 547
605 740
641 651
467 548
442 549
724 623
463 549
776 657
628 738
644 678
448 527
615 648
699 805
434 513
478 536
557 603
623 600
670 762
701 616
505 574
585 768
627 674
616 548
783 646
734 659
641 652
617 657
556 581
443 545
569 746
704 617
738 636
634 706
477 575
503 583
718 601
721 604
636 740
643 746
773 628
626 605
617 650
792 665
674 646
640 654
530 588
520 591
728 596
611 596
554 580
637 748
626 709
759 630
671 780
683 763
608 646
761 623
559 765
578 751
441 552
459 552
663 783
668 752
611 651
737 682
757 659
465 574
553 754
481 596
557 751
474 543
481 581
592 746
640 763
581 768
744 638
640 768
584 752
662 753
629 599
464 549
727 630
452 530
600 780
703 593
633 693
580 742
736 664
643 750
442 561
625 736
741 600
790 675
729 659
587 756
578 727
645 653
737 644
464 524
788 657
529 596
618 714
579 774
726 617
721 602
565 773
670 657
449 554
324 772
628 661
737 643
738 692
772 652
764 623
634 763
555 769
440 551
561 757
677 773
506 571
632 579
471 509
768 646
675 656
448 511
474 537
712 606
524 599
738 641
695 790
766 644
515 593
696 805
632 737
618 725
718 597
765 619
674 772
701 786
477 572
557 596
636 573
709 624
628 598
625 674
445 557
729 658
525 759
335 800
617 576
587 766
633 690
560 769
523 593
676 648
580 772
749 628
728 675
453 542
639 774
690 788
632 577
497 570
573 730
473 537
757 625
699 613
714 602
691 760
646 751
678 649
635 577
465 530
538 599
597 777
610 652
727 613
645 740
432 509
493 588
492 590
594 744
547 617
794 656
699 785
435 516
679 658
630 702
633 692
447 559
478 577
764 655
678 653
732 593
603 648
713 605
467 560
547 600
430 503
619 663
472 533
495 586
457 550
626 646
554 758
701 612
480 540
770 666
472 560
486 594
691 759
625 753
692 759
746 626
442 548
739 683
763 628
643 652
620 711
577 600
642 645
703 623
508 578
473 507
463 544
515 762
628 647
640 755
564 770
691 790
460 543
753 623
641 566
623 739
707 612
729 607
626 708
436 543
559 762
703 789
621 731
676 776
602 780
784 647
639 660
441 513
599 563
728 633
653 654
701 614
341 801
707 613
448 547
508 759
620 656
640 756
661 653
736 599
729 656
739 678
482 561
569 725
558 754
339 799
677 789
553 755
791 673
582 748
672 749
504 574
577 737
504 571
534 606
571 606
485 595
483 536
747 633
581 776
456 516
748 628
747 635
451 545
789 657
622 672
442 550
491 588
435 515
552 579
455 540
683 796
616 751
775 659
795 673
726 614
629 753
527 579
570 602
659 655
643 758
769 644
632 757
787 655
729 623
637 602
783 648
450 545
602 643
522 597
736 636
462 567
631 679
554 587
523 597
529 765
678 779
558 751
582 770
464 539
574 781
500 582
607 653
613 648
545 767
464 572
432 516
468 552
546 761
459 513
642 707
614 761
771 646
768 647
673 646
726 622
758 653
642 780
664 785
527 760
670 754
705 616
638 574
501 587
468 557
619 730
766 640
726 593
768 629
502 589
340 801
604 666
635 703
640 761
652 751
527 595
552 625
580 778
658 779
332 797
470 547
636 619
606 772
763 653
655 658
699 607
570 722
639 566
617 604
449 553
576 748
567 744
660 780
766 653
505 571
481 533
472 509
622 673
698 805
667 767
513 580
541 597
621 725
635 604
433 508
611 555
561 768
590 563
789 658
606 771
743 599
480 533
675 760
613 760
774 664
601 747
505 573
471 519
736 685
566 749
656 691
702 592
617 748
640 653
579 762
338 800
654 745
519 584
663 753
456 543
556 585
546 610
571 729
764 622
671 646
541 605
449 511
679 760
472 513
665 653
530 765
766 661
654 655
628 604
641 777
545 598
636 701
637 573
697 801
618 727
496 588
653 750
618 717
719 598
634 573
661 750
531 762
541 598
704 618
464 563
607 739
493 590
515 763
649 648
739 645
672 779
501 572
604 771
778 648
700 789
463 566
637 782
738 671
636 700
790 661
530 586
475 560
609 556
697 800
680 655
447 561
533 762
645 778
631 753
752 628
767 661
727 612
633 710
617 717
620 602
503 572
538 763
727 618
680 777
771 643
610 664
637 702
568 752
451 546
629 715
637 705
752 624
616 761
625 648
640 572
581 599
705 595
569 748
645 777
545 586
697 802
586 760
617 663
485 529
771 658
443 550
578 771
580 729
573 604
642 648
705 598
605 671
477 560
763 631
514 766
625 749
641 785
551 625
485 599
452 555
481 532
704 599
468 553
504 569
426 510
580 760
557 592
580 765
748 635
610 665
632 578
573 742
610 553
483 561
762 660
760 655
608 749
698 603
611 661
558 597
575 780
449 524
634 597
599 780
555 756
619 664
567 770
554 596
643 658
643 649
608 779
728 655
763 641
683 789
528 592
685 791
630 737
533 765
762 661
650 755
475 538
512 760
757 651
435 538
483 535
661 780
546 603
710 625
584 770
626 653
483 533
434 515
437 541
480 585
702 614
734 635
440 512
667 784
766 616
640 659
728 626
542 766
771 648
693 765
429 512
754 624
765 660
209 743
624 661
535 771
463 547
444 550
444 513
595 563
516 762
558 767
468 548
640 571
599 562
517 588
774 648
598 778
649 649
630 675
636 748
729 615
470 513
706 603
616 553
613 755
765 654
623 645
764 618
677 655
500 572
465 573
697 807
790 669
435 551
771 647
680 656
708 595
611 752
513 589
746 631
646 750
635 654
469 512
646 789
738 677
661 734
514 760
448 565
620 576
579 779
462 550
582 764
548 620
642 742
658 780
731 634
467 528
740 646
581 748
618 653
472 542
480 598
610 751
451 515
557 598
608 656
446 543
497 571
583 742
450 521
466 538
619 556
578 739
777 649
774 629
506 574
506 578
713 604
594 563
613 645
444 566
731 607
455 542
517 591
697 805
781 648
489 534
474 507
585 767
613 549
501 574
616 663
669 642
675 646
624 734
792 667
673 658
738 638
621 643
467 558
540 608
758 632
738 680
631 698
618 731
698 796
666 761
664 757
727 622
520 762
607 771
680 760
582 772
731 674
625 645
485 600
606 667
632 766
493 585
696 794
671 785
578 591
662 782
550 607
534 765
533 603
529 601
764 616
568 723
631 703
606 736
731 605
692 790
450 560
731 663
480 589
570 719
639 575
573 733
570 752
701 784
624 713
737 686
475 537
635 687
763 632
480 561
556 588
559 597
646 744
574 730
465 520
770 650
620 739
470 529
642 786
524 593
737 669
553 621
447 562
453 511
659 776
767 642
615 766
459 549
735 631
507 574
646 654
704 623
572 743
684 796
551 609
668 761
554 600
559 772
689 764
779 655
435 543
481 576
686 792
617 649
599 639
436 513
730 608
577 602
738 687
675 654
706 604
470 515
553 593
642 650
747 638
431 514
552 759
596 744
679 777
593 569
629 730
444 545
772 628
600 771
733 631
677 786
543 606
632 670
593 557
632 667
620 557
656 659
461 547
678 760
756 625
481 584
483 579
770 625
630 700
639 757
619 742
583 770
523 758
633 573
643 685
613 764
671 771
653 751
466 528
741 599
613 756
668 778
575 592
508 585
469 534
659 739
532 598
650 657
638 743
770 649
451 526
564 756
572 609
686 795
738 649
704 600
758 621
629 668
335 799
609 765
469 571
698 788
538 761
667 645
555 586
432 554
634 769
644 674
537 606
535 606
615 765
511 766
585 771
766 615
573 747
582 742
618 663
698 606
761 638
563 755
572 723
680 775
586 758
595 596
740 683
535 605
567 752
535 599
452 523
622 664
665 758
582 776
529 598
627 709
457 518
731 608
645 742
533 597
657 693
623 740
639 750
450 544
727 614
464 532
655 749
584 753
627 737
521 761
646 790
578 774
742 635
476 576
528 597
435 554
668 777
698 613
765 615
634 575
468 529
461 554
443 549
607 558
698 612
468 565
541 764
578 765
557 758
727 654
779 648
464 559
557 585
723 593
506 569
619 714
471 516
769 661
632 695
620 662
631 671
437 542
621 738
766 662
579 768
715 604
549 621
480 578
340 799
464 546
431 551
530 600
756 658
718 604
600 778
677 660
585 757
647 656
607 655
617 727
614 656
599 745
334 796
711 609
619 555
543 609
332 798
551 579
713 616
760 656
707 625
598 562
613 646
646 788
513 588
460 521
639 680
700 603
753 628
638 675
546 593
630 681
520 764
468 563
551 621
639 679
428 509
765 616
431 552
556 583
451 556
735 657
487 600
515 586
635 766
542 609
499 582
517 593
706 594
430 509
602 742
638 624
618 719
790 677
521 587
556 765
571 743
544 600
726 620
544 605
533 595
329 799
636 694
448 546
467 512
447 510
729 675
522 594
476 535
615 723
462 549
740 645
664 657
556 770
532 597
571 746
520 592
560 763
673 752
619 722
617 743
694 806
600 747
787 659
737 600
555 767
729 595
653 660
681 788
761 635
465 528
500 587
515 581
662 786
722 598
728 625
717 605
545 615
768 648
447 571
792 671
599 566
489 590
600 746
579 780
546 587
468 554
439 548
785 656
446 512
726 627
669 645
604 649
611 764
675 763
758 617
505 583
639 569
600 774
335 801
643 678
605 772
624 747
575 779
628 679
706 623
766 617
495 585
526 592
732 668
618 730
683 790
525 761
638 765
658 774
558 768
772 657
471 544
738 689
618 732
729 673
528 598
474 569
626 659
459 551
507 582
438 548
481 588
635 740
637 677
532 600
639 706
604 773
607 773
536 767
565 756
610 748
607 769
605 653
677 787
614 751
590 564
774 661
662 741
642 685
544 586
732 663
578 600
697 602
466 556
678 790
674 750
428 511
502 583
700 612
444 549
711 610
653 614
590 561
645 780
764 641
608 777
617 651
666 778
786 657
628 654
435 536
668 753
501 585
668 656
445 528
522 760
793 655
728 603
645 786
508 573
726 618
340 798
464 568
518 585
774 650
536 761
528 590
490 588
770 661
792 656
625 754
709 619
553 769
578 597
568 754
766 627
690 762
669 771
464 538
544 765
605 652
633 747
531 760
619 720
445 566
576 602
559 770
745 631
676 782
337 802
453 523
594 745
466 564
534 598
675 647
495 588
708 621
535 600
451 532
608 556
442 554
651 752
672 772
606 740
543 597
569 752
482 530
574 738
600 777
775 657
668 767
461 549
787 656
626 650
471 534
633 698
570 723
621 645
602 593
614 555
651 657
435 562
612 649
529 585
620 744
657 774
476 539
623 676
733 669
635 755
575 735
629 731
468 556
547 592
733 660
614 673
509 585
555 580
448 549
606 770
706 613
765 641
713 615
535 758
656 774
447 526
621 663
670 748
734 663
641 681
661 751
547 607
556 584
428 510
629 654
701 609
645 732
680 660
543 763
431 502
786 650
588 748
735 636
621 729
460 551
634 671
574 611
453 543
726 621
630 654
462 547
480 588
640 708
673 751
480 581
437 555
468 532
644 792
538 764
739 640
464 533
635 601
662 736
632 760
721 599
478 539
646 742
536 768
436 554
470 538
701 615
544 610
731 631
567 771
579 763
577 603
473 533
614 664
614 661
604 645
335 802
616 723
730 625
783 645
676 651
447 554
613 758
458 519
625 752
664 606
623 746
457 512
434 554
554 588
625 757
550 767
528 765
463 564
571 728
660 752
581 742
610 660
618 740
739 594
662 754
547 590
661 656
643 568
636 742
615 755
622 644
628 620
605 750
627 716
709 598
637 678
554 594
558 769
643 761
639 765
759 653
484 536
458 551
777 628
450 543
622 731
734 634
579 760
582 750
597 567
675 762
676 763
575 737
667 655
546 762
700 809
510 762
582 751
480 534
627 658
741 694
440 556
739 595
637 769
630 757
668 641
738 681
730 631
767 651
624 740
607 737
612 765
760 635
576 767
556 590
486 529
431 516
772 666
615 654
606 555
445 513
514 584
788 659
666 657
436 539
627 623
671 656
501 592
775 660
628 716
667 642
540 607
657 662
562 769
604 739
626 601
641 749
604 653
725 622
676 762
754 628
639 785
604 748
577 736
730 615
785 651
603 647
498 584
787 651
734 649
692 791
598 560
481 598
569 722
483 588
616 651
611 554
739 646
674 771
761 653
709 622
568 756
698 800
557 578
624 728
708 598
605 748
528 593
449 525
451 527
473 508
484 588
654 747
558 761
529 759
448 519
794 655
543 613
580 759
435 506
732 609
712 607
701 607
635 655
480 583
629 685
691 762
665 652
634 598
776 628
643 786
685 796
553 758
477 576
765 662
556 758
547 596
631 685
663 778
647 728
630 699
729 629
610 650
609 748
792 655
440 552
489 589
577 770
587 760
468 534
632 765
534 766
620 642
634 732
674 765
543 762
682 789
758 628
573 734
659 774
747 629
500 575
645 790
637 703
637 652
755 622
557 586
636 574
579 776
551 590
580 768
440 511
738 645
727 601
558 591
529 588
631 601
768 651
636 684
623 731
708 623
534 770
486 598
446 570
507 573
446 555
629 738
628 601
470 561
557 767
581 598
531 599
607 740
639 708
619 731
444 565
706 601
732 655
737 595
558 579
446 528
793 670
778 658
769 625
502 590
532 761
737 668
468 551
775 649
642 647
610 662
668 611
544 762
628 680
466 545
700 594
654 749
477 535
607 671
730 629
675 774
449 561
771 653
645 776
512 578
667 760
762 658
735 598
441 550
625 756
760 638
712 625
628 709
607 768
673 750
526 581
756 619
514 587
646 728
450 561
593 564
444 542
621 549
700 624
666 758
642 753
443 513
770 655
476 560
604 741
772 649
651 746
460 553
616 646
627 705
513 766
658 741
615 592
633 769
704 597
523 592
772 648
553 580
485 590
555 764
529 599
574 742
703 615
513 584
622 742
565 752
469 513
634 680
454 548
599 772
638 676
633 691
618 749
773 665
626 647
584 769
503 576
665 740
778 654
448 561
647 756
634 689
624 617
685 795
736 597
676 655
626 702
711 620
478 570
496 584
632 732
550 588
446 542
730 654
637 755
645 753
579 764
622 710
681 790
598 563
523 759
775 630
496 586
772 646
433 563
611 650
550 606
628 704
612 657
746 628
788 661
571 744
668 646
643 682
465 565
664 784
667 639
720 604
623 648
620 724
649 747
601 745
692 795
599 638
573 731
634 756
643 650
601 748
469 532
465 527
486 593
522 591
481 597
620 741
612 760
438 561
461 543
484 598
557 754
449 523
544 599
571 723
698 802
433 506
719 599
471 548
707 611
730 633
470 533
689 762
456 539
614 663
739 675
780 648
579 748
650 746
675 773
603 741
657 749
770 658
546 588
636 576
638 660
627 604
340 802
668 643
476 577
480 594
701 611
665 786
471 568
617 653
646 677
676 777
624 716
470 548
538 602
487 601
697 788
732 651
666 760
745 633
708 622
554 768
739 593
535 604
647 736
679 780
598 745
624 735
573 743
791 662
620 663
516 587
619 727
438 552
538 606
638 575
484 597
676 772
530 760
513 587
510 761
635 749
430 510
630 573
471 533
719 597
442 562
597 564
455 543
666 749
740 671
602 745
668 640
633 757
762 640
436 555
645 652
609 667
636 744
762 654
617 713
644 676
519 589
641 659
548 766
598 743
435 542
631 768
743 683
591 563
452 511
619 644
705 617
462 545
668 788
661 779
735 650
474 508
453 515
677 659
516 761
634 711
618 554
599 571
789 673
505 577
644 653
763 621
677 788
692 765
505 566
533 600
605 752
479 579
551 607
749 624
676 657
764 617
557 580
672 771
469 567
531 600
468 535
734 633
558 762
692 599
448 545
710 620
646 678
480 593
473 546
796 658
502 576
701 785
607 667
517 589
645 789
670 783
621 557
639 781
670 785
642 740
535 770
662 783
738 648
439 552
547 593
566 770
605 557
605 555
607 736
571 596
556 594
611 667
560 751
558 623
555 758
513 760
771 642
661 657
554 757
637 684
639 681
732 674
780 647
764 660
682 762
545 607
620 710
547 603
739 638
789 674
474 570
578 766
507 583
633 694
429 515
578 752
615 664
661 651
732 654
479 570
757 632
621 546
703 604
448 520
764 631
609 764
778 660
792 670
717 606
641 783
519 597
572 742
723 600
732 672
454 516
646 758
645 758
636 763
578 748
692 764
511 584
441 556
334 802
642 571
767 664
451 535
506 582
675 779
565 758
633 758
641 776
601 780
680 659
547 605
612 667
634 707
595 560
475 578
539 608
631 667
648 755
628 667
713 614
615 660
338 802
640 780
437 544
699 611
652 752
467 511
602 646
463 569
708 607
591 562
544 611
452 521
579 767
643 616
557 591
733 609
579 765
777 657
623 737
569 726
516 588
533 593
556 589
528 583
727 594
659 693
534 600
544 597
640 705
461 544
434 506
642 744
624 660
634 602
607 654
456 518
615 661
626 648
603 740
577 771
662 779
431 503
789 661
475 540
754 627
635 771
624 644
543 612
467 559
694 807
504 570
724 596
539 764
738 647
633 748
622 662
667 759
630 685
464 574
536 605
527 761
632 671
733 674
435 555
449 522
738 646
764 632
533 761
662 735
725 604
731 603
728 674
545 765
465 525
780 650
764 619
632 696
692 792
648 655
456 541
792 668
724 594
671 749
620 551
626 663
645 646
561 756
609 652
534 767
469 529
555 757
579 742
661 749
665 651
728 595
628 701
634 654
623 546
463 546
638 764
766 628
599 569
624 650
728 613
644 654
568 748
629 661
547 599
643 653
671 783
794 673
579 739
670 645
637 756
748 624
661 737
465 524
439 556
577 599
570 601
541 599
723 594
460 547
612 754
431 509
777 648
466 532
670 646
527 591
727 592
399 780
760 658
770 624
636 601
457 543
644 750
480 570
705 604
767 640
532 603
470 563
766 649
578 738
481 589
666 656
665 750
611 671
633 735
668 789
454 544
511 763
613 762
645 791
574 734
791 654
640 733
745 628
737 663
633 734
653 653
671 779
432 555
676 653
611 649
634 757
639 768
529 600
573 748
599 559
584 751
532 765
638 653
709 625
468 566
757 621
745 632
572 610
744 637
532 602
593 746
461 548
555 589
701 613
738 679
426 509
527 592
576 730
444 544
673 779
764 652
576 733
623 649
710 622
577 732
705 612
742 637
473 541
787 653
628 678
676 658
558 580
463 567
431 515
639 763
653 659
699 595
719 603
636 765
738 650
473 569
470 520
601 746
734 596
761 654
771 626
447 505
464 531
626 674
628 702
522 763
441 539
607 772
472 536
641 761
730 595
545 606
668 645
487 599
730 673
686 791
713 617
442 545
458 546
639 755
639 773
620 676
573 729
619 675
602 653
728 618
449 526
557 623
458 545
733 632
635 737
766 643
573 610
756 621
469 535
768 640
558 760
676 761
435 514
618 741
689 791
668 779
691 789
578 601
600 773
638 782
630 672
619 739
611 666
577 598
608 778
672 787
639 756
617 656
500 590
586 757
557 762
635 680
751 628
454 541
697 596
704 592
666 651
789 656
626 597
501 577
658 691
613 672
640 681
555 592
591 746
625 716
551 601
486 597
579 599
674 784
670 781
676 661
628 662
576 731
766 629
457 511
696 809
645 645
450 556
709 612
449 527
627 573
635 745
710 626
681 789
619 552
618 723
661 778
620 726
764 638
480 537
617 744
728 630
529 594
643 780
617 554
750 628
742 636
624 715
541 609
567 751
560 596
488 590
743 638
744 634
627 652
516 585
465 526
636 682
665 656
450 547
714 605
596 564
556 762
639 775
535 597
594 566
583 764
639 766
706 598
474 541
545 596
654 748
764 653
623 651
730 609
768 645
658 601
727 623
705 623
457 513
635 625
554 592
463 568
637 675
579 766
556 592
639 574
642 678
700 788
631 620
455 529
494 585
515 761
445 509
432 508
655 748
709 599
464 550
458 549
618 742
452 544
464 530
635 739
530 761
766 660
634 737
606 671
670 779
621 710
635 748
555 593
563 754
593 556
444 543
647 755
506 577
597 778
608 670
632 600
629 702
661 741
611 647
678 647
769 651
560 770
655 661
705 611
663 755
655 744
611 550
643 757
628 602
630 576
545 609
682 764
589 748
769 642
612 764
555 588
704 602
500 571
437 511
537 605
641 650
735 669
700 611
509 759
667 786
680 657
523 591
763 630
598 564
768 623
679 779
735 663
479 536
514 762
511 762
446 559
644 757
446 558
641 657
486 528
636 741
617 549
722 597
636 704
743 598
701 603
604 555
627 710
475 543
646 740
558 755
630 601
729 606
607 766
575 602
736 595
466 546
730 630
432 553
636 680
471 513
760 633
539 762
768 639
623 733
613 644
704 604
619 561
773 657
481 561
673 772
599 568
634 574
768 662
447 543
635 772
602 585
583 592
515 585
681 764
625 707
558 600
661 755
628 652
518 761
751 625
655 691
471 538
531 590
524 757
653 775
440 538
651 633
693 795
679 790
641 753
720 600
602 771
728 654
787 654
556 586
741 670
587 755
464 576
519 591
493 589
447 569
615 554
541 763
677 774
680 790
452 522
663 657
574 739
460 518
556 623
607 767
556 591
737 670
574 741
722 600
628 707
676 650
669 769
526 596
475 570
631 670
740 638
556 593
485 594
678 784
674 658
731 633
571 745
487 529
439 547
655 746
473 548
643 659
494 590
607 672
478 584
574 736
757 618
629 680
612 647
502 587
618 643
473 543
779 654
635 769
742 683
434 540
635 757
579 740
622 728
535 763
656 662
467 547
574 604
500 594
677 772
621 744
536 759
620 547
484 599
729 657
677 785
488 534
627 602
548 617
623 732
635 696
625 735
618 559
642 741
555 594
467 550
627 574
447 529
565 770
659 775
438 511
698 786
558 602
439 545
436 559
595 564
631 694
616 643
520 590
619 747
586 759
620 548
453 517
612 550
749 630
554 767
566 756
452 545
549 617
703 594
766 630
737 667
682 763
532 595
634 771
732 669
640 707
472 537
627 666
544 768
472 548
525 758
615 649
547 602
697 787
477 536
645 648
598 568
728 623
471 512
450 510
733 633
517 585
515 587
467 564
513 582
762 656
559 596
482 587
578 745
675 780
766 624
500 573
695 796
669 787
483 594
746 624
719 604
516 766
663 658
721 600
664 756
668 763
634 759
641 744
501 586
622 545
674 763
778 659
436 561
691 787
594 746
536 757
622 663
707 607
558 601
471 511
583 772
624 673
640 765
602 644
526 579
449 510
546 594
623 662
636 746
576 747
611 765
562 762
642 752
465 576
600 569
578 728
684 763
735 670
613 642
641 752
713 619
561 755
637 704
534 593
608 774
518 591
562 770
701 610
599 564
504 576
580 774
542 605
791 660
548 588
602 641
555 768
779 656
603 771
620 675
713 613
432 503
580 758
762 641
512 759
768 641
626 719
642 737
755 628
578 779
763 638
624 664
604 592
451 547
611 751
729 628
634 681
582 730
729 630
609 653
451 521
507 585
526 595
548 607
527 583
555 600
444 555
733 595
690 794
482 595
607 668
578 749
534 601
638 755
451 557
644 751
620 746
528 579
729 624
709 611
703 596
628 603
643 683
445 512
631 704
483 580
643 681
640 769
670 780
642 646
618 715
746 637
430 511
635 764
757 619
605 751
552 601
765 628
578 746
764 639
676 774
431 553
760 653
535 767
586 755
489 588
579 773
595 557
642 757
706 606
737 687
632 711
331 799
560 602
581 775
627 702
573 732
501 582
557 765
731 625
637 770
779 658
639 658
473 506
529 586
610 659
627 676
691 761
779 657
609 749
547 604
670 751
783 644
445 508
677 779
634 691
729 627
430 516
567 746
623 547
603 649
701 608
432 506
561 596
637 601
470 536
551 608
552 599
675 785
641 763
577 596
708 612
758 658
524 761
501 571
428 508
449 517
607 746
627 707
471 547
626 756
653 655
570 726
557 584
756 624
734 648
705 592
429 509
613 656
519 587
543 761
555 590
551 757
626 600
565 757
646 753
658 656
565 772
455 510
741 638
537 761
654 653
668 639
696 795
575 609
606 769
548 767
672 657
638 783
469 560
727 603
554 586
616 595
596 745
559 771
679 647
663 736
438 550
609 663
603 739
636 732
440 542
638 569
731 609
670 752
663 740
504 566
667 654
481 530
646 648
549 616
737 671
568 755
635 600
631 710
448 517
696 796
581 757
499 581
769 662
764 621
624 727
453 544
737 679
695 794
577 601
631 705
447 519
486 534
631 754
552 590
442 556
460 546
585 593
765 631
626 596
528 582
632 694
483 537
458 548
615 761
479 569
479 539
624 657
575 611
530 758
604 652
764 620
547 601
468 530
473 536
734 651
623 644
785 650
771 654
622 600
476 570
681 658
644 758
620 731
663 789
661 735
550 593
507 580
438 539
637 569
643 759
482 588
677 657
656 744
544 766
605 736
584 756
482 531
624 714
581 747
702 784
624 717
552 624
697 612
650 627
637 764
688 792
531 587
666 757
573 735
633 601
631 654
517 592
641 680
634 601
510 760
605 746
675 772
764 628
694 791
568 757
669 768
659 750
783 647
671 787
507 581
647 758
774 657
464 522
599 572
719 594
512 584
726 610
433 562
507 571
599 749
477 574
671 786
439 542
566 750
613 643
604 747
706 593
581 772
695 598
536 758
736 596
622 643
476 537
456 511
569 750
667 653
767 644
611 648
465 570
731 595
581 758
556 578
559 601
533 763
731 675
643 741
465 572
724 602
582 758
674 785
738 594
641 568
554 589
482 578
633 705
642 679
482 532
628 710
546 766
596 743
618 747
635 695
516 591
640 682
626 665
636 706
612 753
459 553
474 545
763 655
614 655
467 549
492 588
610 552
585 750
447 565
533 768
790 670
685 763
672 656
486 600
627 678
762 618
556 582
528 759
582 757
642 785
545 593
636 757
459 543
642 569
687 763
475 542
776 649
620 550
633 736
626 737
636 771
676 781
737 685
675 771
639 567
437 497
440 539
537 765
461 519
447 528
757 620
472 508
641 705
641 731
433 507
557 583
620 643
433 505
614 549
594 558
658 663
690 795
613 674
566 751
482 593
711 611
722 603
676 659
530 596
633 654
623 650
630 599
774 649
548 587
503 574
625 710
464 536
611 553
772 665
638 769
698 798
448 516
530 590
609 657
610 666
468 536
445 558
547 594
617 658
479 581
482 562
648 648
659 777
650 655
736 666
568 745
772 641
446 567
629 602
646 752
560 762
615 764
441 551
614 662
478 576
637 676
562 756
641 781
643 651
634 690
676 789
464 528
615 663
640 745
616 764
619 713
782 643
664 651
635 770
757 652
532 596
656 689
628 683
576 745
767 665
584 771
554 608
796 657
663 786
667 752
617 715
608 657
544 584
580 747
580 779
756 622
653 657
581 745
771 652
730 632
624 711
726 613
446 554
699 612
650 656
580 743
479 590
467 538
792 664
442 555
713 618
603 650
704 614
556 579
448 522
558 765
670 778
508 758
603 746
667 785
614 755
636 756
637 694
612 761
630 697
642 738
629 709
697 803
747 624
644 685
501 575
467 556
633 696
628 755
632 601
673 763
644 786
438 556
760 639
681 657
674 783
622 738
623 742
656 658
743 597
703 614
577 748
640 757
447 560
758 657
664 655
724 604
712 620
502 591
476 541
559 579
445 556
482 538
460 554
772 625
436 557
789 675
511 767
760 630
616 655
332 799
621 660
340 803
639 772
614 547
515 766
664 755
553 624
787 652
771 628
501 583
791 669
446 562
789 672
576 746
730 605
454 547
640 786
455 511
553 599
470 560
509 581
742 638
468 558
619 642
578 772
451 510
621 677
623 710
767 649
626 598
617 749
538 600
742 671
443 555
473 559
731 676
553 589
481 599
540 598
611 655
731 606
605 650
657 663
638 571
501 591
445 544
548 600
540 605
547 606
760 654
769 629
610 649
791 663
528 594
576 600
703 616
691 788
612 755
606 653
470 518
768 663
762 636
556 596
502 575
630 709
641 655
608 655
464 571
671 784
613 751
772 640
758 625
557 602
554 621
453 518
562 757
538 762
794 671
618 656
602 743
728 594
691 795
507 586
764 650
738 673
637 576
632 698
744 596
610 661
501 584
637 653
668 644
482 529
670 787
605 665
543 600
668 785
637 701
645 792
464 564
727 631
474 540
637 654
574 747
695 793
634 599
647 745
439 539
618 553
572 606
524 598
499 571
766 642
579 778
634 572
621 728
585 751
606 669
678 654
574 609
633 749
529 595
733 596
642 649
579 777
610 651
572 724
672 750
629 575
572 604
582 765
640 568
597 558
669 762
770 652
632 755
638 748
485 589
791 653
440 545
479 577
534 603
566 747
715 603
624 658
741 635
469 570
543 611
617 548
620 677
729 633
702 604
547 591
686 763
544 767
630 575
653 746
583 767
540 599
664 740
448 543
581 765
641 745
616 753
722 596
764 649
624 729
698 809
667 758
640 782
757 650
695 805
627 659
464 537
576 734
436 512
473 538
756 628
445 542
477 569
628 737
687 762
783 643
759 628
757 631
495 587
669 753
732 650
723 603
472 569
647 654
674 779
481 585
635 706
530 592
455 548
656 743
535 601
551 768
763 617
558 758
697 804
701 783
485 601
654 691
621 724
487 534
762 637
600 639
692 787
629 757
572 728
661 783
771 656
594 565
734 650
666 645
470 519
660 778
575 781
558 598
447 511
582 749
455 516
677 775
698 797
453 547
466 520
580 777
745 597
674 657
790 676
723 602
733 668
433 561
641 658
500 581
470 531
750 630
663 754
476 578
676 760
640 776
764 662
471 564
570 751
669 778
633 612
616 653
453 530
752 627
531 604
669 764
656 749
581 730
738 640
622 671
616 644
608 748
709 621
742 684
543 764
585 594
467 543
791 656
601 642
471 549
644 645
595 556
539 606
435 512
622 546
616 765
442 563
640 706
575 771
791 672
628 753
610 551
600 775
619 674
727 620
667 778
582 745
638 681
619 725
656 773
626 715
695 795
481 580
540 609
739 695
765 625
470 521
650 752
503 591
500 589
471 560
623 745
591 558
514 585
478 559
530 759
620 549
436 553
452 547
539 599
587 759
612 651
482 533
484 535
443 563
739 682
765 622
451 554
608 653
601 639
508 574
615 549
463 529
669 643
632 756
727 615
777 658
464 529
460 545
659 780
629 716
624 748
602 555
727 653
607 745
653 652
664 786
570 746
434 516
466 563
699 788
442 553
710 611
542 615
791 661
786 658
676 652
609 746
609 763
627 657
555 762
568 749
581 779
641 653
631 674
667 747
725 610
552 769
594 564
724 601
473 570
573 746
727 611
639 751
333 797
640 658
523 598
528 596
451 517
643 748
644 741
653 658
792 662
561 762
707 594
618 654
497 583
710 613
614 643
605 670
621 730
645 649
594 557
443 564
464 544
502 588
676 779
557 755
446 508
576 732
792 672
637 773
636 681
739 693
646 779
630 710
748 629
507 569
467 545
599 558
608 765
602 642
479 580
641 786
641 682
758 622
465 564
618 644
618 718
667 656
431 505
790 664
481 593
737 634
452 554
742 599
616 755
681 761
525 593
583 751
470 565
587 748
760 632
639 780
562 755
572 608
724 593
584 754
737 641
545 595
570 728
659 691
552 593
544 585
455 517
725 593
543 602
610 750
545 762
479 568
672 646
700 606
595 558
728 631
454 517
454 540
526 593
536 766
530 589
564 750
524 758
711 615
626 623
756 651
470 530
718 598
675 790
518 588
603 743
671 766
560 755
577 597
740 595
498 571
465 522
657 741
705 596
711 607
665 761
718 595
536 599
532 604
439 512
736 663
629 674
598 561
623 661
556 766
593 562
561 770
792 669
543 601
658 693
643 779
550 768
670 753
745 637
768 665
482 594
335 798
739 671
599 567
514 582
453 541
429 503
494 588
657 743
624 746
699 798
429 513
611 766
712 614
526 582
452 556
515 767
526 580
633 759
556 600
763 659
527 590
548 595
598 639
681 777
775 627
593 567
515 582
450 527
638 677
483 538
638 679
536 760
604 743
605 667
485 536
492 587
657 657
551 610
604 646
627 704
637 754
481 538
552 580
646 787
634 710
482 580
546 606
521 591
603 781
575 747
698 799
625 718
735 632
568 722
761 658
737 650
481 592
465 538
475 539
702 623
665 753
480 560
738 691
687 761
457 514
682 761
507 570
619 656
604 650
737 645
447 507
467 544
644 779
530 593
575 778
736 650
621 726
646 741
632 697
438 512
554 623
675 648
774 631
765 630
580 775
487 591
451 530
515 584
537 604
637 687
545 608
446 566
639 568
615 751
761 634
447 570
763 620
664 789
565 769
771 657
769 665
549 590
655 660
594 560
631 738
527 759
560 761
646 724
583 757
499 580
600 776
542 597
626 716
608 667
673 788
675 653
469 522
479 584
743 636
484 594
463 571
585 755
486 590
685 762
680 776
446 569
546 590
729 674
631 732
794 654
654 746
677 776
747 636
558 759
630 676
631 737
690 792
645 685
668 784
656 690
680 658
436 540
712 609
788 651
464 561
470 516
572 726
537 760
535 765
486 536
500 593
635 603
627 677
656 775
600 772
513 579
486 592
623 657
503 569
678 648
617 716
720 602
665 655
618 733
675 658
447 527
593 558
758 619
659 751
615 555
441 545
635 704
466 533
563 756
741 683
430 513
780 649
727 608
729 605
548 619
487 535
633 599
797 673
442 544
689 792
444 509
711 614
639 705
466 511
734 658
625 644
585 769
556 624
642 766
446 565
619 557
747 631
736 665
630 667
679 653
642 759
625 742
654 775
634 577
624 665
642 751
759 656
636 686
552 621
556 602
446 511
605 651
572 741
623 711
601 776
715 602
629 672
657 751
704 598
694 599
578 767
699 784
468 512
758 618
565 751
765 655
477 571
639 771
619 559
624 749
559 751
463 523
787 658
466 525
628 574
598 779
691 763
527 594
497 582
465 547
447 508
626 664
457 548
576 771
513 585
545 594
639 769
568 758
622 730
560 764
604 772
645 779
778 647
737 633
613 647
729 604
451 533
644 675
642 725
471 510
658 751
688 791
629 656
439 546
609 555
747 634
686 794
730 653
507 578
546 591
614 764
614 665
334 798
701 602
736 633
551 758
575 603
469 520
735 596
641 707
718 594
546 586
698 807
453 510
569 720
634 576
552 581
608 775
643 760
638 680
528 584
445 562
790 656
583 768
469 548
629 655
725 616
629 671
568 753
742 685
439 540
735 599
470 517
625 709
592 558
611 552
675 782
710 612
631 673
622 713
436 511
623 741
603 774
626 604
606 750
482 579
555 596
694 797
628 575
762 655
727 593
443 567
519 761
568 746
626 602
617 655
473 547
695 789
477 537
569 724
767 623
445 565
554 769
663 788
676 660
479 561
718 596
572 725
534 763
563 770
675 781
566 602
609 648
487 598
737 642
639 653
732 653
545 766
637 771
739 639
465 549
559 753
723 595
766 652
702 609
617 760
533 598
484 529
590 747
430 515
624 742
573 607
448 525
521 760
643 567
669 656
647 753
619 560
702 603
547 761
543 765
738 684
762 633
684 791
737 599
578 747
542 764
613 673
530 591
713 620
607 741
723 596
664 603
773 649
610 669
468 546
627 706
769 643
643 677
623 716
656 692
600 748
762 638
544 596
716 605
616 750
603 644
735 629
435 537
747 628
521 597
676 778
462 554
611 549
566 746
627 675
488 591
530 587
617 734
699 606
657 742
739 672
786 656
629 676
559 754
605 558
706 602
505 572
625 646
505 582
606 749
728 604
430 512
728 608
719 595
580 745
632 680
435 561
437 557
640 785
567 749
572 607
659 694
733 663
549 607
708 624
471 567
694 805
434 562
621 657
632 654
663 787
593 566
472 568
669 763
604 738
687 789
553 600
528 581
631 769
734 652
540 764
480 577
501 593
618 724
619 549
747 630
558 770
743 634
602 652
512 579
699 605
712 613
641 784
719 600
608 747
727 619
662 781
650 751
641 782
482 596
731 662
694 795
581 750
664 652
628 708
484 561
470 532
728 627
609 747
716 604
618 642
586 596
616 549
631 678
791 668
464 575
478 558
569 719
734 600
596 746
752 626
502 584
517 761
573 739
555 623
608 559
472 543
708 620
616 552
631 669
617 722
576 778
547 588
436 515
777 630
468 555
552 758
703 592
619 710
448 554
631 770
629 684
624 647
607 598
731 660
665 751
501 589
449 543
705 593
733 672
616 727
710 598
672 658
579 761
643 749
769 648
517 590
602 781
655 774
734 668
709 620
595 744
765 639
334 797
635 573
618 555
500 576
626 662
639 748
731 653
627 647
633 699
439 544
557 770
452 520
790 663
612 752
633 732
454 510
642 659
657 619
468 564
464 547
636 687
758 656
577 735
619 718
627 715
600 779
630 698
636 685
636 683
641 725
580 730
664 783
511 760
789 669
659 654
735 635
620 553
738 682
509 760
655 775
646 743
617 735
580 740
642 682
557 597
646 745
707 598
640 764
624 674
738 693
729 655
617 747
637 680
476 559
620 745
620 712
661 752
445 564
620 556
469 521
622 645
515 764
437 562
482 577
695 791
467 537
697 600
693 796
458 544
470 562
611 672
660 740
663 777
477 539
669 754
480 539
504 567
546 589
673 780
731 604
618 652
731 673
693 807
458 543
551 588
606 746
727 602
619 721
549 588
703 595
731 658
635 760
615 653
624 675
756 623
554 624
559 761
471 543
789 655
511 585
470 514
774 630
544 602
739 694
552 622
611 656
737 684
576 779
708 594
740 597
743 684
480 582
437 539
600 749
632 710
531 765
608 772
483 597
621 656
733 652
641 750
465 529
770 642
437 552
743 596
503 575
453 529
525 760
651 593
782 645
466 548
738 678
762 639
612 549
734 632
551 593
479 593
620 742
470 564
336 802
711 604
706 625
487 536
526 760
429 514
620 748
458 550
734 647
483 528
645 647
661 655
587 749
790 653
579 746
680 648
608 766
729 603
531 593
698 808
599 746
670 656
721 603
468 567
711 598
554 756
437 540
432 514
732 659
734 669
738 637
713 608
498 582
755 624
452 510
683 791
617 644
624 710
664 778
535 603
697 809
655 662
751 626
655 745
612 671
621 658
741 598
548 621
465 551
556 580
520 597
680 649
629 682
452 543
736 598
607 738
550 590
619 558
705 614
330 799
794 664
464 573
432 504
688 762
738 694
738 676
742 634
531 761
433 554
766 654
443 544
466 572
461 522
446 505
469 569
701 789
527 596
702 789
619 726
610 657
793 664
687 791
647 757
634 603
632 666
662 657
634 696
575 738
602 645
640 749
739 597
501 576
626 652
603 646
638 684
760 636
699 786
477 570
449 555
623 734
728 615
679 778
719 601
737 666
771 666
629 683
782 648
544 598
535 598
739 673
630 669
598 566
735 600
435 539
633 695
563 769
664 758
795 671
772 643
576 763
616 752
795 657
614 760
671 767
483 529
770 629
478 579
556 601
542 613
433 516
515 765
462 523
547 616
598 567
580 598
687 790
594 559
766 622
610 550
615 762
584 593
583 593
582 593
581 593
581 594
581 592
581 595
580 592
581 596
579 592
580 591
582 596
578 592
579 593
579 591
744 633
582 597
458 518
578 593
582 598
642 761
577 593
679 649
338 799
576 593
575 593
565 771
575 594
574 594
574 595
574 596
574 597
574 598
574 599
573 599
572 599
573 600
571 599
659 656
572 598
573 601
570 599
572 597
573 602
569 599
570 600
504 568
601 652
572 596
573 603
568 599
637 706
574 603
560 601
567 599
553 608
632 704
566 599
469 538
679 759
540 765
627 653
565 599
566 600
566 598
649 752
583 771
543 615
564 599
674 656
566 601
566 597
740 694
461 529
682 604
564 600
639 749
578 750
676 649
546 616
548 596
563 600
575 736
646 649
762 617
451 529
616 664
572 746
562 600
454 529
740 596
599 570
574 782
470 535
578 776
770 647
561 600
575 599
677 760
605 739
707 606
613 759
560 600
769 623
586 594
587 594
588 594
587 595
555 765
588 593
587 596
589 593
590 593
591 593
591 594
591 592
592 594
591 595
592 592
613 763
593 594
592 595
592 591
594 594
593 591
595 594
594 591
596 594
595 595
595 591
597 594
596 591
597 595
597 591
596 590
629 669
596 589
762 623
596 588
595 588
596 587
594 588
597 587
598 587
597 586
599 587
597 585
599 586
597 584
600 586
597 583
601 586
596 583
602 586
602 587
603 587
602 588
604 587
603 588
602 589
604 586
602 590
605 586
602 591
606 586
605 585
601 591
602 592
606 587
605 584
600 591
603 592
606 588
600 590
603 593
607 588
605 588
606 589
600 589
604 593
603 594
640 784
607 589
600 588
605 593
604 594
602 594
621 572
609 588
613 675
606 593
605 592
602 595
609 589
609 587
602 596
609 590
610 587
609 586
601 596
602 597
611 587
650 628
609 585
602 598
612 587
611 586
609 584
603 598
601 598
602 599
612 588
608 584
604 598
600 598
613 588
612 589
607 584
613 589
611 589
607 583
613 590
606 583
607 582
614 590
613 591
607 581
615 590
612 591
613 592
608 581
606 581
615 591
613 593
609 581
605 581
606 580
613 594
609 580
604 581
605 582
604 584
613 595
610 580
603 581
604 582
614 595
611 580
610 579
603 582
486 589
614 596
612 580
610 578
603 583
615 596
614 597
612 579
610 577
603 584
616 596
613 579
611 577
603 585
617 596
612 577
611 576
617 597
613 577
611 575
617 598
614 577
613 576
612 575
610 575
617 599
614 578
612 574
609 575
617 600
615 578
609 576
618 600
616 578
608 576
619 600
617 578
616 577
619 601
619 599
618 578
616 576
619 602
620 599
619 578
616 575
618 602
621 599
620 578
619 579
616 574
618 603
621 600
477 558
620 577
619 580
615 574
616 573
617 603
618 604
621 661
621 577
620 580
619 581
614 574
615 573
608 746
616 603
618 605
613 671
621 576
621 580
618 581
619 582
615 572
615 603
616 604
618 606
613 670
618 582
620 582
619 583
615 571
614 603
615 604
616 605
618 607
472 538
618 583
615 570
614 602
616 606
618 608
572 727
730 674
616 570
615 569
614 601
619 608
617 608
618 609
578 726
641 685
617 570
615 568
613 601
620 608
618 610
642 686
592 561
620 743
617 569
615 567
612 601
621 608
479 535
573 728
646 685
618 569
614 567
611 601
612 602
612 600
622 608
621 609
640 685
674 603
513 765
577 728
619 569
614 566
610 601
623 608
621 610
573 726
567 756
647 685
648 685
620 569
614 565
609 601
610 600
623 609
623 607
620 610
621 611
647 684
648 686
621 569
614 564
608 601
609 602
609 600
623 606
620 611
622 611
649 686
596 558
621 570
621 568
613 564
614 563
607 601
609 599
623 605
619 611
620 612
598 558
480 591
586 768
621 571
622 568
621 567
612 564
607 600
609 598
622 605
620 613
650 686
651 686
650 687
622 571
620 571
622 567
620 567
621 566
612 563
610 598
608 598
620 614
652 686
587 767
623 571
623 567
620 566
612 562
610 597
684 789
621 614
580 728
447 506
650 688
624 571
623 572
623 566
619 566
611 562
610 596
774 665
458 513
621 615
653 686
649 688
649 689
593 561
623 573
624 566
618 566
610 562
609 596
610 595
453 520
621 616
579 728
578 733
564 751
648 689
649 690
624 573
623 574
618 567
609 562
610 563
610 561
608 596
622 616
648 690
597 559
481 591
582 768
625 573
624 574
609 561
610 564
623 616
622 617
575 767
650 690
651 690
625 574
625 572
624 575
609 564
623 617
623 615
651 691
438 543
569 749
566 748
626 574
625 575
624 576
608 564
623 618
624 615
651 692
652 692
593 563
597 560
624 556
625 576
607 564
624 618
625 615
624 614
482 586
481 586
653 692
624 555
623 555
606 564
607 565
625 618
624 613
467 520
581 767
623 554
606 563
607 566
625 619
625 617
624 612
577 767
653 691
622 554
535 766
606 562
606 566
626 617
625 612
624 611
460 520
467 521
621 552
605 562
606 561
605 566
627 617
626 616
626 612
578 734
577 734
622 553
621 553
604 562
607 561
606 560
604 566
627 618
627 616
578 737
672 766
626 753
604 561
607 560
604 567
628 618
627 619
641 762
603 561
633 680
603 567
629 618
628 619
661 748
622 677
621 673
603 568
630 618
664 753
463 570
477 573
602 568
603 569
631 618
731 661
733 659
696 603
635 744
601 568
603 570
632 618
691 792
631 617
757 633
769 624
660 737
484 593
470 567
639 770
601 569
632 619
631 616
673 657
630 731
637 743
469 568
630 732
636 731
633 619
632 620
631 615
641 757
554 622
544 608
638 785
637 731
634 619
632 621
631 614
662 752
633 733
467 524
636 730
638 731
635 619
634 620
633 621
632 622
632 614
631 613
660 738
762 657
464 523
512 766
636 729
639 731
468 538
642 745
635 618
633 622
632 623
633 614
630 613
746 623
762 635
461 523
462 524
636 728
640 731
635 728
636 618
634 622
631 623
634 614
630 612
759 632
465 521
636 727
640 732
634 728
637 618
634 623
630 623
607 557
634 613
630 574
438 544
633 670
637 727
638 618
634 624
629 623
630 624
634 612
659 752
460 522
439 549
642 731
639 618
635 624
634 625
629 624
634 611
659 740
656 740
436 544
633 728
637 726
639 619
639 617
636 624
634 626
773 629
634 610
738 688
729 660
731 664
440 550
641 733
639 733
639 620
639 616
637 624
635 626
607 597
450 516
634 609
758 633
464 569
460 519
638 726
643 731
644 731
640 620
640 616
637 623
508 757
606 598
634 608
758 630
606 557
645 754
451 516
450 517
641 734
639 726
645 731
641 620
641 616
640 615
637 622
635 608
634 607
647 754
638 775
644 730
641 735
640 726
646 731
520 761
641 621
641 615
640 614
639 776
637 621
635 607
633 607
634 606
759 629
753 624
668 764
641 736
640 727
641 622
642 615
640 613
633 606
758 629
475 561
669 765
645 733
642 736
642 622
643 615
632 606
607 556
634 770
640 728
439 550
646 733
644 615
632 605
652 746
635 773
667 764
643 736
462 529
641 738
644 614
650 745
670 765
669 766
331 796
470 537
641 724
644 736
645 614
465 559
745 624
672 752
670 766
451 534
643 725
644 737
643 738
644 725
646 614
639 767
606 556
648 746
669 767
640 778
645 737
644 738
643 739
647 614
647 746
647 744
628 756
627 753
646 737
643 740
646 725
436 560
648 614
656 618
730 658
634 749
632 769
639 778
640 779
644 740
641 737
649 614
648 613
730 655
642 743
629 756
645 678
645 734
640 725
650 614
649 613
648 612
646 727
675 764
624 750
641 728
651 614
649 612
647 612
658 657
675 765
624 751
641 729
652 614
651 615
647 611
626 649
625 650
642 729
651 616
646 611
626 751
625 758
638 781
652 652
655 659
645 725
652 616
645 611
646 610
625 751
773 642
662 778
734 674
654 660
646 736
652 617
453 519
646 609
629 657
772 642
628 653
777 629
652 657
653 617
652 618
647 609
735 633
641 571
631 696
734 672
776 630
654 617
653 618
652 619
648 609
738 675
441 512
738 674
636 654
666 653
655 617
653 619
651 619
636 743
647 655
641 656
639 652
646 653
656 617
654 619
651 620
641 654
630 701
660 773
631 702
657 617
654 620
651 621
646 646
607 559
658 617
657 618
655 620
650 621
659 617
658 618
649 621
660 617
648 621
661 617
660 618
648 622
662 617
660 619
648 623
662 616
660 620
648 624
663 616
661 620
648 625
664 616
662 620
647 625
665 616
664 615
662 621
662 619
647 626
664 614
662 622
646 626
647 627
665 614
663 614
662 623
647 628
665 613
662 614
648 628
646 628
647 629
665 612
649 628
645 628
647 630
665 611
628 703
649 629
602 746
671 788
445 555
666 611
665 610
649 630
617 654
666 610
665 609
650 630
667 610
665 608
651 630
668 610
665 607
651 631
651 629
666 607
664 607
665 606
651 632
652 629
666 606
663 607
665 605
653 629
652 628
666 605
662 607
665 604
654 629
652 627
666 604
661 607
662 608
632 768
665 603
655 629
667 604
666 603
660 607
662 609
665 602
656 629
668 604
660 608
663 609
662 610
664 602
665 601
657 629
669 604
606 599
661 610
662 611
663 602
658 629
657 628
669 605
669 603
661 611
662 602
757 628
659 629
658 628
657 627
669 606
669 602
661 602
660 629
659 630
659 628
656 627
657 626
670 602
661 603
661 601
659 631
659 627
657 625
671 602
660 603
661 604
661 600
660 631
680 661
656 625
671 601
659 603
662 600
660 632
671 600
659 602
661 632
660 633
672 600
658 602
659 601
659 633
660 634
673 600
672 599
657 602
660 635
673 601
673 599
672 598
656 602
657 603
657 601
661 635
673 602
674 599
671 598
672 597
656 601
661 636
674 602
675 599
674 598
670 598
655 601
656 600
661 637
675 602
676 599
674 597
670 597
654 601
656 599
662 637
660 637
677 599
676 598
674 596
670 596
653 601
579 741
656 598
662 638
659 637
677 600
675 596
673 596
669 596
653 602
653 600
657 598
474 538
658 637
678 600
675 595
673 595
652 602
653 599
658 638
679 600
678 601
675 594
672 595
651 602
654 599
652 599
657 638
658 639
680 600
679 601
679 599
676 594
671 595
651 603
651 599
656 638
657 639
659 639
680 601
679 602
676 593
650 603
651 604
651 598
655 638
656 637
660 639
681 601
679 603
677 593
649 603
651 605
648 610
651 597
660 640
680 603
679 604
678 593
677 592
648 603
651 606
650 597
652 597
651 596
660 641
681 603
680 604
679 605
679 593
677 591
647 603
648 604
648 602
649 597
651 595
661 641
660 642
681 604
679 606
680 593
676 591
677 590
646 603
649 596
651 594
659 642
660 643
695 599
680 606
681 593
676 590
646 604
646 602
648 596
652 594
650 594
658 642
660 644
584 757
681 594
681 592
675 590
645 602
646 601
647 596
652 593
649 594
657 642
457 519
682 594
681 591
675 589
644 602
646 596
647 597
653 593
652 592
648 594
656 642
657 641
683 594
682 595
675 588
644 603
645 596
647 598
653 592
648 593
655 642
683 595
682 596
675 587
643 603
648 598
648 592
655 643
684 595
675 586
642 603
643 604
649 592
727 625
654 643
655 644
685 595
675 585
642 604
643 605
654 644
686 595
674 585
653 644
687 595
686 596
686 594
673 585
674 584
653 645
688 595
635 732
672 585
674 583
653 646
689 595
672 584
674 582
654 646
653 647
689 596
671 584
674 581
655 646
653 648
689 597
675 581
674 580
656 646
652 648
690 597
676 581
673 580
657 646
656 645
651 648
691 597
690 598
677 581
672 580
650 648
651 647
691 596
690 599
677 582
677 580
668 768
601 645
691 595
690 600
678 582
638 594
640 596
638 595
691 594
691 600
689 600
679 582
639 596
692 594
692 600
689 601
680 582
679 583
638 596
693 594
693 600
692 601
688 601
680 581
679 584
638 598
632 595
694 594
694 600
693 601
692 602
687 601
681 581
679 585
638 597
633 595
695 594
694 601
701 624
693 602
691 602
340 800
686 601
682 581
680 585
632 596
637 597
696 594
695 595
695 601
549 761
681 585
633 596
635 596
636 597
697 594
696 593
695 596
765 626
695 602
493 587
638 603
633 597
700 607
698 594
697 593
696 596
694 596
697 601
696 602
695 603
635 605
638 602
570 607
569 607
568 607
567 607
567 608
567 609
566 609
566 610
566 611
567 611
565 611
566 612
568 611
564 611
569 611
563 611
564 612
569 612
569 610
563 612
563 610
569 613
569 609
563 613
563 609
569 614
570 609
562 613
563 614
563 608
570 614
562 614
563 615
564 608
562 608
571 614
570 615
561 614
564 615
563 616
564 607
570 616
560 614
562 616
570 617
562 617
571 617
569 617
561 617
572 617
571 618
568 617
561 618
573 617
572 616
571 619
567 617
560 618
561 619
574 617
571 620
559 618
562 619
575 617
574 616
572 620
559 619
559 617
563 619
575 618
575 616
574 615
572 621
559 620
559 616
564 619
576 618
576 616
573 615
574 614
573 621
572 622
559 621
565 619
564 620
564 618
576 615
574 613
574 621
572 623
560 621
565 620
577 615
576 614
575 613
574 622
574 620
572 624
560 622
566 620
565 621
578 615
576 613
573 624
561 622
565 622
579 615
578 616
578 614
562 622
561 623
565 623
580 615
578 613
561 624
580 616
579 613
562 624
580 617
563 624
562 625
581 617
579 617
562 626
581 618
579 618
563 626
562 627
581 619
579 619
563 627
561 627
581 620
578 619
579 620
560 627
582 620
577 619
560 628
560 626
583 620
559 628
560 629
583 621
558 628
583 622
558 629
583 623
558 630
584 623
558 631
585 623
558 632
586 623
585 622
559 632
558 633
586 622
559 633
557 633
587 622
559 634
557 634
588 622
559 635
556 634
557 635
589 622
588 623
558 635
555 634
590 622
558 636
554 634
555 635
555 633
591 622
590 623
558 637
553 634
555 632
591 623
559 637
552 634
553 635
553 633
559 638
551 634
560 638
559 639
551 635
551 633
561 638
560 639
559 640
550 633
562 638
561 639
561 637
559 641
549 633
550 632
562 637
561 636
559 642
548 633
550 631
562 636
559 643
551 631
549 631
562 635
560 643
558 643
552 631
548 631
562 634
558 644
553 631
552 632
552 630
547 631
561 634
562 633
557 644
558 645
588 759
553 630
546 631
561 633
563 633
556 644
557 645
564 633
555 644
556 645
565 633
554 644
555 645
556 646
566 633
554 643
556 647
566 632
554 642
556 648
567 632
555 642
557 648
555 648
445 529
567 631
556 642
554 648
568 631
567 630
557 642
553 648
554 649
554 647
569 631
566 630
553 649
569 632
565 630
553 650
569 633
565 631
565 629
553 651
570 633
552 651
570 634
552 652
571 634
551 652
572 634
550 652
551 653
573 634
572 635
572 633
550 651
573 635
572 632
549 651
574 635
573 636
572 631
548 651
574 636
573 637
548 650
575 636
574 637
547 650
576 636
574 638
547 649
577 636
574 639
547 648
578 636
575 639
547 647
579 636
548 647
546 647
580 636
549 647
546 646
581 636
580 635
545 646
581 635
544 646
582 635
543 646
583 635
542 646
543 645
584 635
542 647
542 645
543 644
585 635
542 648
541 645
542 644
586 635
541 648
542 649
541 644
586 636
540 648
541 649
541 643
586 637
539 648
540 647
541 650
540 643
541 642
587 637
538 648
540 650
541 651
539 643
588 637
587 638
538 647
539 650
538 643
539 642
587 639
538 650
539 651
539 641
586 639
587 640
537 650
539 652
540 641
538 641
586 640
536 650
539 653
585 640
535 650
584 640
585 641
534 650
584 641
584 639
585 642
534 649
583 641
585 643
534 648
582 641
585 644
533 648
534 647
581 641
582 642
586 644
585 645
532 648
581 642
587 644
585 646
531 648
532 649
581 643
588 644
585 647
531 647
532 650
580 643
589 644
588 643
584 647
531 646
531 650
580 644
589 643
584 648
530 646
531 645
531 651
589 642
584 649
531 644
530 651
590 642
585 649
532 644
531 643
529 651
591 642
586 649
532 643
530 643
531 642
529 652
529 650
591 643
587 649
586 650
586 648
531 641
528 652
528 650
592 643
588 649
587 648
530 641
527 652
593 643
589 649
587 647
527 651
594 643
590 649
589 650
589 648
588 647
526 651
594 642
591 649
590 650
589 651
589 647
526 650
594 641
589 652
590 647
589 646
525 650
595 641
588 652
589 653
591 647
590 646
524 650
596 641
589 654
591 646
523 650
524 651
524 649
590 654
592 646
523 651
591 654
590 655
592 645
523 652
592 654
590 656
523 653
592 655
592 653
524 653
522 653
593 655
592 652
524 654
522 654
593 656
593 652
524 655
521 654
594 652
524 656
520 654
595 652
520 655
520 653
596 652
520 656
519 653
596 653
596 651
520 657
519 652
597 653
596 654
596 650
520 658
519 651
598 653
595 654
597 650
596 649
520 659
518 651
598 652
520 660
517 651
518 650
521 660
517 652
517 650
518 649
522 660
517 653
516 650
517 649
519 649
522 661
515 650
520 649
519 648
523 661
522 662
514 650
515 651
515 649
520 650
519 647
524 661
521 662
522 663
513 650
514 649
519 646
524 662
524 660
522 664
514 648
525 662
525 660
524 659
513 648
514 647
525 663
526 660
512 648
514 646
525 664
527 660
511 648
524 664
525 665
528 660
510 648
511 647
526 665
525 666
529 660
528 659
509 648
510 649
511 646
527 665
526 666
524 666
530 660
528 658
509 649
509 647
510 646
511 645
528 665
527 664
526 667
523 666
524 667
530 661
527 658
528 657
508 649
509 646
511 644
529 665
528 666
523 667
530 662
529 657
507 649
511 643
530 665
529 666
531 662
529 662
530 657
507 650
507 648
512 643
510 643
511 642
531 665
529 667
531 663
528 662
507 647
512 642
509 643
511 641
532 665
531 666
529 668
532 663
527 662
506 647
508 643
510 641
533 665
532 664
528 668
505 647
510 640
534 665
528 669
504 647
528 670
504 648
504 646
527 670
528 671
504 649
504 645
526 670
528 672
503 649
504 650
505 645
525 670
526 671
529 672
528 673
502 649
504 651
524 670
525 671
529 673
528 674
504 652
523 670
524 671
530 673
527 674
505 652
522 670
523 669
531 673
530 674
506 652
521 670
522 669
532 673
531 674
531 672
507 652
506 653
520 670
521 669
506 654
520 669
521 668
505 654
519 669
505 655
519 668
505 656
518 668
504 656
517 668
503 656
517 669
502 656
502 657
502 655
502 658
501 655
500 655
499 655
498 655
499 654
498 656
497 656
496 656
495 656
496 655
494 656
495 657
494 657
495 658
496 658
495 659
497 658
494 659
497 659
493 659
492 659
493 660
491 659
493 661
490 659
493 662
489 659
490 660
494 662
492 662
488 659
495 662
487 659
488 660
488 658
495 663
495 661
487 660
488 661
488 657
495 664
496 661
486 660
488 662
488 656
495 665
497 661
487 662
488 655
494 665
495 666
497 662
486 662
487 663
487 655
488 654
493 665
496 666
485 662
486 655
492 665
493 666
497 666
484 662
486 656
486 654
491 665
497 667
484 663
485 654
486 653
490 665
491 664
498 667
484 654
486 652
490 666
490 664
491 663
499 667
483 654
489 666
500 667
489 667
500 666
489 668
500 665
488 668
489 669
501 665
499 665
500 664
487 668
488 669
490 669
499 664
486 668
491 669
499 663
485 668
486 669
491 670
491 668
486 670
491 671
491 667
492 671
491 672
493 671
491 673
494 671
490 673
494 672
494 670
490 674
495 670
494 669
489 674
496 670
493 669
494 668
489 675
496 671
488 675
497 671
488 676
498 671
488 677
499 671
498 670
488 678
499 672
499 670
498 669
488 679
499 673
489 679
487 679
498 673
499 674
489 680
497 673
489 681
497 674
490 681
496 674
497 675
491 681
495 674
497 676
491 682
498 676
496 676
492 682
491 683
499 676
498 677
496 677
490 683
500 676
489 683
500 677
488 683
659 626
487 683
488 684
487 684
487 682
486 684
487 685
487 681
485 684
487 686
484 684
487 687
483 684
488 687
487 688
482 684
486 688
487 689
482 685
487 690
482 686
486 690
483 686
481 686
484 686
483 687
480 686
483 688
480 687
482 688
479 687
480 688
478 687
480 689
477 687
481 689
479 689
477 688
477 686
479 690
477 689
476 686
479 691
476 689
475 686
480 691
475 689
474 686
480 692
475 688
474 685
480 693
474 688
474 684
479 693
480 694
473 688
473 684
479 694
480 695
472 688
473 689
472 684
478 694
479 695
481 695
473 690
472 683
477 694
479 696
482 695
472 690
472 682
476 694
479 697
482 696
482 694
471 690
472 691
472 681
475 694
479 698
482 693
471 691
473 681
471 681
472 680
474 694
475 693
480 698
479 699
470 691
471 692
474 681
473 680
471 680
478 699
475 681
474 680
473 679
471 679
477 699
476 681
475 682
474 679
476 699
476 682
475 679
474 678
476 700
477 682
474 677
476 701
473 677
474 676
477 701
476 702
472 677
475 676
476 703
472 676
476 676
475 703
471 676
477 676
474 703
470 676
477 675
473 703
474 704
474 702
469 676
470 677
478 675
473 704
474 705
474 701
468 676
478 674
475 705
473 701
467 676
479 674
476 705
475 706
472 701
467 677
467 675
480 674
477 705
475 707
471 701
472 702
467 678
480 675
480 673
476 707
475 708
467 679
481 675
480 676
477 707
475 709
466 679
481 676
480 677
478 707
475 710
465 679
466 680
482 676
480 678
479 707
475 711
464 679
466 681
480 679
480 707
479 708
476 711
475 712
464 680
467 681
465 681
481 679
480 680
481 707
480 708
480 706
479 709
474 712
468 681
465 682
482 707
480 709
480 705
478 709
479 710
474 713
464 682
465 683
482 706
477 709
479 711
473 713
474 714
463 682
464 683
482 705
477 710
479 712
472 713
473 714
474 715
463 683
463 681
464 684
483 705
482 704
480 712
471 713
472 712
474 716
463 684
462 681
483 704
482 703
481 712
480 713
471 714
473 716
474 717
463 685
462 680
484 704
482 702
481 713
481 711
480 714
470 714
474 718
462 685
463 686
484 703
481 714
469 714
470 715
473 718
474 719
481 715
468 714
469 713
475 719
474 720
481 716
467 714
468 713
476 719
474 721
482 716
481 717
468 712
477 719
473 721
483 716
468 711
477 718
472 721
484 716
467 711
468 710
471 721
485 716
484 717
467 710
469 710
470 721
471 722
471 720
486 716
466 710
469 709
470 722
487 716
486 717
470 709
469 722
488 716
487 717
486 718
470 708
469 723
489 716
488 715
486 719
470 707
469 724
490 716
488 714
469 725
490 717
469 726
468 726
467 726
466 726
466 727
466 728
465 728
464 728
465 729
463 728
464 729
463 729
463 727
462 729
462 730
461 730
460 730
459 730
458 730
457 730
458 729
457 731
458 728
456 731
457 732
457 728
458 727
455 731
457 733
457 727
454 731
458 733
453 731
458 734
453 732
459 734
458 735
452 732
460 734
457 735
451 732
460 735
451 733
451 731
461 735
460 736
451 734
450 731
460 737
452 734
451 735
449 731
461 737
460 738
452 735
448 731
462 737
460 739
452 736
447 731
462 738
460 740
459 740
460 741
458 740
460 742
457 740
461 742
460 743
462 742
461 743
459 743
460 744
463 742
462 741
459 744
464 742
459 745
465 742
464 743
458 745
459 746
465 743
464 744
457 745
459 747
466 743
459 748
467 743
458 748
459 749
467 742
457 748
459 750
467 741
459 751
468 741
458 751
459 752
469 741
457 751
459 753
470 741
469 742
469 740
456 751
457 750
460 753
471 741
470 742
469 739
455 751
460 754
470 743
468 739
469 738
454 751
461 754
460 755
471 743
470 744
467 739
453 751
454 752
461 755
466 739
454 753
462 755
466 740
453 753
463 755
462 756
453 754
462 757
452 754
453 755
463 757
451 754
454 755
463 758
451 755
454 756
464 758
450 755
454 757
465 758
464 759
450 756
454 758
466 758
464 760
449 756
455 758
466 759
466 757
464 761
449 757
467 759
467 757
463 761
448 757
462 761
463 762
447 757
448 758
461 761
462 760
446 757
447 756
461 760
445 757
447 755
460 760
444 757
445 756
448 755
443 757
444 756
448 754
442 757
449 754
448 753
442 758
442 756
447 753
448 752
209 742
442 759
441 756
446 753
449 752
441 759
443 759
440 756
449 751
440 759
441 760
443 760
440 755
450 751
439 759
443 761
439 755
440 754
451 751
450 750
438 759
444 761
438 755
440 753
451 750
437 759
445 761
444 762
437 755
440 752
451 749
437 758
446 761
445 760
444 763
437 754
439 752
440 751
437 757
447 761
446 760
443 763
436 754
437 753
439 751
436 757
448 761
447 762
442 763
439 750
435 757
449 761
448 762
442 764
439 749
434 757
449 762
449 760
441 764
434 758
434 756
440 764
441 765
433 758
434 759
434 755
440 763
441 766
432 758
433 759
441 767
431 758
433 760
441 768
430 758
433 761
441 769
434 761
432 761
441 770
431 761
432 762
441 771
430 761
432 763
433 763
431 763
434 763
433 764
430 763
434 764
430 764
429 764
430 765
428 764
429 765
430 766
428 765
431 766
427 765
428 766
426 765
426 764
426 763
427 763
425 763
424 763
423 763
422 763
423 764
423 762
421 763
420 763
421 764
420 764
420 762
419 762
419 761
418 761
417 761
416 761
417 760
415 761
416 760
414 761
414 762
414 760
414 763
413 760
414 759
414 764
413 759
414 758
415 764
414 765
412 759
414 757
415 765
414 766
414 756
414 767
414 755
413 767
414 768
413 755
412 767
414 769
412 755
411 767
324 773
414 770
411 755
410 767
411 768
415 770
413 770
414 771
410 755
409 767
410 768
410 766
416 770
414 772
409 755
410 756
409 768
409 766
417 770
415 772
414 773
409 756
409 754
409 769
418 770
416 772
408 756
409 757
408 754
409 753
408 769
419 770
417 772
416 773
407 756
409 758
409 752
407 769
408 770
416 774
407 757
409 759
408 752
406 769
416 775
407 758
410 759
408 759
407 752
405 769
406 770
417 775
415 775
416 776
406 758
407 759
407 751
405 770
406 771
417 776
414 775
415 776
406 759
407 750
404 770
417 777
415 777
405 759
408 750
407 749
404 771
417 778
414 777
404 759
409 750
407 748
404 772
418 778
414 778
410 750
408 748
406 748
407 747
403 772
418 779
414 779
405 748
406 747
402 772
418 780
413 779
414 780
405 749
406 746
401 772
419 780
417 780
412 779
414 781
405 750
405 746
406 745
401 773
401 771
419 781
411 779
404 750
404 746
406 744
400 773
401 774
400 771
401 770
420 781
411 780
404 751
403 746
404 747
407 744
399 773
402 774
401 775
400 770
402 770
421 781
410 780
411 781
403 751
403 745
407 743
399 774
403 774
401 776
399 770
422 781
421 782
410 781
613 669
403 744
407 742
404 774
400 776
398 770
423 781
421 783
410 782
404 744
402 744
408 742
406 742
404 775
399 776
400 777
397 770
398 769
424 781
423 782
423 780
421 784
409 782
410 783
401 744
409 742
405 775
398 776
400 778
397 771
398 768
425 781
424 782
424 780
423 783
423 779
421 785
408 782
409 783
410 784
401 745
401 743
410 742
406 775
405 776
397 776
398 775
401 778
400 779
396 771
426 781
425 780
423 778
410 785
401 746
400 743
411 742
405 777
397 775
402 778
399 779
395 771
396 772
425 779
424 778
410 786
401 747
411 743
411 741
406 777
402 777
398 779
394 771
395 770
396 773
426 779
410 787
400 747
401 748
411 740
406 778
403 777
398 780
394 770
395 773
427 779
410 788
412 740
411 739
406 779
403 776
393 770
395 774
427 778
411 788
409 788
413 740
405 779
393 769
394 774
427 777
412 788
411 789
408 788
414 740
413 741
404 779
392 769
393 774
427 776
412 787
411 790
408 789
414 741
404 780
404 778
392 768
393 775
428 776
426 776
412 786
412 790
411 791
407 789
408 790
415 741
404 781
391 768
392 767
393 776
429 776
425 776
426 775
412 785
413 790
406 789
407 790
416 741
415 742
403 781
404 782
391 767
392 776
429 775
425 775
426 774
414 790
405 789
406 790
417 741
415 743
405 782
404 783
390 767
391 766
391 776
430 775
429 774
425 774
415 790
405 790
418 741
414 743
415 744
404 784
389 767
391 765
390 776
391 777
391 775
431 775
430 774
428 774
429 773
424 774
415 789
404 790
418 742
418 740
416 744
405 784
404 785
389 768
389 766
391 764
391 774
432 775
428 773
429 772
423 774
416 789
403 790
419 742
418 739
416 745
406 784
405 785
403 785
392 764
390 774
433 775
427 773
428 772
430 772
423 773
417 789
420 742
418 738
407 784
406 783
403 786
393 764
392 763
389 774
433 776
431 772
430 771
423 772
418 789
417 790
417 788
420 743
417 738
407 785
402 786
392 762
388 774
433 777
431 771
430 770
423 771
419 789
418 788
417 791
420 744
401 786
393 762
391 762
387 774
388 773
434 777
432 771
431 770
423 770
420 789
419 788
417 792
419 744
420 745
401 787
401 785
393 761
390 762
386 774
434 778
433 771
432 770
419 787
416 792
418 744
419 745
401 788
401 784
393 760
385 774
386 775
434 771
433 770
432 769
416 793
400 784
394 760
392 760
384 774
385 775
435 771
432 768
416 794
395 760
394 759
392 759
384 773
385 776
435 770
431 768
417 794
416 795
395 759
392 758
384 772
384 776
385 777
436 770
435 769
430 768
415 795
393 758
392 757
383 772
386 777
436 769
415 796
392 756
382 772
387 777
415 797
392 755
381 772
387 778
416 797
415 798
391 755
392 754
380 772
381 773
381 771
388 778
387 779
417 797
414 798
390 755
393 754
379 772
381 774
381 770
389 778
418 797
417 798
413 798
414 799
389 755
378 772
379 771
381 775
381 769
419 797
417 799
412 798
414 800
389 756
377 772
378 773
382 775
380 775
380 769
419 796
417 800
411 798
412 797
389 757
377 771
380 776
380 768
418 800
410 798
390 757
388 757
389 758
377 770
380 777
380 767
418 801
409 798
410 799
388 758
376 770
380 778
381 767
379 767
419 801
408 798
409 797
375 770
381 778
379 778
381 766
419 802
407 798
409 796
375 771
375 769
382 778
379 779
420 802
419 803
407 797
410 796
408 796
374 771
374 769
375 768
382 779
379 780
420 803
418 803
419 804
406 797
408 795
374 772
373 769
374 768
420 804
417 803
419 805
405 797
372 769
421 804
418 805
405 796
371 769
421 805
418 806
404 796
405 795
371 770
422 805
418 807
403 796
371 771
423 805
418 808
402 796
370 771
417 808
418 809
401 796
369 771
416 808
418 810
400 796
368 771
369 770
419 810
417 810
418 811
399 796
367 771
368 770
369 769
419 811
416 810
417 811
398 796
399 795
368 769
419 812
416 811
417 812
398 797
368 768
420 812
415 811
416 812
397 797
368 767
421 812
414 811
396 797
369 767
367 767
368 766
421 813
421 811
414 812
414 810
395 797
396 798
370 767
366 767
367 766
422 813
421 814
422 811
413 812
414 809
394 797
395 798
371 767
365 767
422 814
420 814
413 809
414 808
395 799
372 767
371 766
364 767
422 815
419 814
420 815
394 799
395 800
372 766
371 765
363 767
364 768
422 816
419 815
394 800
395 801
373 766
372 765
370 765
371 764
363 768
363 766
423 816
419 816
393 800
396 801
395 802
373 765
369 765
370 764
371 763
363 769
362 766
424 816
418 816
419 817
395 803
369 764
371 762
362 769
363 770
425 816
424 817
420 817
419 818
396 803
395 804
368 764
370 762
371 761
361 769
425 817
424 818
421 817
420 818
418 818
397 803
394 804
368 763
372 761
360 769
426 817
425 818
424 819
420 819
418 819
393 804
394 805
359 769
427 817
423 819
420 820
418 820
392 804
359 770
359 768
428 817
427 816
423 820
419 820
417 820
418 821
391 804
392 805
358 770
359 767
428 818
428 816
427 815
416 820
418 822
390 804
357 770
359 766
428 819
429 816
426 815
415 820
416 821
418 823
389 804
390 805
356 770
357 771
358 766
359 765
429 819
429 815
414 820
415 821
418 824
388 804
390 806
356 769
357 766
359 764
430 819
413 820
418 825
387 804
391 806
389 806
355 769
357 765
359 763
413 821
417 825
418 826
387 803
391 807
389 807
354 769
357 764
359 762
412 821
413 822
416 825
418 827
387 802
389 808
353 769
354 768
357 763
411 821
413 823
416 824
419 827
387 801
389 809
357 762
413 824
419 828
388 801
387 800
389 810
357 761
412 824
413 825
420 828
419 829
356 761
421 828
419 830
355 761
421 829
418 830
355 762
422 829
421 830
418 831
354 762
421 831
417 831
353 762
422 831
417 832
353 763
353 761
423 831
416 832
352 763
424 831
416 833
351 763
424 830
415 833
350 763
424 829
414 833
349 763
350 764
425 829
414 834
348 763
349 764
426 829
413 834
347 763
349 765
426 830
412 834
347 764
348 765
349 766
427 830
411 834
412 833
346 764
349 767
428 830
410 834
412 832
345 764
348 767
349 768
428 831
409 834
355 730
411 832
345 765
345 763
347 767
348 768
429 831
428 832
409 835
411 831
344 763
345 762
346 767
347 768
347 766
348 769
430 831
409 836
411 830
345 761
345 767
346 768
430 830
409 837
410 830
344 761
345 760
345 768
430 829
408 837
409 838
410 829
343 761
431 829
409 839
342 761
432 829
408 839
341 761
342 760
432 828
408 840
341 762
341 760
407 840
340 760
406 840
340 759
406 839
340 758
406 838
339 758
340 757
338 758
339 757
340 756
337 758
339 756
341 756
336 758
339 755
335 758
336 759
339 754
334 758
335 759
336 760
333 758
334 759
334 757
336 761
332 758
334 756
337 761
335 761
336 762
331 758
336 763
330 758
336 764
329 758
336 765
328 758
337 765
335 765
327 758
338 765
337 766
334 765
326 758
338 766
337 767
333 765
325 758
326 757
338 767
332 765
324 758
339 767
338 768
332 766
332 764
323 758
324 759
324 757
332 767
322 758
323 759
324 760
331 767
321 758
322 759
325 760
331 768
320 758
321 757
322 760
326 760
325 761
331 769
320 759
320 757
327 760
331 770
319 757
328 760
330 770
331 771
319 756
329 770
330 771
332 771
319 755
328 770
330 772
333 771
332 772
319 754
328 769
329 772
334 771
332 773
320 754
318 754
327 769
328 768
328 772
335 771
334 770
331 773
317 754
318 753
326 769
329 768
327 772
335 772
334 769
331 774
317 755
325 769
326 770
327 773
336 772
334 768
331 775
316 755
325 770
336 773
332 775
330 775
316 756
324 770
325 771
337 773
336 774
332 776
329 775
316 757
323 770
324 771
338 773
335 774
328 775
323 769
646 793
339 773
335 775
328 776
323 768
645 793
339 774
335 776
328 777
323 767
335 777
328 778
329 778
327 778
328 779
330 778
326 778
331 778
330 779
325 778
331 779
331 777
324 778
325 779
331 780
323 778
332 780
322 778
333 780
322 779
587 768
333 781
333 779
321 779
436 497
334 781
333 782
320 779
435 498
335 781
332 782
333 783
319 779
320 780
320 778
438 503
335 782
334 783
333 784
436 498
336 782
335 783
438 502
335 784
425 499
335 785
436 499
334 785
335 786
437 502
425 500
334 786
335 787
426 501
436 500
335 788
437 501
336 788
425 501
336 789
424 504
336 790
435 500
337 790
335 790
436 501
335 791
425 502
334 791
424 503
435 501
334 792
425 503
334 793
434 501
426 503
335 793
333 793
432 500
433 501
332 793
428 502
427 503
332 794
332 792
431 500
432 501
331 794
332 795
428 503
431 501
330 794
332 796
322 777
322 776
322 775
322 774
322 773
321 773
320 773
319 773
318 773
319 772
318 772
319 771
318 771
318 770
317 770
316 770
315 770
315 771
314 771
315 772
315 773
314 773
315 774
314 774
315 775
313 774
315 776
313 775
315 777
312 775
314 777
311 775
311 774
310 774
309 774
309 775
309 773
308 775
308 773
309 772
307 773
306 773
305 773
306 772
305 774
304 774
305 775
303 774
304 775
302 774
303 773
302 775
302 773
301 773
300 773
300 772
299 772
298 772
299 771
297 772
296 772
297 773
295 772
296 773
295 771
296 774
295 770
296 775
294 770
297 775
296 776
293 770
294 769
297 776
296 777
294 768
298 776
295 777
294 767
299 776
294 766
300 776
293 766
294 765
300 777
292 766
293 765
295 765
300 778
291 766
293 764
295 764
300 779
292 764
296 764
295 763
300 780
292 763
296 763
295 762
299 780
291 763
292 762
297 763
295 761
299 781
290 763
293 762
297 762
295 760
299 782
289 763
296 760
295 759
298 782
289 764
289 762
297 760
294 759
297 782
298 783
288 764
298 760
294 758
297 783
298 784
288 765
299 760
298 759
293 758
294 757
297 784
288 766
300 760
298 758
294 756
289 766
287 766
300 761
300 759
297 758
295 756
293 756
289 767
287 767
301 761
300 762
300 758
296 758
292 756
289 768
286 767
299 762
301 758
300 757
291 756
290 768
288 768
289 769
285 767
299 763
302 758
300 756
291 757
291 768
289 770
285 766
299 764
302 757
301 756
290 757
288 770
284 766
285 765
301 755
289 757
287 770
284 765
301 754
288 757
286 770
287 771
283 765
302 754
300 754
288 758
287 772
283 764
300 753
286 772
283 763
300 752
286 773
284 763
282 763
300 751
286 774
285 763
284 762
281 763
282 762
301 751
300 750
287 774
285 774
286 775
284 761
280 763
281 764
302 751
299 750
284 774
286 776
280 762
303 751
298 750
299 749
283 774
287 776
286 777
279 762
280 761
303 750
298 751
298 749
282 774
288 776
286 778
278 762
279 761
280 760
304 750
303 749
298 752
297 749
281 774
282 773
288 775
285 778
286 779
277 762
278 763
278 761
280 759
305 750
304 749
297 752
296 749
280 774
281 775
286 780
276 762
280 758
306 750
305 751
305 749
297 753
295 749
296 750
280 773
281 776
285 780
275 762
281 758
307 750
305 752
296 753
295 748
279 773
280 776
281 777
274 762
275 763
275 761
282 758
308 750
295 747
279 772
281 778
273 762
274 761
275 764
275 760
282 759
309 750
308 751
296 747
295 746
272 762
274 760
275 759
283 759
310 750
308 752
297 747
295 745
272 761
275 758
310 749
309 752
298 747
294 745
271 761
311 749
310 752
293 745
270 761
311 748
310 753
292 745
269 761
270 762
312 748
311 753
310 754
291 745
268 761
313 748
312 747
311 754
309 754
291 746
267 761
268 760
314 748
313 749
312 746
308 754
267 762
267 760
268 759
315 748
313 750
307 754
268 758
315 749
312 750
313 751
307 755
269 758
268 757
316 749
314 751
306 755
270 758
268 756
317 749
316 750
271 758
267 756
317 750
317 748
271 757
266 756
318 750
317 747
265 756
266 757
318 747
265 757
265 755
319 747
318 746
265 758
265 754
320 747
318 745
264 758
266 754
264 754
265 753
321 747
318 744
263 758
265 752
322 747
321 748
318 743
262 758
263 759
265 751
322 748
322 746
321 749
319 743
318 742
261 758
262 757
666 787
265 750
322 749
323 746
318 741
260 758
262 756
266 750
323 749
324 746
323 745
317 741
260 757
262 755
267 750
324 749
323 744
316 741
260 756
261 755
268 750
267 751
325 749
322 744
316 742
260 755
261 754
268 749
326 749
322 743
315 742
259 755
269 749
268 748
327 749
321 743
258 755
259 754
270 749
267 748
321 742
257 755
259 753
271 749
270 750
270 748
266 748
321 741
257 756
258 753
271 748
270 747
265 748
322 741
321 740
256 756
258 752
270 746
264 748
321 739
255 756
258 751
263 748
322 739
254 756
255 757
258 750
262 748
263 747
323 739
253 756
254 755
255 758
257 750
258 749
263 746
324 739
323 738
254 754
255 759
256 750
264 746
324 740
324 738
253 754
254 753
254 759
255 760
256 751
256 749
325 740
325 738
324 737
252 754
253 753
255 761
256 748
326 740
325 741
324 736
252 753
256 761
256 747
326 739
325 742
325 736
324 735
252 752
256 762
255 747
327 739
326 742
324 734
252 751
257 762
255 746
328 739
327 742
325 734
251 751
252 750
258 762
257 763
255 745
328 740
325 733
250 751
252 749
259 762
258 761
256 745
254 745
329 740
326 733
249 751
259 763
256 744
253 745
330 740
327 733
249 752
259 764
253 746
330 741
327 732
248 752
249 753
252 746
330 742
327 731
251 746
252 747
331 742
330 743
328 731
326 731
327 730
251 745
330 744
329 731
328 730
327 729
251 744
331 744
330 731
329 730
326 729
327 728
251 743
331 731
325 729
326 728
327 727
250 743
251 742
332 731
249 743
332 732
332 730
248 743
249 744
332 729
247 743
248 744
249 745
333 729
246 743
247 742
248 745
333 728
245 743
246 744
247 745
334 728
244 743
245 744
245 742
334 727
245 745
245 741
335 727
334 726
244 745
245 740
336 727
334 725
243 745
246 740
245 739
336 728
333 725
334 724
242 745
247 740
244 739
245 738
337 728
333 724
335 724
241 745
242 746
248 740
338 728
332 724
335 723
241 746
242 747
339 728
331 724
332 723
240 746
241 747
242 748
339 729
331 725
332 722
239 746
242 749
340 729
339 730
331 726
333 722
331 722
239 747
239 745
242 750
340 730
330 726
331 721
239 744
243 750
341 730
329 726
330 721
331 720
238 744
244 750
342 730
237 744
244 751
343 730
236 744
244 752
343 731
343 729
235 744
236 743
243 752
344 731
343 732
236 742
242 752
345 731
342 732
237 742
235 742
241 752
346 731
345 730
234 742
347 731
233 742
234 741
348 731
347 732
233 743
234 740
348 730
347 733
233 740
349 730
348 729
348 733
233 739
350 730
348 728
348 734
233 738
351 730
348 727
348 735
232 738
349 727
347 727
348 736
232 737
350 727
346 727
349 736
232 736
351 727
350 726
345 727
346 726
349 737
233 736
231 736
352 727
351 726
345 726
346 725
349 738
231 735
353 727
344 726
346 724
349 739
230 735
354 727
353 726
344 725
345 724
346 723
349 740
229 735
230 734
354 728
354 726
353 725
345 723
346 722
350 740
348 740
228 735
229 734
230 733
354 729
355 726
345 722
350 741
347 740
228 736
229 733
230 732
355 729
354 730
356 726
355 725
344 722
346 740
347 741
347 739
228 737
228 733
231 732
353 730
357 726
356 727
344 721
347 738
228 738
227 733
231 731
353 731
358 726
357 725
343 721
346 738
228 739
227 732
232 731
353 732
359 726
342 721
345 738
228 740
226 732
227 731
233 731
360 726
359 725
341 721
344 738
345 739
227 740
228 741
234 731
233 730
360 727
360 725
359 724
340 721
341 722
343 738
226 740
228 742
234 732
233 729
361 727
360 728
361 725
340 722
340 720
343 739
343 737
226 741
228 743
234 733
234 729
362 727
361 728
360 729
362 725
361 724
340 719
342 739
343 740
227 743
233 733
234 734
235 729
363 727
362 728
359 729
362 724
340 718
343 741
227 744
233 734
235 734
234 735
359 730
341 718
343 742
227 745
358 730
342 718
343 743
228 745
226 745
357 730
343 718
342 717
343 744
225 745
357 729
344 718
342 744
343 745
224 745
225 746
345 718
342 745
344 745
224 744
345 717
344 746
224 743
345 716
344 747
223 743
345 747
343 747
222 743
223 742
346 747
222 744
222 742
346 748
222 745
346 749
221 745
222 746
346 750
220 745
221 746
222 747
219 745
221 747
222 748
218 745
222 749
218 744
221 749
222 750
217 744
218 743
220 749
221 750
222 751
216 744
219 743
219 749
222 752
215 744
216 745
216 743
219 742
218 749
221 752
222 753
215 745
215 743
216 746
217 749
218 750
214 745
214 743
214 746
213 743
212 743
213 744
211 743
211 744
211 742
211 745
211 741
212 745
210 745
212 741
210 746
212 740
210 747
212 739
211 747
209 747
212 738
212 747
211 738
212 748
210 738
212 749
209 738
210 737
213 749
211 749
214 749
210 749
214 750
209 749
215 750
214 751
208 749
214 752
208 750
208 748
214 753
207 748
215 753
213 753
207 747
212 753
213 754
206 747
207 746
212 754
212 752
207 745
212 751
208 745
207 744
208 744
206 744
209 744
208 743
205 744
639 754
639 753
