73 91
65 54
89 45
86 105
53 96
61 26
52 60
91 35
48 67
44 97
74 92
88 30
84 118
67 69
76 37
78 109
84 32
67 75
62 87
69 32
41 125
57 87
97 55
72 108
48 127
72 101
75 48
95 56
87 117
69 47
72 90
62 89
44 117
66 23
62 16
80 40
55 57
82 109
77 99
72 24
66 24
87 28
44 121
71 87
46 116
64 18
61 81
55 99
48 90
80 41
50 121
48 131
59 54
88 41
73 42
55 56
49 96
70 100
64 80
72 73
65 75
68 25
42 129
48 129
48 132
75 105
62 79
74 66
68 60
57 70
44 96
75 106
86 36
49 90
74 96
82 106
67 118
54 110
60 88
60 21
67 87
42 130
80 97
77 97
57 64
49 114
72 89
49 129
52 113
93 107
91 106
56 73
46 119
55 84
89 51
60 67
72 100
59 66
77 32
93 106
63 42
67 63
42 131
48 70
69 84
63 53
65 124
74 98
64 77
45 97
85 130
82 40
83 106
73 43
47 67
88 40
43 99
74 51
57 84
72 53
62 18
47 96
66 64
90 40
73 66
74 35
55 58
43 131
62 59
73 44
58 75
86 37
67 85
63 59
59 21
76 99
63 23
74 93
68 47
80 122
79 129
50 97
57 93
83 61
69 66
81 109
66 87
74 23
54 91
73 106
85 54
63 52
63 15
64 44
56 62
88 50
78 28
62 21
48 71
57 65
49 122
57 66
53 97
77 27
66 73
74 43
50 127
50 115
86 118
92 35
90 107
56 70
82 29
44 132
97 56
70 86
53 98
75 63
56 87
88 28
54 109
87 119
78 32
53 72
84 123
52 96
66 75
61 24
50 96
71 86
91 52
80 31
62 58
62 56
66 60
55 60
48 114
87 29
69 121
67 76
57 76
82 108
81 126
75 98
70 33
73 97
63 21
48 121
89 49
49 126
57 92
68 86
66 85
52 111
55 59
56 94
62 48
55 103
81 121
82 36
84 121
57 102
55 72
72 88
73 123
76 33
66 44
69 123
91 54
79 128
51 72
61 59
88 54
81 34
73 71
68 65
76 101
87 114
67 73
44 120
73 103
60 77
84 120
70 34
44 129
85 57
38 128
81 28
62 65
73 67
87 30
71 108
76 40
57 79
43 129
45 128
75 101
69 122
74 52
66 20
89 36
56 69
58 102
87 31
75 95
85 106
90 113
90 108
67 66
58 61
80 127
66 83
53 112
56 79
87 32
48 69
50 113
74 104
73 69
72 34
84 62
76 45
84 34
73 65
57 90
76 38
67 72
59 57
91 53
86 124
62 81
55 70
60 81
83 31
75 43
80 32
63 16
67 22
74 62
48 133
42 123
88 115
87 54
73 45
56 108
86 104
87 113
75 34
58 88
66 47
81 120
61 45
76 36
55 97
73 98
52 116
66 54
63 79
72 107
85 107
85 127
73 93
53 91
60 45
91 107
68 24
50 69
68 87
86 35
74 71
68 32
74 42
64 48
56 68
64 43
63 69
63 60
42 126
64 42
85 58
61 75
54 85
90 45
56 85
73 90
54 105
89 117
46 120
66 123
96 54
50 90
73 94
91 113
54 112
88 121
51 96
74 67
85 35
64 61
63 22
46 90
74 33
71 44
70 121
50 73
83 128
55 101
48 113
56 99
90 36
71 123
79 34
61 21
84 106
65 121
60 16
76 27
82 34
86 107
65 23
58 80
81 26
79 127
85 124
94 107
86 38
78 37
75 45
50 112
74 49
53 85
68 78
66 46
44 99
67 70
49 70
58 76
58 87
63 44
91 39
67 123
85 33
79 33
65 79
55 73
89 44
94 57
65 61
44 118
73 122
54 58
67 117
65 120
77 106
77 124
74 103
70 46
69 100
91 50
55 61
71 88
57 69
43 118
47 131
89 50
49 71
95 55
51 126
62 77
54 111
55 98
89 41
68 64
91 49
74 123
40 128
78 38
75 65
69 83
63 17
92 104
75 33
78 36
66 68
90 54
72 104
62 42
63 50
48 97
55 85
76 35
64 121
73 72
71 45
80 30
85 59
80 128
66 59
44 119
72 46
66 82
90 39
69 86
81 29
79 30
82 32
82 126
69 85
81 104
76 65
75 23
73 108
63 82
87 118
51 74
70 43
73 24
80 110
69 87
80 108
43 121
57 95
75 123
61 52
97 54
47 113
47 119
50 117
54 83
74 70
76 32
74 69
76 26
58 65
64 79
57 80
56 89
84 26
61 19
93 105
87 37
73 109
80 129
59 88
47 95
42 125
50 111
66 67
67 23
58 69
64 69
86 33
79 41
74 28
70 124
72 22
76 39
61 54
78 30
98 57
49 121
85 105
68 62
68 66
88 117
57 86
53 61
60 57
62 80
74 29
46 117
75 91
89 113
65 59
84 127
57 83
51 90
42 127
69 24
51 112
77 107
55 104
89 114
90 38
93 54
68 73
50 68
65 119
49 89
84 33
65 69
54 100
57 63
84 35
49 73
84 119
56 95
75 27
50 60
71 42
84 61
73 95
68 100
85 128
61 16
53 90
92 106
65 74
58 68
71 121
68 76
66 62
64 21
69 48
67 101
77 35
60 56
66 72
74 105
90 109
63 48
50 67
99 56
75 51
74 24
69 73
45 119
49 72
71 73
82 123
72 124
71 25
66 61
87 51
67 32
60 55
42 132
78 97
54 90
93 104
74 94
64 49
61 23
46 130
84 124
59 81
70 24
62 52
60 19
91 48
88 116
55 74
56 109
62 76
49 95
47 94
85 56
65 47
74 102
82 124
88 114
63 51
57 82
82 26
76 124
47 93
61 66
69 64
48 130
84 117
88 27
62 44
44 98
77 125
62 68
49 97
86 120
47 129
49 120
80 109
49 60
66 69
78 126
78 33
97 53
62 83
66 121
43 124
60 75
63 61
72 99
81 127
48 119
46 118
87 115
87 121
97 52
65 46
75 96
63 68
66 80
75 42
42 121
65 48
60 59
54 72
62 88
68 77
75 26
92 57
50 126
57 77
55 93
81 129
67 46
90 111
82 35
56 61
66 81
77 36
53 95
46 115
67 88
62 20
72 106
75 47
85 118
54 106
75 41
88 37
90 42
79 109
42 128
57 85
59 56
61 88
74 25
49 127
65 118
55 100
92 56
62 55
86 116
67 21
89 30
74 65
47 117
74 34
76 41
83 127
81 122
44 122
73 46
87 116
65 117
67 62
63 76
50 110
95 58
95 54
67 47
51 120
91 36
86 50
92 45
59 53
78 29
49 133
87 50
55 108
74 68
63 54
78 108
57 73
82 105
51 73
67 100
59 16
56 105
56 64
89 42
83 129
56 76
49 109
53 99
62 45
54 89
88 108
50 109
82 122
52 90
72 23
85 129
66 33
48 120
67 64
67 124
52 115
48 115
75 53
45 129
76 123
61 77
64 60
65 123
92 54
89 108
47 130
65 77
46 129
61 18
45 121
89 111
56 81
64 117
54 108
88 107
74 91
82 127
48 128
60 76
64 73
52 110
58 63
89 54
65 73
83 121
62 67
71 107
74 45
54 82
47 97
61 80
51 109
62 19
58 81
78 40
71 100
70 32
55 102
60 58
79 97
50 133
56 107
52 112
52 114
66 77
88 113
64 54
91 45
84 63
78 41
64 52
62 54
75 49
82 121
48 117
82 33
75 35
71 43
71 34
81 40
62 23
73 53
66 32
39 128
91 47
66 84
51 122
74 41
47 92
75 50
91 46
74 101
90 110
83 32
83 107
81 97
94 104
67 25
55 83
45 130
55 95
57 61
64 23
65 44
83 123
69 63
67 24
66 45
52 72
65 24
48 68
52 126
55 96
55 71
43 132
56 82
54 61
68 123
95 59
75 66
56 88
47 115
84 126
85 55
89 109
67 68
87 107
57 67
66 118
56 80
75 46
81 30
81 105
44 123
94 54
83 26
67 61
78 107
92 44
56 106
54 98
59 59
63 78
63 18
76 51
75 28
47 71
67 20
82 107
98 56
87 105
72 44
57 91
57 68
43 125
41 126
79 107
50 114
80 33
91 51
72 123
88 36
41 127
67 60
84 59
95 57
76 96
60 54
72 87
79 126
75 104
65 25
49 69
46 97
90 112
74 106
55 105
89 43
81 27
75 64
59 75
65 78
84 125
67 86
71 24
63 89
43 123
87 33
77 98
70 73
75 97
75 100
74 26
66 122
93 55
80 34
73 73
71 124
78 27
66 66
57 101
75 99
82 28
45 132
90 51
87 120
56 101
58 73
60 66
90 44
62 66
95 60
64 76
70 47
68 23
56 93
72 103
51 60
60 74
93 56
90 37
75 124
62 82
84 60
62 64
65 85
88 49
78 39
47 91
58 62
72 98
65 76
75 52
50 122
64 50
57 89
94 105
65 80
73 52
90 41
53 60
70 123
50 120
75 94
58 74
74 63
86 54
41 128
47 90
49 117
73 34
61 25
78 125
70 45
59 65
90 117
76 106
97 57
