491 842
471 985
605 610
509 1025
403 987
473 874
433 976
558 634
504 829
495 885
435 969
446 939
538 608
530 646
470 890
599 666
631 577
569 596
542 651
585 611
583 606
571 668
601 609
502 715
590 611
565 698
523 825
478 1033
527 673
530 647
466 1003
459 881
574 655
568 620
492 849
478 1032
433 953
502 1021
400 993
553 613
511 860
533 674
573 605
473 1027
497 1016
493 883
412 1006
523 669
512 884
524 664
603 666
559 652
431 1000
490 859
432 1000
601 666
591 666
415 996
612 569
613 587
498 864
472 990
433 942
557 618
590 616
442 999
557 591
521 830
532 625
557 607
436 989
547 653
412 1014
598 667
461 1030
552 635
468 1018
555 618
403 983
542 1082
441 953
459 992
463 899
458 1036
525 670
460 897
543 649
455 901
483 1034
616 711
430 952
471 1037
442 1022
413 1011
433 986
473 985
441 998
607 588
448 1000
547 678
490 885
574 600
499 835
544 627
511 878
462 1002
450 896
450 900
503 864
603 670
415 969
506 1220
439 982
452 998
634 586
426 977
514 1025
474 1015
468 872
460 873
494 886
530 620
452 999
417 1005
456 906
473 861
472 913
462 1036
523 1254
413 1000
436 1002
533 605
525 744
493 840
477 877
526 824
504 699
452 1000
542 594
615 571
429 972
516 655
550 624
614 677
566 605
471 1036
459 870
607 730
492 840
507 1028
606 670
524 670
483 849
505 1214
435 973
490 860
401 985
482 878
516 720
399 972
469 1014
459 998
484 1035
464 1044
444 905
649 584
608 731
440 1019
569 670
483 1040
611 712
606 732
470 1024
581 749
437 945
488 907
492 863
559 699
402 972
410 965
465 1027
444 906
440 1022
556 696
454 1000
612 676
518 733
604 603
530 675
536 621
506 705
521 1257
557 590
546 638
492 879
421 1013
560 702
438 950
548 628
569 635
527 721
460 997
405 979
607 585
502 718
554 611
439 907
525 649
572 598
541 673
473 870
405 992
512 867
538 636
430 992
573 655
400 987
566 660
466 917
554 625
533 677
620 677
622 600
533 673
400 995
566 642
430 949
470 869
487 1044
524 667
545 674
551 636
623 568
436 973
620 574
457 888
416 1011
454 912
491 879
501 1019
461 914
544 681
449 896
521 835
531 672
616 604
498 1018
540 599
556 589
428 969
434 1012
429 970
519 868
481 1039
429 957
453 920
596 608
538 643
522 858
633 582
595 615
436 941
517 1028
413 967
614 714
467 1045
583 666
545 600
434 984
498 861
517 865
560 611
524 1252
494 1014
521 867
429 1006
470 1013
589 603
456 884
606 677
444 940
609 592
516 1027
453 909
404 982
507 1213
536 599
472 894
452 905
486 1040
609 608
503 705
431 992
502 837
544 626
463 1032
417 1013
523 862
525 654
593 596
442 946
472 1010
469 1011
574 656
479 908
522 1245
554 652
435 982
458 994
500 864
497 835
606 600
574 763
565 622
592 601
417 1008
498 715
482 1030
462 914
544 642
464 900
563 694
565 662
499 716
514 731
588 666
546 606
527 646
520 828
530 648
553 590
497 862
546 609
617 602
503 715
542 580
468 1007
399 995
427 972
478 1025
470 863
508 700
473 865
542 643
469 1038
502 875
410 1009
459 1036
591 610
443 1018
604 667
610 608
545 673
618 577
517 1025
474 868
610 727
501 715
584 664
461 1004
597 619
488 1021
551 613
401 958
586 664
525 721
518 864
423 1013
569 663
608 594
542 606
488 1024
406 976
608 725
528 624
439 1014
506 1213
503 720
526 661
425 974
467 924
522 654
471 861
483 1024
640 579
621 599
613 585
477 868
504 1027
426 1005
626 577
549 681
530 672
521 854
613 591
535 614
521 1259
602 669
472 1036
644 582
610 586
569 667
473 863
568 610
470 1014
446 1016
487 848
450 904
535 619
417 1000
473 1039
579 752
445 931
566 612
632 581
563 699
570 660
492 878
446 1017
439 1019
427 971
458 1000
455 1000
469 888
616 565
596 603
444 934
503 1028
560 693
549 598
557 658
448 927
587 614
466 1047
539 626
527 826
552 626
623 598
556 577
455 997
432 1005
539 671
547 676
490 863
579 606
540 684
496 834
556 588
577 757
483 847
541 682
541 642
508 703
479 1024
534 673
606 721
539 692
615 585
516 1025
471 896
439 928
552 594
460 889
605 724
536 675
558 609
468 881
583 664
464 1048
554 655
625 567
612 591
442 997
531 1250
447 902
610 607
559 598
398 977
488 845
566 622
522 862
468 1009
532 1249
631 592
537 597
520 866
510 861
617 566
596 614
597 666
539 622
417 1011
406 969
502 721
612 586
512 724
597 602
545 693
503 839
557 623
456 903
494 872
525 823
590 598
463 1033
514 1027
468 1040
485 1034
441 1019
458 997
404 986
435 997
518 715
552 620
547 667
432 995
521 827
465 900
535 620
526 725
566 644
436 1011
470 897
440 998
542 1083
606 727
565 603
468 997
593 605
488 1038
532 609
433 990
571 664
466 1027
512 1025
487 844
474 899
622 583
423 1015
512 1028
602 602
531 1253
475 1033
455 730
401 992
436 1026
487 851
493 870
543 607
491 1044
436 979
619 572
595 614
635 560
413 963
441 800
547 655
433 987
469 880
464 1003
391 956
396 959
559 618
612 594
432 980
509 705
634 562
469 918
491 856
622 603
500 875
452 918
581 665
501 1014
586 665
498 716
454 722
605 674
541 692
609 719
476 864
469 1015
415 998
496 712
589 666
509 1213
501 699
434 995
472 878
449 928
428 999
464 914
568 622
628 591
517 719
604 670
525 652
443 961
614 591
558 593
511 862
550 653
548 630
557 609
582 666
567 610
467 868
461 897
530 860
613 680
586 615
638 580
469 878
487 1045
539 644
541 681
440 979
429 1009
615 591
606 601
412 997
440 1020
471 892
493 1026
569 622
609 593
570 596
486 909
443 930
543 1080
404 978
636 583
460 1003
431 956
521 828
503 863
463 1031
575 605
456 913
437 950
559 655
578 669
443 906
476 1027
461 894
596 615
470 1018
543 682
600 666
519 745
556 613
535 615
548 637
611 728
489 881
530 625
463 889
564 692
498 883
612 599
456 919
542 626
470 1025
617 578
504 717
623 567
515 657
607 589
420 1003
606 607
459 1031
413 995
548 657
600 664
439 914
471 891
557 622
399 974
456 904
440 928
478 863
557 581
557 651
456 916
491 887
525 742
493 867
472 883
549 664
475 905
558 622
472 915
565 659
534 623
430 951
488 1045
537 644
542 599
485 876
411 1010
457 903
537 601
474 1027
583 604
474 1029
503 834
454 730
607 603
410 975
403 995
469 984
558 700
473 998
487 860
493 869
586 617
406 992
557 690
556 606
455 882
463 898
439 993
595 606
440 983
440 1024
586 607
606 606
595 617
444 968
557 641
501 834
575 606
564 635
638 579
547 659
495 710
469 1054
454 908
562 602
614 623
428 956
556 694
444 953
546 664
518 837
544 643
439 995
516 710
616 717
633 584
468 917
478 1019
459 1000
576 603
598 614
564 648
615 602
545 626
574 670
465 1045
635 583
462 889
432 804
591 603
606 720
478 1021
433 941
525 648
436 802
485 1040
514 733
542 671
437 944
500 715
446 926
437 1014
416 1010
622 567
534 845
479 909
632 562
503 838
615 564
559 692
556 605
503 1024
578 665
564 640
397 959
522 1246
468 1046
507 873
572 670
555 653
560 637
510 875
498 1019
550 663
441 951
552 613
555 693
477 871
551 656
589 611
498 872
615 677
567 600
560 592
421 1003
572 601
545 607
498 706
638 578
413 999
435 984
570 597
471 987
516 712
601 668
544 682
552 621
486 862
514 721
473 1015
536 610
519 1020
609 718
548 598
427 992
585 607
526 724
525 745
596 617
452 898
430 996
473 881
631 563
451 895
559 584
470 878
473 891
431 974
499 836
562 620
566 659
466 1018
435 971
611 586
636 580
455 906
462 1034
443 905
579 761
463 1006
629 592
556 587
521 663
398 973
508 877
550 651
411 1011
564 657
429 1007
592 596
547 637
571 600
554 623
541 690
506 1218
538 640
552 590
607 586
554 699
547 629
561 592
421 1002
524 1253
457 1000
521 720
431 989
448 895
500 1017
575 604
614 583
439 911
468 996
439 1013
548 661
587 615
469 897
547 613
545 638
471 1052
634 594
519 742
520 830
479 912
615 715
430 1006
445 904
431 996
458 906
514 878
550 598
594 612
503 719
518 718
470 1027
453 896
542 1079
486 849
524 648
411 1012
588 611
488 908
559 601
476 906
593 608
441 1018
427 955
402 958
498 865
555 577
492 884
444 938
512 1023
535 846
489 908
509 1026
503 1029
463 914
547 606
414 1000
538 673
498 862
616 602
527 824
483 909
422 1001
455 902
523 724
626 597
582 619
624 582
430 954
460 875
457 913
559 656
539 601
622 599
519 869
467 879
407 992
594 605
520 838
587 616
513 866
400 994
618 602
633 585
569 671
524 665
552 629
473 869
559 603
523 658
556 703
551 682
457 878
518 1024
447 999
443 941
615 717
442 981
511 876
568 660
514 862
614 711
466 1001
520 722
549 656
434 802
434 811
398 960
501 870
391 959
490 878
557 579
449 1000
457 915
429 987
550 686
558 587
491 711
607 608
541 691
524 669
468 880
555 629
609 585
492 852
418 1013
520 1025
565 695
576 600
507 1029
508 1216
440 800
564 604
525 856
630 563
455 883
535 646
499 874
489 883
492 859
548 678
500 1014
477 884
538 639
483 904
487 862
580 754
557 606
436 912
499 872
548 686
640 581
585 615
548 613
476 872
466 884
612 596
626 567
463 888
511 1023
431 987
474 904
509 1218
435 970
456 997
499 712
477 1018
536 622
497 868
598 666
501 708
609 588
437 803
547 625
496 880
533 678
469 917
404 987
406 990
400 983
647 582
616 581
635 561
432 977
523 857
489 1022
448 938
595 602
509 876
573 670
525 724
565 619
564 696
623 578
403 991
517 656
615 716
539 606
487 1024
450 923
545 654
587 608
559 593
554 700
511 834
555 698
463 1002
576 601
628 593
521 1258
514 729
426 957
565 661
555 612
557 604
495 835
560 698
504 718
555 650
428 992
409 974
465 899
593 601
439 1024
433 978
531 650
455 892
547 586
606 733
555 628
486 850
549 692
636 584
445 1017
631 562
503 835
454 727
458 1031
438 1025
540 651
442 960
521 834
470 985
505 1217
490 886
466 1044
559 641
498 836
429 990
490 846
558 652
556 609
529 746
525 726
504 719
501 1016
557 611
429 961
497 879
519 842
532 608
401 960
464 1002
547 633
417 1006
544 593
569 610
450 903
556 618
493 710
473 876
543 648
602 609
465 913
582 664
576 667
460 1030
547 595
539 672
429 958
441 930
498 880
443 948
538 684
550 682
491 852
466 1046
458 896
466 1037
553 651
565 692
424 974
489 1044
415 970
512 1024
602 666
513 836
457 877
601 617
403 974
591 616
623 602
528 860
455 913
553 578
581 757
454 728
502 835
629 577
605 733
564 690
469 1030
570 622
597 618
615 714
567 622
407 966
501 835
562 618
486 880
548 608
436 997
596 666
532 622
555 694
413 966
497 834
513 1028
430 948
561 700
620 601
538 846
578 759
580 748
552 627
567 661
433 803
484 1029
483 1025
429 960
437 973
461 887
470 913
463 1037
493 877
432 990
505 699
391 958
494 841
388 960
521 662
546 694
523 744
573 671
522 663
557 634
454 902
458 890
458 1033
631 561
400 971
509 835
588 607
472 1016
576 670
403 978
508 876
489 1024
565 691
605 678
485 881
530 674
392 961
524 656
529 747
510 834
484 845
451 998
480 913
555 640
570 665
486 860
592 609
474 876
525 853
557 701
446 1001
451 923
435 972
633 581
622 601
470 1048
600 725
574 598
505 829
567 662
454 911
548 655
438 910
474 997
572 660
555 688
634 580
518 719
462 888
487 1040
608 585
453 1000
435 811
401 962
548 609
405 989
515 654
434 987
438 801
578 756
507 871
549 653
398 975
487 877
467 921
551 623
520 1022
474 869
535 647
502 706
545 671
547 675
634 591
615 710
622 574
556 698
459 1033
457 902
579 607
532 607
469 1050
502 836
507 882
578 668
434 970
549 655
441 1022
616 580
526 855
402 988
618 677
565 624
431 991
482 904
476 871
504 715
455 885
527 672
518 1025
522 853
521 719
429 952
518 842
520 723
478 1024
461 889
492 1015
454 894
401 971
579 762
570 668
510 876
606 719
546 581
503 723
530 645
466 914
550 608
578 751
563 602
402 990
446 937
468 1017
470 1036
546 634
610 609
512 721
520 715
615 568
403 979
419 1014
462 892
548 690
436 988
488 906
440 969
494 887
468 916
545 639
546 580
467 1006
564 694
573 764
499 887
523 826
549 578
451 905
593 666
559 654
473 898
442 945
546 643
416 1015
433 969
492 883
574 671
543 671
500 724
410 1008
458 1032
563 648
437 912
429 959
489 879
547 578
494 858
436 940
429 986
633 561
423 1002
495 877
614 585
506 871
548 654
485 878
442 963
465 887
595 612
575 667
471 991
447 926
483 908
517 717
523 670
389 961
499 838
435 987
501 1023
569 660
548 682
617 678
571 660
531 625
455 895
610 713
467 1046
466 1051
498 863
441 931
558 597
519 715
611 600
450 897
483 1039
517 658
473 1029
586 623
513 878
434 941
521 715
561 656
488 1019
611 592
512 723
530 1253
542 687
400 996
515 729
460 1031
476 878
402 965
526 672
449 926
630 577
607 610
485 844
572 763
547 589
555 611
443 947
632 589
496 885
588 608
546 608
579 760
609 589
501 1017
526 656
534 607
598 610
528 1244
499 883
439 912
615 569
647 586
434 954
571 598
453 903
510 708
472 862
461 999
398 996
413 1001
583 619
564 608
527 647
557 576
471 1025
621 566
438 979
417 1009
460 887
537 607
491 853
472 877
479 907
554 643
592 611
612 589
559 605
581 753
478 1023
562 611
609 601
560 636
560 697
471 1018
554 640
406 977
608 730
619 573
413 965
440 913
535 610
410 993
447 928
526 823
615 713
622 568
442 966
504 707
600 667
571 655
610 676
452 926
499 875
495 876
418 1015
444 1018
606 599
489 841
549 661
484 846
502 711
497 865
565 605
543 672
488 840
435 1004
467 880
511 1026
473 1026
535 618
573 762
454 888
510 879
487 1036
436 974
488 862
525 738
636 585
541 653
553 625
490 841
437 908
585 665
523 824
432 991
459 892
539 679
617 676
540 672
425 1003
552 616
617 677
411 995
434 810
543 599
468 914
498 873
516 719
407 975
630 566
604 660
570 667
526 826
521 832
438 954
533 1247
431 954
569 602
468 994
453 722
520 1020
460 874
560 602
621 575
401 972
462 891
449 937
551 612
617 568
489 850
454 729
485 1042
545 598
474 901
470 887
550 630
493 1014
472 891
629 565
565 657
434 950
560 579
495 839
600 604
500 835
542 579
495 859
531 1251
434 953
470 1038
555 706
469 925
416 1012
492 872
516 836
485 877
426 973
552 637
439 1026
489 859
429 996
454 917
551 578
607 584
549 613
444 998
556 610
619 574
612 714
523 739
444 997
522 1255
521 742
553 660
412 996
390 958
494 849
613 679
476 907
558 579
525 672
596 613
613 600
431 979
628 566
550 658
551 589
397 987
452 900
501 877
444 1024
484 877
525 865
398 978
556 614
442 941
546 624
454 916
521 730
581 758
543 1079
607 729
570 670
566 663
549 631
501 728
580 605
469 1046
443 937
618 596
439 913
552 689
516 727
446 904
500 1019
520 744
514 1024
437 969
473 913
497 1020
478 874
407 964
407 979
628 577
569 699
398 995
621 567
476 877
463 881
438 997
429 997
493 857
450 898
473 896
598 861
556 695
431 971
472 875
476 1019
525 741
547 588
581 751
630 570
546 577
471 860
570 672
634 583
520 826
492 850
549 623
547 622
536 847
513 877
602 603
591 596
412 995
426 972
502 708
402 995
543 680
561 611
558 618
550 578
615 578
521 665
415 968
456 1037
448 937
553 634
477 879
433 995
433 956
624 605
432 987
503 1021
614 582
471 862
551 688
473 1037
541 652
545 596
547 696
470 1042
588 616
546 607
488 1039
521 1022
564 607
660 599
472 1035
518 745
408 964
516 659
614 713
439 1025
525 645
539 604
406 978
486 863
493 858
517 835
605 731
538 641
480 1019
562 644
555 642
426 971
534 624
488 848
561 579
562 603
525 650
400 980
526 660
490 1020
556 641
450 918
507 831
539 678
446 931
521 728
513 835
497 877
490 850
555 587
440 967
630 592
523 1255
563 657
621 576
455 890
542 684
631 593
522 831
450 924
538 849
501 722
539 636
446 902
444 966
534 608
405 965
513 720
464 881
558 645
578 670
453 918
501 710
556 690
570 600
576 757
615 674
529 672
467 1048
491 855
614 584
460 880
548 676
615 711
539 690
533 1249
437 1024
434 989
570 599
488 841
544 581
594 667
543 582
483 1027
537 645
456 887
487 904
542 646
430 956
469 1040
632 592
500 883
428 1011
556 658
508 874
463 900
462 1032
603 667
450 999
401 984
497 717
557 636
569 666
467 1028
479 1019
573 599
476 1039
601 610
502 710
593 602
526 657
436 984
634 587
526 1245
488 905
606 674
398 972
395 959
497 869
440 916
427 970
559 587
482 1018
511 881
607 606
605 677
492 841
487 1043
590 597
558 586
490 880
496 881
513 1026
412 1008
524 724
497 878
513 723
471 894
542 628
442 964
464 901
455 916
546 672
443 934
556 611
488 847
568 699
560 690
550 612
471 869
605 669
510 859
610 715
566 658
581 756
442 998
505 830
505 719
551 627
612 595
477 907
537 610
436 982
614 674
435 1002
489 864
406 968
521 1024
429 998
618 579
471 889
524 856
527 862
448 939
432 982
637 579
545 641
548 624
590 602
486 1023
489 880
534 614
534 610
539 691
542 581
558 702
565 641
604 659
464 1032
626 578
431 947
548 590
470 1022
518 658
593 668
438 955
562 647
563 621
592 610
568 601
470 997
591 612
442 932
579 665
567 663
547 682
499 871
443 998
435 989
407 969
571 659
600 663
616 677
451 926
444 964
504 871
615 624
445 930
504 865
499 837
461 997
552 625
509 1212
549 632
434 805
565 647
604 725
469 1019
648 584
533 676
575 670
545 672
609 591
527 745
609 600
529 723
493 872
614 678
437 941
518 734
564 656
621 677
561 603
550 637
570 669
403 984
535 649
475 867
613 677
443 946
560 689
406 967
479 863
520 720
446 938
620 576
632 580
487 1035
424 1012
549 663
432 951
584 620
442 908
424 1002
558 688
497 715
536 674
537 847
468 922
475 880
500 867
565 693
487 850
613 584
491 859
438 984
506 1217
454 907
469 992
442 907
455 881
547 577
518 730
451 927
529 1249
447 931
556 648
460 1028
523 854
499 710
570 601
586 621
501 1027
601 613
480 880
552 591
455 903
407 965
448 928
612 571
529 645
518 1020
525 1254
428 970
496 1014
632 578
476 867
553 656
439 979
547 624
401 965
553 689
433 802
622 604
594 602
477 1028
600 614
610 729
466 1048
454 893
494 839
526 655
553 655
546 598
510 865
634 593
394 959
581 762
438 906
466 1035
437 802
593 617
525 1252
540 625
563 600
640 580
442 942
476 910
606 588
540 637
468 992
558 654
438 952
576 759
411 1014
399 959
421 999
630 569
479 879
619 570
397 986
494 873
523 723
401 993
548 586
614 580
524 1244
578 757
536 608
489 906
553 589
582 618
466 1032
470 991
469 1041
568 661
470 1023
550 659
528 721
518 865
432 950
605 660
497 1017
482 847
484 1036
611 713
589 616
525 852
405 990
544 680
544 600
512 1029
563 640
561 689
477 1020
400 972
564 693
528 1253
448 896
482 1029
623 582
513 724
401 970
439 953
554 617
631 564
618 578
544 670
500 838
497 885
436 953
543 685
480 1030
452 897
606 715
413 968
517 657
602 725
470 1050
506 1027
606 731
468 1048
520 1243
508 702
548 664
588 609
466 1050
520 1019
517 710
461 1006
439 981
550 655
521 1020
554 605
550 662
606 724
487 863
434 966
481 1019
514 874
550 589
526 827
513 884
438 802
572 655
550 590
541 626
529 624
506 1216
616 564
615 580
608 608
444 907
619 677
401 995
612 592
558 658
437 948
611 680
523 656
619 580
636 586
446 924
483 878
417 998
481 880
478 1038
544 654
605 721
557 688
389 960
534 621
541 644
519 723
521 658
482 913
610 712
395 958
518 1023
598 609
472 896
415 999
475 904
488 1020
435 1012
465 914
548 656
495 860
528 826
512 875
465 1003
514 732
459 914
521 859
503 721
453 729
522 830
548 589
521 1256
560 599
506 1026
468 1044
426 1001
469 1043
584 618
436 995
557 603
432 805
496 1015
435 955
520 658
637 562
513 876
597 606
498 887
552 622
459 991
473 872
632 575
559 600
505 707
604 607
476 882
489 1045
559 579
429 1008
518 1022
474 881
624 583
475 912
525 667
422 1013
605 659
571 658
483 1031
584 665
525 855
487 858
467 922
441 965
535 616
472 1017
408 1013
536 684
445 901
538 678
560 652
494 877
454 910
552 688
564 697
608 675
560 590
529 860
426 1004
619 601
517 836
475 879
498 882
438 912
610 717
548 658
546 629
389 959
541 680
471 893
610 714
551 614
414 968
545 599
617 569
519 865
450 796
478 871
520 718
462 1037
605 607
504 870
427 1002
428 1010
429 950
457 896
559 643
461 896
558 604
458 1002
583 603
442 959
445 900
549 688
611 679
493 847
467 1029
433 966
540 685
430 957
608 717
582 606
566 636
399 980
425 1006
528 744
505 705
536 614
472 1018
529 1248
542 641
488 844
431 1010
512 834
499 711
529 625
488 859
452 899
513 722
504 1028
533 650
539 603
463 1044
412 961
442 958
459 871
496 840
610 716
411 1013
524 654
507 875
561 637
523 716
462 893
497 876
431 1005
618 568
620 678
428 998
479 1031
511 873
547 669
492 867
616 578
454 896
545 625
522 656
441 968
561 645
439 994
493 839
494 889
612 590
517 655
480 879
623 581
560 635
456 1000
442 953
539 599
438 968
551 596
462 1033
547 587
554 636
638 577
495 884
606 672
498 713
496 716
553 638
443 936
468 870
476 1033
608 603
561 606
464 1006
540 674
469 1018
624 577
498 871
542 686
442 1018
506 832
553 616
604 604
524 745
559 591
565 642
427 1008
493 879
515 774
600 607
585 618
561 590
534 644
505 701
590 610
555 658
554 689
561 698
533 610
496 714
549 682
436 1027
498 1017
554 639
444 967
539 650
615 572
521 1255
438 808
540 605
496 1012
508 875
491 854
548 689
583 605
522 665
457 1035
494 710
629 576
532 613
475 876
513 834
559 592
517 742
431 967
413 964
483 906
538 601
540 671
553 659
604 661
549 633
518 731
633 591
500 863
469 1052
547 634
584 667
475 871
645 582
533 624
527 1243
432 979
548 663
525 864
475 907
449 897
467 1052
469 921
607 601
469 997
496 839
603 669
565 635
402 992
533 608
549 577
408 991
522 824
602 607
431 997
454 920
456 908
434 973
543 578
547 596
474 1014
581 619
476 911
519 719
506 1219
426 1003
550 656
636 579
563 695
531 670
586 610
585 610
539 638
433 977
502 838
452 923
558 583
406 965
400 988
433 945
438 944
537 642
599 617
614 586
639 580
620 570
635 562
464 882
487 861
489 863
529 859
492 885
564 644
558 596
468 871
469 882
429 949
565 621
543 580
460 994
442 961
528 645
545 680
608 727
485 1023
502 863
444 1023
536 613
634 581
585 606
542 578
445 905
642 581
602 613
437 953
478 873
526 649
455 891
443 954
563 599
461 1036
484 1027
566 606
500 708
433 967
600 617
403 970
611 674
530 744
477 1027
601 665
428 1002
560 619
563 690
507 832
482 1033
562 619
607 609
445 1018
595 605
473 875
514 866
436 946
556 635
431 973
441 928
508 1218
445 943
509 829
473 897
486 1024
549 590
427 957
562 609
495 711
513 863
498 1020
540 673
491 857
531 621
403 967
520 729
564 655
431 995
513 728
545 581
553 629
520 746
529 1245
496 717
603 665
417 1007
632 579
484 847
618 679
545 624
524 853
484 844
499 1017
532 673
632 576
416 1014
552 656
538 605
458 877
524 743
419 1015
433 968
389 958
620 572
546 675
431 970
536 676
432 1008
519 1023
435 802
609 717
616 715
624 576
555 641
499 715
521 657
534 678
505 1219
578 752
510 860
450 926
482 1024
454 883
403 966
398 974
434 996
594 617
613 571
616 566
548 691
566 611
521 833
437 808
552 595
610 584
507 828
500 709
481 1026
637 578
523 852
618 597
514 835
538 674
517 842
617 679
530 649
545 675
491 1026
507 703
445 965
438 969
494 870
464 1037
472 880
435 950
481 879
469 1042
586 616
508 835
467 994
622 577
591 601
467 1034
475 869
463 896
456 888
509 707
458 881
512 862
518 838
557 702
398 959
437 1011
468 1022
520 1024
533 604
517 729
445 902
516 711
479 1040
428 957
472 991
532 650
424 1005
616 714
617 571
587 666
542 688
566 657
473 890
416 998
403 990
608 588
604 584
474 867
432 968
509 833
610 585
624 601
527 669
529 724
473 997
621 601
472 1011
558 600
454 724
468 1050
568 609
536 600
570 623
484 907
493 884
546 599
541 689
469 1048
455 918
413 1014
453 902
606 730
561 657
518 863
473 864
509 1214
592 616
403 965
558 584
431 969
431 972
546 696
622 602
500 710
467 1007
500 866
605 584
512 866
447 937
435 1005
404 980
436 1012
534 674
603 668
540 606
549 693
433 984
499 867
502 707
493 880
542 640
390 957
446 922
619 568
468 923
397 977
597 613
419 1003
501 838
537 684
522 744
632 590
534 606
470 1051
518 746
647 585
574 762
550 685
543 641
562 657
411 994
502 719
412 1000
529 1253
513 727
568 600
447 929
433 955
471 989
515 655
416 1006
480 911
628 567
510 863
470 888
569 601
502 704
630 568
548 669
484 1039
619 567
430 953
506 1024
489 845
569 621
519 840
541 600
485 1039
416 970
628 594
596 605
566 643
443 967
450 927
497 838
571 672
643 582
540 675
547 612
562 601
471 998
493 852
479 877
613 714
506 1215
520 841
501 724
445 922
643 579
536 643
459 915
510 862
530 644
441 969
398 976
544 601
546 654
524 862
582 663
605 722
470 1053
494 1015
432 944
572 599
624 578
496 875
424 976
552 580
500 865
558 689
469 1009
456 725
439 906
545 580
457 889
441 963
546 602
477 1032
458 872
557 580
456 726
516 867
543 673
526 743
544 648
558 585
483 846
520 836
437 1015
480 912
611 676
562 697
478 877
402 968
434 1010
453 723
567 646
544 599
553 642
523 1245
549 608
522 658
520 730
401 979
456 915
517 728
521 824
547 668
523 747
431 983
508 701
619 579
571 601
426 1010
446 923
458 991
647 584
428 971
505 1024
520 745
434 809
560 694
536 646
503 865
520 1256
472 1037
501 876
540 638
472 1039
612 588
531 674
592 603
567 601
414 995
492 886
582 751
511 1214
616 603
499 1019
548 653
440 1017
470 1032
393 959
554 614
478 1027
496 879
591 609
421 1000
527 662
470 992
617 570
518 714
408 993
430 950
546 655
567 620
471 913
501 863
420 1010
434 990
445 954
648 585
404 992
487 857
554 615
585 619
555 648
466 1006
491 708
438 1027
475 902
432 1007
404 981
390 955
488 1041
475 878
494 856
478 879
520 742
560 701
426 976
424 1004
612 680
579 666
621 581
454 725
548 629
489 847
581 750
506 830
469 872
432 966
560 656
433 805
625 566
527 1254
571 670
409 963
498 874
439 944
470 1020
530 619
557 652
435 800
478 912
538 690
467 1000
496 711
471 1011
482 906
526 1254
489 1025
519 841
446 1000
601 725
415 1012
477 883
529 744
486 879
474 913
465 885
551 652
465 1044
569 700
579 755
462 882
443 945
493 856
521 729
598 604
454 918
519 730
459 887
560 605
601 614
637 580
552 578
521 1021
560 691
542 639
469 869
494 850
544 602
427 1006
509 706
621 678
620 581
522 1254
472 985
501 878
510 1025
459 996
481 1025
468 918
476 868
438 807
521 853
551 626
461 1031
505 870
555 652
440 953
458 913
584 617
408 965
463 897
548 635
440 915
542 650
507 1215
534 649
566 647
502 717
603 608
570 598
633 578
572 762
519 866
540 690
470 879
452 925
540 603
591 597
424 975
410 992
554 587
496 838
485 1041
454 906
474 862
479 1030
426 1000
428 1006
525 822
632 574
552 592
590 599
450 795
459 896
549 636
557 578
509 704
504 828
465 1048
584 606
440 970
546 596
568 666
470 1030
536 644
544 641
434 812
490 879
497 836
437 994
623 577
444 944
466 900
487 852
548 622
525 743
482 879
492 868
512 878
482 1032
461 998
562 579
471 875
521 829
572 657
459 890
596 616
514 724
492 1045
459 997
551 598
506 882
479 1039
487 907
558 641
564 601
546 613
524 655
557 703
515 720
432 983
511 863
491 1020
428 1001
508 1219
553 615
578 604
626 566
611 715
511 882
580 753
565 644
468 1037
609 603
440 929
504 720
500 874
545 601
564 643
518 835
430 962
472 998
470 1026
451 918
406 975
545 679
607 724
453 901
608 602
415 1011
521 718
436 948
455 999
548 687
522 1247
613 601
411 1007
468 1031
443 956
462 1006
474 1025
618 574
541 645
433 980
613 581
418 1014
449 902
501 719
532 672
525 668
498 879
594 608
597 617
465 1032
602 670
430 947
603 725
493 859
438 1012
438 994
445 953
647 583
612 570
466 1028
495 834
477 1026
548 578
634 561
552 628
510 877
611 594
559 645
459 912
539 607
574 667
431 1008
442 957
433 981
481 1024
438 953
443 932
522 1253
559 599
608 719
532 1251
497 712
481 1018
559 700
451 900
468 1038
403 985
607 715
611 675
519 837
552 659
475 1026
541 606
482 1039
465 1037
458 1001
514 1030
515 711
566 646
516 656
558 578
562 648
437 906
459 893
468 1042
438 983
528 746
496 706
468 919
507 1024
456 891
486 858
601 611
512 722
399 987
454 903
555 690
432 975
605 734
525 647
586 618
492 1027
402 961
605 723
581 755
401 987
432 999
469 924
480 910
424 973
543 581
519 718
546 691
436 811
630 565
561 607
553 579
503 699
468 995
493 865
593 612
576 605
459 999
606 728
468 921
554 651
478 907
468 1052
466 880
553 633
433 950
473 877
572 661
460 914
512 1216
552 636
557 659
633 590
556 706
515 728
425 1015
465 917
465 1049
564 620
510 864
412 1011
533 1248
486 844
608 728
418 1007
523 1246
568 635
429 962
428 995
432 800
523 1243
528 1255
545 691
540 653
574 599
554 638
500 722
577 603
493 864
401 980
577 667
617 717
435 946
596 602
548 677
532 619
542 690
555 579
612 715
551 577
464 1005
392 959
576 604
447 930
499 706
607 604
445 937
543 594
496 713
619 581
492 1019
526 658
537 674
606 584
525 725
494 859
444 965
413 962
546 579
554 629
537 678
571 657
618 599
502 1027
511 864
397 976
437 982
562 656
561 694
630 564
508 878
515 724
631 580
507 1025
440 981
560 618
616 605
541 654
468 1032
556 595
483 1029
642 582
439 910
532 611
557 693
534 645
474 912
435 953
482 1040
515 1025
533 613
623 579
432 992
526 647
436 996
401 986
516 868
523 657
411 997
564 698
497 719
511 859
633 592
486 878
457 897
541 651
554 642
556 655
583 618
521 722
565 606
477 863
494 888
490 856
412 1007
500 1013
506 702
547 631
532 1250
405 981
468 1043
556 622
542 648
426 1008
514 1028
519 732
499 870
521 1253
633 586
542 654
579 759
517 659
543 627
458 907
418 1003
463 1034
404 965
514 730
539 605
481 910
473 899
559 604
455 726
544 672
454 884
434 1011
417 1001
500 723
389 955
603 662
441 942
472 871
507 704
517 654
603 609
612 712
466 882
580 749
548 623
445 1019
525 723
512 865
515 835
483 905
557 594
463 1048
474 900
399 957
541 688
461 1003
476 869
565 690
457 726
520 865
478 872
478 1022
548 636
468 1045
516 834
525 655
561 693
469 1017
527 661
470 882
433 1005
474 1016
535 645
555 605
529 858
509 703
480 1038
549 662
528 1254
533 614
522 857
506 700
502 705
460 996
436 952
457 881
589 612
498 885
563 644
464 888
515 721
524 855
439 998
497 706
405 975
630 567
513 721
438 1016
438 1015
492 862
437 809
509 702
537 598
582 753
420 1014
486 848
489 905
436 947
470 1011
403 958
518 729
538 607
490 1026
487 881
540 624
506 831
468 868
472 899
495 850
450 925
437 1013
471 1027
632 564
540 679
440 1016
482 1038
469 879
448 930
455 998
595 608
635 580
453 905
565 620
541 686
444 935
611 716
610 588
458 995
612 597
470 916
552 589
539 675
438 1024
601 604
550 683
414 1011
524 857
532 676
599 665
488 863
437 984
590 603
549 670
456 914
523 827
518 869
500 881
615 570
578 667
544 673
491 841
612 681
441 1017
488 843
518 717
544 1080
475 881
555 627
439 1016
572 766
532 670
539 677
528 722
564 600
467 1035
634 595
548 627
505 706
454 891
440 980
630 591
533 622
451 924
557 577
521 1252
402 987
521 1019
516 1028
525 1244
425 977
464 1038
465 1007
480 1024
586 666
482 880
451 898
557 705
430 1001
525 828
632 588
547 638
519 662
439 1027
434 1003
551 651
460 898
444 942
458 878
504 838
399 979
545 597
508 1215
535 608
518 656
460 872
612 600
428 959
465 888
552 638
409 1011
491 863
461 895
545 640
456 889
437 995
542 673
557 593
464 1004
405 976
504 724
532 669
492 866
606 675
490 1044
496 859
542 682
541 1083
429 971
607 675
556 593
434 945
556 615
410 962
509 834
518 713
457 995
597 614
547 608
501 875
579 748
520 1252
471 1010
401 983
444 939
517 660
475 1034
390 961
551 597
484 1034
543 593
453 921
495 1014
461 882
447 925
625 578
524 1243
469 1039
508 882
512 863
553 652
443 964
474 866
586 609
483 1021
499 869
564 610
517 713
540 626
492 871
483 877
612 601
546 632
432 978
455 889
616 570
555 636
522 664
484 909
413 998
562 610
471 870
590 595
434 997
480 1031
609 728
443 957
550 625
559 689
430 971
401 982
426 1002
454 919
538 600
497 711
542 627
536 607
477 885
535 674
468 1036
472 1029
633 593
580 762
604 658
402 957
545 643
509 873
414 964
495 709
628 592
546 692
492 1017
515 727
546 676
501 869
442 951
467 999
461 898
512 725
507 705
443 944
545 594
433 970
498 868
435 803
546 660
468 1039
470 1010
473 915
519 838
586 620
601 615
530 1249
579 756
471 897
527 1242
440 942
549 665
620 567
555 654
469 1053
551 686
444 999
550 623
438 913
632 584
474 870
490 1021
531 626
451 999
431 955
528 1248
488 881
489 1021
524 827
410 1010
513 1025
587 663
607 719
542 642
467 882
521 831
552 623
432 1010
467 1033
563 691
522 722
430 961
504 721
552 596
392 960
565 655
518 859
498 1015
557 595
511 877
529 1246
527 1244
475 1039
464 1039
525 644
508 1026
532 610
409 993
550 609
462 887
540 680
601 616
450 1000
484 849
409 964
506 1028
482 1031
432 989
398 958
525 662
529 1247
554 579
502 1025
528 1246
509 861
475 877
437 983
612 585
434 994
458 876
460 995
470 1052
554 616
438 967
434 968
626 598
609 676
488 850
519 839
489 1023
510 835
474 1039
607 728
562 698
505 700
475 862
616 713
478 1039
555 692
512 873
530 745
430 946
410 994
439 969
503 1019
430 967
613 588
531 627
549 694
475 863
440 943
438 909
564 605
553 628
616 716
470 893
522 667
412 962
515 868
520 1023
508 830
566 645
542 607
482 848
615 601
467 1018
554 637
485 907
642 583
408 1011
441 1024
444 930
538 642
538 675
470 993
618 680
452 896
599 605
554 613
429 985
467 1037
453 997
524 1255
484 1023
441 961
529 745
562 696
546 695
468 1023
560 634
455 893
540 636
392 962
527 825
474 902
468 915
410 1011
430 987
438 907
562 645
521 856
613 674
570 664
510 1214
486 1036
600 669
533 649
609 675
502 714
612 674
468 993
499 865
403 988
598 617
427 1001
505 835
437 811
597 604
566 695
423 1012
608 726
557 635
543 689
614 587
573 761
449 930
493 863
596 609
458 889
557 605
403 989
595 613
543 690
476 902
632 587
477 1019
413 997
535 621
459 891
555 655
551 664
397 961
498 881
610 594
577 758
464 885
514 863
539 602
547 666
440 932
627 566
554 658
580 665
476 914
464 1027
595 667
431 950
552 593
501 1015
581 666
618 600
534 605
497 860
482 910
458 996
483 1033
549 680
515 834
589 608
567 635
480 1039
517 837
433 800
616 569
401 964
403 981
473 880
538 644
471 990
602 724
569 664
442 1017
480 877
509 872
400 969
524 746
526 856
470 1045
612 598
467 917
576 656
443 960
425 1012
471 988
547 660
461 1035
563 609
514 711
448 902
436 987
640 578
497 718
431 805
557 689
462 886
439 983
540 623
561 602
442 950
538 599
525 722
439 1021
512 882
476 912
555 689
536 679
509 860
446 925
510 707
587 664
486 857
403 992
430 1000
613 570
504 833
641 583
424 977
577 601
402 964
484 1028
444 981
553 580
547 664
471 888
566 635
549 612
557 650
518 836
559 602
505 871
522 1258
528 672
610 600
523 746
555 617
562 694
470 1028
474 882
430 1010
623 601
523 1256
472 881
629 564
426 1006
586 608
571 671
423 976
402 974
602 665
533 626
465 884
564 603
590 600
511 1025
624 598
497 839
410 964
607 587
543 688
503 829
491 850
569 665
640 583
507 872
576 764
406 966
422 1016
528 720
391 955
489 885
502 1023
541 683
475 906
564 662
483 907
484 1038
481 913
508 1213
494 875
633 583
521 826
399 958
473 862
459 904
535 617
549 625
431 994
429 989
607 676
471 863
459 872
439 1017
523 664
517 727
401 959
565 623
524 672
564 602
399 973
442 962
608 609
557 608
430 989
521 866
500 714
465 1006
555 699
525 827
605 672
442 952
512 1214
528 1243
545 595
499 707
402 973
500 868
567 608
429 992
617 714
546 693
573 661
551 650
460 993
526 669
545 670
409 975
461 876
623 597
457 880
492 1020
481 911
620 573
401 981
525 862
594 607
482 909
438 956
467 915
472 882
492 710
600 668
547 598
471 915
535 678
473 873
410 961
592 608
533 1246
603 664
519 658
544 693
436 950
424 1015
468 924
404 983
601 607
433 1010
577 602
576 602
603 607
427 1010
466 1002
541 636
623 580
559 701
443 1023
438 970
597 607
532 1253
637 585
613 583
467 871
549 683
463 882
425 1004
497 837
441 966
439 943
430 1008
546 600
575 601
506 1214
457 1037
430 959
558 581
530 673
548 670
478 1031
478 878
551 625
491 710
462 894
588 610
490 1025
542 1081
605 670
543 654
542 685
507 1026
624 567
474 903
494 885
521 744
559 642
503 724
633 588
546 603
520 662
505 833
511 722
460 1036
554 706
585 620
614 570
481 1030
554 622
575 763
616 606
492 1018
430 1007
572 764
470 1012
523 654
433 975
404 964
488 904
438 948
546 670
404 973
422 1015
539 623
501 720
540 645
441 967
606 608
474 1040
526 721
422 1014
449 925
521 836
548 587
550 688
483 1023
495 715
455 888
482 903
513 719
446 903
487 878
476 881
598 608
513 711
563 696
638 585
413 1012
411 961
524 744
434 806
636 562
607 717
565 601
401 968
417 999
586 622
488 1040
599 604
411 965
547 670
408 992
401 961
615 712
559 702
438 951
493 875
610 726
409 973
518 716
556 697
595 666
629 567
459 876
476 913
559 597
559 583
495 889
515 1026
470 1046
591 615
564 624
437 1027
467 914
559 619
572 765
642 580
541 643
465 1046
530 1255
611 588
502 1024
428 990
500 870
592 667
556 705
471 895
469 1036
459 993
438 978
554 624
611 593
493 885
492 877
472 1025
504 835
473 1025
440 906
550 633
505 1026
551 663
618 601
421 1014
454 905
454 885
564 636
494 848
440 933
510 882
593 615
498 839
605 671
565 600
575 656
397 974
544 607
525 669
498 884
447 936
509 882
526 862
429 1010
472 870
493 868
469 1020
554 654
433 804
470 984
574 668
551 630
557 633
460 877
423 1001
440 1023
492 1016
467 1030
613 678
452 1001
539 651
522 715
475 910
456 900
591 598
425 1002
546 601
467 997
491 843
536 645
624 606
485 909
404 979
580 755
609 713
408 979
623 604
444 943
455 899
418 1010
539 645
416 1016
431 975
535 648
458 1035
528 646
506 833
473 871
534 622
519 867
547 635
601 612
590 601
526 1244
417 1010
512 883
403 969
526 671
560 651
454 909
565 611
418 1004
458 905
554 650
436 969
628 578
510 881
387 960
435 812
571 765
496 858
442 1024
533 612
583 665
524 726
477 1021
443 955
632 577
443 953
415 1000
454 997
486 907
489 846
443 943
526 659
441 906
443 968
478 1026
439 1018
443 931
627 577
478 911
607 605
566 600
506 701
499 868
625 598
575 671
404 974
413 1007
547 665
451 904
484 878
468 869
644 579
517 864
456 893
432 949
462 1003
608 724
431 968
530 621
611 570
467 1032
528 861
463 1039
551 629
458 915
547 630
541 599
578 763
449 895
601 664
472 1015
533 675
557 692
620 596
429 1000
565 607
399 978
511 879
438 908
508 871
505 1220
427 999
587 665
511 865
468 920
530 1250
468 1008
444 1025
462 1031
614 601
529 748
477 1039
622 581
590 666
435 941
513 1216
556 650
467 998
565 610
550 684
504 705
531 1252
529 620
593 667
581 754
552 634
452 895
581 606
428 994
532 621
456 907
468 882
536 678
525 863
455 900
459 897
538 845
524 671
578 762
642 579
498 875
460 1029
576 763
561 608
452 921
560 645
434 808
419 1010
569 620
605 720
496 1013
555 613
444 941
496 715
562 640
461 1034
624 604
600 608
474 1028
515 836
616 567
597 610
586 611
520 837
464 887
581 752
529 644
400 959
539 689
497 875
488 842
613 568
428 1000
470 915
444 1017
578 603
437 946
485 1036
522 827
452 922
489 860
515 1027
605 675
435 951
551 653
635 585
605 608
484 905
524 738
435 954
487 1022
605 588
592 612
561 610
445 923
555 616
479 910
502 1022
555 622
435 801
559 590
459 906
562 699
443 935
525 1255
496 705
619 596
500 707
474 872
542 649
503 870
529 1250
476 1032
454 904
417 1004
560 644
535 609
436 949
433 983
550 664
484 908
568 663
634 584
579 747
529 1244
632 586
502 699
593 595
501 868
620 571
605 658
591 667
561 618
562 637
577 671
560 692
563 620
472 1012
586 619
563 622
497 1015
577 670
460 881
537 599
492 1022
401 969
408 975
459 903
551 608
536 683
583 667
484 1037
441 981
501 865
621 577
550 680
606 610
508 832
433 954
562 617
541 679
526 738
468 1049
553 658
566 655
435 968
441 960
460 886
493 1015
592 595
460 1002
522 1019
417 1002
578 666
559 589
581 605
610 728
427 956
433 801
529 1255
544 625
547 658
577 668
472 1038
646 582
483 1022
502 1020
436 985
432 981
500 1027
486 881
511 880
557 587
598 618
519 657
498 719
579 605
457 905
471 1032
538 622
530 650
519 714
501 1020
605 676
397 988
456 881
526 745
470 998
476 863
603 603
601 603
541 684
604 724
575 600
502 1016
497 840
433 944
546 681
467 1001
552 690
406 991
604 662
473 866
462 890
485 862
398 961
564 637
439 915
547 632
513 875
568 608
501 721
498 712
397 960
565 696
415 995
471 887
563 637
445 999
447 935
517 712
466 868
511 708
577 759
597 605
507 829
541 646
558 657
470 1029
485 849
460 876
416 1013
442 967
590 596
502 870
475 1027
553 700
458 903
446 999
455 919
523 853
435 1003
523 722
548 688
543 642
549 686
515 656
437 997
589 599
532 671
505 1027
450 902
622 582
454 913
621 574
492 1021
512 879
523 666
442 1023
443 981
566 648
475 911
458 912
522 666
443 933
433 985
522 716
512 1215
493 851
556 692
429 995
528 745
462 896
641 579
444 1026
616 579
433 949
546 680
439 997
474 914
457 879
469 1032
454 895
609 594
532 620
391 957
556 691
449 795
398 987
521 743
527 861
477 867
517 718
437 979
606 611
440 965
469 915
421 1001
491 858
557 589
519 716
533 672
482 911
441 932
502 722
444 900
442 906
522 1244
612 677
467 1051
417 1003
471 882
444 937
430 1005
476 883
440 930
468 1030
542 1080
592 605
411 1008
488 1043
597 603
618 598
465 882
500 869
447 1000
537 622
550 611
402 985
419 1013
613 626
569 672
492 1044
564 609
460 890
522 1257
485 1043
426 974
471 986
557 592
473 914
509 832
545 593
556 579
440 1021
504 716
560 606
505 834
434 946
401 963
437 913
508 829
525 651
500 882
459 1002
546 578
491 886
498 886
474 871
497 859
535 623
550 610
579 753
414 998
509 871
465 883
469 1021
493 841
567 607
560 587
514 875
494 871
559 634
514 1029
607 716
559 644
488 1022
436 970
646 584
503 1027
485 847
573 601
558 656
508 873
443 950
525 653
459 907
494 874
492 1026
547 661
633 562
605 673
516 866
448 926
547 681
561 636
551 660
456 886
427 1003
525 646
468 867
477 911
415 994
507 700
441 1025
439 1012
593 616
468 879
454 726
432 965
456 905
491 860
550 636
571 656
560 654
437 810
636 561
559 585
565 648
502 1026
409 962
578 605
549 658
487 859
614 581
563 639
589 665
522 856
489 882
403 968
526 648
556 704
612 568
597 608
499 714
539 684
643 578
566 661
503 722
408 1012
428 993
468 1016
551 659
436 994
563 638
453 900
507 830
469 1010
458 1037
617 680
433 943
500 1015
534 1249
523 667
532 612
538 638
526 662
427 1007
493 850
502 1019
608 601
469 1022
517 716
623 599
478 867
437 988
548 694
533 625
469 1016
437 1012
574 605
552 612
558 595
434 807
454 723
400 974
557 597
471 890
465 886
495 875
556 636
406 979
518 732
617 567
566 607
488 1042
493 848
498 860
525 1253
410 973
456 885
577 763
619 569
549 630
603 663
541 628
520 721
516 865
434 1005
518 862
519 862
520 862
519 861
519 860
520 860
519 859
521 860
519 858
522 860
519 857
523 860
520 857
524 860
523 861
521 857
515 869
514 869
514 870
513 870
514 871
512 870
515 871
514 872
511 870
512 871
512 869
515 872
513 872
514 873
511 869
512 872
512 868
629 566
513 873
526 854
526 853
527 853
558 582
528 853
529 720
529 722
529 853
528 854
555 649
530 853
529 852
539 649
548 692
547 691
531 853
529 851
491 709
532 853
531 854
529 850
542 647
533 853
528 850
534 853
533 854
533 852
528 849
512 856
533 855
533 851
527 849
528 848
512 857
533 856
534 851
533 850
529 848
528 847
513 858
535 851
534 850
532 850
533 849
512 858
535 850
533 848
511 858
532 848
533 847
538 848
532 847
534 847
536 846
538 847
534 846
535 853
536 853
537 853
538 853
539 853
540 853
540 854
540 852
541 854
540 851
542 854
540 850
543 854
542 855
542 853
539 850
544 854
542 856
542 852
545 854
542 857
546 854
545 855
547 854
545 856
548 854
547 853
546 856
544 856
548 855
548 853
547 856
544 857
548 852
547 857
544 858
549 852
548 851
548 857
545 858
549 851
549 850
550 850
551 850
552 850
553 850
552 849
554 850
553 851
552 848
554 851
554 849
551 848
555 851
554 852
555 849
554 848
550 848
554 853
556 849
554 847
555 853
553 853
554 854
555 847
556 853
553 854
556 847
556 854
553 855
556 846
553 856
556 845
552 856
553 857
556 844
552 857
554 857
553 858
556 843
552 858
554 858
555 843
556 842
554 859
556 841
554 860
557 841
555 860
553 860
558 841
553 861
559 841
558 840
553 862
560 841
559 840
554 862
553 863
561 841
560 840
559 839
553 864
562 841
561 842
554 864
562 842
562 840
555 864
554 865
563 842
562 843
563 840
556 864
554 866
563 843
564 840
557 864
555 866
554 867
563 844
565 840
558 864
555 867
553 867
564 844
565 839
558 863
555 868
552 867
565 844
564 845
566 839
565 838
559 863
558 862
556 868
551 867
552 868
565 845
565 843
564 846
564 838
565 837
557 868
550 867
551 868
552 869
566 845
566 843
563 846
564 847
564 837
558 868
549 867
550 868
550 866
552 870
567 843
563 847
563 837
564 836
559 868
553 870
551 870
568 843
562 837
564 835
559 869
559 867
550 870
569 843
562 836
564 834
559 870
560 867
549 870
550 871
570 843
569 842
561 836
564 833
560 870
561 867
560 866
549 871
571 843
570 844
570 842
569 841
564 832
561 870
548 871
571 844
569 840
565 832
563 832
562 870
547 871
566 832
565 831
562 832
563 831
562 871
562 869
546 871
547 872
547 870
567 832
562 833
563 830
546 872
547 873
567 833
564 830
563 829
547 874
567 834
562 829
563 828
547 875
568 834
561 829
564 828
563 827
546 875
569 834
568 835
561 828
565 828
562 827
563 826
545 875
570 834
569 833
568 836
561 827
566 828
563 825
545 876
571 834
570 835
561 826
566 829
566 827
562 825
544 876
545 877
572 834
567 829
562 824
543 876
546 877
573 834
572 833
567 830
562 823
543 875
547 877
574 834
572 832
562 822
543 874
547 878
575 834
573 832
561 822
562 821
548 878
576 834
560 822
563 821
549 878
577 834
560 821
564 821
550 878
549 877
578 834
559 821
565 821
551 878
550 879
579 834
558 821
566 821
565 822
551 879
551 877
580 834
579 835
557 821
558 820
552 879
551 880
581 834
556 821
553 879
551 881
582 834
581 835
555 821
556 820
554 879
550 881
583 834
582 833
554 821
555 822
556 819
555 879
554 880
554 878
549 881
550 882
583 835
582 832
554 822
555 823
555 819
556 879
555 878
554 881
554 877
549 880
550 883
583 836
583 832
582 831
554 823
556 823
555 818
556 880
555 877
553 881
551 883
584 836
583 831
582 830
553 823
554 818
552 883
551 884
585 836
584 831
581 830
552 823
553 818
553 883
552 882
551 885
586 836
584 830
580 830
552 818
552 885
587 836
586 835
584 829
580 831
580 829
552 817
587 835
580 832
580 828
552 816
588 835
579 832
581 828
580 827
553 816
551 816
552 815
589 835
588 834
582 828
579 827
553 815
552 814
589 836
578 827
554 815
551 814
589 837
577 827
578 828
555 815
550 814
551 813
589 838
577 826
550 813
551 812
589 839
576 826
550 812
552 812
589 840
575 826
549 812
553 812
552 811
589 841
574 826
548 812
549 811
553 811
588 841
589 842
573 826
574 825
548 813
548 811
549 810
589 843
572 826
574 824
547 813
550 810
589 844
572 825
575 824
546 813
547 814
550 809
588 844
571 825
576 824
546 812
547 815
550 808
588 845
571 824
576 823
546 815
547 816
551 808
550 807
588 846
570 824
576 822
545 815
548 816
549 807
589 846
575 822
576 821
544 815
545 816
548 817
548 807
549 806
590 846
589 847
575 821
576 820
543 815
544 816
548 818
548 808
549 805
591 846
590 845
589 848
574 821
577 820
547 808
548 809
550 805
548 805
590 848
577 819
547 805
548 804
591 848
578 819
548 803
591 849
578 818
548 802
592 849
591 850
579 818
549 802
547 802
548 801
593 849
592 850
590 850
580 818
549 801
548 800
594 849
589 850
581 818
550 801
549 800
547 800
548 799
595 849
594 848
589 851
582 818
551 801
548 798
596 849
582 817
552 801
551 802
549 798
547 798
597 849
596 850
596 848
582 816
553 801
552 802
551 803
549 797
598 849
596 851
596 847
583 816
554 801
552 803
550 803
551 804
549 796
599 849
596 852
597 847
596 846
584 816
552 804
550 796
548 796
599 850
599 848
595 852
596 853
598 847
595 846
596 845
584 815
548 795
595 853
597 853
596 854
598 846
597 845
596 844
585 815
584 814
548 794
598 853
597 854
596 855
597 844
595 844
585 814
584 813
548 793
596 856
598 844
594 844
595 843
585 813
583 813
549 793
548 792
595 856
596 857
599 844
594 845
586 813
582 813
550 793
548 791
595 857
596 858
599 845
593 845
587 813
586 812
581 813
551 793
596 859
593 846
587 814
586 811
552 793
597 859
588 814
587 811
585 811
553 793
552 792
597 860
588 811
587 810
585 810
553 794
552 791
598 860
588 810
554 794
553 795
553 791
551 791
552 790
599 860
589 810
588 809
555 794
552 795
553 796
553 790
551 790
600 860
599 859
590 810
588 808
554 796
553 797
554 790
551 789
601 860
599 858
591 810
589 808
554 797
554 789
551 788
601 861
599 857
592 810
555 797
550 788
601 862
600 857
593 810
555 798
549 788
602 862
600 862
601 857
593 809
549 789
549 787
602 863
599 862
600 863
602 857
594 809
593 808
548 789
548 787
549 786
603 863
599 863
600 864
602 858
602 856
595 809
594 808
547 789
550 786
603 864
600 865
602 859
595 810
594 807
546 789
550 785
603 865
601 865
603 859
595 807
545 789
550 784
603 866
604 859
596 807
595 806
545 790
545 788
551 784
549 784
605 859
596 806
595 805
544 790
544 788
552 784
551 783
597 806
594 805
543 790
543 788
544 787
553 784
551 782
597 805
594 804
543 789
543 787
544 786
554 784
553 785
553 783
552 782
598 805
597 804
593 804
594 803
542 789
544 785
555 784
594 802
541 789
544 784
594 801
540 789
544 783
593 801
539 789
543 783
593 800
538 789
539 790
539 788
542 783
592 800
593 799
539 791
541 783
542 784
591 800
592 799
593 798
540 791
538 791
540 783
541 782
542 785
590 800
593 797
538 792
539 783
541 781
542 786
589 800
590 801
590 799
538 793
538 783
539 782
540 781
590 802
590 798
538 794
539 781
540 780
589 802
590 803
589 798
590 797
539 780
588 802
590 804
588 798
589 797
590 796
538 780
587 802
588 803
589 804
587 798
588 799
591 796
537 780
538 779
587 801
588 804
589 805
587 797
591 795
537 781
537 779
538 778
586 801
592 795
536 781
537 778
539 778
538 777
585 801
535 781
536 782
537 777
585 800
534 781
535 780
536 777
537 776
585 799
534 782
535 777
533 782
534 783
534 777
532 782
534 784
534 776
531 782
535 784
534 785
534 775
530 782
536 784
535 775
534 774
530 783
530 781
535 774
534 773
530 784
530 780
533 773
534 772
530 785
530 779
532 773
534 771
530 786
529 779
530 778
532 772
535 771
534 770
531 786
529 786
528 779
531 778
532 771
536 771
535 770
528 786
529 787
527 779
528 780
532 778
531 771
536 772
527 786
529 788
526 779
527 780
530 771
526 786
528 788
529 789
525 779
526 778
527 781
530 770
525 786
526 787
529 790
525 780
525 778
529 770
525 787
526 788
529 791
524 778
525 777
528 770
524 787
526 789
530 791
529 792
523 778
525 776
528 771
528 769
523 787
527 789
530 792
528 792
523 779
526 776
524 776
528 772
528 768
523 788
531 792
527 792
522 779
523 776
524 775
527 772
528 773
528 767
523 789
532 792
526 792
522 780
526 772
528 766
524 789
522 789
521 780
525 772
526 771
529 766
520 780
521 781
525 771
530 766
519 780
524 771
531 766
530 767
518 780
519 781
519 779
524 770
532 766
530 768
518 779
524 769
533 766
517 779
534 766
533 765
516 779
535 766
534 765
516 778
536 766
535 765
515 778
537 766
535 764
514 778
535 763
514 779
514 777
535 762
514 780
513 777
514 776
535 761
515 780
512 777
515 776
514 775
534 761
535 760
515 781
511 777
515 775
514 774
533 761
536 760
535 759
511 776
533 762
535 758
511 775
533 763
535 757
510 775
511 774
535 756
509 775
536 756
535 755
508 775
537 756
536 755
535 754
508 776
537 755
536 754
535 753
507 776
536 753
535 752
506 776
537 753
534 752
506 777
506 775
538 753
506 778
506 774
538 754
538 752
506 779
506 773
539 754
539 752
538 751
507 779
505 779
505 773
539 751
537 751
508 779
504 779
505 780
504 773
505 772
540 751
509 779
504 780
504 774
505 771
540 750
509 780
503 780
504 775
504 771
540 749
509 781
503 781
541 749
539 749
509 782
502 781
503 782
542 749
541 748
539 748
509 783
502 782
504 782
542 750
542 748
541 747
538 748
510 783
508 783
501 782
543 748
541 746
537 748
538 747
500 782
544 748
540 746
541 745
500 781
544 747
541 744
499 781
500 780
544 746
542 744
541 743
498 781
500 779
544 745
543 744
541 742
497 781
500 778
543 743
501 778
499 778
500 777
544 743
498 778
500 776
545 743
498 779
498 777
501 776
499 776
500 775
546 743
545 742
498 776
499 775
547 743
546 742
498 775
499 774
548 743
547 744
546 741
499 773
549 743
548 742
547 745
546 740
499 772
550 743
547 740
500 772
499 771
551 743
548 740
547 739
501 772
498 771
552 743
549 740
502 772
497 771
552 744
549 739
503 772
496 771
497 772
552 745
549 738
495 771
553 745
494 771
553 746
494 772
494 770
553 747
494 773
554 747
552 747
553 748
495 773
493 773
555 747
553 749
492 773
555 746
554 749
491 773
556 746
554 750
490 773
491 774
557 746
555 750
489 773
491 775
558 746
557 745
555 751
489 774
489 772
491 776
557 744
555 752
488 774
491 777
556 744
557 743
554 752
555 753
487 774
490 777
491 778
555 744
558 743
557 742
553 752
556 753
486 774
489 777
490 778
555 743
557 741
552 752
553 751
556 754
486 773
489 778
490 779
554 743
557 740
551 752
552 753
557 754
486 772
488 778
489 779
490 780
556 740
552 754
558 754
557 755
486 771
488 779
491 780
490 781
555 740
552 755
559 754
558 753
557 756
486 770
488 780
491 781
555 741
555 739
553 755
552 756
560 754
558 752
556 756
557 757
486 769
487 780
554 741
554 739
551 756
552 757
560 753
559 752
557 752
555 756
556 757
557 758
485 769
553 739
554 738
550 756
560 752
589 615
557 759
484 769
485 768
553 740
554 737
550 757
561 752
556 759
557 760
483 769
484 770
484 768
485 767
553 737
550 758
561 751
557 761
482 769
484 767
486 767
552 737
553 736
549 758
561 750
481 769
484 766
551 737
553 735
548 758
562 750
561 749
480 769
483 766
551 736
554 735
563 750
562 749
560 749
561 748
479 769
482 766
483 765
551 735
554 734
564 750
563 751
561 747
479 770
479 768
481 766
483 764
551 734
555 734
554 733
565 750
562 747
560 747
561 746
478 770
484 764
482 764
554 732
566 750
560 746
561 745
478 771
485 764
482 763
555 732
566 749
560 745
562 745
477 771
485 765
485 763
566 748
559 745
563 745
477 772
486 763
567 748
565 748
564 745
563 746
477 773
487 763
564 748
565 745
564 746
478 773
476 773
477 774
488 763
487 764
563 748
566 745
479 773
475 773
476 774
488 762
487 765
566 746
566 744
480 773
479 774
479 772
474 773
489 762
488 761
567 744
566 743
481 773
473 773
474 774
490 762
487 761
568 744
565 743
482 773
481 772
472 773
473 772
474 775
491 762
486 761
487 760
568 745
568 743
565 742
483 773
471 773
473 771
475 775
473 775
491 763
491 761
486 760
487 759
569 745
568 746
568 742
483 774
471 774
475 776
492 763
491 764
491 760
487 758
570 745
568 741
483 775
471 775
475 777
493 763
492 764
491 765
487 757
570 746
569 741
483 776
470 775
494 763
493 764
491 766
487 756
571 746
570 747
570 741
483 777
469 775
494 762
493 765
486 756
487 755
572 746
571 747
570 748
571 741
570 742
570 740
483 778
469 776
469 774
494 765
493 766
487 754
572 747
569 748
570 749
572 741
570 743
482 778
483 779
469 777
488 754
487 753
572 748
570 750
572 742
572 740
481 778
484 779
468 777
469 778
489 754
486 753
573 748
570 751
572 739
480 778
481 779
485 779
484 780
467 777
470 778
469 779
490 754
486 752
574 748
571 751
570 752
573 739
571 739
479 778
480 777
485 778
466 777
467 776
468 779
469 780
490 753
485 752
486 751
574 749
574 747
572 751
571 752
570 753
574 739
573 738
478 778
485 777
467 775
467 779
468 780
470 780
491 753
490 752
485 751
574 746
572 752
574 740
574 738
573 737
478 779
466 775
466 779
471 780
492 753
489 752
490 751
484 751
574 745
573 752
572 753
575 740
574 737
573 736
477 779
478 780
465 775
466 774
466 780
472 780
493 753
491 751
490 750
483 751
484 750
575 745
573 745
572 754
576 740
573 735
478 781
464 775
466 773
466 781
472 781
494 753
493 752
491 750
490 749
483 750
484 749
576 745
573 754
572 755
576 741
574 735
478 782
464 774
466 772
465 781
473 781
494 754
492 750
489 749
483 749
485 749
484 748
577 745
574 754
571 755
576 742
575 735
478 783
463 774
465 772
466 771
464 781
465 782
474 781
495 754
493 750
488 749
482 749
578 745
574 755
574 753
571 756
575 734
478 784
462 774
464 772
466 770
463 781
465 783
475 781
474 780
496 754
495 755
494 750
487 749
481 749
579 745
574 756
570 756
575 733
479 784
478 785
463 772
465 770
462 781
465 784
497 754
495 756
495 750
487 748
480 749
481 750
579 746
575 756
574 757
569 756
570 757
575 732
479 785
477 785
465 769
461 781
462 780
466 784
465 785
498 754
495 757
496 750
495 751
495 749
487 747
480 750
480 748
580 746
544 742
576 732
574 732
479 786
464 769
465 768
461 782
462 779
466 785
464 785
465 786
499 754
494 757
495 758
497 750
496 751
495 748
486 747
487 746
480 751
581 746
660 598
577 732
576 731
479 787
463 769
462 778
466 786
463 785
465 787
500 754
499 755
499 753
494 758
498 750
487 745
479 751
582 746
581 747
659 597
577 733
576 730
480 787
478 787
463 768
462 777
462 785
463 786
465 788
500 755
500 753
499 752
494 759
488 745
486 745
478 751
479 752
583 746
582 745
661 598
577 730
576 729
477 787
462 768
461 785
462 786
462 784
466 788
464 788
501 755
498 752
488 744
477 751
479 753
584 746
582 744
660 597
576 728
476 787
477 788
462 767
460 785
461 786
467 788
464 789
502 755
501 756
497 752
489 744
477 750
480 753
478 753
582 743
661 597
576 727
476 788
462 766
459 785
461 787
468 788
463 789
503 755
501 757
490 744
477 749
477 753
583 743
662 596
576 726
475 788
459 786
461 788
468 787
462 789
500 757
501 758
491 744
478 749
477 748
476 753
584 743
661 596
661 595
576 725
459 787
462 788
460 788
461 789
469 787
468 786
499 757
501 759
491 743
477 747
475 753
660 594
577 725
575 725
458 787
461 790
468 785
499 758
502 759
501 760
491 742
478 747
477 746
474 753
475 754
664 590
661 594
663 590
578 725
574 725
457 787
458 788
461 791
501 761
492 742
490 742
476 746
477 745
473 753
474 752
662 594
663 591
664 592
579 725
573 725
574 726
456 787
458 789
501 762
493 742
489 742
490 741
475 746
477 744
472 753
662 593
663 592
662 592
579 726
572 725
459 789
457 789
502 762
500 762
501 763
494 742
493 741
488 742
475 747
472 752
661 592
661 591
658 593
580 726
572 724
457 790
503 762
501 764
495 742
493 740
487 742
488 741
475 748
471 752
661 590
658 592
660 590
581 726
572 723
456 790
500 764
496 742
493 739
486 742
487 741
470 752
471 751
658 591
581 727
581 725
572 722
456 791
500 765
496 743
494 739
492 739
485 742
469 752
470 751
471 750
659 590
582 725
572 721
455 791
456 792
497 743
495 739
494 738
492 738
484 742
468 752
470 750
658 590
583 725
582 724
573 721
454 791
457 792
456 793
496 739
495 740
495 738
494 737
491 738
483 742
470 749
656 589
657 590
583 726
582 723
573 720
453 791
456 794
497 739
495 737
493 737
491 737
470 748
656 590
584 726
583 727
582 722
573 719
453 792
455 794
456 795
498 739
497 738
496 737
493 736
490 737
470 747
655 590
654 590
585 726
583 728
583 722
581 722
582 721
573 718
452 792
455 795
456 796
497 737
489 737
470 746
654 589
584 728
583 721
581 721
572 718
452 793
454 795
456 797
498 737
488 737
469 746
470 745
653 589
584 729
584 721
580 721
581 720
571 718
456 798
499 737
487 737
488 738
488 736
471 745
470 744
653 585
584 730
584 720
570 718
456 799
500 737
499 736
486 737
487 736
470 743
654 586
584 731
569 718
570 719
457 799
501 737
500 738
486 736
471 743
469 743
652 589
653 586
585 731
583 731
569 717
570 720
457 800
502 737
501 738
501 736
485 736
471 742
468 743
469 742
652 588
653 587
586 731
585 732
582 731
568 717
569 716
458 800
457 801
503 737
501 735
485 735
472 742
467 743
652 587
585 733
582 732
570 716
569 715
456 801
504 737
503 738
500 735
484 735
485 734
472 741
466 743
467 742
651 587
586 733
585 734
582 733
570 715
569 714
455 801
505 737
484 734
486 734
472 740
466 742
645 588
644 587
587 733
586 734
584 734
585 735
582 734
571 715
569 713
454 801
506 737
483 734
487 734
472 739
465 742
466 741
651 586
588 733
586 735
581 734
571 714
568 713
569 712
453 801
454 802
507 737
506 738
483 733
471 739
472 738
464 742
645 587
589 733
587 735
581 735
572 714
568 712
569 711
453 802
454 803
507 738
507 736
483 732
472 737
463 742
464 743
644 586
590 733
588 735
573 714
572 713
567 712
570 711
452 802
453 803
455 803
508 738
507 735
482 732
473 737
472 736
462 742
463 741
464 744
650 586
646 587
591 733
588 736
574 714
566 712
451 802
456 803
508 739
508 735
481 732
482 731
474 737
472 735
463 740
645 586
592 733
588 737
575 714
565 712
566 711
451 803
457 803
456 804
509 735
508 734
481 733
481 731
475 737
474 738
471 735
463 739
650 585
593 733
589 737
576 714
564 712
565 711
566 710
450 803
458 803
456 805
510 735
508 733
480 733
480 731
481 730
475 738
475 736
470 735
462 739
463 738
636 560
647 587
594 733
593 732
590 737
564 713
565 710
449 803
459 803
458 802
456 806
511 735
507 733
480 734
479 731
481 729
475 739
469 735
470 734
461 739
464 738
463 737
646 586
650 584
593 731
590 738
564 710
448 803
459 804
457 806
512 735
511 736
506 733
507 732
479 730
482 729
480 729
475 740
469 734
470 733
465 738
462 737
463 736
593 730
564 709
447 803
458 806
513 735
512 736
507 731
479 729
482 728
480 728
474 740
469 733
471 733
461 737
463 735
594 730
592 730
564 708
446 803
459 806
513 736
512 737
508 731
507 730
482 727
469 732
461 736
462 735
595 730
591 730
565 708
446 804
446 802
460 806
514 736
513 737
512 738
506 730
507 729
483 727
481 727
469 731
460 736
462 734
596 730
591 731
591 729
566 708
565 707
446 805
445 802
446 801
461 806
460 805
514 737
512 739
507 728
484 727
481 726
470 731
469 730
460 735
597 730
567 708
566 707
565 706
444 802
446 800
515 737
512 740
507 727
484 728
481 725
470 730
459 735
598 730
566 706
564 706
443 802
444 801
445 800
446 799
516 737
512 741
508 727
506 727
481 724
471 730
470 729
458 735
459 734
598 729
566 705
564 705
443 803
446 798
517 737
513 741
512 742
509 727
505 727
482 724
480 724
458 734
599 729
566 704
563 705
443 804
447 798
446 797
518 737
517 738
517 736
514 741
509 728
509 726
504 727
482 723
457 734
599 728
565 704
566 703
563 704
442 804
448 798
447 797
446 796
519 737
517 739
517 735
515 741
510 728
510 726
509 725
503 727
504 728
483 723
482 722
456 734
600 728
566 702
563 703
441 804
449 798
446 795
520 737
517 740
515 742
511 728
510 729
509 724
503 726
504 729
481 722
482 721
455 734
456 733
601 728
566 701
563 702
440 804
450 798
449 799
521 737
518 740
511 729
510 730
509 723
502 726
505 729
504 730
480 722
481 721
455 733
602 728
567 701
566 700
562 702
440 805
440 803
451 798
522 737
521 736
519 740
518 741
512 729
510 723
508 723
501 726
455 732
602 729
602 727
567 700
562 701
439 805
439 803
440 802
451 797
523 737
519 739
518 742
513 729
511 723
510 722
501 727
501 725
455 731
603 727
602 726
568 700
561 701
562 700
439 806
438 803
440 801
451 796
524 737
523 738
522 1024
522 1025
523 1025
522 1026
524 1025
525 1025
524 1026
526 1025
524 1027
527 1025
524 1028
528 1025
524 1029
529 1025
524 1030
530 1025
529 1024
523 1030
524 1031
531 1025
524 1032
532 1025
531 1024
525 1032
523 1032
533 1025
531 1023
523 1033
534 1025
532 1023
522 1033
534 1026
534 1024
532 1022
521 1033
522 1034
535 1026
534 1027
535 1024
532 1021
520 1033
521 1034
521 1032
536 1026
534 1028
535 1023
532 1020
520 1034
521 1031
536 1027
533 1020
531 1020
532 1019
519 1034
536 1028
534 1020
530 1020
518 1034
537 1028
536 1029
535 1020
534 1021
530 1019
518 1035
518 1033
537 1029
536 1030
536 1020
535 1019
517 1033
535 1018
516 1033
535 1017
516 1034
535 1016
516 1035
535 1015
516 1036
534 1015
516 1037
533 1015
515 1037
533 1014
515 1038
533 1013
515 1039
534 1013
532 1013
515 1040
534 1012
515 1041
516 1041
515 1042
516 1042
514 1042
515 1043
517 1042
513 1042
518 1042
517 1043
513 1041
518 1043
519 1043
518 1044
520 1043
519 1044
521 1043
520 1042
519 1045
521 1042
520 1041
519 1046
522 1042
521 1041
520 1046
518 1046
521 1046
518 1047
522 1046
521 1047
517 1047
523 1046
516 1047
524 1046
523 1047
515 1047
525 1046
524 1047
524 1045
523 1048
514 1047
515 1048
526 1046
514 1046
515 1049
527 1046
526 1045
516 1049
515 1050
528 1046
517 1049
516 1050
514 1050
529 1046
528 1047
514 1051
529 1047
528 1048
514 1052
529 1048
528 1049
515 1052
530 1048
529 1049
516 1052
531 1048
529 1050
516 1053
532 1048
530 1050
517 1053
516 1054
533 1048
532 1049
518 1053
516 1055
534 1048
532 1050
518 1054
515 1055
535 1048
534 1049
534 1047
532 1051
518 1055
515 1056
536 1048
535 1049
534 1050
534 1046
518 1056
514 1056
536 1049
534 1051
535 1046
533 1046
519 1056
517 1056
513 1056
537 1049
536 1050
536 1046
532 1046
519 1057
517 1057
512 1056
513 1057
538 1049
536 1051
536 1045
519 1058
512 1055
513 1058
538 1050
536 1052
537 1045
512 1054
513 1059
538 1051
535 1052
536 1053
538 1045
511 1054
512 1053
514 1059
538 1052
536 1054
539 1045
538 1046
538 1044
510 1054
512 1052
515 1059
514 1060
537 1054
536 1055
540 1045
509 1054
515 1060
537 1055
535 1055
541 1045
540 1046
508 1054
509 1055
509 1053
516 1060
515 1061
538 1055
542 1045
541 1044
508 1055
509 1052
517 1060
539 1055
543 1045
541 1043
507 1055
509 1051
518 1060
517 1059
539 1056
543 1046
543 1044
542 1043
506 1055
510 1051
508 1051
509 1050
519 1060
518 1059
540 1056
539 1057
544 1046
543 1043
506 1056
511 1051
507 1051
508 1050
509 1049
520 1060
541 1056
540 1057
539 1058
505 1056
507 1050
509 1048
521 1060
520 1061
542 1056
541 1057
541 1055
504 1056
509 1047
520 1062
542 1057
542 1055
541 1058
541 1054
503 1056
509 1046
520 1063
542 1058
541 1059
540 1054
502 1056
510 1046
521 1063
520 1064
543 1058
541 1060
502 1057
502 1055
519 1064
540 1060
541 1061
501 1055
539 1060
540 1061
542 1061
500 1055
538 1060
542 1062
499 1055
500 1056
500 1054
537 1060
538 1061
498 1055
499 1056
499 1054
500 1057
537 1059
538 1062
498 1054
500 1058
536 1059
539 1062
538 1063
497 1054
501 1058
499 1058
535 1059
538 1064
496 1054
497 1053
501 1059
498 1058
535 1058
538 1065
495 1054
496 1053
502 1059
501 1060
497 1058
534 1058
537 1065
538 1066
496 1052
503 1059
500 1060
496 1058
538 1067
503 1060
503 1058
496 1059
537 1067
538 1068
503 1061
495 1059
496 1060
536 1067
538 1069
496 1061
536 1068
539 1069
497 1061
495 1061
535 1068
539 1070
497 1062
495 1062
535 1069
539 1071
497 1063
534 1069
539 1072
497 1064
534 1070
540 1072
539 1073
497 1065
533 1070
541 1072
539 1074
498 1065
497 1066
532 1070
542 1072
538 1074
499 1065
497 1067
532 1071
532 1069
543 1072
542 1073
542 1071
537 1074
499 1066
499 1064
497 1068
532 1068
543 1073
542 1074
537 1075
499 1063
498 1068
497 1069
532 1067
543 1074
537 1076
499 1068
496 1069
533 1067
531 1067
544 1074
543 1075
538 1076
536 1076
537 1077
499 1069
495 1069
533 1066
530 1067
545 1074
544 1075
538 1077
535 1076
536 1077
537 1078
499 1070
494 1069
495 1070
495 1068
529 1067
530 1068
546 1074
545 1073
544 1076
534 1076
535 1077
500 1070
499 1071
493 1069
495 1071
495 1067
529 1068
547 1074
544 1077
534 1077
498 1071
492 1069
494 1071
495 1066
548 1074
547 1075
543 1077
533 1077
491 1069
492 1070
494 1072
494 1066
549 1074
548 1073
532 1077
491 1070
494 1065
550 1074
548 1072
531 1077
490 1070
551 1074
550 1075
550 1073
549 1072
548 1071
531 1078
489 1070
550 1076
549 1071
547 1071
531 1079
489 1071
489 1069
551 1076
550 1077
550 1071
549 1070
547 1070
532 1079
489 1072
551 1077
550 1078
549 1069
546 1070
532 1080
489 1073
552 1077
550 1079
549 1068
545 1070
533 1080
532 1081
488 1073
552 1078
549 1079
550 1080
550 1068
548 1068
545 1071
545 1069
532 1082
487 1073
488 1074
552 1079
549 1080
551 1068
550 1067
486 1073
487 1074
487 1072
488 1075
553 1079
548 1080
549 1081
552 1068
551 1067
485 1073
488 1076
554 1079
553 1080
547 1080
549 1082
553 1068
551 1066
484 1073
485 1074
488 1077
554 1080
546 1080
553 1069
551 1065
484 1074
484 1072
487 1077
554 1081
545 1080
546 1081
554 1069
553 1070
552 1065
483 1074
484 1075
484 1071
486 1077
555 1081
434 971
546 1082
555 1069
552 1070
553 1065
485 1071
484 1070
486 1078
486 1076
556 1081
555 1082
622 571
547 1082
546 1083
555 1068
485 1070
483 1070
484 1069
485 1078
486 1079
557 1081
555 1083
625 570
623 571
547 1083
546 1084
556 1068
555 1067
485 1069
482 1070
485 1079
487 1079
556 1083
554 1083
624 570
623 570
545 1084
546 1085
557 1068
485 1068
481 1070
484 1079
487 1080
557 1083
556 1084
554 1084
623 569
544 1084
558 1068
557 1069
485 1067
481 1071
483 1079
488 1080
487 1081
558 1083
554 1085
507 1218
544 1085
558 1069
558 1067
557 1070
484 1067
481 1072
482 1079
483 1080
489 1080
487 1082
558 1082
553 1085
505 1218
543 1085
559 1069
557 1071
483 1067
480 1072
481 1079
483 1081
490 1080
489 1081
487 1083
559 1082
552 1085
509 1216
542 1085
560 1069
558 1071
556 1071
483 1068
483 1066
480 1079
484 1081
491 1080
487 1084
560 1082
551 1085
552 1086
560 1070
482 1068
483 1065
480 1078
484 1082
492 1080
487 1085
561 1082
560 1081
540 1083
551 1084
552 1087
561 1070
483 1064
493 1080
492 1081
492 1079
488 1085
486 1085
562 1082
560 1080
553 1087
552 1088
562 1070
483 1063
492 1078
489 1085
486 1086
563 1082
562 1081
561 1080
552 1089
563 1070
562 1069
483 1062
493 1078
490 1085
486 1087
564 1082
563 1081
561 1079
551 1089
552 1090
564 1070
563 1071
562 1068
483 1061
491 1085
490 1084
487 1087
485 1087
565 1082
564 1083
551 1090
553 1090
564 1069
563 1072
562 1067
482 1061
492 1085
491 1084
488 1087
485 1088
566 1082
565 1083
564 1084
553 1091
562 1072
563 1073
563 1067
561 1067
562 1066
482 1060
493 1085
492 1086
492 1084
484 1088
485 1089
567 1082
564 1085
553 1092
561 1072
562 1065
481 1060
482 1059
493 1086
485 1090
568 1082
567 1083
567 1081
563 1085
564 1086
554 1092
563 1065
561 1065
562 1064
483 1059
493 1087
486 1090
484 1090
569 1082
568 1083
562 1085
563 1086
555 1092
564 1065
560 1065
484 1059
493 1088
487 1090
483 1090
570 1082
562 1084
563 1087
556 1092
555 1091
565 1065
559 1065
560 1064
485 1059
493 1089
488 1090
482 1090
483 1091
570 1081
562 1087
557 1092
556 1093
556 1091
566 1065
565 1066
558 1065
485 1060
485 1058
494 1089
492 1089
482 1089
571 1081
561 1087
558 1092
557 1093
557 1091
556 1090
485 1061
486 1058
485 1057
482 1088
572 1081
561 1088
561 1086
557 1094
556 1089
486 1061
486 1057
484 1057
481 1088
572 1082
561 1089
560 1086
557 1095
555 1089
487 1057
486 1056
481 1087
562 1089
554 1089
486 1055
480 1087
563 1089
485 1055
486 1054
564 1089
485 1054
487 1054
486 1053
564 1090
484 1054
485 1053
488 1054
486 1052
565 1090
564 1091
489 1054
486 1051
566 1090
563 1091
564 1092
490 1054
489 1053
485 1051
486 1050
566 1091
562 1091
565 1092
564 1093
490 1053
486 1049
561 1091
562 1092
564 1094
490 1052
487 1049
485 1049
486 1048
560 1091
562 1093
565 1094
491 1052
487 1048
484 1049
485 1048
562 1094
565 1095
485 1047
561 1094
566 1095
565 1096
484 1047
561 1095
567 1095
561 1096
568 1095
567 1094
560 1096
561 1097
569 1095
568 1096
559 1096
569 1096
559 1097
559 1095
570 1096
571 1096
570 1097
570 1098
571 1098
571 1099
571 1100
572 1100
571 1101
573 1100
570 1101
571 1102
573 1101
573 1099
571 1103
573 1098
572 1103
571 1104
571 1105
571 1106
572 1106
571 1107
573 1106
571 1108
574 1106
571 1109
575 1106
572 1109
570 1109
576 1106
572 1110
569 1109
577 1106
573 1110
569 1110
569 1108
577 1107
577 1105
573 1111
568 1110
569 1107
578 1107
578 1105
574 1111
573 1112
568 1111
569 1106
578 1108
578 1104
574 1112
572 1112
567 1111
568 1106
569 1105
579 1108
579 1104
578 1103
575 1112
572 1113
566 1111
580 1108
580 1104
577 1103
576 1112
572 1114
566 1112
581 1108
580 1105
577 1102
576 1113
571 1114
582 1108
581 1105
580 1106
577 1113
571 1115
579 1106
571 1116
571 1117
572 1117
570 1117
573 1117
572 1118
569 1117
573 1118
574 1118
574 1119
575 1119
574 1120
575 1120
573 1120
574 1121
576 1120
574 1122
575 1122
575 1123
576 1123
575 1124
576 1124
574 1124
576 1125
574 1125
577 1125
573 1125
574 1126
578 1125
577 1126
572 1125
573 1126
575 1126
579 1125
572 1124
580 1125
579 1126
572 1123
580 1126
580 1124
579 1127
571 1123
580 1123
579 1128
570 1123
581 1123
580 1128
579 1129
569 1123
582 1123
581 1128
568 1123
569 1122
583 1123
581 1129
568 1122
583 1122
582 1129
567 1122
568 1121
584 1122
583 1129
566 1122
567 1121
568 1120
584 1129
583 1130
566 1123
585 1129
583 1131
565 1123
585 1128
584 1131
583 1132
564 1123
585 1127
585 1131
584 1132
564 1122
586 1127
585 1126
586 1131
564 1121
587 1131
586 1132
565 1121
588 1131
586 1133
588 1132
588 1130
586 1134
588 1133
588 1129
586 1135
589 1133
589 1129
587 1135
585 1135
590 1129
589 1128
587 1136
584 1135
591 1129
587 1137
584 1136
584 1134
592 1129
591 1130
586 1137
587 1138
583 1136
593 1129
592 1128
591 1131
588 1138
582 1136
594 1129
592 1127
592 1131
590 1131
589 1138
582 1135
595 1129
594 1128
593 1127
593 1131
590 1138
582 1134
595 1130
593 1126
594 1131
593 1132
591 1138
590 1139
590 1137
581 1134
596 1130
594 1126
592 1138
590 1140
580 1134
597 1130
595 1126
590 1141
579 1134
580 1135
598 1130
597 1131
596 1126
590 1142
579 1135
598 1131
597 1132
596 1125
591 1142
589 1142
590 1143
578 1135
599 1131
598 1132
596 1132
596 1124
591 1143
588 1142
578 1136
600 1131
598 1133
595 1124
591 1144
588 1141
578 1137
600 1132
598 1134
594 1124
578 1138
601 1132
598 1135
594 1123
578 1139
602 1132
601 1133
599 1135
597 1135
594 1122
579 1139
577 1139
578 1140
603 1132
602 1133
600 1135
599 1136
596 1135
593 1122
594 1121
579 1140
576 1139
578 1141
604 1132
603 1133
603 1131
599 1137
596 1136
592 1122
593 1121
595 1121
579 1141
576 1140
578 1142
605 1132
604 1133
603 1130
598 1137
595 1136
592 1123
592 1121
580 1141
576 1141
577 1142
606 1132
605 1131
603 1129
597 1137
598 1138
594 1136
592 1120
602 1129
603 1128
598 1139
591 1120
592 1119
603 1127
599 1139
590 1120
592 1118
603 1126
600 1139
599 1140
589 1120
591 1118
604 1126
603 1125
601 1139
599 1141
588 1120
590 1118
605 1126
599 1142
587 1120
588 1121
588 1119
589 1118
606 1126
605 1127
599 1143
586 1120
606 1127
606 1125
605 1128
600 1143
599 1144
606 1128
606 1124
605 1129
601 1143
598 1144
599 1145
607 1128
606 1129
606 1123
601 1144
597 1144
607 1123
602 1144
601 1145
596 1144
597 1145
602 1145
596 1145
597 1146
603 1145
602 1146
596 1146
602 1147
596 1147
603 1147
602 1148
595 1147
604 1147
603 1148
601 1148
594 1147
595 1148
605 1147
600 1148
594 1148
595 1149
605 1148
594 1149
595 1150
605 1149
593 1149
594 1150
605 1150
593 1150
594 1151
604 1150
593 1151
604 1151
592 1151
603 1151
604 1152
602 1151
603 1152
604 1153
602 1150
604 1154
601 1150
605 1154
604 1155
600 1150
604 1156
600 1151
605 1156
603 1156
605 1157
603 1157
606 1157
602 1157
603 1158
607 1157
603 1159
607 1158
603 1160
603 1161
603 1162
604 1162
602 1162
605 1162
601 1162
602 1163
605 1163
605 1161
600 1162
601 1163
606 1161
605 1160
600 1163
601 1164
606 1160
599 1163
601 1165
607 1160
598 1163
602 1165
608 1160
597 1163
598 1164
609 1160
608 1159
597 1162
598 1165
610 1160
596 1162
599 1165
597 1165
598 1166
610 1161
596 1161
599 1166
596 1165
610 1162
595 1161
596 1160
600 1166
599 1167
595 1165
596 1166
596 1164
609 1162
610 1163
594 1161
596 1159
599 1168
595 1166
608 1162
609 1163
593 1161
595 1167
608 1163
609 1164
592 1161
594 1167
609 1165
592 1160
593 1167
610 1165
609 1166
591 1160
592 1167
609 1167
590 1160
592 1168
589 1160
590 1159
588 1160
589 1161
587 1160
588 1159
586 1160
587 1161
588 1158
587 1162
587 1158
587 1163
587 1157
587 1164
586 1157
587 1156
586 1164
585 1157
586 1156
588 1156
587 1155
586 1165
589 1156
585 1165
586 1166
590 1156
589 1157
589 1155
585 1166
587 1166
589 1154
584 1166
584 1167
583 1167
582 1167
581 1167
582 1166
580 1167
582 1165
579 1167
580 1168
580 1166
583 1165
579 1168
579 1166
580 1169
583 1164
578 1168
578 1166
580 1170
577 1168
577 1166
579 1170
580 1171
576 1168
578 1170
579 1171
580 1172
575 1168
577 1170
574 1168
573 1168
572 1168
573 1167
573 1166
572 1166
571 1166
571 1165
570 1165
569 1165
568 1165
569 1164
567 1165
568 1166
568 1167
569 1167
567 1167
569 1168
566 1167
567 1168
569 1169
565 1167
566 1166
568 1169
569 1170
564 1167
569 1171
564 1168
564 1166
568 1171
564 1169
563 1166
564 1165
563 1169
563 1165
562 1169
563 1164
562 1168
562 1164
563 1163
561 1164
560 1164
561 1165
559 1164
561 1166
558 1164
559 1165
561 1167
557 1164
557 1165
557 1166
556 1166
555 1166
554 1166
555 1167
553 1166
554 1165
552 1166
553 1167
551 1166
553 1168
550 1166
553 1169
550 1165
554 1169
552 1169
550 1164
555 1169
554 1170
551 1169
549 1164
550 1163
556 1169
550 1169
551 1168
548 1164
551 1163
557 1169
549 1169
550 1170
547 1164
552 1163
557 1170
557 1168
548 1169
549 1168
546 1164
547 1163
553 1163
557 1171
547 1169
548 1168
547 1162
553 1162
558 1171
556 1171
546 1169
547 1170
547 1168
548 1162
546 1162
553 1161
559 1171
546 1170
545 1162
553 1160
559 1172
545 1161
554 1160
559 1173
544 1161
554 1159
559 1174
543 1161
554 1158
558 1174
559 1175
542 1161
554 1157
557 1174
559 1176
541 1161
542 1162
555 1157
553 1157
556 1174
559 1177
540 1161
541 1160
542 1163
552 1157
555 1174
556 1175
559 1178
540 1162
541 1163
552 1156
556 1176
560 1178
558 1178
559 1179
539 1162
540 1163
552 1155
561 1178
557 1178
558 1179
538 1162
553 1155
552 1154
561 1179
557 1179
537 1162
538 1163
554 1155
551 1154
562 1179
561 1180
537 1161
538 1164
551 1153
562 1180
560 1180
536 1161
537 1160
537 1164
551 1152
563 1180
560 1181
538 1160
537 1165
551 1151
539 1160
536 1165
551 1150
536 1166
552 1150
550 1150
535 1166
536 1167
553 1150
552 1149
534 1166
537 1167
536 1168
554 1150
553 1151
533 1166
534 1167
536 1169
554 1151
532 1166
534 1168
535 1169
536 1170
554 1152
531 1166
532 1165
533 1168
536 1171
530 1166
533 1169
537 1171
535 1171
536 1172
529 1166
530 1165
532 1169
533 1170
535 1172
528 1166
530 1164
532 1170
533 1171
528 1167
529 1164
530 1163
531 1170
528 1168
528 1164
530 1162
531 1171
528 1169
527 1164
529 1162
530 1161
531 1172
527 1169
526 1164
528 1162
531 1161
531 1173
526 1169
532 1161
532 1173
531 1174
525 1169
526 1168
532 1160
532 1174
530 1174
531 1175
525 1170
533 1160
532 1159
532 1175
529 1174
531 1176
524 1170
531 1159
532 1176
528 1174
529 1173
530 1176
523 1170
530 1159
533 1176
532 1177
528 1175
529 1176
530 1177
523 1169
529 1159
532 1178
522 1169
523 1168
528 1159
529 1158
532 1179
521 1169
529 1157
532 1180
520 1169
528 1157
531 1180
532 1181
519 1169
527 1157
530 1180
532 1182
519 1170
526 1157
527 1158
530 1181
530 1179
533 1182
519 1171
525 1157
530 1182
534 1182
533 1183
520 1171
518 1171
529 1182
530 1183
534 1181
533 1184
520 1172
517 1171
518 1172
529 1183
535 1181
534 1184
521 1172
520 1173
517 1172
517 1170
536 1181
535 1180
522 1172
521 1173
519 1173
517 1173
517 1169
537 1181
535 1179
522 1173
521 1174
516 1173
538 1181
537 1182
537 1180
534 1179
521 1175
515 1173
538 1180
493 1047
522 1175
514 1173
515 1174
538 1179
523 1175
522 1176
513 1173
514 1172
539 1179
523 1176
513 1174
514 1171
540 1179
539 1178
523 1177
513 1175
514 1170
540 1180
523 1178
512 1175
513 1176
515 1170
513 1170
522 1178
514 1176
513 1177
512 1170
513 1169
521 1178
512 1177
513 1178
512 1169
513 1168
521 1179
511 1177
513 1179
513 1167
521 1180
511 1178
512 1167
513 1166
522 1180
520 1180
510 1178
511 1167
514 1166
522 1181
520 1181
509 1178
510 1179
511 1168
523 1181
508 1178
510 1180
510 1168
524 1181
507 1178
509 1180
509 1168
510 1169
524 1182
524 1180
507 1177
508 1180
509 1181
508 1168
524 1183
524 1179
507 1176
509 1182
524 1184
525 1179
508 1176
506 1176
510 1182
508 1182
523 1184
508 1175
505 1176
511 1182
508 1183
504 1176
512 1182
511 1183
511 1181
507 1183
503 1176
513 1182
512 1183
512 1181
507 1184
502 1176
503 1175
514 1182
507 1185
501 1176
502 1177
503 1174
515 1182
507 1186
500 1176
502 1178
504 1174
503 1173
515 1183
515 1181
506 1186
499 1176
502 1179
502 1173
516 1183
505 1186
503 1179
502 1172
504 1186
503 1180
502 1171
504 1187
503 1181
501 1171
504 1188
504 1181
502 1181
503 1188
501 1181
503 1189
501 1180
502 1189
501 1189
500 1189
500 1190
500 1188
500 1191
499 1188
500 1187
501 1191
499 1187
501 1187
502 1191
499 1186
503 1191
498 1186
499 1185
504 1191
503 1192
500 1185
504 1192
503 1193
500 1184
503 1194
500 1183
504 1194
503 1195
501 1183
499 1183
505 1194
504 1195
498 1183
506 1194
505 1195
505 1193
504 1196
507 1194
505 1196
504 1197
508 1194
507 1195
505 1197
503 1197
509 1194
508 1195
502 1197
510 1194
501 1197
502 1198
511 1194
510 1193
500 1197
501 1198
501 1196
512 1194
499 1197
512 1195
498 1197
513 1195
497 1197
498 1198
514 1195
496 1197
497 1198
514 1196
514 1194
495 1197
496 1198
515 1196
515 1194
514 1193
494 1197
495 1196
496 1199
516 1196
514 1192
493 1197
494 1198
517 1196
492 1197
518 1196
491 1197
492 1196
519 1196
518 1197
490 1197
491 1196
520 1196
519 1195
518 1198
490 1196
521 1196
520 1197
519 1198
517 1198
518 1199
489 1196
522 1196
521 1197
488 1196
489 1195
523 1196
522 1195
488 1197
488 1195
489 1194
488 1198
487 1195
489 1193
488 1199
486 1195
490 1193
489 1192
488 1200
486 1196
486 1194
490 1192
488 1192
489 1200
486 1197
485 1194
486 1193
491 1192
488 1191
490 1200
491 1191
487 1191
488 1190
491 1200
490 1199
492 1191
486 1191
489 1190
491 1201
493 1191
489 1189
491 1202
490 1189
492 1202
490 1202
491 1189
493 1202
489 1202
490 1203
492 1189
493 1203
493 1201
488 1202
492 1188
494 1203
494 1201
487 1202
492 1187
494 1204
486 1202
487 1203
493 1187
494 1205
486 1203
487 1204
493 1186
493 1205
494 1206
494 1186
493 1185
493 1206
494 1207
494 1185
492 1185
493 1184
493 1207
495 1207
494 1184
493 1208
496 1207
494 1183
496 1208
496 1206
494 1182
496 1209
497 1206
493 1182
496 1210
498 1206
492 1182
498 1207
498 1205
491 1182
492 1181
499 1207
498 1204
490 1182
491 1181
499 1208
499 1204
497 1204
489 1182
491 1180
500 1208
499 1209
500 1204
488 1182
490 1180
491 1179
501 1208
501 1204
500 1203
488 1183
488 1181
490 1179
501 1209
502 1204
501 1203
487 1183
490 1178
501 1210
502 1203
501 1202
502 1210
501 1211
503 1203
501 1212
504 1203
500 1212
501 1213
504 1204
505 1204
506 1204
505 1205
507 1204
505 1206
508 1204
507 1205
507 1203
506 1206
508 1205
509 1205
510 1205
511 1205
510 1206
511 1206
511 1204
510 1207
511 1207
509 1207
510 1208
512 1207
510 1209
513 1207
512 1208
513 1208
514 1208
514 1209
515 1209
516 1209
516 1210
517 1210
516 1211
517 1211
515 1211
518 1211
515 1212
519 1211
515 1213
520 1211
519 1210
514 1213
515 1214
520 1212
520 1210
514 1214
516 1214
521 1212
520 1213
520 1209
513 1214
516 1215
522 1212
520 1208
523 1263
517 1215
516 1216
522 1213
519 1208
524 1263
524 1262
515 1216
523 1213
519 1207
525 1262
518 1248
515 1217
524 1213
519 1206
525 1249
525 1261
525 1213
524 1214
524 1212
518 1206
519 1205
520 1247
526 1213
525 1212
524 1215
517 1206
518 1205
520 1205
519 1204
518 1249
523 1248
525 1211
524 1216
517 1207
521 1205
524 1249
526 1211
523 1216
524 1217
521 1206
525 1260
526 1210
525 1217
524 1218
526 1259
526 1209
526 1217
523 1218
520 1248
519 1249
527 1209
525 1209
526 1208
526 1218
522 1218
523 1219
523 1249
525 1259
525 1208
526 1207
527 1218
521 1218
523 1220
520 1249
523 1250
526 1206
528 1218
521 1217
523 1221
518 1253
524 1259
521 1249
527 1206
529 1218
528 1219
520 1217
524 1221
522 1221
523 1222
522 1250
519 1253
518 1252
522 1260
527 1205
530 1218
519 1217
520 1216
525 1221
521 1221
523 1223
523 1259
521 1250
519 1252
528 1205
527 1204
531 1218
526 1221
525 1220
520 1221
524 1223
522 1259
523 1258
521 1251
529 1205
528 1204
527 1203
531 1217
526 1222
526 1220
525 1219
519 1221
525 1223
524 1224
529 1206
526 1203
532 1217
526 1223
518 1221
524 1225
530 1206
532 1216
518 1222
524 1226
531 1206
517 1222
518 1223
525 1226
523 1226
532 1206
531 1205
516 1222
517 1223
518 1224
526 1226
532 1207
532 1205
515 1222
517 1224
527 1226
526 1227
533 1207
532 1208
532 1204
514 1222
515 1221
527 1225
526 1228
531 1208
533 1204
515 1220
526 1229
530 1208
531 1209
534 1204
526 1230
529 1208
531 1210
527 1230
525 1230
529 1209
530 1210
531 1211
528 1230
524 1230
532 1211
528 1231
528 1229
523 1230
524 1229
533 1211
528 1232
528 1228
522 1230
523 1231
534 1211
529 1232
527 1232
521 1230
523 1232
535 1211
534 1212
530 1232
529 1233
527 1233
520 1230
521 1229
536 1211
535 1212
527 1234
520 1231
521 1228
537 1211
535 1213
528 1234
526 1234
519 1231
520 1232
520 1228
521 1227
538 1211
536 1213
535 1214
525 1234
520 1233
519 1228
522 1227
537 1213
520 1234
518 1228
519 1227
538 1213
521 1234
519 1234
520 1235
517 1228
519 1226
539 1213
522 1234
520 1236
516 1228
517 1227
518 1226
519 1225
523 1234
522 1235
519 1236
523 1235
519 1237
523 1236
524 1236
524 1237
525 1237
524 1238
526 1237
524 1239
527 1237
525 1239
524 1240
528 1237
523 1240
524 1241
528 1238
522 1240
522 1241
521 1241
522 1242
520 1241
522 1243
520 1242
590 617
590 618
591 618
589 618
592 618
588 618
592 619
588 619
592 620
593 620
594 620
593 621
595 620
594 621
593 622
592 622
593 623
594 623
595 623
594 624
596 623
595 624
597 623
598 623
597 624
599 623
597 625
597 626
598 626
598 627
599 627
598 628
600 627
597 628
601 627
596 628
597 629
602 627
601 626
597 630
603 627
602 628
601 625
597 631
603 628
603 626
601 624
598 631
597 632
604 628
603 629
602 624
601 623
599 631
596 632
597 633
605 628
604 629
599 632
599 630
595 632
598 633
606 628
605 627
604 630
600 630
595 633
607 628
604 631
595 634
607 627
594 634
595 635
608 627
594 635
609 627
609 628
609 626
610 628
609 629
609 625
609 630
610 625
609 624
610 630
609 631
609 623
610 631
610 623
609 622
610 632
611 623
608 622
611 632
611 624
608 621
611 633
612 624
611 634
613 624
612 634
614 624
613 625
613 623
493 1045
493 1046
534 1248
