493 728
226 501
323 457
228 628
229 562
390 375
327 429
224 535
286 494
278 496
171 589
287 446
336 487
218 620
419 378
277 517
503 448
505 444
173 589
406 507
338 484
226 547
449 510
501 438
224 542
370 423
253 513
382 507
399 505
472 445
244 624
315 490
210 548
205 548
389 452
197 586
546 446
222 598
454 427
458 484
344 488
450 502
417 511
299 446
556 447
367 490
490 438
502 424
552 447
232 568
439 376
379 444
433 398
323 486
385 510
307 459
422 369
405 508
384 450
188 590
534 462
369 445
425 374
499 441
221 587
181 586
278 477
245 478
383 496
341 422
211 548
349 494
422 383
379 440
384 394
424 396
286 505
230 528
447 505
442 383
352 444
396 375
307 449
221 612
316 430
457 479
487 430
443 411
209 548
375 500
318 469
300 507
512 466
356 444
197 549
370 443
500 431
410 504
241 479
442 409
278 481
233 524
294 489
299 501
438 404
297 500
326 460
478 436
229 619
426 490
254 496
399 414
397 412
448 403
327 482
396 381
239 478
407 502
366 446
235 602
233 573
501 453
454 506
356 491
395 443
223 546
286 491
192 587
243 505
249 468
377 494
317 488
379 504
440 393
189 591
180 596
292 495
362 444
426 488
526 431
388 440
419 376
234 580
188 589
340 465
254 513
322 438
233 486
252 510
334 439
256 503
227 596
506 434
569 442
438 405
364 437
280 481
243 491
524 436
315 493
191 548
442 500
270 509
226 496
200 586
223 584
450 439
179 589
264 507
409 506
500 433
255 496
535 472
390 428
393 434
533 450
377 445
282 500
278 518
374 421
364 445
336 459
401 376
287 496
324 486
344 442
337 440
231 594
395 432
327 430
390 422
280 514
396 444
396 384
360 494
476 437
508 733
404 384
215 547
363 493
445 404
446 503
228 571
191 550
339 468
449 413
348 490
438 376
538 459
461 441
228 596
195 586
440 397
231 561
453 481
247 478
454 501
277 481
322 435
564 439
235 537
229 629
376 496
247 476
474 445
452 424
415 384
302 457
416 370
504 462
444 413
537 472
350 493
377 442
397 423
448 417
296 459
231 488
235 568
509 448
564 434
197 594
337 483
227 495
231 616
524 439
427 404
456 507
514 469
507 455
426 369
292 500
196 588
328 481
171 588
248 494
251 514
241 474
286 458
380 488
285 492
299 449
429 371
515 448
458 427
426 372
234 530
414 494
529 443
441 413
243 622
485 438
527 445
220 597
241 486
342 500
231 489
449 502
419 379
338 504
382 451
325 458
336 438
335 431
449 509
383 509
441 400
206 549
376 444
455 507
383 440
314 493
224 530
344 493
232 549
334 458
453 501
407 415
233 606
278 503
251 475
270 510
199 589
253 467
221 590
332 442
378 444
406 383
231 566
252 497
340 421
414 497
393 436
533 470
234 554
442 396
311 459
509 783
306 466
191 592
395 386
253 475
434 373
334 476
439 404
442 494
283 450
501 457
514 468
388 386
292 442
317 433
437 376
213 598
287 498
553 447
223 489
356 446
234 599
430 409
304 503
299 519
435 375
346 450
394 410
396 388
328 434
239 528
290 504
340 500
302 507
230 578
285 501
238 625
183 592
242 621
391 430
391 432
340 423
206 548
423 370
412 383
391 429
382 496
418 510
240 485
239 472
500 438
334 441
409 503
246 481
424 395
447 425
450 500
344 439
283 491
199 548
243 624
405 390
218 580
232 524
438 402
278 516
504 448
228 627
249 515
403 403
479 432
507 792
529 428
456 483
244 480
381 734
446 414
535 461
386 498
251 463
242 480
340 454
320 440
294 483
242 525
491 434
232 601
334 471
381 400
434 398
235 486
363 442
387 453
297 508
402 510
396 426
413 475
277 508
234 548
217 550
251 515
242 500
234 579
348 449
497 442
288 441
237 483
173 580
243 478
380 490
509 463
231 539
226 491
287 486
392 443
394 383
416 513
439 378
286 445
499 433
499 431
199 593
383 436
185 591
399 407
236 515
277 474
365 442
493 798
253 464
233 578
459 431
229 551
232 578
220 539
341 495
501 443
497 438
233 480
333 482
227 493
296 503
568 445
397 413
479 431
233 481
439 408
389 393
246 477
390 410
329 482
455 485
447 383
246 516
285 482
187 591
248 514
228 565
415 507
381 494
433 492
412 501
412 395
189 594
336 433
377 493
558 444
245 487
378 493
389 441
285 474
232 575
239 626
332 445
231 595
236 522
188 595
532 451
417 513
277 503
336 431
273 503
440 396
300 496
405 399
230 549
439 402
440 379
409 387
399 422
384 393
332 483
457 434
438 399
234 573
404 403
322 465
406 385
310 462
306 462
229 578
224 582
330 444
380 419
283 455
256 463
389 415
183 586
216 601
359 448
311 467
456 434
376 498
428 402
348 491
229 595
393 437
508 799
333 474
439 490
312 461
404 385
411 473
323 429
383 410
391 396
229 540
201 597
515 471
535 465
239 520
217 580
301 505
321 477
389 409
344 451
537 456
530 428
488 430
551 447
408 414
199 591
306 474
367 432
226 548
563 433
325 437
177 595
225 502
443 398
327 465
276 517
345 462
394 412
413 507
191 595
231 600
316 463
224 539
436 391
286 483
457 485
233 614
292 484
228 615
513 449
444 404
231 481
284 475
345 444
506 424
323 432
318 466
242 486
564 436
298 450
429 405
297 503
195 587
221 583
257 469
289 491
233 574
379 443
429 397
321 428
487 442
389 397
512 452
229 485
290 499
412 491
536 459
524 440
286 444
387 507
247 494
224 584
502 447
545 443
298 515
220 623
472 444
302 498
400 371
357 448
221 584
199 590
401 510
252 503
498 439
436 399
363 488
247 479
399 420
364 447
389 396
457 500
516 471
419 370
323 480
386 417
209 597
505 776
195 550
421 376
511 458
340 420
252 515
407 392
207 597
446 490
173 579
307 462
361 437
286 451
282 458
565 442
387 418
439 379
232 628
235 487
227 622
452 505
441 396
329 460
182 595
388 399
414 493
388 409
322 437
304 466
217 601
333 429
382 506
345 451
405 385
306 496
507 780
231 548
231 575
438 401
448 509
451 476
240 479
368 487
475 435
254 512
499 447
227 574
305 460
364 486
456 436
339 503
235 528
538 455
300 446
364 446
262 503
440 392
454 485
511 736
546 448
306 467
513 447
354 491
241 487
286 492
395 412
446 379
338 463
386 394
323 465
446 404
236 598
382 509
238 485
293 458
348 494
460 429
400 387
223 627
220 587
284 452
288 487
513 737
412 503
446 381
431 402
493 441
341 494
312 468
544 448
431 403
283 448
232 617
327 438
282 456
368 445
438 409
183 598
430 408
429 490
565 443
307 493
550 444
394 392
528 428
420 369
499 439
452 508
231 564
302 452
227 544
382 449
174 591
279 514
292 460
354 442
444 380
390 417
287 505
352 443
283 451
488 432
325 485
413 476
365 437
298 451
238 525
510 791
395 382
247 477
398 387
307 448
281 501
363 427
334 474
242 491
396 386
446 378
476 434
232 606
229 490
339 440
235 545
223 499
340 434
493 729
366 437
278 495
335 459
187 592
234 540
305 473
405 391
251 496
478 453
231 578
358 490
245 506
218 550
440 376
225 584
218 586
224 528
333 454
447 418
374 436
328 448
305 457
263 503
331 446
500 432
451 439
499 427
182 585
216 544
450 499
239 622
245 507
394 438
233 553
408 506
286 446
267 509
240 474
205 591
321 455
339 470
512 736
242 624
416 508
244 470
278 519
226 543
365 489
385 501
243 499
553 448
380 400
178 583
535 460
347 495
376 419
360 447
415 494
357 489
352 439
294 485
196 549
190 550
217 542
446 383
561 442
503 457
316 469
242 497
325 461
363 432
199 547
410 511
282 455
398 408
302 514
256 468
456 501
327 460
231 568
256 498
378 410
389 450
246 487
230 483
335 476
234 531
364 441
226 609
345 447
293 487
408 396
231 563
444 496
383 736
408 385
414 472
459 502
236 601
340 467
339 457
425 489
226 618
173 591
388 424
306 492
222 500
306 491
300 511
256 510
451 477
342 459
507 456
223 581
447 421
433 491
236 563
258 507
317 469
227 623
453 416
236 539
432 491
389 498
506 793
304 507
360 493
452 425
405 499
311 462
239 521
260 510
230 613
226 607
232 554
288 491
291 486
500 448
387 450
378 398
510 785
366 429
451 442
565 439
448 383
241 472
425 372
383 508
342 463
380 446
444 494
434 376
200 600
243 488
307 445
239 574
339 439
430 407
232 616
402 390
283 446
247 475
521 445
309 469
453 485
442 380
279 499
389 395
426 370
444 407
219 619
235 579
239 496
370 427
501 424
454 441
443 405
275 507
294 494
242 498
343 489
507 457
450 487
278 474
377 499
309 491
178 596
226 530
505 775
305 464
241 620
308 491
329 450
444 499
450 414
246 473
436 405
388 441
250 495
297 511
345 440
511 798
401 416
349 491
303 493
316 491
230 616
285 473
293 460
440 391
393 419
238 624
441 392
302 451
287 483
221 598
388 389
401 414
379 412
230 527
233 483
287 484
237 521
299 498
382 401
431 373
335 474
453 413
310 499
499 437
177 596
240 496
405 401
291 491
234 614
446 506
511 449
229 528
218 552
240 528
302 511
441 426
511 457
490 437
543 448
364 487
505 447
226 498
398 423
369 447
289 456
445 496
418 377
378 501
439 385
362 434
526 448
493 440
520 449
476 448
237 563
413 502
405 392
516 449
253 461
395 428
402 503
363 444
437 405
405 383
518 449
244 498
331 449
437 398
306 463
258 506
393 432
326 458
284 492
233 529
455 480
207 548
184 586
277 515
289 486
477 427
302 460
421 386
192 592
238 515
286 502
228 616
448 416
503 778
228 629
309 468
243 490
287 477
176 595
340 487
510 448
394 439
307 472
235 524
502 454
218 623
402 409
510 794
320 456
512 784
516 453
367 489
512 461
232 579
235 598
244 497
517 451
512 450
375 420
232 563
448 425
384 510
231 556
525 438
382 411
342 421
295 457
236 532
480 429
244 514
439 395
403 507
229 488
504 459
389 427
305 497
326 437
233 613
402 405
460 504
455 435
437 400
231 576
386 499
310 497
314 469
334 482
323 459
289 477
253 462
228 549
224 493
340 472
243 486
441 486
458 435
500 440
227 579
384 395
346 487
453 424
206 598
303 465
451 416
393 375
373 499
478 438
452 440
193 550
229 482
225 583
364 442
291 456
306 454
236 526
192 551
502 438
377 397
538 451
429 401
305 448
210 599
218 591
284 453
326 429
308 468
368 488
233 568
501 451
292 488
353 491
213 599
411 395
332 471
243 468
526 432
230 614
565 437
453 415
321 484
224 560
407 385
538 450
265 506
173 590
374 500
329 456
454 440
365 493
417 383
277 504
304 510
437 397
499 453
272 503
384 392
335 471
511 452
225 628
341 458
285 475
446 424
362 437
371 489
184 591
246 489
380 487
398 434
274 508
231 606
400 423
454 439
501 435
416 379
226 493
382 450
451 414
440 409
330 436
460 502
254 501
427 367
179 595
280 524
227 625
508 798
445 424
236 531
500 784
527 432
420 510
235 612
541 452
505 454
234 479
216 548
335 468
427 488
381 496
499 445
495 449
367 444
390 423
182 584
250 473
333 437
319 488
204 548
232 629
237 596
427 371
222 559
505 445
448 414
503 438
516 454
301 498
495 441
242 499
381 414
344 452
335 482
182 586
404 503
370 429
399 506
497 448
283 500
320 454
379 445
380 418
179 591
248 496
300 515
234 524
459 497
375 497
398 410
244 625
344 490
219 590
550 445
487 432
315 469
300 500
285 472
427 370
239 486
338 438
337 503
568 446
232 600
398 384
402 406
453 506
425 398
306 490
256 464
227 620
432 411
496 799
256 509
223 523
285 446
274 507
393 410
256 505
302 449
280 502
350 491
457 483
277 502
453 435
410 473
288 499
241 481
230 605
219 542
491 440
331 472
246 493
311 500
179 596
398 372
406 399
327 461
504 463
500 434
170 589
510 459
453 436
265 505
223 497
333 441
400 422
223 594
504 738
486 430
536 455
446 508
233 599
412 393
229 552
287 457
177 592
388 411
226 523
395 419
234 543
451 440
178 582
288 489
225 580
244 495
316 493
226 499
405 501
239 514
527 446
337 487
371 421
439 488
305 503
275 506
245 470
244 496
306 457
387 499
457 480
250 513
327 437
216 550
442 413
340 504
181 598
371 420
225 531
402 508
222 581
305 505
234 539
288 474
290 505
216 580
514 450
505 424
305 504
439 492
289 475
244 485
350 442
414 507
496 442
457 426
192 596
299 455
237 626
424 374
197 547
371 447
503 443
253 502
413 493
446 380
533 449
236 578
500 454
226 490
377 419
410 481
568 443
428 373
326 486
331 456
292 499
210 596
396 380
423 378
318 465
308 496
400 376
365 488
314 462
333 475
390 416
393 413
224 599
422 375
444 411
410 385
409 504
421 379
234 574
411 475
382 495
240 475
231 549
452 478
300 510
321 427
234 546
207 549
362 436
277 514
288 488
237 478
409 505
529 441
287 501
322 436
224 485
388 400
424 375
236 533
487 431
520 447
487 443
483 429
409 509
340 488
511 800
443 425
507 732
403 396
494 441
417 506
524 433
381 434
497 441
191 593
231 577
402 414
286 506
228 575
229 596
343 461
504 737
351 446
337 426
250 474
231 557
293 496
350 490
227 490
415 381
397 422
501 787
478 440
305 462
398 371
289 499
564 442
337 429
346 447
473 445
235 546
222 583
420 376
381 504
409 385
232 486
432 408
295 493
220 598
227 543
355 492
205 590
323 485
236 544
395 378
387 508
333 477
225 527
388 382
249 471
215 600
310 445
256 504
514 449
176 589
364 493
336 436
380 493
505 735
313 469
363 495
344 461
285 479
435 385
382 508
288 452
223 498
346 492
355 442
236 483
196 593
322 428
218 551
475 445
280 525
459 429
286 498
279 455
225 581
233 571
288 500
231 555
455 502
536 464
236 567
441 487
285 459
388 398
478 449
272 501
438 395
558 443
246 480
414 496
346 460
510 784
369 443
452 498
279 496
427 373
441 424
429 407
428 488
260 505
277 509
330 456
483 431
501 444
411 394
443 406
217 548
400 385
393 387
242 502
243 467
390 392
499 442
390 394
434 408
390 391
232 566
401 421
532 470
370 425
443 386
431 411
447 487
456 480
250 494
414 394
300 497
280 512
287 476
296 496
290 490
417 515
416 380
241 485
393 420
276 479
341 423
508 728
329 483
570 446
384 435
336 432
252 499
386 509
340 455
403 409
440 490
292 491
450 426
333 456
225 530
286 454
441 380
298 456
340 464
364 436
455 481
480 431
507 735
330 457
219 581
243 480
286 477
478 435
368 447
315 470
248 497
414 393
421 486
392 415
376 737
393 417
400 509
288 485
438 408
224 581
449 499
316 489
337 463
478 434
400 372
339 458
235 600
365 446
217 600
374 635
223 493
416 368
217 578
238 521
418 508
340 431
235 613
382 410
327 486
512 467
228 620
303 447
412 502
447 423
226 606
352 438
283 447
224 532
315 467
397 504
204 593
343 464
279 480
324 475
495 448
498 442
337 482
500 425
380 507
300 460
280 480
401 509
234 483
232 611
441 405
286 452
248 513
240 477
374 446
229 566
424 398
242 501
419 517
291 443
242 623
238 576
444 399
383 435
304 509
367 488
513 468
324 485
315 433
179 586
367 443
228 622
224 543
409 394
231 490
334 457
240 502
508 729
226 528
281 503
259 508
231 570
437 408
392 418
388 383
328 449
515 453
498 449
386 410
276 457
366 432
524 447
240 621
236 545
496 443
181 596
509 735
198 586
333 453
453 508
416 504
448 503
358 492
238 475
444 381
502 443
312 499
495 799
524 438
218 626
252 505
381 401
415 475
496 441
446 499
452 486
523 446
289 484
377 491
350 492
448 418
442 407
566 439
273 510
302 456
220 581
438 384
458 498
444 406
228 567
526 433
359 444
415 472
227 494
243 506
318 433
174 582
237 515
294 508
509 725
287 472
455 425
388 415
222 586
308 492
224 527
419 516
219 548
256 471
322 429
203 596
377 418
323 475
565 436
496 449
318 487
374 491
542 449
302 499
222 501
415 496
322 458
404 508
392 449
229 604
395 380
199 549
517 452
431 408
393 433
247 493
383 450
388 416
407 501
322 457
360 499
282 511
390 452
331 448
239 485
436 488
293 495
511 465
535 462
535 459
173 584
286 480
391 420
430 372
232 552
307 473
392 392
224 628
324 429
275 457
412 494
398 374
233 628
321 440
223 626
241 514
326 434
360 497
434 492
303 502
424 376
226 622
242 473
370 488
506 734
305 446
243 479
360 492
380 504
505 782
383 411
388 442
411 384
377 497
409 511
499 446
228 485
251 469
382 395
372 488
386 440
299 496
440 399
289 443
286 478
408 393
352 445
235 539
283 453
507 782
507 793
245 480
325 435
393 391
277 479
402 404
227 562
443 424
351 448
544 443
542 450
389 411
441 407
466 473
252 469
541 451
292 489
233 569
300 447
240 495
511 464
515 735
285 458
311 445
270 513
362 495
216 546
212 599
339 499
398 409
392 410
277 498
435 398
223 597
284 457
220 622
235 626
419 381
299 506
228 528
455 483
225 493
324 457
296 508
294 503
401 415
294 456
388 452
339 462
507 730
302 509
292 443
303 452
389 443
181 597
340 432
286 447
345 487
386 510
494 729
229 554
235 485
322 468
204 597
431 491
455 500
422 373
252 476
377 443
504 424
288 484
388 387
301 514
185 590
343 499
360 448
384 496
403 408
239 627
445 486
512 448
351 445
534 471
302 450
179 593
380 411
230 612
277 521
547 448
407 399
448 419
398 419
294 462
316 494
175 581
443 380
372 448
453 486
501 448
282 453
398 386
228 573
339 464
233 547
530 427
523 436
397 425
514 736
447 382
389 390
268 509
235 604
256 470
508 791
442 411
421 370
347 487
293 486
223 491
392 399
229 486
377 502
433 375
387 440
380 491
549 443
385 496
402 407
379 413
230 597
320 494
479 433
257 509
233 601
198 548
566 446
286 475
400 421
345 494
456 424
412 371
455 428
339 487
290 442
321 457
345 441
438 397
225 611
368 430
439 394
334 455
452 481
342 456
490 434
223 490
347 494
418 507
514 472
505 434
310 498
252 504
211 595
440 403
506 443
285 493
390 400
444 490
388 417
353 440
228 545
503 434
201 549
449 500
458 434
256 465
289 476
179 583
340 440
295 504
389 416
430 405
518 454
226 578
288 456
569 443
224 598
322 463
459 498
394 443
418 370
280 503
242 529
227 489
391 417
401 387
278 523
364 496
301 500
240 486
240 472
222 597
404 400
502 787
381 507
307 497
421 382
300 449
347 456
527 447
379 496
378 504
230 484
354 443
319 495
426 398
337 501
564 440
340 462
414 476
239 499
311 499
388 410
449 425
193 548
198 547
282 457
304 465
285 452
530 441
203 549
287 475
287 490
313 471
285 443
238 477
445 497
414 505
506 728
477 447
320 493
330 472
375 418
319 468
322 439
427 486
299 518
239 575
477 429
365 496
403 393
504 460
192 595
433 374
322 433
547 445
387 387
403 395
240 619
322 434
208 598
214 546
242 492
305 461
528 449
364 440
293 483
434 488
438 406
325 456
396 385
330 437
234 542
441 425
227 564
459 433
236 579
391 389
342 464
230 596
441 500
323 434
535 464
382 505
322 471
369 427
238 527
372 489
227 616
319 494
498 426
234 571
317 486
416 491
375 498
311 458
235 514
222 593
430 373
232 574
458 426
294 458
399 504
254 504
234 486
398 422
323 481
226 485
391 390
441 410
376 417
291 487
249 473
307 494
520 446
392 450
455 424
402 393
205 592
507 794
218 618
291 503
199 596
327 481
197 546
429 402
194 549
305 475
338 486
284 454
287 448
316 492
397 502
508 790
229 609
232 555
403 394
302 513
360 444
279 515
282 503
435 386
223 539
312 462
222 625
304 475
199 594
241 619
247 474
403 387
327 464
319 465
506 435
250 462
227 542
279 523
345 443
536 451
194 593
277 501
305 494
399 503
200 589
535 450
283 481
398 503
388 507
431 409
236 611
237 485
510 735
439 491
382 434
459 439
330 458
234 563
373 446
398 411
419 513
309 446
527 430
226 549
384 503
512 449
537 457
212 548
417 380
219 591
241 525
394 389
494 799
381 733
418 511
281 524
390 390
197 587
266 505
395 375
402 403
331 483
318 488
226 546
392 432
321 464
230 482
408 508
532 452
369 444
325 464
296 458
380 398
204 594
501 784
387 417
277 511
442 499
278 499
455 509
319 486
390 431
447 417
231 486
391 409
442 424
452 479
371 448
322 473
378 502
225 596
452 423
212 545
303 497
375 491
536 450
367 430
397 503
243 529
356 492
174 581
373 490
353 442
230 526
489 432
193 547
181 594
422 376
300 448
300 503
564 435
238 502
545 445
370 428
374 498
287 441
389 392
510 460
237 524
341 457
329 437
392 420
298 511
479 437
301 517
388 384
478 437
395 376
259 510
327 431
503 458
234 526
346 456
416 503
505 736
359 443
192 594
307 447
345 454
318 494
497 439
446 504
413 371
521 446
319 469
202 548
221 613
369 434
530 450
391 422
395 440
378 413
343 440
233 602
249 497
515 449
294 487
432 374
412 396
406 501
423 377
525 441
461 503
414 491
395 426
229 489
433 373
562 442
383 401
293 457
192 586
231 613
456 435
391 440
396 410
456 439
325 431
224 529
297 499
447 503
371 444
237 474
322 477
404 500
402 506
279 517
339 469
309 499
412 493
437 394
185 589
491 433
211 596
438 407
445 422
343 487
238 479
338 461
170 590
446 377
378 500
309 498
285 490
310 470
335 475
452 441
396 383
436 400
453 498
241 471
324 432
476 450
222 549
338 437
335 487
284 490
260 507
289 478
441 492
288 440
395 377
568 448
286 503
226 502
400 415
416 383
501 450
259 503
447 422
372 490
276 516
285 503
335 470
303 516
426 371
237 574
453 440
300 498
557 446
429 399
198 546
447 404
432 398
224 544
290 478
416 369
390 450
294 454
225 612
439 397
180 597
231 552
224 600
452 477
523 439
388 499
393 386
500 441
222 591
214 547
277 499
452 501
324 431
449 487
381 503
516 452
236 574
394 432
291 442
440 410
255 497
315 471
429 400
444 425
341 459
344 453
226 489
182 583
219 598
400 424
341 464
328 437
338 428
237 535
532 450
383 495
378 400
304 515
228 541
401 424
397 389
416 493
277 516
322 432
337 484
288 486
374 434
362 438
442 406
396 387
537 450
391 450
389 439
190 595
441 493
344 498
205 597
228 576
423 367
404 502
442 493
503 424
451 487
425 488
232 608
291 461
509 736
379 446
183 591
527 429
423 368
507 448
201 591
504 438
310 494
225 627
415 506
228 568
246 479
388 443
429 373
238 514
409 396
318 441
271 509
299 500
293 456
407 396
413 370
298 458
377 495
231 538
346 444
229 610
235 564
227 627
216 600
295 508
301 444
305 458
200 549
504 778
404 414
325 484
437 385
249 469
333 439
295 503
408 387
289 490
255 465
420 508
433 376
567 444
233 545
384 441
287 495
475 450
285 494
288 439
395 387
345 492
387 439
250 496
476 435
200 591
196 546
231 560
366 444
285 504
531 450
247 496
298 510
247 495
545 446
231 482
227 578
534 455
218 548
504 777
379 441
234 527
342 422
335 439
448 487
171 587
401 420
235 601
308 459
507 728
439 393
322 475
338 487
338 432
205 593
232 609
425 373
231 596
283 490
393 418
237 568
518 455
507 786
281 500
454 481
244 504
254 499
419 380
388 428
211 599
566 442
356 445
226 562
303 517
455 426
362 433
451 425
336 467
398 431
442 398
232 560
401 511
324 462
521 450
367 429
230 619
397 375
220 625
231 597
396 389
220 540
445 406
315 491
213 580
346 491
399 374
422 377
445 381
418 506
459 440
525 434
441 383
207 592
336 429
396 378
238 474
495 727
235 574
284 458
300 444
281 456
208 548
295 458
415 474
226 626
340 426
381 416
368 444
239 498
365 449
520 448
334 433
458 433
410 507
213 548
233 482
380 733
440 402
298 496
558 446
279 457
533 471
235 531
294 463
377 492
365 447
447 415
221 501
254 465
494 728
304 454
366 428
458 439
248 474
341 455
488 438
404 394
461 442
202 596
503 456
225 582
261 504
228 621
212 547
302 517
257 506
238 519
226 492
378 411
403 498
410 394
301 503
272 502
501 785
405 415
523 445
230 555
387 427
248 493
235 532
239 620
232 523
397 414
229 611
381 509
510 798
235 529
236 535
180 586
278 512
269 509
234 604
383 502
384 495
525 435
209 549
228 536
438 379
289 438
370 433
284 494
503 455
389 499
253 468
287 500
409 393
204 549
305 454
254 500
367 428
399 502
402 388
515 736
394 386
246 491
565 438
245 509
385 440
341 433
231 598
219 589
288 446
343 455
391 441
238 623
404 415
283 457
280 456
415 380
434 385
392 442
491 432
447 416
265 503
350 445
245 515
278 478
329 458
176 590
335 472
292 486
363 431
224 488
453 503
234 625
225 533
305 502
225 546
323 467
251 513
239 502
529 450
393 438
273 507
420 381
197 548
454 436
356 489
448 421
508 457
219 599
335 441
305 493
403 414
348 443
511 795
396 379
394 434
240 527
238 516
219 588
338 468
498 453
436 376
391 424
344 462
237 578
292 503
453 497
401 504
463 449
505 737
293 503
344 440
224 525
356 490
389 400
544 447
459 428
371 490
182 582
548 448
353 441
474 446
553 446
334 429
381 411
222 546
275 508
336 503
356 441
302 505
381 491
512 468
283 452
338 462
378 737
500 450
178 591
212 596
519 449
443 413
445 405
223 500
291 441
432 372
304 457
241 502
349 442
508 789
399 421
381 391
402 497
332 457
554 446
347 443
256 466
377 496
227 609
443 499
419 507
409 384
330 442
204 591
509 459
452 413
511 450
238 483
174 584
228 577
224 597
313 468
410 506
311 493
334 487
250 469
324 437
218 624
325 429
272 510
365 429
228 572
458 499
278 479
324 463
428 368
499 430
227 548
383 501
346 462
441 385
179 592
342 487
345 449
455 433
287 452
340 470
287 497
507 784
238 526
460 430
227 546
172 589
391 445
236 554
232 550
244 516
372 444
406 415
285 448
233 570
387 428
217 551
296 501
342 424
247 473
235 603
201 596
489 441
322 459
231 565
489 440
229 568
501 434
326 480
451 413
218 621
506 727
441 408
181 589
382 503
335 486
451 422
320 465
223 611
282 481
229 555
501 452
325 480
216 543
395 389
320 466
429 372
278 514
276 508
363 441
392 440
307 471
277 520
379 439
325 432
256 467
242 484
421 380
513 736
256 469
333 455
208 594
404 402
282 502
235 547
298 449
412 475
241 473
448 402
503 462
402 420
260 506
270 507
438 394
346 445
305 496
409 493
180 584
238 528
216 542
238 518
373 421
313 462
260 503
455 499
480 430
194 586
233 525
387 425
296 494
427 489
321 454
330 483
398 375
235 526
379 493
338 436
391 421
219 623
236 543
392 447
471 444
404 391
324 480
401 423
189 592
528 429
324 467
510 730
338 467
378 399
563 436
365 448
295 460
303 518
224 538
408 386
383 392
277 519
439 384
512 794
222 612
426 383
409 512
224 611
338 485
382 493
290 491
448 500
274 510
194 550
273 501
272 507
403 407
401 373
234 568
396 412
197 596
476 446
365 434
395 410
234 547
442 492
300 516
515 467
275 499
230 486
453 511
286 453
457 439
395 430
300 445
206 597
326 435
344 464
321 456
225 560
287 494
509 730
223 501
305 463
244 486
244 487
377 737
200 593
545 444
326 461
222 487
392 416
236 568
373 498
235 515
501 436
422 386
459 432
279 513
309 467
435 408
225 488
389 386
322 474
453 505
252 498
328 480
526 449
568 444
183 587
365 490
392 375
221 611
385 409
252 459
362 439
359 445
224 498
309 461
305 498
230 539
176 594
559 442
368 432
422 382
219 586
300 456
321 439
236 626
266 507
364 497
388 385
337 430
351 447
407 397
225 492
393 412
411 501
372 446
393 385
244 506
549 448
292 456
241 477
537 454
287 455
298 509
480 432
222 594
401 503
298 506
508 788
402 411
188 591
533 448
299 456
306 445
276 480
383 510
344 492
372 445
342 427
385 450
506 780
300 517
530 429
301 504
447 381
444 412
234 541
495 440
250 509
327 433
229 628
373 501
303 457
283 493
524 448
229 620
384 410
478 431
237 611
287 443
222 488
369 429
282 524
436 408
477 434
235 533
369 488
504 446
397 378
429 489
289 442
298 508
307 476
193 549
502 453
502 784
336 437
281 453
325 457
297 501
306 448
345 491
504 775
450 416
511 797
541 450
526 440
298 507
461 440
367 446
250 475
371 488
484 430
387 498
294 455
221 592
225 579
237 519
355 486
224 547
508 735
289 485
428 374
454 498
401 372
290 455
498 448
298 499
347 462
322 479
225 597
381 417
410 494
403 499
200 592
278 522
400 503
335 437
391 418
494 800
446 413
404 399
295 505
393 435
336 476
241 524
486 438
230 568
175 592
338 482
503 451
507 733
422 380
399 406
344 489
396 432
306 473
495 447
455 482
373 443
416 377
366 490
409 415
528 448
301 448
460 433
287 458
294 504
430 411
439 413
511 463
333 457
221 625
196 589
224 536
289 440
442 386
254 510
388 396
439 398
332 443
332 430
214 548
283 502
329 449
332 429
281 513
424 383
529 445
295 496
224 523
361 446
399 509
476 430
237 484
419 515
243 469
389 388
287 506
214 600
453 487
391 428
225 610
488 441
192 547
355 445
275 505
414 370
239 524
342 466
238 520
563 434
337 475
297 512
384 451
306 476
199 600
320 433
220 583
228 597
402 395
374 444
436 489
286 448
247 488
320 483
339 504
457 507
398 424
340 494
391 399
391 375
381 396
342 423
316 432
245 495
373 433
458 425
402 391
327 462
380 486
226 529
415 473
424 370
409 395
417 381
255 498
401 407
365 433
382 437
444 398
528 441
311 468
288 447
409 501
396 376
193 593
400 373
337 459
527 443
234 611
337 439
507 783
385 394
477 430
223 586
364 432
249 474
364 488
539 455
506 455
436 398
505 443
232 613
235 611
303 514
177 597
227 569
420 507
237 597
341 440
246 478
280 515
239 475
374 502
321 467
342 494
213 545
322 476
419 377
478 451
304 508
288 498
376 399
477 440
364 428
240 626
425 383
329 481
359 492
178 589
226 617
316 431
200 597
232 548
446 509
279 502
423 382
332 439
336 439
310 448
348 444
382 396
534 450
420 516
539 453
351 442
311 460
210 597
202 591
231 619
540 454
560 442
302 506
455 427
459 438
393 421
388 439
287 487
378 418
177 589
230 629
446 422
309 471
476 447
226 560
438 383
277 475
300 505
418 509
249 513
249 470
229 607
457 503
333 438
411 383
510 786
435 373
454 438
339 467
230 569
423 379
321 462
438 410
363 435
279 497
213 597
220 591
200 587
235 535
277 457
230 548
491 441
267 508
453 480
255 510
390 424
233 572
232 599
322 493
304 456
438 491
455 439
302 508
303 513
321 433
509 784
208 595
309 497
401 508
401 506
410 384
403 388
234 603
316 470
447 501
232 564
323 463
454 435
224 546
397 385
377 417
391 410
281 481
233 611
303 515
257 471
516 736
446 405
411 504
385 410
293 494
509 785
270 511
394 426
454 502
535 466
349 443
537 473
312 492
347 449
504 454
386 451
440 411
271 508
506 786
390 439
292 498
222 547
297 458
403 389
190 591
332 441
427 402
253 495
324 430
240 529
218 542
355 446
228 494
239 497
412 495
346 443
279 456
257 507
232 525
507 789
280 499
303 494
278 457
527 448
259 507
380 413
514 471
284 481
339 432
180 594
244 517
510 458
459 430
321 492
341 497
383 395
299 510
299 497
409 510
497 449
320 487
218 625
507 447
416 505
364 495
396 419
300 519
342 440
373 444
234 605
321 493
370 444
527 442
283 449
236 597
301 447
230 551
450 488
191 549
537 459
380 397
241 526
343 500
217 624
355 487
390 441
336 475
224 541
499 428
199 601
427 398
306 493
502 423
335 469
232 567
383 438
286 490
442 410
229 567
318 464
391 386
200 598
508 730
542 452
225 535
322 467
222 580
180 589
203 597
227 535
231 559
517 449
332 473
389 428
458 480
234 477
309 494
370 422
383 643
230 560
351 440
549 442
231 615
409 494
453 437
346 461
423 383
249 467
416 506
282 482
401 507
414 506
284 480
225 496
453 482
440 400
387 410
292 490
228 537
234 529
444 488
491 431
438 488
295 494
228 609
182 593
456 426
278 476
367 426
242 514
241 501
476 439
234 478
557 447
447 499
340 498
457 484
284 479
230 570
438 492
504 443
555 447
325 436
394 444
238 476
253 466
386 416
233 603
232 598
448 382
235 483
243 516
278 475
506 447
222 541
234 533
332 482
362 494
508 736
563 435
227 545
453 504
427 368
440 383
389 394
214 545
422 378
231 562
174 583
238 622
384 511
441 381
304 455
323 483
394 374
375 419
243 509
429 398
246 495
183 596
299 460
525 436
319 440
228 603
446 486
415 504
315 468
218 578
228 602
564 441
499 448
220 541
223 560
451 415
221 502
503 454
393 416
326 456
483 430
320 453
364 494
363 445
319 454
282 450
441 399
238 478
567 443
229 606
233 580
478 433
379 497
420 379
322 486
305 447
366 436
228 569
217 549
482 428
228 574
235 597
546 444
372 433
240 498
439 377
215 580
378 503
231 487
233 479
307 461
308 500
446 505
226 563
276 475
226 610
341 498
525 437
304 506
334 434
444 403
326 464
413 383
431 410
382 435
502 439
248 515
400 374
230 488
456 437
233 563
441 379
222 539
508 787
342 455
512 799
202 549
311 494
357 447
341 487
206 590
351 491
492 431
333 476
253 503
253 500
348 441
566 443
412 394
383 439
178 581
225 561
364 435
201 599
454 509
189 596
495 797
233 548
403 400
403 386
371 422
430 375
449 414
307 460
309 496
384 440
431 405
323 484
250 511
538 452
418 369
454 487
225 562
316 433
219 587
457 502
274 457
454 510
221 589
427 487
386 496
417 514
370 447
315 489
481 429
303 507
502 436
427 490
183 597
220 619
227 492
243 502
449 421
388 394
393 440
302 497
455 434
223 488
428 369
253 463
368 431
402 499
322 484
340 463
456 500
389 507
454 503
513 448
224 617
414 380
378 505
286 449
365 492
504 461
500 453
239 482
245 485
374 490
509 457
508 727
395 392
188 588
233 554
421 499
248 475
501 446
321 491
296 495
225 497
275 503
387 424
217 599
176 596
337 428
313 494
240 524
379 411
379 442
305 509
352 491
315 462
336 430
213 547
253 465
379 400
389 382
504 776
340 427
300 443
358 448
227 617
334 430
344 491
445 499
458 481
338 460
446 416
367 445
286 441
237 564
300 506
304 452
322 472
397 411
301 507
344 454
228 578
305 466
301 450
397 421
404 498
344 499
450 422
250 512
369 487
236 524
231 629
445 413
364 427
500 439
225 523
367 427
355 488
223 629
440 489
176 591
419 514
507 799
415 490
384 502
241 482
309 493
251 476
230 611
357 488
306 464
511 466
389 389
193 586
511 796
335 467
320 486
401 411
513 794
447 403
326 438
509 466
339 485
454 504
208 592
314 472
422 384
337 427
233 549
295 454
308 493
224 593
247 487
225 489
455 506
527 431
305 495
407 507
328 457
447 504
416 492
253 460
392 448
249 472
308 466
568 449
510 736
527 440
324 465
230 485
345 456
403 502
233 605
190 592
320 482
372 491
335 458
309 470
301 457
199 586
411 503
238 517
356 442
403 390
186 592
319 484
510 792
228 490
182 598
303 495
329 480
342 425
408 392
377 444
554 447
237 518
330 449
390 399
290 506
282 512
236 523
397 386
341 470
501 433
231 547
403 508
407 506
550 448
420 370
550 447
365 432
227 498
457 499
319 487
449 422
428 398
228 564
218 543
477 431
511 462
293 485
366 427
279 498
242 515
336 482
257 511
223 541
404 392
395 427
451 426
231 550
502 456
322 470
360 491
308 490
502 783
380 489
208 597
510 461
381 495
514 467
302 502
356 488
509 726
441 406
297 495
457 501
396 429
399 433
400 386
181 584
346 446
455 501
231 605
291 460
536 463
432 373
296 460
499 425
504 444
328 458
310 446
304 493
511 784
392 445
460 440
204 595
227 496
417 377
322 469
544 446
277 497
282 454
540 452
550 446
377 399
251 474
369 431
293 489
533 468
225 606
458 502
301 511
429 491
304 458
332 437
274 499
305 452
238 626
409 508
235 554
340 471
285 453
447 486
225 534
240 575
404 401
422 374
510 449
500 424
224 596
243 489
431 375
298 498
398 407
483 432
381 397
290 456
391 442
417 505
429 403
233 626
234 545
538 453
287 473
286 501
310 447
260 509
509 798
357 487
342 460
411 494
307 467
281 479
439 403
493 799
323 479
246 490
285 483
502 449
218 619
332 444
310 461
429 406
475 448
569 446
528 445
392 444
319 493
234 534
447 509
219 585
402 433
342 461
195 593
225 532
343 465
238 524
279 512
483 427
308 446
402 502
285 500
180 583
294 461
366 489
331 442
511 460
403 501
395 390
198 596
240 478
342 426
417 367
507 791
226 561
293 484
496 439
244 509
392 446
397 432
226 620
226 497
181 587
226 535
536 473
324 479
262 505
386 497
532 468
227 528
229 548
306 458
235 513
476 449
444 495
394 375
377 500
234 575
417 512
529 427
253 496
240 476
252 468
429 369
441 382
190 593
423 369
403 392
241 498
265 504
291 488
451 423
239 495
333 440
441 398
286 442
563 442
221 593
318 463
454 508
409 507
344 487
394 430
390 396
222 582
381 493
397 424
449 503
256 511
240 514
440 384
404 507
459 427
220 579
395 429
499 443
452 487
327 434
235 534
281 512
243 484
313 493
219 625
307 496
377 398
442 414
318 486
343 453
393 392
221 581
335 473
508 448
215 545
559 443
437 491
394 440
506 782
369 430
509 727
326 485
440 492
288 476
503 737
229 618
547 444
228 607
434 489
224 595
438 398
254 508
393 414
319 434
337 502
248 492
418 368
260 508
233 615
300 518
397 420
377 498
277 510
238 595
254 502
221 591
381 415
272 500
381 402
483 428
511 794
295 502
424 368
453 510
224 540
324 435
392 390
519 447
416 514
398 373
524 446
504 434
453 439
453 479
284 443
218 617
429 404
219 580
361 444
341 460
360 498
337 425
293 488
299 515
290 503
182 592
425 399
333 473
222 613
510 787
502 457
511 461
186 591
529 444
534 466
386 508
511 792
180 592
276 499
489 439
428 371
445 489
243 517
454 424
283 503
357 445
223 502
415 508
223 585
310 460
398 509
374 420
284 448
546 447
348 442
318 434
300 457
257 508
549 444
485 430
447 419
394 431
376 491
261 503
534 451
229 553
256 506
401 375
288 443
446 507
219 582
340 502
246 492
200 601
237 565
402 410
372 421
179 594
310 467
435 374
375 444
436 375
265 507
477 437
386 387
242 471
522 446
341 500
224 489
517 450
402 413
245 514
537 458
259 505
342 465
321 437
380 416
343 494
231 614
225 490
364 434
441 397
324 434
400 510
272 509
277 523
175 595
399 411
339 459
415 476
302 503
229 577
399 386
229 616
249 514
320 467
340 466
324 461
461 443
477 446
232 618
415 491
216 579
374 435
289 439
387 452
482 427
357 492
403 397
241 480
542 448
279 518
278 480
216 577
239 621
247 515
514 470
288 506
300 501
394 419
478 432
341 456
321 426
253 499
226 625
236 485
318 470
328 433
297 502
281 480
250 467
243 503
510 466
340 433
390 386
400 407
232 630
278 521
374 501
238 481
445 487
442 488
420 382
280 500
242 516
379 489
506 454
302 447
332 472
287 474
231 558
562 443
252 513
321 465
379 398
213 581
334 431
477 439
492 441
502 776
340 499
502 446
450 440
527 441
383 391
437 404
223 543
364 438
499 426
275 504
513 467
306 465
431 374
390 451
331 447
447 502
225 501
446 491
510 463
536 454
308 461
312 493
222 587
270 512
224 524
232 610
317 494
250 476
502 451
228 491
500 436
421 508
226 541
453 438
566 441
219 579
421 369
230 607
354 492
502 455
401 512
326 432
393 444
229 565
440 488
445 425
376 494
389 399
342 467
445 490
226 621
233 546
472 439
568 447
222 548
229 605
397 419
507 788
511 793
499 424
390 411
373 500
235 543
190 596
228 548
319 483
271 506
225 616
535 463
395 381
229 539
230 618
422 385
415 369
407 500
503 776
338 440
335 429
308 471
254 509
558 445
477 438
224 501
398 433
288 473
376 443
226 579
224 537
381 492
246 515
443 488
332 456
392 451
401 374
227 541
533 466
237 562
237 523
417 368
487 438
232 565
300 502
370 426
365 491
229 622
336 474
336 434
216 578
306 475
501 458
509 791
283 492
505 446
387 394
221 539
361 495
414 369
237 522
286 479
235 544
387 510
383 503
244 488
224 497
500 437
385 451
509 458
560 443
334 432
243 514
388 397
242 622
499 429
387 451
271 507
529 449
406 392
370 424
264 503
177 581
235 599
249 494
229 617
452 488
380 417
490 435
463 448
495 798
362 435
250 471
254 511
195 549
345 442
490 441
304 447
234 528
336 484
454 499
320 484
307 446
308 467
224 594
218 616
200 588
364 448
521 449
232 580
338 459
510 457
301 460
324 464
392 421
403 500
284 503
200 599
339 502
213 596
343 454
405 500
363 443
408 415
534 454
221 599
242 503
411 474
207 594
203 595
228 535
250 470
500 449
322 478
280 523
499 423
506 457
479 434
319 433
325 455
489 438
398 420
229 597
478 452
240 504
395 444
425 370
523 447
414 492
255 471
437 383
199 597
241 621
559 441
456 498
321 458
243 498
417 382
346 494
299 459
443 409
358 445
346 449
334 440
225 541
364 429
457 498
460 503
315 466
228 540
223 612
417 376
456 438
347 446
314 471
181 588
355 447
240 503
320 485
402 387
192 593
517 454
399 415
199 546
387 496
534 472
245 508
453 507
328 479
250 463
346 448
388 388
238 482
243 471
233 526
224 487
334 438
400 506
477 428
298 501
218 599
228 608
288 490
390 382
302 448
423 376
215 544
283 501
307 468
504 458
276 518
380 442
253 510
401 513
327 480
440 385
482 429
456 485
218 622
528 431
345 450
490 436
476 445
184 585
406 508
177 590
379 418
438 385
387 384
402 392
339 438
287 456
192 585
273 500
553 449
413 491
395 383
319 441
380 492
369 432
222 592
378 497
307 458
347 491
409 502
286 487
340 486
500 443
540 453
407 398
402 498
340 501
216 547
330 443
223 628
499 436
362 443
487 441
175 591
273 499
458 479
218 615
428 491
321 463
414 383
351 441
414 495
234 626
231 551
226 596
285 457
177 598
393 411
234 570
331 445
366 493
176 581
432 402
328 460
203 548
430 491
327 459
274 511
388 401
299 458
238 480
502 448
232 559
230 609
440 395
392 386
189 595
386 452
398 414
536 472
216 551
182 594
183 599
177 591
239 476
214 580
525 433
445 498
302 512
227 563
223 528
284 482
397 426
344 494
261 502
255 503
407 503
364 439
514 451
447 414
223 610
345 455
219 541
527 444
235 538
400 408
356 443
207 593
511 799
443 494
360 496
525 440
447 500
371 433
440 408
309 500
282 479
236 599
416 378
261 505
224 486
394 376
508 786
227 624
525 448
198 595
535 455
440 401
294 460
512 451
418 515
243 470
237 595
208 596
374 433
304 502
247 489
441 488
319 467
238 574
538 454
385 509
401 498
287 503
206 591
390 440
178 598
246 506
447 424
241 529
439 396
428 490
337 432
245 484
414 384
416 384
246 494
225 621
416 512
437 488
192 550
339 426
567 446
451 502
502 434
285 505
419 510
327 458
200 546
226 608
243 504
214 579
405 389
305 453
331 430
381 413
453 478
231 611
341 496
289 506
517 736
236 475
496 438
239 576
225 485
340 422
489 431
316 488
382 448
341 462
361 447
240 471
477 449
413 394
436 385
243 485
499 444
245 481
274 503
199 602
507 731
338 503
384 501
280 501
278 511
364 492
317 493
398 432
398 385
393 415
253 459
452 502
532 469
401 404
331 437
252 463
245 516
430 402
336 435
533 467
352 442
235 536
252 475
449 419
303 496
445 488
411 481
217 589
338 426
291 499
229 603
222 626
328 462
196 587
223 559
225 617
389 424
392 437
214 599
391 392
536 457
225 578
351 439
235 522
452 416
342 498
536 460
360 495
254 503
464 448
509 786
296 509
237 475
279 516
197 593
490 431
433 408
198 594
250 510
223 524
315 463
418 516
523 437
337 467
323 482
369 433
229 627
357 446
382 391
277 478
369 446
451 441
508 783
298 495
507 734
276 504
343 451
173 581
404 383
447 420
300 458
278 473
415 489
341 426
394 437
239 529
441 403
237 545
428 370
243 513
289 487
308 448
218 589
348 448
444 498
175 589
440 413
435 488
435 489
435 487
435 490
435 486
228 562
435 491
436 491
436 492
436 493
435 493
434 493
435 494
391 431
221 624
252 496
267 507
226 627
233 627
342 462
235 563
338 481
239 479
478 450
426 373
404 386
434 487
424 488
423 488
424 489
424 490
423 490
422 490
421 490
420 490
420 491
420 489
420 492
419 489
420 493
419 488
420 494
419 487
421 494
420 495
419 486
422 494
418 486
419 485
422 495
418 485
420 485
419 484
422 496
421 485
419 483
423 496
422 497
421 484
419 482
424 496
421 497
422 484
418 482
424 497
421 498
422 483
417 482
424 498
420 498
422 482
416 482
424 499
419 498
415 482
416 481
424 500
418 498
419 499
419 497
415 483
415 481
416 480
425 500
418 499
419 500
414 483
414 481
417 499
413 483
414 480
416 499
417 500
412 483
414 479
416 500
417 501
412 484
412 482
415 479
413 479
415 500
411 484
411 482
412 479
414 500
415 501
411 485
381 505
411 479
412 478
414 499
415 502
357 490
412 477
413 499
414 498
416 502
414 502
415 503
413 477
412 476
413 498
458 478
459 478
460 478
460 479
460 477
461 477
462 477
463 477
462 478
462 476
464 477
462 475
465 477
463 475
466 477
463 474
466 476
463 473
467 476
466 475
464 473
463 472
468 476
465 473
463 471
468 477
501 786
465 474
463 470
468 478
463 469
463 468
464 468
463 467
464 467
462 467
464 466
465 466
464 465
465 465
465 464
466 464
465 463
466 463
466 462
466 461
466 460
467 460
466 459
468 460
467 459
466 458
469 460
465 458
466 457
466 456
467 456
465 456
467 455
464 456
465 455
467 454
464 455
466 454
464 454
464 453
463 453
464 452
462 453
463 452
464 451
461 453
463 451
465 451
461 454
462 451
466 451
460 454
462 450
466 452
459 454
460 455
462 449
458 454
459 453
461 449
462 448
458 455
536 456
462 447
458 456
383 437
462 446
463 446
462 445
464 446
463 445
463 444
464 444
463 443
462 443
463 442
442 392
464 442
439 391
465 442
440 390
466 442
424 399
467 442
466 443
424 397
468 442
467 443
467 441
425 400
468 443
467 444
467 440
442 393
468 440
466 440
438 391
441 390
469 440
440 389
470 440
423 399
470 441
423 397
224 526
471 441
426 400
425 401
472 441
471 442
443 393
437 391
441 389
286 443
473 441
422 397
427 400
425 402
474 441
473 442
443 394
441 388
425 395
475 441
474 440
473 443
423 395
424 394
425 403
239 483
443 395
476 441
475 440
474 439
474 443
435 391
441 387
425 394
425 404
422 395
435 392
441 386
476 440
473 439
474 444
425 393
422 394
424 402
426 404
425 405
402 513
402 514
402 515
403 515
401 515
403 516
400 515
401 516
404 516
400 514
401 517
405 516
404 517
399 514
401 518
404 518
398 514
399 513
400 518
401 519
405 518
403 518
401 520
406 518
403 519
402 520
401 521
407 518
406 517
402 521
401 522
408 518
407 517
400 522
401 523
408 519
407 516
400 523
401 524
408 520
407 515
399 523
401 525
407 520
407 514
398 523
402 525
406 520
408 514
398 524
405 520
398 525
405 521
398 526
404 521
405 522
397 526
406 522
396 526
406 523
396 527
396 525
407 523
406 524
396 528
395 525
408 523
406 525
397 528
395 528
396 529
395 524
406 526
398 528
397 529
394 528
396 530
407 526
406 527
393 528
394 529
396 531
408 526
405 527
392 528
393 527
396 532
408 527
392 527
393 526
397 532
396 533
408 528
391 527
398 532
395 533
408 529
390 527
399 532
394 533
409 529
408 530
390 528
400 532
393 533
410 529
408 531
390 529
400 533
400 531
411 529
409 531
389 529
390 530
401 531
412 529
411 528
388 529
390 531
402 531
413 529
411 527
388 528
391 531
390 532
414 529
411 526
387 528
392 531
389 532
415 529
386 528
393 531
388 532
416 529
385 528
393 530
387 532
388 531
417 529
416 530
384 528
385 529
387 533
387 531
417 528
384 527
386 531
418 528
417 527
383 527
384 526
385 531
419 528
382 527
385 526
385 532
420 528
419 529
419 527
382 526
384 532
385 533
421 528
419 530
419 526
381 526
382 525
383 532
385 534
421 527
418 530
419 531
420 526
419 525
381 525
382 524
383 533
383 531
422 527
421 526
418 531
382 523
382 533
383 534
422 526
418 532
382 522
381 533
383 535
423 526
422 525
418 533
381 522
381 534
381 532
424 526
422 524
419 533
417 533
381 521
380 534
381 531
424 527
421 524
422 523
420 533
380 521
381 520
379 534
380 535
381 530
421 523
422 522
421 533
381 519
378 534
379 535
380 536
423 522
422 521
421 534
421 532
382 519
380 519
377 534
380 537
424 522
423 521
422 520
422 534
421 535
421 531
383 519
379 519
376 534
379 537
380 538
424 523
424 521
423 520
421 520
423 534
384 519
379 518
375 534
376 535
376 533
380 539
425 523
425 521
420 520
424 534
423 535
423 533
384 518
378 518
375 533
376 536
381 539
426 523
425 520
424 533
423 536
384 517
377 518
375 532
376 537
426 520
425 519
424 536
383 517
377 519
377 517
374 532
375 531
375 537
425 518
425 536
376 519
377 520
377 516
374 531
376 531
374 537
426 536
425 537
376 520
377 521
378 516
376 516
373 531
376 530
374 538
374 536
426 537
425 538
375 520
378 521
378 515
375 516
376 515
372 531
373 530
376 529
374 539
373 536
427 537
424 538
425 539
374 520
379 515
378 514
374 516
376 514
372 530
376 528
374 540
372 536
427 538
423 538
426 539
374 515
376 513
371 530
375 528
376 527
371 536
427 539
422 538
426 540
373 515
375 513
370 530
371 529
374 528
376 526
371 537
371 535
428 539
422 539
426 541
373 514
374 513
369 530
370 529
370 537
370 535
421 539
422 540
373 513
374 512
368 530
369 531
369 529
370 528
369 537
369 535
370 534
421 540
422 541
372 513
374 511
368 529
369 532
368 537
369 538
370 533
420 540
421 541
423 541
422 542
371 513
374 510
368 532
367 537
368 538
419 540
420 541
422 543
371 514
371 512
375 510
373 510
367 532
366 537
368 539
418 540
423 543
422 544
370 512
373 509
366 532
366 538
366 536
368 540
418 539
424 543
421 544
369 512
370 511
373 508
365 532
366 531
365 538
366 539
369 540
417 539
425 543
421 545
374 508
372 508
364 532
365 531
364 538
365 539
366 540
370 540
416 539
417 538
426 543
374 507
371 508
363 532
364 533
364 539
366 541
415 539
417 537
427 543
370 508
371 509
363 531
363 539
366 542
415 538
418 537
427 544
427 542
370 509
370 507
362 531
362 539
414 538
418 536
428 544
427 545
361 531
362 530
362 540
362 538
413 538
428 545
426 545
360 531
361 532
362 529
361 540
362 541
362 537
413 539
413 537
426 546
360 540
361 541
363 541
412 539
413 540
412 537
413 536
425 546
360 541
361 542
414 536
425 547
361 543
414 535
425 548
360 543
361 544
414 534
426 548
425 549
359 543
413 534
426 549
358 543
412 534
426 550
358 544
358 542
412 535
426 551
357 542
411 535
425 551
426 552
357 541
410 535
427 552
426 553
357 540
409 535
426 554
357 539
426 555
356 539
357 538
427 555
425 555
355 539
357 537
428 555
425 556
355 540
355 538
429 555
428 556
424 556
425 557
354 540
355 541
354 538
355 537
430 555
428 557
353 540
353 538
431 555
430 554
427 557
428 558
353 539
352 538
432 555
429 558
352 539
351 538
433 555
429 559
351 539
351 537
434 555
430 559
429 560
350 539
351 540
435 555
434 554
431 559
430 560
349 539
351 541
435 554
431 560
430 561
348 539
349 538
350 541
432 560
430 562
347 539
349 537
433 560
430 563
346 539
434 560
433 561
433 559
430 564
345 539
346 538
434 561
431 564
429 564
344 539
345 538
435 561
434 562
428 564
344 540
344 538
434 563
427 564
344 541
343 538
434 564
426 564
427 563
344 542
342 538
343 537
435 564
433 564
425 564
426 565
343 542
342 539
436 564
433 565
424 564
425 563
343 543
341 539
436 565
423 564
425 562
340 539
437 565
423 563
340 540
340 538
438 565
423 562
340 537
439 565
423 561
341 537
339 537
439 566
423 560
338 537
440 566
423 559
337 537
338 536
440 567
423 558
336 537
337 538
440 568
423 557
336 538
337 539
439 568
440 569
422 557
335 538
440 570
441 570
440 571
441 571
439 571
442 571
438 571
442 572
437 571
438 570
443 572
442 573
436 571
437 572
444 572
443 573
441 573
442 574
436 572
445 572
444 571
443 574
440 573
435 572
446 572
444 574
434 572
446 573
446 571
445 574
433 572
446 574
447 571
433 573
447 574
446 575
447 570
432 573
433 574
448 574
446 576
448 570
447 569
431 573
432 574
449 574
446 577
448 569
447 568
432 575
450 574
449 575
447 577
446 568
431 575
432 576
451 574
450 573
445 568
430 575
432 577
451 575
430 574
432 578
451 576
429 574
432 579
429 573
432 580
428 573
432 581
433 581
432 582
433 582
431 582
434 582
430 582
431 583
430 581
431 584
430 580
431 585
431 586
430 586
431 587
430 587
432 587
429 587
432 588
428 587
433 588
427 587
428 588
428 586
434 588
433 589
426 587
427 588
428 585
434 589
433 590
427 585
428 584
435 589
433 591
428 583
436 589
433 592
436 590
434 592
433 593
437 590
433 594
438 590
432 594
438 589
431 594
430 594
431 595
431 593
429 594
429 595
429 596
429 597
428 597
427 597
426 597
427 598
427 596
425 597
426 598
427 595
424 597
426 599
426 595
427 594
423 597
424 596
425 599
426 600
426 594
422 597
427 600
426 593
421 597
422 596
427 601
425 593
426 592
420 597
428 601
427 602
420 598
429 601
427 603
420 599
429 602
429 600
426 603
427 604
419 599
430 600
426 604
418 599
431 600
426 605
417 599
418 598
432 600
426 606
416 599
417 600
417 598
433 600
426 607
415 599
417 601
434 600
425 607
426 608
414 599
415 598
418 601
435 600
424 607
426 609
413 599
414 598
415 597
418 602
435 601
423 607
426 610
413 600
415 596
418 603
422 607
426 611
412 600
414 596
418 604
422 606
427 611
426 612
412 601
418 605
422 605
428 611
425 612
412 602
419 605
418 606
428 612
411 602
419 606
417 606
429 612
428 613
416 606
417 607
429 613
428 614
415 606
416 605
417 608
430 613
428 615
414 606
416 604
431 613
427 615
428 616
413 606
414 607
416 603
431 612
426 615
428 617
412 606
414 608
415 603
431 611
426 616
426 614
428 618
411 606
415 608
414 609
414 603
430 611
431 610
428 619
410 606
413 603
430 610
432 610
431 609
429 619
410 607
413 604
433 610
431 608
430 619
434 610
431 607
430 620
430 618
435 610
432 607
430 621
433 607
431 621
430 622
433 606
432 621
431 622
433 605
433 621
433 604
434 621
433 622
432 604
434 620
433 623
431 604
434 619
434 623
433 624
430 604
435 619
434 618
435 623
434 624
432 624
429 604
436 619
434 617
436 623
435 624
435 622
432 625
429 605
436 618
436 622
435 625
431 625
432 626
436 617
436 625
431 626
436 616
431 627
437 616
430 627
438 616
430 628
439 616
438 617
438 615
429 628
440 616
439 617
438 614
429 629
440 617
438 613
428 629
429 630
441 617
438 612
427 629
430 630
429 631
442 617
438 611
427 630
431 630
430 631
443 617
442 618
426 630
427 631
431 631
431 629
443 618
425 630
427 632
432 631
432 629
443 619
424 630
425 631
425 629
428 632
427 633
444 619
423 630
424 629
425 632
426 633
427 634
445 619
423 631
425 633
427 635
445 620
422 631
427 636
445 621
421 631
428 636
446 621
444 621
420 631
421 632
429 636
447 621
446 622
444 622
420 630
443 622
419 630
420 629
442 622
418 630
420 628
442 623
442 621
417 630
441 623
442 620
416 630
417 629
440 623
415 630
416 631
440 624
414 630
439 624
414 631
439 625
414 632
439 626
413 632
414 633
412 632
413 633
415 633
413 634
415 634
415 635
416 635
415 636
416 636
414 636
415 637
417 636
416 637
415 638
416 638
414 638
415 639
417 638
416 639
413 638
418 638
416 640
412 638
419 638
418 639
416 641
411 638
412 639
419 639
417 641
410 638
412 640
420 639
417 642
409 638
412 641
421 639
420 640
418 642
409 637
412 642
420 641
409 636
412 643
421 641
420 642
409 635
412 644
420 643
412 645
421 643
411 645
422 643
410 645
422 642
409 645
410 646
409 646
408 646
408 647
407 647
408 648
406 647
408 649
405 647
409 649
407 649
404 647
405 648
405 646
410 649
409 650
403 647
404 648
405 645
411 649
410 648
409 651
403 648
403 646
405 644
411 650
411 648
409 652
403 649
403 645
405 643
412 650
412 648
408 652
403 650
402 645
403 644
406 643
413 650
412 651
413 648
407 652
408 653
402 650
401 645
403 643
406 642
414 650
413 649
406 652
408 654
401 650
400 645
401 646
403 642
415 650
414 649
406 651
409 654
400 650
399 645
402 642
403 641
415 651
406 650
409 655
399 650
400 649
402 641
409 656
398 650
399 649
402 640
409 657
398 651
398 649
409 658
397 651
398 648
410 658
408 658
396 651
397 648
398 647
411 658
407 658
408 659
396 652
396 650
396 648
399 647
412 658
406 658
407 659
407 657
408 660
413 658
412 659
412 657
406 659
406 657
408 661
413 659
412 660
412 656
405 659
409 661
407 661
412 661
404 659
410 661
409 662
403 659
410 662
409 663
402 659
410 663
408 663
402 658
411 663
408 664
401 658
412 663
407 664
400 658
401 657
413 663
406 664
407 665
400 659
413 664
413 662
405 664
406 665
399 659
413 665
414 662
405 665
406 666
399 660
412 665
415 662
404 665
399 661
416 662
415 661
403 665
398 661
399 662
415 660
402 665
403 666
397 661
398 662
416 660
402 664
403 667
397 662
398 663
416 659
401 664
397 663
398 664
416 658
397 664
417 658
396 664
418 658
396 665
419 658
396 666
420 658
395 666
421 658
420 657
394 666
421 657
420 656
393 666
422 657
420 655
392 666
422 656
421 655
419 655
420 654
391 666
392 667
419 654
391 667
419 653
390 667
391 668
418 653
419 652
389 667
391 669
417 653
419 651
388 667
392 669
390 669
417 652
388 668
388 666
392 670
416 652
387 668
388 665
505 781
392 671
388 664
392 672
387 664
393 672
386 664
394 672
385 664
386 665
395 672
394 671
384 664
395 673
384 665
384 663
395 674
384 666
383 663
384 662
395 675
385 666
383 662
395 676
382 662
383 661
396 676
394 676
381 662
383 660
393 676
394 677
380 662
384 660
383 659
392 676
394 678
380 663
380 661
385 660
383 658
391 676
394 679
380 664
386 660
382 658
390 676
391 675
395 679
381 664
379 664
386 661
386 659
382 657
390 677
396 679
395 680
381 665
379 665
387 659
386 658
382 656
397 679
396 680
395 681
381 666
387 658
385 658
382 655
397 678
395 682
380 666
381 667
388 658
383 655
382 654
394 682
395 683
381 668
389 658
384 655
394 683
395 684
381 669
384 656
384 654
396 684
382 669
385 656
384 653
397 684
385 653
383 653
398 684
397 683
386 653
383 652
399 684
398 685
398 683
397 682
383 651
399 683
398 686
383 650
399 682
399 686
397 686
383 649
400 686
384 649
382 649
401 686
400 685
385 649
384 648
381 649
382 648
402 686
386 649
384 647
381 648
403 686
402 687
386 650
385 647
380 648
403 685
387 650
386 647
379 648
380 647
403 684
387 651
387 647
379 649
379 647
403 683
387 652
378 647
379 646
404 683
402 683
388 652
377 647
405 683
404 682
401 683
402 682
389 652
376 647
377 648
406 683
404 681
401 684
401 682
375 647
376 646
377 649
406 684
406 682
404 680
374 647
375 648
375 646
407 682
405 680
404 679
375 649
375 645
408 682
406 680
403 679
374 649
375 650
374 645
409 682
408 683
407 680
403 678
373 649
375 651
373 645
374 644
409 683
408 684
407 679
372 649
373 644
374 643
410 683
408 679
407 678
371 649
372 650
372 644
373 643
375 643
411 683
409 679
407 677
371 648
372 651
371 644
376 643
411 684
409 680
408 677
407 676
373 651
371 643
377 643
376 642
411 685
407 675
373 652
370 643
371 642
412 685
411 686
406 675
374 652
370 642
371 641
413 685
412 686
410 686
411 687
374 653
369 642
371 640
413 684
412 687
409 686
411 688
374 654
368 642
372 640
371 639
413 683
413 687
408 686
409 687
411 689
375 654
367 642
368 643
368 641
373 640
371 638
414 683
413 688
408 687
411 690
375 655
366 642
374 640
373 641
370 638
414 682
414 688
411 691
375 656
375 640
374 639
369 638
412 691
411 692
376 656
374 656
375 657
375 639
369 639
369 637
412 692
411 693
376 657
373 656
376 639
369 636
413 692
410 693
376 658
373 655
376 638
370 636
368 636
409 693
410 694
376 659
372 655
377 638
376 637
367 636
368 635
408 693
410 695
376 660
371 655
378 638
375 637
367 637
368 634
411 695
375 660
376 661
370 655
378 639
375 636
366 637
367 638
369 634
367 634
368 633
412 695
411 696
377 661
376 662
369 655
379 639
375 635
367 639
369 633
366 634
413 695
412 696
377 662
375 662
368 655
379 640
376 635
366 639
366 633
414 695
412 697
374 662
375 663
379 641
377 635
365 633
415 695
413 697
374 663
374 661
375 664
378 641
379 642
377 634
364 633
365 632
415 696
373 661
375 665
377 641
380 642
377 633
363 633
365 631
415 697
373 660
375 666
381 642
380 643
362 633
366 631
364 631
415 698
374 666
382 642
380 644
361 633
415 699
374 667
383 642
381 644
360 633
361 634
361 632
416 699
373 667
384 642
359 633
361 635
361 631
417 699
372 667
373 668
384 643
384 641
359 634
361 636
361 630
418 699
417 700
371 667
372 666
385 643
384 640
358 634
359 635
360 636
360 630
419 699
418 700
418 698
370 667
371 668
372 665
384 639
357 634
358 635
360 637
360 629
420 699
418 701
418 697
370 666
371 669
373 665
384 638
356 634
360 628
420 698
418 702
419 697
369 666
371 670
385 638
383 638
384 637
356 635
360 627
418 703
419 696
368 666
372 670
370 670
355 635
359 627
418 704
420 696
419 695
373 670
370 671
354 635
355 636
358 627
419 704
417 704
418 705
421 696
418 695
419 694
370 672
354 636
358 626
420 704
418 706
421 697
421 695
417 695
418 694
371 672
369 672
353 636
354 637
358 625
421 704
420 703
417 706
421 694
418 693
372 672
368 672
369 673
352 636
354 638
359 625
357 625
421 705
422 694
421 693
418 692
373 672
369 674
352 637
352 635
353 638
354 639
356 625
421 706
420 693
421 692
368 674
369 675
351 637
351 635
352 634
355 639
355 625
421 707
421 691
367 674
370 675
369 676
351 638
350 635
351 634
356 639
354 625
422 707
422 691
366 674
367 673
371 675
369 677
350 638
351 639
349 635
350 634
351 633
354 624
422 708
423 691
422 690
365 674
371 676
370 677
352 639
351 640
354 623
422 709
424 691
423 690
422 689
364 674
365 675
372 676
371 677
370 678
352 640
350 640
354 622
423 709
421 709
425 691
424 690
423 689
421 689
363 674
364 675
373 676
371 678
353 640
352 641
349 640
355 622
353 622
354 621
420 709
421 710
425 692
424 689
421 688
362 674
363 675
371 679
348 640
349 641
349 639
354 620
420 710
421 711
425 693
362 673
372 679
348 641
355 620
419 710
421 712
426 693
424 693
361 673
372 680
347 641
348 642
355 619
418 710
422 712
427 693
360 673
373 680
372 681
346 641
348 643
356 619
417 710
423 712
427 694
427 692
359 673
374 680
371 681
372 682
345 641
346 640
347 643
348 644
357 619
356 618
416 710
424 712
423 713
427 695
428 692
427 691
358 673
375 680
370 681
372 683
345 642
345 640
346 639
349 644
348 645
358 619
356 617
415 710
416 711
416 709
424 713
423 714
426 695
429 692
357 673
358 672
375 681
369 681
372 684
344 640
347 639
350 644
347 645
359 619
358 618
357 617
355 617
415 709
425 713
424 714
422 714
426 696
429 691
357 674
357 672
358 671
376 681
375 682
369 680
372 685
344 639
350 645
346 645
360 619
358 617
355 616
414 709
426 713
424 715
425 696
426 697
430 691
356 674
357 671
359 671
377 681
373 685
371 685
344 638
351 645
350 646
346 646
360 618
359 617
354 616
414 708
426 714
426 712
424 716
424 696
430 690
355 674
377 680
374 685
373 686
344 637
352 645
349 646
346 647
359 616
353 616
413 708
414 707
427 714
426 715
427 712
424 717
424 697
431 690
354 674
355 673
378 680
373 687
353 645
347 647
345 647
360 616
353 617
353 615
412 708
428 712
425 717
423 697
432 690
354 675
355 672
378 679
373 688
353 646
345 648
361 616
360 615
352 615
411 708
429 712
428 711
425 718
432 691
432 689
353 675
354 676
354 672
374 688
373 689
354 646
353 647
345 649
351 615
410 708
411 707
428 710
425 719
432 692
432 688
354 677
353 672
375 688
374 689
373 690
355 646
351 614
409 708
410 709
428 709
424 719
425 720
432 693
431 688
432 687
354 678
375 689
374 690
372 690
355 647
350 614
351 613
408 708
429 709
424 720
426 720
425 721
433 693
431 693
432 686
353 678
376 689
375 690
374 691
372 691
356 647
349 614
350 613
352 613
351 612
408 707
427 720
434 693
431 686
432 685
352 678
353 679
375 691
372 692
349 615
351 611
408 706
428 720
435 693
434 694
434 692
430 686
433 685
351 678
353 680
371 692
372 693
349 616
351 610
409 706
408 705
429 720
434 695
434 691
429 686
350 678
354 680
353 681
372 694
349 617
352 610
351 609
409 705
407 705
408 704
430 720
429 719
435 695
434 696
434 690
429 685
350 679
355 680
354 681
353 682
373 694
371 694
353 610
352 609
351 608
407 704
431 720
435 696
433 696
429 684
349 679
356 680
352 682
353 683
374 694
373 695
370 694
353 611
352 608
351 607
406 704
431 721
431 719
433 697
428 684
429 683
348 679
351 682
352 683
375 694
374 695
374 693
373 696
370 695
353 612
353 608
352 607
406 703
431 722
431 718
432 697
429 682
348 680
348 678
351 681
352 684
376 694
375 693
374 696
373 697
354 608
352 606
405 703
431 723
432 718
430 682
429 681
347 680
347 678
348 677
352 685
374 697
353 606
405 702
431 724
433 718
432 717
428 681
429 680
347 681
346 678
348 676
353 685
352 686
374 698
354 606
353 605
405 701
432 724
430 724
433 717
432 716
427 681
428 680
429 679
347 682
346 679
349 676
347 676
354 685
352 687
355 606
353 604
406 701
405 700
433 724
429 724
432 715
427 680
428 679
430 679
348 682
345 679
350 676
347 675
355 685
354 684
351 687
356 606
355 607
355 605
353 603
407 701
406 700
404 700
434 724
429 725
432 714
427 679
431 679
430 678
349 682
344 679
346 675
356 685
350 687
351 688
357 606
355 604
354 603
408 701
407 702
407 700
406 699
403 700
429 726
426 679
432 679
431 680
430 677
349 683
344 680
345 675
357 685
356 686
349 687
350 688
351 689
357 607
357 605
355 603
354 602
408 702
402 700
403 699
429 727
426 678
431 681
429 677
430 676
350 683
344 675
358 685
357 686
349 688
351 690
358 607
357 608
355 602
354 601
401 700
428 727
428 677
429 676
431 676
350 684
343 675
344 674
349 689
351 691
359 607
358 608
356 608
357 609
354 600
400 700
401 701
401 699
428 728
428 676
429 675
432 676
350 685
343 676
344 673
349 690
351 692
360 607
359 608
359 606
358 609
357 610
355 600
353 600
400 701
401 698
428 729
429 674
433 676
342 676
345 673
344 672
349 691
360 608
359 609
356 600
352 600
353 599
401 697
429 729
428 674
434 676
433 675
341 676
345 672
343 672
349 692
361 608
353 598
400 697
401 696
430 729
428 673
434 675
433 674
340 676
341 677
345 671
342 672
349 693
362 608
354 598
399 697
402 696
401 695
428 672
435 675
432 674
341 678
345 670
341 672
342 673
348 693
349 694
363 608
354 597
398 697
399 698
403 696
400 695
428 671
436 675
432 673
342 678
340 678
346 670
341 673
349 695
364 608
363 607
354 596
397 697
398 698
403 695
427 671
428 670
437 675
436 676
436 674
432 672
339 678
340 673
348 695
365 608
364 609
364 607
355 596
354 595
396 697
404 695
403 694
426 671
438 675
436 677
432 671
339 679
339 673
347 695
365 607
364 610
355 595
353 595
395 697
396 698
396 696
405 695
402 694
426 672
439 675
438 674
432 670
339 680
338 673
347 696
365 606
364 611
356 595
355 594
394 697
395 698
395 696
405 694
402 693
425 672
440 675
439 676
438 673
432 669
338 680
339 681
337 673
338 672
346 696
366 606
365 611
364 612
357 595
393 697
394 698
406 694
405 693
440 674
439 677
438 672
432 668
337 680
338 681
340 681
338 671
345 696
366 605
365 612
363 612
357 594
392 697
407 694
405 692
439 678
439 672
437 672
433 668
431 668
432 667
337 681
341 681
337 671
338 670
344 696
345 697
366 604
366 612
365 613
362 612
363 613
391 697
405 691
439 679
440 672
431 667
432 666
337 682
336 671
337 670
339 670
344 697
344 695
367 604
366 603
367 612
365 614
361 612
391 698
391 696
440 679
440 671
431 666
432 665
336 682
335 671
340 670
339 669
343 697
343 695
344 694
368 604
368 612
367 611
366 614
364 614
361 611
391 699
390 696
441 679
440 680
441 671
440 670
432 664
335 672
340 669
342 697
369 604
368 605
368 603
369 612
367 610
366 615
361 610
390 699
389 696
442 679
440 681
441 670
433 664
431 664
335 673
340 668
341 697
342 698
370 604
370 612
369 613
366 610
367 615
366 616
362 610
390 700
389 695
439 681
442 670
433 663
430 664
431 663
334 673
340 667
341 696
342 699
370 603
371 612
366 617
390 701
388 695
438 681
439 682
443 670
434 663
433 662
334 674
340 666
340 696
341 699
371 603
391 701
438 682
443 669
434 662
432 662
340 695
341 700
372 603
392 701
438 683
444 669
443 668
435 662
432 661
341 701
373 603
437 683
445 669
444 668
442 668
431 661
341 702
374 603
437 684
445 670
445 668
444 667
441 668
431 660
340 702
374 602
446 670
445 667
440 668
431 659
340 703
374 601
447 670
430 659
431 658
340 704
375 601
373 601
448 670
429 659
430 658
341 704
340 705
376 601
372 601
449 670
448 671
429 658
342 704
339 705
340 706
377 601
376 602
371 601
449 671
449 669
429 657
342 703
338 705
340 707
370 601
450 669
428 657
343 703
338 704
341 707
340 708
369 601
451 669
450 668
428 656
344 703
343 702
338 703
339 708
340 709
451 670
344 704
343 701
340 710
345 704
340 711
341 711
339 711
340 712
341 712
339 712
341 713
339 713
342 713
341 714
338 713
343 713
340 714
337 713
344 713
340 715
336 713
345 713
344 714
344 712
339 715
340 716
335 713
345 712
344 711
339 716
341 716
340 717
334 713
335 712
340 718
333 713
335 711
340 719
332 713
335 710
340 720
331 713
332 714
334 710
341 720
331 714
332 715
334 709
341 721
332 716
334 708
342 721
341 722
331 716
332 717
335 708
334 707
341 723
331 717
333 717
332 718
335 707
333 707
342 723
341 724
330 717
335 706
343 723
342 724
340 724
329 717
330 718
336 706
335 705
343 724
340 725
328 717
336 705
334 705
335 704
343 725
328 718
335 703
506 799
343 726
327 718
328 719
344 726
326 718
328 720
345 726
326 719
326 717
327 720
328 721
346 726
325 719
327 721
329 721
346 727
346 725
324 719
327 722
330 721
329 722
347 727
346 724
323 719
327 723
330 720
329 723
348 727
347 728
346 723
323 720
328 723
326 723
331 720
329 724
348 728
347 729
346 722
322 720
323 721
325 723
332 720
331 719
329 725
348 729
347 730
347 722
346 721
322 721
324 721
325 722
328 725
349 729
347 731
348 722
345 721
322 722
328 726
350 729
347 732
348 721
344 721
321 722
322 723
328 727
351 729
350 728
347 733
348 720
344 720
320 722
323 723
329 727
327 727
352 729
351 730
348 733
347 734
348 719
319 722
323 724
352 728
346 734
347 735
348 718
318 722
324 724
323 725
353 728
352 727
345 734
348 735
347 718
317 722
354 728
352 726
345 735
349 735
348 736
346 718
316 722
354 729
354 727
351 726
352 725
345 736
349 736
349 734
345 718
346 717
315 722
355 729
355 727
353 725
345 737
350 736
350 734
345 717
346 716
314 722
315 723
356 729
355 726
353 724
345 738
351 736
350 737
350 733
346 715
313 722
315 724
357 729
356 726
353 723
345 739
352 736
350 732
346 714
316 724
315 725
357 730
357 728
352 723
345 740
353 736
349 732
315 726
358 730
358 728
344 740
354 736
316 726
358 731
359 728
344 741
317 726
359 731
358 732
360 728
343 741
318 726
317 727
317 725
357 732
361 728
360 727
342 741
343 742
357 733
361 729
342 742
342 740
343 743
357 734
362 729
341 742
342 743
344 743
358 734
357 735
363 729
341 743
344 744
363 728
340 743
345 744
339 743
346 744
338 743
347 744
337 743
347 745
347 743
337 744
348 745
347 746
336 744
348 746
346 746
335 744
349 746
345 746
334 744
335 745
350 746
344 746
334 743
335 746
351 746
350 747
333 743
336 746
334 746
352 746
350 748
332 743
337 746
333 746
353 746
351 748
332 744
332 742
338 746
354 746
351 749
331 742
332 741
339 746
355 746
351 750
331 741
333 741
339 745
355 747
355 745
351 751
330 741
331 740
340 745
356 747
355 744
350 751
329 741
330 740
331 739
357 747
355 743
350 752
328 741
329 742
330 739
331 738
357 748
356 743
354 743
355 742
349 752
327 741
329 743
329 739
331 737
358 748
354 742
355 741
348 752
326 741
327 742
328 743
328 739
330 737
331 736
359 748
355 740
348 753
348 751
325 741
328 744
330 736
332 736
355 739
347 753
348 754
347 751
324 741
325 742
327 744
330 735
333 736
356 739
348 755
323 741
237 531
326 744
329 735
334 736
333 735
357 739
347 755
348 756
323 742
335 736
333 734
346 755
348 757
323 743
336 736
333 733
345 755
347 757
348 758
324 743
322 743
336 737
333 732
344 755
347 758
349 758
321 743
322 744
334 732
332 732
333 731
343 755
347 759
349 759
320 743
322 745
334 731
331 732
342 755
343 756
343 754
350 759
349 760
320 744
320 742
323 745
335 731
334 730
331 731
342 756
343 757
343 753
351 759
350 760
348 760
319 744
320 741
324 745
323 746
336 731
330 731
331 730
344 757
343 752
351 758
350 761
318 744
319 745
320 740
324 746
323 747
336 732
329 731
344 752
343 751
352 758
351 757
318 745
318 743
319 746
321 740
319 740
325 746
324 747
337 732
342 751
343 750
353 758
317 745
320 746
321 739
325 747
338 732
343 749
354 758
316 745
317 746
321 746
320 747
321 738
338 731
355 758
315 745
317 747
321 747
322 738
320 738
321 737
339 731
355 759
355 757
315 744
316 747
321 748
319 738
321 736
340 731
339 730
355 760
356 757
314 744
315 747
318 738
322 736
320 736
340 732
339 729
357 757
356 756
314 743
314 747
341 732
340 733
339 728
358 757
356 755
313 743
314 742
313 747
314 748
340 734
338 728
359 757
357 755
355 755
312 743
315 742
314 741
313 748
313 746
339 734
337 728
359 758
359 756
357 754
312 742
316 742
313 741
339 735
336 728
359 759
360 756
358 754
311 742
312 741
317 742
336 727
358 759
359 760
359 754
311 741
336 726
358 760
360 760
360 754
311 740
337 726
336 725
360 761
361 754
311 739
335 725
361 761
360 762
362 754
310 739
362 761
360 763
363 754
310 738
363 761
362 762
362 760
359 763
363 753
309 738
364 761
362 763
359 764
364 753
363 752
364 762
359 765
364 752
363 751
364 763
360 765
359 766
365 752
364 751
364 764
360 766
359 767
364 750
365 764
358 767
359 768
365 750
364 749
359 769
365 749
364 748
360 769
366 749
364 747
361 769
360 770
367 749
364 746
362 769
360 771
367 748
363 746
362 768
361 771
367 747
363 745
363 768
362 771
361 772
367 746
362 745
364 768
363 771
362 772
368 746
366 746
362 744
364 769
363 772
362 743
365 769
364 772
363 743
361 743
362 742
366 769
365 770
365 772
364 743
361 742
366 768
366 772
365 773
365 743
364 742
361 741
366 767
366 773
366 743
364 741
360 741
367 767
367 773
366 774
366 744
365 741
359 741
360 740
368 767
368 773
367 774
366 775
365 740
360 739
369 767
368 766
368 772
367 775
365 775
366 776
359 739
360 738
369 768
369 766
368 765
369 772
368 775
365 776
359 738
361 738
360 737
369 771
368 776
365 777
360 736
370 771
369 776
359 736
360 735
371 771
370 770
369 777
360 734
372 771
370 769
369 778
372 770
368 778
369 779
372 769
367 778
370 779
373 769
372 768
367 779
370 780
374 769
373 768
367 780
370 781
375 769
367 781
370 782
376 769
375 768
367 782
369 782
376 770
376 768
375 767
368 782
369 783
376 771
377 768
374 767
369 784
377 771
378 768
377 767
369 785
377 772
378 769
377 766
370 785
368 785
369 786
378 772
377 765
371 785
369 787
379 772
378 773
378 765
376 765
371 786
371 784
380 772
379 773
379 765
376 764
371 787
380 773
380 771
379 766
379 764
376 763
380 774
380 766
377 763
375 763
380 775
378 763
375 762
378 762
374 762
375 761
379 762
373 762
375 760
380 762
372 762
381 762
382 762
381 761
382 763
381 760
383 763
381 759
384 763
382 759
381 758
385 763
383 759
381 757
386 763
385 764
385 762
384 759
381 756
386 762
385 761
385 759
384 760
384 758
380 756
381 755
386 759
384 757
379 756
381 754
387 759
386 760
378 756
381 753
387 760
377 756
378 757
387 761
377 755
388 761
376 755
388 762
375 755
376 754
389 762
374 755
375 756
376 753
390 762
389 763
374 756
374 754
375 757
376 752
389 764
376 757
375 758
376 751
390 764
374 758
377 751
391 764
377 750
391 763
377 749
392 763
378 749
376 749
392 762
379 749
378 748
375 749
393 762
380 749
379 748
375 748
394 762
381 749
374 748
375 747
395 762
394 761
382 749
381 750
374 747
376 747
396 762
395 763
394 760
382 748
376 746
397 762
393 760
383 748
376 745
397 763
397 761
393 759
384 748
383 747
377 745
375 745
398 763
397 764
398 761
397 760
392 759
384 749
383 746
377 744
375 744
397 765
399 761
392 758
384 746
383 745
377 743
374 744
397 766
400 761
399 762
392 757
385 746
383 744
377 742
373 744
398 766
400 760
392 756
385 745
377 741
372 744
400 759
391 756
385 744
376 741
377 740
371 744
400 758
390 756
385 743
375 741
377 739
371 743
400 757
389 756
386 743
385 742
378 739
371 742
401 757
399 757
400 756
389 755
385 741
379 739
371 741
402 757
398 757
385 740
380 739
371 740
402 758
402 756
397 757
398 758
398 756
386 740
380 740
380 738
372 740
370 740
371 739
183 582
402 759
402 755
396 757
397 756
386 739
381 740
380 737
369 740
371 738
402 432
402 760
397 755
381 741
380 736
368 740
401 432
400 432
402 761
382 741
381 736
379 736
380 735
397 430
397 434
400 433
382 742
382 736
381 735
378 736
398 430
403 758
404 758
405 758
404 757
406 758
405 759
404 756
406 759
405 756
404 755
405 755
404 754
405 754
406 754
405 753
407 754
406 753
405 752
408 754
406 752
404 752
409 754
408 753
407 752
410 754
409 755
407 751
410 755
409 756
408 751
411 755
410 756
409 757
409 751
412 755
411 756
410 757
409 758
412 756
409 759
413 756
410 759
409 760
414 756
413 757
408 760
415 756
413 758
415 757
415 755
413 759
416 757
415 754
414 759
416 754
415 753
417 754
415 752
418 754
417 753
415 751
417 752
415 750
418 752
416 750
415 749
417 750
415 748
418 750
418 749
418 748
418 747
419 747
418 746
420 747
421 747
420 746
421 746
421 745
421 744
421 743
421 742
422 742
420 742
421 741
423 742
420 741
421 740
420 740
421 739
420 739
422 739
419 739
420 738
418 739
419 738
417 739
418 740
416 739
418 741
415 739
416 738
417 741
416 737
416 741
417 742
417 737
415 737
416 736
415 741
414 737
414 741
415 742
414 736
413 741
413 736
414 735
413 742
412 736
414 734
413 743
414 733
412 743
413 744
415 733
413 733
414 732
412 744
414 744
416 733
412 733
414 731
412 745
417 733
412 734
412 732
414 730
418 733
417 732
411 734
413 730
414 729
419 733
418 734
417 731
414 728
420 733
418 735
418 731
417 730
414 727
421 733
420 734
418 730
417 729
422 733
417 728
423 733
418 728
416 728
423 734
418 727
416 727
424 734
423 735
418 726
425 734
418 725
426 734
419 725
417 725
418 724
427 734
420 725
419 724
416 725
418 723
428 734
427 735
420 726
415 725
427 736
414 725
426 736
427 737
428 737
427 738
429 737
428 738
428 739
429 739
430 739
430 740
430 741
431 741
429 741
431 742
428 741
429 742
432 742
428 742
433 742
427 742
434 742
426 742
434 743
425 742
434 744
434 745
433 745
432 745
433 746
433 747
434 747
432 747
435 747
431 747
436 747
435 746
431 748
437 747
436 748
431 749
436 749
431 750
435 749
436 750
434 749
436 751
437 751
438 751
439 751
438 752
438 750
440 751
438 749
441 751
440 752
439 749
441 750
440 753
439 748
440 754
440 748
439 747
440 755
440 747
439 746
440 756
441 747
439 745
439 756
440 757
442 747
439 744
439 757
440 758
441 758
440 759
442 758
443 758
444 758
445 758
444 757
445 757
444 756
446 757
447 757
448 757
447 758
447 759
448 759
447 760
449 759
446 760
449 758
446 761
450 758
446 762
451 758
445 762
446 763
452 758
444 762
446 764
453 758
444 763
444 761
446 765
453 759
443 763
447 765
445 765
454 759
453 760
442 763
448 765
455 759
441 763
442 762
449 765
456 759
442 761
449 766
456 758
441 761
449 767
457 758
456 757
440 761
449 768
458 758
455 757
456 756
439 761
440 762
449 769
458 759
456 755
438 761
448 769
459 759
455 755
437 761
438 760
447 769
460 759
459 760
455 754
436 761
447 770
447 768
460 760
455 753
436 760
447 771
447 767
460 761
454 753
455 752
436 759
446 771
447 772
446 767
461 761
453 753
456 752
437 759
435 759
448 772
462 761
453 754
457 752
434 759
448 773
463 761
458 752
457 751
434 758
448 774
463 762
463 760
459 752
433 758
434 757
447 774
463 759
460 752
432 758
433 757
434 756
446 774
463 758
461 752
431 758
432 757
445 774
446 775
462 758
463 757
462 752
461 751
431 757
432 756
444 774
446 776
463 756
463 752
432 755
446 777
464 756
463 753
431 755
447 777
445 777
465 756
464 753
431 754
448 777
447 778
444 777
466 756
465 757
430 754
449 777
448 778
448 776
447 779
444 778
467 756
466 757
466 755
465 758
430 753
449 778
446 779
447 780
443 778
467 757
467 755
429 753
430 752
446 780
442 778
468 755
428 753
431 752
446 781
441 778
442 779
442 777
469 755
468 754
445 781
446 782
470 755
469 756
447 782
470 756
470 754
447 783
470 757
470 753
448 783
470 758
470 752
449 783
448 784
471 758
471 752
450 783
448 785
472 758
471 759
451 783
450 784
450 782
448 786
472 759
471 760
452 783
448 787
471 761
452 784
470 761
471 762
453 784
471 763
454 784
472 763
470 763
454 785
473 763
472 764
470 764
455 785
454 786
474 763
473 764
469 764
456 785
454 787
474 762
468 764
455 787
475 762
468 765
456 787
455 788
476 762
468 766
457 787
456 788
476 761
468 767
458 787
476 760
468 768
459 787
458 788
476 759
469 768
459 788
476 758
469 769
460 788
459 789
475 758
476 757
469 770
461 788
460 789
459 790
474 758
477 757
476 756
470 770
469 771
461 787
460 790
474 757
478 757
477 756
471 770
468 771
469 772
462 787
460 791
474 756
479 757
478 756
471 771
471 769
467 771
469 773
462 786
460 792
473 756
474 755
479 756
472 771
466 771
467 770
462 785
460 793
472 756
473 755
479 755
473 771
465 771
466 772
466 770
463 785
462 784
459 793
460 794
473 754
480 755
473 772
473 770
464 771
464 785
461 784
462 783
459 794
492 490
473 753
481 755
474 772
473 773
464 772
464 786
458 794
459 795
491 490
474 753
472 753
482 755
481 754
475 772
463 772
464 773
464 787
457 794
459 796
483 755
482 756
481 753
475 773
462 772
463 773
457 793
484 755
482 757
480 753
481 752
476 773
462 773
484 756
479 753
480 752
481 751
476 774
461 773
479 752
481 750
477 774
479 751
480 750
481 749
478 774
477 775
482 749
481 748
478 773
477 776
482 748
479 773
483 748
479 772
484 748
480 772
479 771
485 748
481 772
480 771
478 771
486 748
482 772
487 748
483 772
488 748
487 747
484 772
483 773
489 748
488 747
487 746
484 771
483 774
489 749
487 745
485 771
482 774
483 775
490 749
489 750
488 745
487 744
486 771
485 770
483 776
491 749
489 751
489 745
488 744
486 744
487 743
487 771
486 770
485 769
482 776
483 777
491 748
485 744
486 743
487 742
488 771
487 772
484 769
481 776
482 777
483 778
492 748
488 742
487 741
489 771
484 768
481 777
484 778
483 779
493 748
489 742
488 741
486 741
487 740
489 772
483 768
480 777
485 778
483 780
494 748
493 749
489 741
485 741
489 773
482 768
480 778
486 778
485 779
485 777
495 748
494 747
493 750
490 741
484 741
485 742
481 768
480 779
487 778
495 747
494 746
494 750
493 751
480 780
488 778
487 779
494 745
495 750
494 751
492 751
493 752
489 778
487 780
493 745
494 744
493 753
489 777
487 781
493 744
494 743
489 776
488 781
486 781
492 744
493 743
495 743
490 776
489 781
486 782
491 744
496 743
491 776
489 782
497 743
496 742
491 777
489 783
496 741
492 777
490 783
489 784
497 741
495 741
493 777
491 783
489 785
494 741
495 740
491 784
488 785
495 739
492 784
496 739
494 739
492 785
496 738
493 785
492 786
496 737
494 785
492 787
495 737
495 785
492 788
495 736
495 786
495 784
492 789
495 735
495 783
493 789
491 789
496 735
496 783
494 789
493 790
490 789
491 790
497 735
497 783
494 790
494 788
491 791
498 735
498 783
497 782
494 791
490 791
491 792
498 736
498 734
498 784
497 781
495 791
490 792
499 736
498 733
496 781
497 780
496 791
495 792
490 793
500 736
497 733
495 781
498 780
497 791
495 793
490 794
501 736
500 735
497 732
499 780
497 792
495 794
490 795
502 736
497 731
500 780
497 793
490 796
502 735
498 731
496 731
497 730
501 780
497 794
491 796
489 796
502 734
498 730
496 730
502 780
501 779
491 797
489 797
503 734
499 730
496 729
503 780
502 781
501 778
492 797
491 798
489 798
504 734
500 730
496 728
504 780
502 782
492 798
505 734
495 728
505 780
504 781
504 779
503 782
502 462
501 462
501 463
500 463
500 464
500 465
500 466
500 467
500 468
501 468
499 468
501 469
501 470
501 471
502 471
503 471
502 472
504 471
503 470
502 473
503 469
501 473
502 474
504 469
500 473
501 474
504 468
499 473
501 475
505 468
504 467
498 473
504 466
497 473
505 466
503 466
496 473
495 473
496 472
495 474
495 472
496 471
495 475
494 472
494 475
495 476
494 471
493 475
494 470
492 475
493 474
494 469
491 475
493 469
494 468
490 475
491 476
492 469
489 475
491 469
488 475
489 474
491 470
491 468
487 475
488 476
491 471
487 476
487 474
492 471
490 471
491 472
486 476
487 473
485 476
488 473
485 477
485 475
488 472
485 478
485 474
489 472
484 478
485 479
483 478
485 480
482 478
483 477
486 480
483 476
487 480
486 481
488 480
487 481
486 482
489 480
490 480
489 481
489 482
490 482
490 483
490 484
491 484
490 485
492 484
489 485
492 483
488 485
487 485
486 485
487 486
487 484
485 485
487 487
484 485
487 488
483 485
484 486
488 488
483 486
489 488
482 486
490 488
491 488
491 489
461 794
462 794
