601 478
461 735
633 558
593 698
564 666
508 539
580 677
515 644
605 540
515 613
555 540
518 670
586 705
634 558
488 727
517 731
555 546
611 520
529 663
586 704
531 735
582 683
496 523
524 739
463 698
592 490
604 531
560 675
557 684
479 519
578 541
534 777
471 644
500 666
494 505
489 670
621 549
533 616
497 672
521 740
543 567
510 534
608 540
514 725
544 719
524 667
570 532
581 720
551 565
526 593
525 765
509 614
544 760
510 614
465 643
624 547
488 729
522 516
524 645
562 656
535 766
543 724
577 537
516 668
635 562
590 545
462 744
461 641
511 644
552 531
568 728
597 544
499 521
545 673
483 655
593 714
532 777
519 613
526 740
553 556
593 488
534 547
539 578
468 651
596 480
524 678
598 666
543 667
450 753
576 539
534 550
508 660
617 545
517 667
509 590
528 596
454 649
607 536
605 525
564 658
489 679
533 777
462 712
553 638
519 509
606 705
455 643
480 685
598 634
515 538
486 662
515 771
550 772
507 610
519 648
584 715
593 692
598 506
542 567
599 669
542 664
510 649
617 544
474 688
550 781
595 534
502 736
520 636
461 642
487 663
524 759
537 580
579 673
530 548
604 520
517 723
530 583
606 540
540 568
625 552
475 710
546 560
477 714
512 617
530 647
534 765
461 744
498 678
487 733
563 679
500 667
467 644
526 771
522 518
475 713
598 668
485 501
469 649
454 755
505 742
571 675
460 748
595 488
504 743
518 724
552 685
597 666
542 550
525 620
587 651
564 673
514 719
508 530
600 479
502 666
508 734
556 556
499 524
602 529
523 590
555 541
505 546
598 540
530 654
503 618
460 732
483 687
549 765
543 614
534 654
585 698
506 533
495 663
579 544
504 614
526 728
599 522
551 663
612 543
595 670
464 698
529 639
551 566
517 604
525 590
600 709
516 542
536 581
491 735
553 719
542 667
488 674
617 646
589 497
540 660
596 670
510 536
540 656
531 772
520 616
460 734
477 650
591 712
486 673
611 549
599 513
504 521
532 626
555 560
596 697
550 669
486 501
541 759
579 543
524 588
526 615
495 677
604 669
450 640
582 720
597 719
591 505
588 642
630 556
457 645
545 676
581 700
556 637
501 739
579 547
584 497
626 547
452 756
521 652
555 537
498 726
604 534
550 564
555 688
588 718
516 515
503 614
462 642
518 603
579 649
532 774
554 534
551 722
600 508
607 538
551 617
525 542
559 560
499 617
457 753
556 657
595 490
554 588
473 753
615 547
561 559
556 542
598 535
511 615
467 715
620 649
593 509
491 741
500 510
530 638
511 665
604 657
523 518
631 549
549 660
464 736
598 712
602 706
608 486
495 664
472 736
554 567
593 487
561 698
539 762
609 658
532 773
512 646
533 622
593 542
597 669
578 727
518 773
494 689
508 526
485 710
489 506
502 510
499 513
526 543
629 556
490 740
528 548
579 682
563 559
537 583
402 741
519 605
579 549
545 756
590 507
545 623
527 596
475 691
602 525
548 767
526 546
464 700
486 721
538 579
505 734
558 564
539 583
531 761
498 509
542 666
515 735
518 739
512 610
488 728
521 633
512 592
598 529
537 766
570 639
462 746
595 489
511 663
592 543
542 623
557 680
578 724
509 769
562 662
542 618
597 535
534 760
529 655
606 647
453 639
605 539
472 735
521 739
554 688
576 540
597 542
578 697
513 536
549 675
544 620
496 728
549 720
490 720
589 542
540 567
518 645
448 640
511 647
518 665
490 719
569 643
592 643
572 529
566 666
517 724
518 592
516 717
605 486
579 541
553 567
518 546
480 513
593 671
484 660
500 518
526 545
510 647
575 731
594 531
562 546
610 636
511 534
470 747
529 588
530 637
464 734
609 637
598 676
519 603
530 765
531 643
484 658
554 774
541 621
522 668
550 579
476 682
548 769
501 516
462 706
516 592
484 670
495 670
509 606
553 693
454 636
531 600
581 542
514 518
459 753
560 656
559 556
489 656
514 537
513 592
519 666
500 514
452 757
560 650
561 679
499 506
604 480
567 669
528 737
583 698
559 656
553 624
512 644
484 501
544 718
595 542
578 649
506 536
521 685
471 748
568 562
562 651
528 651
584 544
464 642
532 765
555 691
539 550
595 673
463 710
533 637
572 731
499 661
556 558
576 646
559 567
618 646
450 654
491 507
611 645
551 591
544 667
638 564
540 662
459 711
613 548
488 673
480 686
597 484
610 542
594 530
570 668
516 675
596 671
501 611
540 663
465 644
601 511
565 563
602 507
598 479
613 544
599 521
584 500
510 650
519 627
611 642
594 642
475 753
524 657
596 537
543 722
593 696
466 715
514 519
605 521
454 637
579 678
594 672
487 662
566 643
467 646
488 709
452 643
487 680
607 521
531 780
500 517
577 725
597 524
458 709
558 663
503 516
620 548
505 615
601 671
580 699
575 690
522 544
539 751
604 666
521 621
518 664
495 665
605 480
512 643
585 654
544 720
506 743
548 562
603 487
591 710
473 696
529 647
563 658
508 615
475 749
461 726
521 664
474 647
508 586
540 733
518 648
600 532
625 547
506 662
604 667
556 660
524 593
599 683
529 657
588 691
466 748
466 714
527 586
544 722
604 705
538 580
595 642
569 650
576 556
611 643
624 546
526 729
509 522
606 478
575 648
589 505
471 692
559 683
526 619
489 678
555 542
590 488
450 637
535 767
525 685
468 645
539 764
567 730
576 647
534 770
521 628
524 656
552 691
578 677
606 538
519 608
451 636
636 557
588 543
569 672
464 751
522 658
532 582
538 556
483 517
513 621
489 509
486 715
487 712
609 530
591 544
533 618
509 734
540 588
501 504
511 609
562 657
492 735
557 545
524 542
528 740
492 688
546 725
582 542
523 541
509 528
585 499
542 668
558 637
583 555
508 665
576 725
471 750
523 667
486 683
530 773
509 745
507 533
520 510
522 543
462 707
543 676
544 668
497 671
512 521
580 720
535 731
494 677
576 555
527 662
574 730
533 582
594 696
527 644
485 521
472 753
593 645
507 735
557 562
559 667
547 563
584 641
603 701
590 546
499 505
516 730
636 558
597 506
590 489
519 544
587 499
555 660
565 648
603 521
528 649
453 637
551 777
488 689
530 771
605 664
516 650
564 679
599 675
488 675
527 658
558 640
597 539
603 484
454 635
578 549
526 612
503 547
509 595
582 554
537 740
459 710
559 671
475 685
549 757
552 689
521 647
535 769
523 608
507 609
628 556
602 482
563 667
467 645
543 669
514 734
474 713
515 542
464 748
526 621
603 534
471 753
520 671
484 716
585 691
482 726
548 718
570 730
517 644
594 537
498 665
482 685
611 485
502 616
539 660
634 562
507 526
537 730
567 671
553 691
604 663
577 676
506 661
549 674
578 728
509 598
507 605
458 730
498 728
601 701
558 642
527 618
484 668
577 554
470 696
503 613
591 493
506 543
616 648
555 666
553 667
480 518
547 633
577 688
524 596
529 640
509 615
544 761
579 642
599 715
543 671
455 639
502 667
505 547
529 648
551 664
633 560
613 547
535 545
477 726
480 651
452 646
467 728
516 537
549 661
571 730
524 611
567 646
533 774
560 546
561 650
470 700
514 622
467 651
507 552
533 773
583 695
494 669
520 513
612 645
506 748
456 649
529 623
488 508
495 661
472 696
486 689
544 663
464 752
518 610
597 481
473 754
466 724
599 684
557 561
539 559
579 686
462 711
573 673
559 555
596 545
503 550
517 518
527 676
485 731
596 682
601 493
534 618
459 707
488 726
484 712
525 610
565 729
465 707
527 587
573 676
550 622
574 651
575 679
610 640
483 685
472 734
619 549
544 762
587 642
608 539
504 550
549 632
632 556
568 668
498 735
603 669
518 770
458 748
528 583
516 595
584 701
513 666
559 673
506 534
558 671
522 760
550 534
460 705
608 531
542 740
515 518
570 530
527 648
512 591
603 486
521 668
563 675
518 666
485 518
601 533
564 642
558 662
590 646
497 660
512 665
543 665
514 771
457 646
515 513
548 770
521 592
552 566
604 521
521 676
526 653
603 517
591 492
504 547
515 667
492 737
483 689
565 669
582 641
522 640
594 534
452 653
545 671
497 506
512 593
527 614
609 636
525 669
535 737
568 644
586 651
591 705
563 669
580 547
546 564
505 735
538 763
611 526
607 651
534 578
592 646
593 486
472 651
522 609
521 665
519 738
592 542
450 644
478 685
462 726
452 754
578 726
589 495
522 739
516 608
507 611
541 726
603 540
533 578
480 729
482 521
532 637
531 774
583 641
593 715
564 678
479 650
500 660
581 546
536 753
598 513
525 648
518 646
467 716
474 686
529 586
605 535
479 648
604 706
589 708
547 668
546 757
510 609
544 752
554 617
495 522
540 622
488 676
522 659
469 715
559 543
514 623
540 766
573 679
518 639
546 718
578 686
520 741
602 495
555 567
532 735
575 673
518 618
586 721
484 711
518 518
562 654
604 704
451 653
551 774
594 522
598 640
459 726
575 651
517 773
611 638
587 541
488 724
598 715
477 693
556 690
527 736
560 680
476 712
498 729
500 659
606 652
462 714
478 728
525 771
590 693
500 737
523 685
506 542
565 667
538 753
564 729
558 552
515 593
525 741
526 656
528 676
595 530
515 668
483 658
525 543
591 693
501 667
520 613
533 776
542 617
563 557
521 670
555 657
519 615
551 767
525 618
511 616
535 547
568 646
560 682
543 561
477 686
527 592
590 493
608 640
466 736
529 733
504 612
556 567
487 689
485 659
568 647
598 641
507 598
559 682
561 664
615 544
495 678
582 721
599 717
597 683
542 619
573 688
628 648
526 587
597 712
477 685
467 726
465 714
465 700
492 506
517 612
525 612
554 540
501 515
614 645
527 672
561 666
575 729
609 521
557 536
563 558
516 723
620 646
482 723
593 669
614 646
488 730
519 545
558 675
529 765
549 629
541 571
486 716
610 525
546 668
546 753
471 650
528 761
584 720
559 554
528 598
584 718
487 734
517 625
552 769
455 641
517 542
538 755
553 560
542 620
473 694
559 562
525 689
484 520
596 674
508 594
584 505
510 590
513 607
514 726
554 539
586 703
508 538
595 677
553 758
529 763
523 610
482 667
510 584
520 716
477 658
521 663
531 644
521 673
576 550
590 491
467 720
625 548
525 609
484 656
480 727
597 676
492 687
514 597
593 534
508 610
570 673
540 747
526 742
536 765
528 643
575 652
486 735
558 542
548 717
553 656
584 706
595 688
551 723
489 687
520 512
594 708
520 772
576 535
553 533
528 595
557 544
467 697
585 687
507 551
545 571
518 630
577 539
525 608
615 646
554 622
450 754
521 638
602 643
511 523
522 587
630 547
633 554
551 724
552 686
545 630
601 492
516 727
602 537
519 618
519 672
547 631
546 670
528 658
517 603
458 646
573 559
586 719
548 753
568 649
501 617
504 504
470 694
529 622
576 695
550 581
533 615
465 725
545 631
459 748
500 520
507 661
583 706
545 758
506 535
520 603
549 752
574 530
563 648
471 737
558 546
527 657
478 521
568 563
471 696
536 654
535 546
621 550
522 589
485 662
601 480
531 762
552 693
532 578
494 671
507 537
598 481
493 665
555 658
511 608
486 510
520 597
450 655
476 715
576 531
513 725
507 595
532 650
460 711
532 778
597 526
528 586
496 521
582 691
515 625
608 525
577 557
555 536
458 710
555 539
519 772
492 510
508 747
579 681
481 730
483 509
486 725
482 658
497 666
466 727
593 694
550 620
538 764
510 733
601 708
564 675
595 541
541 550
552 668
594 529
553 536
486 722
583 496
520 674
595 676
511 585
638 563
610 524
582 642
537 655
580 647
587 496
546 664
539 727
499 523
487 503
476 754
527 661
587 494
548 533
550 771
579 554
578 725
581 683
566 671
540 661
527 590
556 673
597 527
459 642
563 556
561 567
604 658
596 641
544 621
604 661
495 666
601 513
600 492
554 658
518 611
542 663
456 646
568 667
466 650
554 691
450 653
463 703
565 643
581 646
542 570
511 735
606 648
514 666
599 491
512 597
477 729
469 737
626 546
633 551
569 531
504 519
579 548
465 751
512 744
552 626
598 541
468 733
523 609
508 552
571 645
534 577
523 646
540 728
558 548
541 725
585 501
583 544
453 645
554 536
542 552
478 726
605 647
584 711
538 725
525 652
525 639
511 590
558 695
536 733
570 649
545 672
497 735
599 714
448 636
486 668
489 658
521 771
527 677
489 731
553 623
562 658
463 747
605 533
562 672
530 584
555 671
545 560
616 543
549 753
593 693
540 559
537 763
486 658
517 725
514 732
578 723
477 520
553 540
463 714
507 531
543 719
518 629
540 585
561 678
457 636
468 737
516 617
504 742
557 558
583 721
619 646
542 560
544 763
589 496
494 731
559 684
526 672
603 483
550 635
446 636
543 564
495 520
613 649
550 582
494 670
594 542
550 671
564 645
595 710
524 655
487 657
510 611
546 754
594 671
519 741
552 690
585 555
610 549
576 729
468 731
522 517
503 742
521 760
592 505
584 556
520 648
575 689
528 621
533 765
493 506
607 640
521 544
520 511
463 727
591 504
508 537
501 738
553 657
577 553
508 613
500 504
527 729
603 704
558 543
527 652
555 638
529 585
544 664
584 713
502 742
517 541
629 546
510 595
548 561
477 648
543 759
569 729
574 531
549 756
543 569
463 735
506 545
502 663
484 659
512 595
562 559
508 551
618 549
485 669
583 688
520 596
606 702
536 653
601 700
574 686
528 653
524 540
522 677
608 706
550 782
508 605
593 504
534 549
508 743
560 543
520 623
495 733
603 667
592 488
606 706
557 695
594 638
563 560
494 665
517 716
497 669
536 624
547 570
523 647
506 586
601 712
457 638
533 552
601 515
521 636
563 639
497 676
578 721
541 749
515 717
533 624
470 644
479 512
498 727
538 575
536 553
560 677
577 552
468 734
559 546
492 661
515 541
455 753
538 758
542 721
484 663
471 747
479 511
612 526
487 687
558 680
538 762
599 512
497 509
515 607
574 649
514 641
507 597
531 582
511 532
502 587
560 697
589 490
562 679
560 679
524 618
460 726
534 655
497 726
481 651
600 509
585 641
600 489
509 553
519 597
595 536
547 759
589 693
514 643
495 504
630 546
483 652
502 613
499 519
487 686
521 542
589 709
606 646
541 734
531 625
591 716
483 722
580 698
605 536
584 553
518 609
603 537
490 730
518 649
505 733
557 569
514 539
517 619
520 514
499 504
530 600
499 527
518 593
481 667
578 674
467 649
541 588
491 737
557 667
527 588
603 702
552 617
586 708
601 711
623 646
529 548
541 560
602 487
484 685
448 639
483 730
600 530
535 735
548 575
523 683
466 737
540 549
531 637
504 664
582 544
510 598
557 691
511 586
508 746
478 714
504 586
547 625
485 510
533 636
590 648
476 681
512 536
540 743
505 549
498 521
553 590
601 646
517 641
583 493
541 735
548 630
462 698
586 697
612 521
511 594
594 709
528 739
601 645
559 695
557 555
506 551
490 510
554 535
476 711
573 560
527 663
459 709
614 544
541 617
539 571
470 653
598 542
616 544
503 616
606 521
525 682
591 704
482 517
455 637
519 639
456 648
551 693
554 692
600 537
581 689
579 729
591 715
610 637
552 540
577 648
507 663
549 718
587 495
553 566
507 613
470 652
558 693
592 508
601 643
467 696
523 679
589 547
462 718
545 531
588 716
619 548
585 723
591 708
594 525
518 596
589 543
540 560
594 639
595 709
510 523
633 552
520 723
507 664
586 701
521 598
548 671
450 656
607 649
561 672
545 570
600 535
578 542
549 620
632 551
515 728
488 670
524 550
537 550
588 494
461 705
556 555
558 639
607 531
524 651
522 627
521 618
550 720
557 656
471 749
569 639
578 540
498 618
493 730
564 650
616 546
534 554
596 640
542 581
450 642
586 722
598 530
476 648
489 735
607 656
636 562
482 713
522 660
534 773
459 636
612 646
509 538
580 542
563 668
525 647
473 647
595 680
586 689
467 746
526 586
561 671
475 751
466 647
468 644
580 719
536 735
488 505
592 509
458 708
584 650
474 714
510 744
512 522
520 624
581 697
572 730
522 621
512 649
507 665
532 734
531 549
540 617
537 758
545 622
563 645
604 525
585 553
549 723
531 779
447 641
526 549
550 633
523 649
548 667
464 747
469 645
534 552
596 541
499 508
593 686
581 691
536 737
488 679
598 677
448 642
488 669
553 692
625 551
515 615
564 562
461 729
588 717
568 671
577 536
627 546
551 576
608 487
550 589
524 672
576 541
552 638
588 692
553 585
532 654
589 506
516 538
526 596
596 683
566 667
479 714
526 730
469 644
545 572
502 611
508 588
520 609
573 672
525 586
513 617
516 728
561 642
536 761
550 677
598 669
593 699
549 533
576 645
533 771
601 494
542 744
552 628
497 734
490 688
474 693
479 685
598 508
471 646
579 697
550 555
521 662
594 684
543 617
511 539
547 634
507 734
514 607
529 654
494 688
516 625
590 644
577 692
552 770
598 509
599 637
500 524
601 495
530 598
492 662
492 665
525 593
523 678
593 678
619 647
608 643
540 724
526 736
522 681
458 753
554 638
477 688
560 674
570 565
625 647
515 732
519 724
583 720
529 769
631 547
633 559
591 697
609 541
530 780
552 625
630 550
557 662
449 639
480 512
512 663
501 505
466 744
547 673
583 495
487 667
511 664
589 507
586 718
458 750
587 641
612 542
570 643
585 701
581 699
576 553
592 669
602 508
523 669
456 752
533 734
462 735
505 521
484 519
523 654
622 650
480 726
523 677
511 649
591 547
584 551
537 729
486 684
548 631
465 708
497 678
520 662
582 646
595 685
474 696
541 743
553 658
539 743
608 542
506 537
561 569
577 731
596 635
597 720
481 519
583 552
537 654
603 668
510 591
628 548
556 687
526 638
562 655
520 622
489 676
481 652
519 607
573 558
546 532
488 657
533 772
589 491
586 641
574 562
606 650
554 531
594 670
598 687
551 638
603 518
529 761
589 503
556 634
557 556
561 695
480 517
497 664
525 764
558 667
468 732
527 733
481 726
528 585
601 525
521 596
532 549
574 674
598 720
475 694
455 754
637 563
464 717
581 680
472 650
485 507
489 730
542 675
553 655
598 633
499 510
576 696
613 549
488 710
595 638
498 688
574 650
562 653
536 751
510 610
531 636
627 651
526 731
501 661
521 661
584 714
577 687
506 540
505 744
576 557
486 502
553 666
507 743
583 700
476 683
570 638
514 593
605 475
591 690
487 732
608 541
510 539
558 563
470 697
525 613
517 663
544 676
451 643
517 650
569 668
591 714
532 779
539 754
603 520
466 725
511 769
637 562
593 525
535 736
513 596
571 564
548 766
526 547
596 523
550 755
470 738
561 568
551 688
525 640
520 650
585 710
601 534
536 652
632 560
588 649
474 684
551 718
518 717
456 638
544 561
586 696
596 491
484 688
516 642
511 533
581 679
519 624
550 631
544 566
472 692
463 708
564 643
499 518
616 647
492 509
623 549
506 666
527 660
459 729
519 600
517 772
514 733
615 546
594 710
447 642
535 768
550 577
497 619
585 651
599 639
488 734
574 568
578 647
538 583
523 689
577 644
515 515
581 682
557 673
557 679
599 673
539 557
502 517
487 718
533 549
471 755
623 552
545 629
474 695
517 620
483 712
487 719
517 738
526 677
502 511
527 589
519 645
498 690
523 680
601 488
550 576
598 632
514 538
603 706
587 649
517 539
599 535
480 684
586 501
601 669
516 726
556 674
502 508
490 736
528 657
598 480
522 597
609 659
576 559
589 502
467 737
516 603
551 564
530 597
602 663
577 686
591 498
612 549
577 541
603 525
585 704
498 736
549 676
553 591
575 527
597 718
517 545
461 706
110 707
564 648
598 713
577 640
513 643
493 505
586 688
477 730
534 551
501 742
558 550
538 727
563 674
553 587
491 657
459 644
477 687
531 765
509 526
490 735
591 542
548 662
584 642
535 627
575 535
515 514
601 482
502 740
599 510
622 550
546 623
548 756
574 528
485 713
564 561
584 708
465 737
601 508
496 673
600 640
470 695
547 574
600 486
614 549
518 722
467 747
500 508
606 644
473 693
557 686
472 733
595 699
447 637
581 548
530 657
600 513
522 674
513 720
541 677
539 746
522 638
577 535
601 702
466 726
584 552
546 719
595 491
462 727
595 683
606 533
594 505
616 547
480 519
471 756
596 527
547 662
465 742
578 732
558 694
578 646
500 615
537 734
543 662
550 754
597 483
579 684
520 631
547 663
626 646
551 775
468 650
520 621
511 524
539 558
608 657
463 745
526 618
628 647
518 741
586 538
536 754
465 716
479 686
527 643
551 533
526 689
571 643
580 649
558 638
550 617
487 720
563 562
541 741
607 520
481 510
563 659
511 588
505 749
556 666
610 543
517 730
483 654
549 671
608 701
606 531
597 485
618 544
574 680
515 716
487 728
528 589
603 509
533 621
598 507
609 528
547 754
516 604
595 509
464 737
573 563
530 547
541 757
599 529
596 688
489 657
477 715
547 671
515 770
533 580
518 542
549 563
596 535
613 646
548 574
492 738
595 524
552 772
503 507
558 661
595 505
464 641
584 542
555 772
594 673
627 648
467 727
510 648
561 656
462 747
503 611
550 533
538 726
564 644
525 651
510 535
556 684
601 707
578 547
537 743
622 649
508 532
517 538
564 656
517 646
566 562
519 626
497 688
512 722
485 716
479 726
450 638
501 517
489 497
464 745
478 687
588 706
576 686
494 733
475 750
486 714
486 712
571 529
602 531
547 632
512 735
489 507
598 686
541 744
464 749
454 650
606 522
531 622
472 715
466 717
464 643
533 735
539 663
596 665
587 539
498 674
597 636
554 770
524 654
570 648
544 622
497 524
614 647
560 561
549 577
561 677
529 643
513 522
545 761
478 727
502 664
497 730
562 562
521 619
542 621
517 670
486 734
590 505
520 516
488 712
562 556
593 695
607 639
514 644
611 639
549 575
525 687
539 733
609 529
573 531
603 478
479 689
591 707
598 636
528 765
535 655
592 708
560 681
470 651
583 542
498 527
550 636
465 641
596 687
557 687
464 697
573 680
478 650
457 750
510 663
499 666
513 722
502 737
591 500
487 664
586 496
584 694
600 644
556 545
521 677
483 516
609 524
611 525
555 665
530 770
563 641
549 667
558 633
484 732
489 508
617 547
460 731
617 548
628 555
536 544
474 712
542 741
513 518
521 631
605 518
554 625
479 657
537 552
500 742
475 692
604 664
514 735
497 731
542 622
518 597
487 656
578 729
488 511
559 633
551 616
521 671
597 633
585 713
481 509
605 644
513 735
517 732
610 643
490 506
492 660
483 667
520 517
578 688
549 615
628 651
520 518
594 689
605 487
455 644
519 518
582 690
499 674
470 737
520 652
546 565
572 558
475 689
516 641
580 648
522 647
617 549
585 709
500 502
548 623
551 776
515 665
601 529
495 734
596 675
576 560
510 607
509 527
586 654
525 760
628 650
560 667
504 735
485 520
604 484
518 647
503 517
496 668
589 498
528 641
608 642
540 767
538 555
529 780
481 714
582 546
497 661
469 729
553 589
480 515
559 563
468 736
587 542
555 617
574 681
500 616
627 646
497 675
574 648
514 598
559 561
585 705
518 539
462 737
564 674
543 615
558 567
485 723
542 551
517 669
519 625
627 645
471 645
574 679
591 706
504 523
572 565
483 668
460 642
525 677
518 644
521 637
520 638
525 619
500 674
557 567
480 649
452 644
531 650
514 723
486 731
533 579
572 648
593 670
518 628
524 682
568 727
516 732
525 592
481 711
599 710
584 712
557 637
481 508
609 640
576 534
516 673
526 592
510 526
521 658
545 562
495 688
524 760
481 517
554 582
541 674
449 640
526 614
487 669
605 476
498 510
620 650
534 735
578 698
542 665
556 689
456 706
487 671
601 536
609 660
473 747
521 627
549 769
602 702
561 546
109 708
529 653
501 514
463 642
467 725
535 760
500 661
551 532
543 756
604 703
631 550
508 589
482 510
467 730
449 641
521 609
585 505
528 584
454 639
595 636
493 688
522 680
537 575
544 758
477 690
528 615
457 751
560 657
589 691
560 663
468 716
601 714
535 552
577 531
485 689
456 641
595 525
516 596
589 697
500 691
557 685
575 567
557 657
575 531
523 648
487 666
497 668
585 496
554 558
613 645
503 552
564 559
586 542
550 751
496 667
559 652
588 498
593 642
588 697
628 645
513 610
498 619
517 770
569 641
467 748
585 504
608 660
588 504
513 769
529 677
577 551
596 696
496 522
604 540
577 555
528 648
557 665
588 490
512 645
604 539
595 527
548 673
520 611
571 644
502 547
605 654
499 511
584 543
623 647
576 558
546 531
520 738
525 614
605 484
555 556
580 691
582 689
465 650
590 649
587 691
603 712
562 555
560 556
509 743
522 542
560 695
602 515
633 556
593 497
506 531
568 669
626 551
561 641
633 555
502 553
555 538
595 637
547 533
538 742
523 684
534 555
523 544
519 631
519 670
464 750
550 777
463 640
484 669
526 654
576 688
516 643
463 641
460 706
602 645
595 691
486 522
484 715
516 716
538 757
578 553
574 566
530 736
611 522
577 696
553 581
487 722
513 593
517 666
602 483
519 619
521 608
460 753
542 676
548 672
520 614
512 588
585 652
598 536
489 719
476 685
588 709
554 671
560 565
556 633
563 671
451 637
528 771
457 642
530 733
516 593
559 697
589 649
568 650
536 738
551 579
483 653
462 710
513 591
603 647
544 675
498 662
492 664
601 713
510 537
536 577
555 662
532 623
478 657
588 542
559 549
573 687
453 755
516 736
470 734
523 587
572 649
505 748
551 615
601 715
486 656
599 709
580 679
504 615
586 690
558 631
532 776
595 686
499 512
450 643
612 642
486 519
541 675
547 560
611 521
509 539
587 652
606 653
596 544
519 604
598 683
601 709
488 725
475 649
558 556
540 571
466 697
540 575
463 704
596 673
486 659
550 752
607 658
500 505
548 722
524 680
560 567
583 709
522 653
571 649
517 675
541 570
475 690
567 643
541 658
484 516
523 606
523 739
464 708
544 560
501 553
585 556
570 729
558 668
507 612
487 731
544 565
533 651
500 668
496 661
497 732
528 678
585 503
545 757
579 676
537 554
557 546
480 658
553 580
487 520
503 664
476 713
465 740
501 520
550 619
552 767
546 665
505 534
538 756
599 643
580 643
634 561
604 518
479 521
551 758
597 482
460 746
597 522
580 673
603 482
519 730
529 642
524 683
590 698
531 773
530 582
499 618
555 557
550 575
531 769
609 485
504 524
610 519
526 544
543 580
547 718
590 689
526 652
590 645
609 540
537 624
590 498
611 527
533 652
578 676
512 745
597 540
519 601
604 665
524 612
532 624
507 532
499 743
473 686
485 668
550 615
563 646
487 716
481 518
456 753
496 677
560 671
509 552
512 526
474 752
574 675
513 521
515 624
609 643
530 769
517 611
503 669
631 548
490 657
541 581
628 547
620 651
600 487
576 549
594 686
519 674
500 669
540 582
606 486
505 548
488 672
553 665
587 697
466 716
585 719
547 623
581 686
460 744
512 614
588 503
463 702
600 639
498 513
544 564
563 561
509 661
579 721
539 661
582 706
601 521
603 642
540 550
467 722
504 744
551 636
587 540
614 547
596 679
457 710
468 649
497 733
480 724
524 644
452 645
595 696
468 730
524 592
556 561
599 686
596 718
524 518
498 520
503 736
539 757
503 505
457 644
603 703
515 520
484 686
510 522
517 624
524 689
604 647
497 662
604 670
526 620
559 550
591 642
508 533
517 626
459 634
525 550
566 563
508 661
502 735
579 674
599 490
592 716
582 547
552 771
548 582
611 519
449 636
580 697
487 673
541 568
517 618
533 626
510 734
566 729
544 673
606 525
537 576
461 747
527 762
503 587
600 478
607 646
515 539
489 677
531 654
562 646
522 639
458 643
602 521
530 622
597 634
512 596
478 658
545 532
552 615
501 737
508 598
601 486
471 652
514 768
517 668
485 722
576 533
556 688
459 635
596 486
529 590
579 643
634 555
598 716
523 596
471 647
557 696
517 597
461 718
456 749
577 675
532 768
464 701
523 645
554 690
512 609
596 506
520 639
547 672
557 564
557 543
507 596
596 668
582 640
575 526
481 658
524 590
494 661
586 539
622 547
610 642
491 734
540 749
504 522
563 640
573 730
574 529
484 687
562 663
535 578
593 716
545 752
536 730
518 545
521 716
464 746
586 556
527 659
605 534
504 505
518 604
532 766
540 735
500 617
595 679
560 668
530 549
600 670
577 694
481 683
579 672
602 478
525 650
514 615
523 540
506 546
515 641
549 588
600 702
585 650
453 652
558 547
488 717
463 737
525 643
587 502
502 662
485 508
596 710
482 519
620 648
606 523
501 666
475 681
549 631
511 536
587 718
546 671
541 620
501 510
600 699
603 516
573 671
559 552
559 553
559 680
603 644
499 736
490 739
592 547
553 531
529 768
552 758
586 544
626 647
559 565
542 759
550 757
469 730
468 715
537 574
593 690
565 679
484 499
495 507
475 754
565 564
581 554
476 693
448 633
558 566
457 637
522 641
596 522
493 504
540 587
556 564
526 671
538 732
532 649
552 719
593 697
571 674
585 551
474 646
529 764
605 701
593 505
529 656
527 765
618 543
524 771
558 673
556 554
505 586
585 550
572 678
524 740
507 545
484 661
560 694
480 514
596 669
549 677
595 681
538 578
473 756
518 627
535 624
601 490
529 662
512 746
584 719
590 690
540 573
601 647
503 667
578 722
543 570
583 710
521 514
596 676
449 643
584 705
537 731
595 689
560 662
589 492
552 533
547 768
504 552
541 663
588 646
593 499
492 507
511 744
488 499
527 653
450 752
549 630
579 683
469 747
577 642
509 610
582 698
603 531
491 659
514 718
521 518
605 538
561 663
589 698
601 510
535 625
496 666
613 526
111 708
521 717
528 736
514 728
540 657
525 587
621 649
582 545
576 551
506 526
573 562
490 656
557 563
539 654
540 623
626 648
598 525
501 735
535 730
611 543
607 644
527 771
552 584
510 589
576 554
546 570
479 523
536 732
543 754
557 560
522 771
562 642
601 716
511 614
623 548
587 709
546 755
476 684
518 730
533 620
502 739
503 551
485 519
538 624
498 524
552 580
517 649
449 635
464 740
628 652
449 633
547 624
532 625
592 668
459 705
584 496
627 547
473 749
466 649
600 510
508 595
516 591
556 691
543 550
487 724
568 645
573 564
560 673
535 582
518 675
559 679
595 672
516 674
498 522
495 668
503 661
603 519
484 498
504 736
510 594
487 505
554 533
549 582
520 770
515 723
525 740
522 772
583 696
498 689
590 492
601 487
488 510
527 678
530 761
471 715
488 671
544 550
585 653
523 672
628 649
478 523
462 708
609 527
571 673
549 662
573 686
524 591
569 563
514 521
512 607
519 671
541 733
506 608
464 735
591 648
521 593
489 498
522 670
597 546
533 760
543 562
598 486
550 756
499 690
538 550
486 681
589 494
617 546
635 555
489 510
530 735
547 758
626 649
538 557
552 555
479 727
548 764
464 718
532 767
532 616
577 697
603 488
455 642
464 727
555 547
536 552
523 652
599 674
467 648
517 648
601 491
540 574
522 657
533 654
531 645
511 591
582 543
454 652
618 545
507 594
558 549
542 568
592 690
526 760
584 709
520 646
519 664
519 739
525 657
499 737
528 733
485 522
535 751
600 521
564 667
498 732
597 528
516 518
486 499
558 569
456 644
480 657
549 564
573 675
547 661
509 586
523 607
581 642
479 520
503 615
541 661
457 726
541 742
590 544
577 693
530 677
587 654
506 525
492 740
606 651
568 666
467 718
582 688
480 728
466 745
520 634
515 666
597 545
590 716
522 592
599 641
600 536
521 640
522 761
589 642
537 728
552 773
509 609
553 586
487 502
524 594
578 538
592 645
507 530
474 749
562 554
570 529
485 687
598 714
549 719
555 561
509 744
613 525
497 728
568 643
486 520
511 733
474 685
600 528
603 529
585 502
520 615
525 596
533 619
549 770
567 563
516 624
547 717
551 751
461 711
534 624
532 622
555 545
548 615
632 559
484 655
599 527
514 608
591 692
508 599
596 530
519 513
594 699
591 711
502 552
518 716
596 686
559 677
521 659
544 532
508 587
582 700
534 582
595 690
488 720
600 527
497 507
546 758
564 649
521 623
539 749
552 627
585 554
520 630
596 542
581 685
541 746
559 566
475 711
592 507
514 769
488 711
540 742
533 779
550 623
508 748
569 642
537 754
542 723
552 664
548 668
550 618
563 673
561 665
584 687
488 498
526 743
447 638
491 740
536 760
601 644
539 761
524 685
529 773
506 550
484 508
516 715
506 615
499 507
465 734
522 685
486 687
585 500
488 716
595 508
575 566
532 775
490 654
555 633
575 560
570 679
604 668
557 642
503 741
539 575
489 655
529 732
593 709
536 739
559 559
466 722
605 478
530 762
507 540
606 649
604 488
551 779
521 610
538 654
585 712
549 634
530 585
557 631
470 699
522 594
550 670
485 500
538 752
544 751
473 714
602 667
517 672
519 622
550 674
555 548
521 672
602 506
607 645
485 714
536 554
605 531
497 508
490 738
622 548
483 731
580 646
591 694
539 568
481 684
538 759
543 755
536 763
479 649
501 618
457 649
526 765
410 741
498 666
466 730
590 542
516 770
599 511
610 485
530 663
524 670
527 651
540 765
500 670
509 537
581 547
540 584
510 662
474 754
540 581
604 660
537 551
596 708
465 748
521 597
452 651
529 587
474 648
455 751
500 501
628 546
452 755
577 674
551 637
529 615
576 675
574 527
537 556
592 696
592 692
487 710
471 693
526 737
599 685
502 618
540 659
464 741
600 525
576 731
606 703
502 520
470 715
496 664
543 532
489 680
596 667
533 736
539 740
533 650
599 638
496 524
480 648
546 533
537 733
559 696
518 641
491 660
495 506
525 549
528 662
515 596
512 594
590 490
540 764
586 497
560 642
506 524
544 759
577 641
509 521
578 731
516 646
530 599
471 734
546 667
581 698
596 712
546 756
602 642
604 702
577 646
584 707
458 726
632 550
518 508
458 729
554 587
531 602
503 520
509 530
537 577
552 688
552 579
554 623
503 508
489 689
555 661
597 543
609 519
502 665
592 642
586 702
575 695
625 549
580 678
604 712
583 697
600 715
590 691
580 544
509 605
551 575
597 530
605 517
512 523
578 689
522 593
552 623
599 480
589 705
602 530
523 651
509 599
521 632
499 525
566 670
557 568
492 730
494 730
561 653
538 554
577 645
559 637
460 733
503 515
550 768
447 636
569 640
550 590
529 736
579 720
489 720
555 659
601 667
597 640
531 768
477 731
460 712
518 514
586 540
477 521
499 500
506 742
512 648
460 735
573 533
513 614
485 685
506 734
543 721
521 511
488 735
523 760
575 568
533 623
605 488
598 675
553 559
554 583
485 684
519 638
517 769
487 726
529 589
558 632
553 772
455 640
473 755
486 726
568 672
537 751
519 647
521 741
479 651
606 532
580 545
596 525
569 648
510 661
603 663
603 515
467 647
486 720
551 628
529 597
478 522
531 601
504 662
537 765
544 562
526 548
518 718
468 748
473 736
546 763
602 534
539 569
612 647
585 720
556 537
560 548
547 763
602 707
573 677
581 648
533 583
471 757
585 543
520 515
557 559
540 658
535 759
525 646
482 683
478 525
517 513
586 642
533 761
588 499
505 662
491 510
554 666
521 620
598 546
575 562
582 555
531 657
480 516
602 712
596 481
548 721
536 655
541 745
596 634
550 750
494 690
620 647
589 645
484 662
613 648
507 586
538 728
577 643
526 639
521 634
485 720
591 709
574 731
523 588
488 680
574 560
523 668
458 749
491 730
539 753
486 682
573 529
528 738
482 509
517 617
517 737
516 609
595 535
582 687
595 537
610 541
537 578
595 712
577 532
594 488
556 559
509 607
477 728
459 643
491 665
573 648
530 734
515 521
521 660
550 770
605 658
520 617
545 563
556 661
610 527
520 724
507 615
532 651
528 677
505 616
507 529
535 626
551 555
475 752
463 639
546 631
484 509
478 524
558 551
551 627
607 655
498 670
545 725
579 542
470 692
536 758
512 647
602 670
588 645
503 740
557 683
605 537
606 485
569 673
639 563
550 629
552 774
548 563
481 727
469 651
489 654
475 648
489 688
567 729
558 634
523 771
482 652
563 655
587 650
575 647
584 555
516 735
455 748
599 487
517 610
591 543
504 585
520 601
453 757
484 710
544 674
608 520
556 538
621 548
541 724
554 661
624 648
607 522
603 480
580 642
559 654
599 711
488 719
477 649
577 728
476 686
557 676
519 598
541 727
539 732
594 690
523 542
536 583
537 762
455 749
457 749
514 594
500 611
515 540
499 501
476 690
527 548
603 485
496 506
538 751
451 645
487 725
490 680
541 664
552 720
510 769
539 655
562 641
553 625
561 556
585 721
544 724
520 612
533 614
522 607
545 573
606 524
487 665
593 498
605 481
589 493
511 770
559 663
451 754
497 729
492 658
461 643
513 732
602 480
538 754
563 670
485 656
508 614
521 770
470 749
597 537
488 718
481 713
515 537
555 531
590 547
508 540
595 695
560 655
616 646
532 761
598 718
587 708
553 774
546 573
559 569
572 564
547 765
459 706
559 655
602 669
539 750
521 607
564 657
590 697
591 647
554 589
550 588
519 770
549 722
480 714
481 712
523 593
564 557
454 648
543 566
598 667
557 655
513 723
492 666
598 638
502 509
483 690
474 694
519 716
558 655
499 502
563 642
463 705
550 758
505 550
505 535
551 770
479 728
536 580
538 574
556 636
479 510
547 719
599 644
470 693
452 637
573 565
553 539
526 655
468 722
574 673
496 520
549 780
483 691
596 639
548 754
527 621
587 503
476 714
632 546
532 583
611 640
514 536
586 543
587 705
578 720
508 745
586 537
586 695
543 670
544 672
509 533
548 768
477 647
609 486
518 640
521 589
594 688
514 625
513 615
511 587
581 687
539 756
512 616
595 708
467 721
598 522
595 641
464 744
553 616
458 636
466 718
498 506
599 489
589 504
545 668
571 679
591 646
542 674
469 697
599 532
503 612
501 741
589 692
555 672
599 508
550 634
535 628
507 541
595 682
516 610
587 707
514 520
500 503
551 669
592 506
465 744
585 540
597 665
495 505
511 666
520 604
553 584
536 545
598 711
450 636
592 489
517 673
519 508
562 650
464 726
549 754
595 487
519 599
465 645
460 745
604 659
525 686
609 657
553 664
609 520
498 528
546 724
601 535
591 499
544 671
549 623
524 669
528 741
460 747
482 722
602 479
597 671
506 544
455 638
589 716
539 588
608 705
586 698
467 719
549 614
591 669
543 621
510 538
537 545
543 560
469 734
552 541
458 707
580 685
541 623
551 623
552 721
580 554
562 695
550 778
539 763
593 537
579 677
539 656
534 548
511 525
545 753
521 588
574 561
486 686
526 733
552 591
588 705
455 648
516 597
555 673
391 755
522 618
554 560
516 607
499 520
547 764
589 718
524 595
590 713
532 602
540 580
566 669
578 642
550 779
596 690
520 647
521 626
477 659
553 555
558 641
509 733
602 509
577 549
499 660
610 641
606 704
508 525
608 524
551 720
509 529
510 605
622 551
526 588
592 644
508 769
504 520
551 629
553 668
624 545
550 566
467 729
583 694
624 544
504 661
558 560
599 670
464 725
449 634
497 670
529 771
540 583
556 638
515 675
574 688
554 759
484 722
512 666
559 642
578 730
540 748
569 564
635 558
570 562
600 529
536 582
504 740
582 701
462 713
601 532
505 524
482 730
470 647
535 765
537 732
545 564
539 741
525 649
556 536
537 656
533 554
479 515
522 652
456 642
520 635
513 719
517 665
456 647
498 661
598 527
530 590
485 673
604 662
557 658
520 659
496 688
519 630
498 671
578 539
550 628
509 584
598 539
606 518
518 740
518 663
459 645
557 663
537 764
477 689
557 666
600 638
598 487
473 748
528 762
540 578
592 709
468 738
592 498
508 534
502 505
482 520
589 707
565 562
483 683
595 707
589 706
590 499
533 553
522 669
606 701
601 699
524 671
524 681
542 580
524 648
489 505
488 655
548 617
633 553
524 610
509 588
526 648
597 538
597 687
459 731
519 606
519 773
556 635
607 540
544 570
594 669
638 565
562 647
463 697
504 733
552 687
468 697
606 654
485 509
560 652
491 688
605 660
611 637
591 713
521 675
597 508
527 591
521 772
526 616
487 668
571 672
579 553
500 743
604 537
566 668
605 479
465 739
605 541
527 760
557 633
540 586
572 679
579 680
517 544
511 596
543 616
576 724
602 711
605 477
561 697
542 677
607 487
517 593
548 765
594 677
499 664
520 668
595 678
462 702
573 678
558 684
523 611
465 697
457 707
527 740
621 646
580 729
552 766
471 651
554 771
562 652
564 730
562 648
507 748
595 668
497 674
506 538
563 650
503 668
543 551
580 681
469 748
533 653
486 688
588 644
554 537
525 644
554 559
497 620
463 701
599 633
526 617
553 617
592 491
582 639
526 732
548 720
477 519
483 518
581 647
546 663
522 596
541 721
484 731
550 583
528 597
564 676
600 480
453 653
541 569
486 508
525 729
596 485
631 556
490 737
607 486
570 645
521 674
560 651
537 739
512 769
635 557
548 633
586 499
592 544
553 557
510 735
503 617
634 560
496 733
635 556
518 626
485 499
472 750
545 763
595 711
516 644
579 679
553 759
510 612
563 666
607 643
551 768
568 648
470 753
600 488
467 736
511 583
575 688
508 593
529 762
624 552
526 643
487 681
519 659
551 622
606 655
524 677
545 718
607 705
460 729
600 669
530 648
557 664
594 486
517 736
477 694
518 723
516 729
546 563
519 609
514 609
576 532
598 685
518 738
504 534
570 564
465 741
499 662
534 583
559 564
464 699
511 584
529 621
499 691
530 581
497 673
482 689
563 554
483 713
585 711
538 740
520 627
506 539
551 531
470 645
529 638
465 717
484 518
618 546
535 576
504 618
570 531
554 557
593 524
525 540
500 513
459 646
447 639
549 633
463 718
587 701
511 526
514 624
499 665
597 525
516 613
562 560
592 697
454 754
517 543
546 669
493 731
507 666
520 649
463 706
511 527
483 688
478 689
539 742
511 607
453 651
550 780
636 559
585 722
562 666
604 644
547 569
111 707
481 729
586 502
483 684
600 511
540 746
498 523
546 574
549 666
597 541
584 698
532 584
520 602
520 618
607 701
528 638
560 698
487 504
557 542
594 678
574 526
546 673
538 577
465 738
569 562
453 756
573 649
470 698
535 577
453 650
540 727
552 669
607 657
528 614
472 647
465 743
558 674
585 702
580 684
515 726
491 729
577 547
557 692
583 494
596 489
578 648
595 639
609 531
577 695
594 523
520 664
520 610
487 723
537 742
583 718
563 672
588 643
575 680
550 591
611 644
495 669
595 523
526 741
533 617
463 709
590 709
505 538
530 643
456 751
532 759
532 638
554 772
546 666
488 731
595 684
504 587
447 640
512 606
448 643
598 639
527 737
543 663
536 734
555 634
466 645
586 710
540 572
497 677
602 532
529 641
530 766
456 707
499 526
605 666
481 731
576 689
461 719
506 541
529 772
493 669
518 643
606 536
520 626
573 566
551 769
475 693
599 481
542 724
623 551
575 675
581 684
569 647
577 721
492 511
623 547
513 721
550 621
536 759
509 589
601 489
492 663
541 758
594 682
535 734
472 755
625 648
577 540
602 505
560 563
603 645
514 596
528 760
540 757
594 509
520 509
554 584
580 680
609 638
598 717
601 670
599 642
509 585
545 723
632 547
547 770
551 721
614 648
583 701
525 684
591 489
551 556
486 727
523 657
464 714
516 513
561 673
556 662
473 715
578 733
570 637
578 537
597 486
535 770
558 676
474 681
502 661
584 540
550 580
515 718
574 652
544 723
606 640
596 636
564 677
612 544
605 706
545 724
586 691
501 518
490 507
549 717
534 779
557 693
504 749
568 729
487 510
486 710
583 687
487 499
539 624
484 713
596 487
602 516
535 618
544 721
480 510
527 638
549 673
554 581
595 506
507 662
594 504
532 585
512 724
469 647
517 613
494 732
572 675
484 689
574 729
544 756
519 675
464 709
598 531
586 687
523 589
525 671
561 647
466 723
556 695
460 730
506 609
513 724
526 657
592 698
560 547
498 667
480 725
483 692
523 612
474 687
472 748
615 647
491 658
525 688
514 606
601 514
520 685
513 622
479 514
520 544
471 736
532 760
624 647
518 513
505 539
550 578
484 657
468 647
549 617
597 536
622 646
580 686
573 532
551 719
514 770
510 532
455 706
454 706
453 706
454 705
452 706
452 705
452 704
453 704
451 704
452 703
450 704
452 702
449 704
453 702
451 702
448 704
454 702
453 701
447 704
454 701
446 704
455 701
454 700
445 704
454 699
445 705
453 699
454 698
445 706
454 697
444 706
454 696
444 707
454 695
443 707
453 695
454 694
442 707
443 708
453 694
441 707
443 709
440 707
441 708
444 709
442 709
439 707
440 708
441 709
445 709
438 707
439 708
439 706
441 710
445 708
437 707
438 706
441 711
437 708
437 706
438 705
441 712
436 708
436 706
438 704
442 712
436 709
435 706
438 703
443 712
442 713
436 710
434 706
438 702
444 712
442 714
437 710
436 711
434 705
439 702
445 712
442 715
438 710
437 711
435 711
440 702
446 712
441 715
438 709
434 711
435 712
446 711
440 715
441 716
447 711
446 710
439 715
441 717
447 710
439 716
439 714
440 717
448 710
447 709
438 716
439 717
438 717
438 718
437 718
436 718
435 718
435 719
434 719
435 720
434 720
435 721
436 721
435 722
434 722
434 723
434 724
435 724
433 724
436 724
433 725
437 724
432 725
433 726
438 724
432 726
434 726
439 724
438 725
431 726
434 727
439 725
438 726
430 726
435 727
434 728
438 727
433 728
438 728
433 729
438 729
433 730
439 729
434 730
432 730
440 729
435 730
432 731
441 729
440 730
436 730
432 732
442 729
441 728
440 731
437 730
433 732
443 729
442 730
441 727
440 732
437 731
433 733
441 732
437 732
434 733
438 732
435 733
434 734
435 734
436 734
435 735
436 735
436 736
436 737
437 737
435 737
437 738
434 737
438 738
437 739
434 738
436 739
437 740
433 738
434 739
438 740
437 741
432 738
433 739
437 742
431 738
432 737
433 740
431 737
432 736
433 741
430 737
434 741
432 741
433 742
429 737
432 742
433 743
428 737
428 736
428 735
428 734
429 734
427 734
426 734
426 735
426 733
425 735
425 733
425 736
424 733
425 737
423 733
425 738
422 733
425 739
421 733
426 739
420 733
427 739
420 734
420 732
419 734
419 732
420 731
418 732
418 731
418 730
418 729
417 729
418 728
416 729
418 727
416 728
417 727
418 726
415 728
416 727
418 725
414 728
416 726
414 729
414 727
413 729
414 730
413 727
413 730
412 727
412 730
412 726
412 731
412 725
413 725
414 725
414 724
414 723
413 723
414 722
413 722
414 721
412 722
415 721
412 721
416 721
411 721
412 720
416 722
410 721
412 719
416 723
409 721
410 720
412 718
417 723
409 722
413 718
412 717
418 723
417 724
408 722
414 718
413 717
411 717
419 723
407 722
415 718
410 717
411 716
419 724
407 723
415 717
410 716
411 715
420 724
407 724
415 716
420 725
408 724
406 724
415 715
421 725
405 724
416 715
422 725
421 726
405 723
416 714
421 727
404 723
417 714
416 713
421 728
403 723
417 713
416 712
422 728
402 723
403 724
403 722
417 712
423 728
401 723
417 711
401 724
418 711
400 724
418 710
399 724
418 709
398 724
399 725
417 709
398 723
399 726
416 709
417 708
398 722
400 726
398 726
399 727
416 708
417 707
397 722
401 726
400 727
596 664
415 708
397 721
400 728
406 744
410 742
397 720
400 729
407 737
406 736
399 729
400 730
404 740
402 742
400 731
406 747
407 744
406 743
400 732
408 737
400 733
407 736
405 740
401 733
399 733
404 741
402 743
404 751
402 733
401 734
399 734
405 747
402 732
399 735
408 744
403 732
402 731
399 736
406 742
409 737
404 732
400 736
398 736
403 743
404 733
404 731
401 736
405 750
404 730
401 737
405 748
410 737
402 737
403 744
408 743
403 737
402 738
403 745
405 742
409 742
404 737
403 736
402 739
404 745
403 746
404 750
405 737
404 738
401 739
402 740
405 745
405 749
406 745
408 742
406 746
406 737
405 738
400 739
403 740
397 726
396 726
397 727
395 726
397 728
395 725
396 728
394 725
395 724
395 728
394 724
393 724
394 723
392 724
393 723
394 722
392 725
391 725
390 725
391 726
391 727
390 727
389 727
390 728
388 727
390 729
388 726
391 729
390 730
388 725
392 729
390 731
387 725
388 724
392 728
391 731
389 731
387 724
389 732
387 723
388 732
389 733
386 723
387 722
387 732
389 734
385 723
388 722
384 723
384 724
384 722
383 724
382 724
381 724
380 724
380 723
380 722
381 722
379 722
382 722
378 722
382 721
377 722
378 723
382 720
377 723
382 719
377 724
383 719
381 719
382 718
376 724
384 719
380 719
375 724
376 725
385 719
375 725
385 718
374 725
386 718
374 726
387 718
386 717
374 727
387 717
375 727
373 727
374 728
388 717
372 727
374 729
389 717
388 716
371 727
374 730
389 716
388 715
371 726
375 730
374 731
387 715
370 726
376 730
374 732
387 714
369 726
373 732
374 733
386 714
369 727
373 733
375 733
385 714
386 713
369 728
372 733
373 734
376 733
385 715
386 712
368 728
372 734
377 733
384 715
386 711
367 728
371 734
378 733
383 715
384 716
387 711
386 710
367 729
370 734
379 733
378 732
382 715
388 711
385 710
366 729
380 733
389 711
388 710
385 709
365 729
381 733
388 709
384 709
364 729
365 730
365 728
382 733
381 734
389 709
383 709
363 729
381 735
390 709
383 708
362 729
381 736
390 708
382 708
361 729
382 736
380 736
391 708
390 707
381 708
360 729
361 730
380 737
392 708
380 708
381 709
381 707
359 729
380 738
393 708
392 709
379 708
381 710
381 706
358 729
359 728
381 738
394 708
393 707
378 708
379 707
382 706
381 705
357 729
359 727
382 738
395 708
377 708
378 709
381 704
356 729
360 727
359 726
382 739
395 709
377 707
378 710
382 704
381 703
355 729
361 727
358 726
382 740
377 706
379 710
378 711
383 704
380 703
381 702
355 730
358 725
381 740
382 741
377 705
377 711
378 712
383 705
383 703
380 702
355 731
358 724
380 740
383 741
382 742
378 705
376 711
379 712
378 713
384 703
383 702
379 702
356 731
354 731
355 732
357 724
381 742
379 705
376 712
380 712
377 713
378 714
384 702
356 732
353 731
356 724
357 723
381 743
376 713
381 712
380 711
385 702
384 701
357 732
356 733
352 731
353 730
357 722
380 743
376 714
382 712
381 713
385 701
358 732
356 734
352 732
356 722
357 721
379 743
380 744
381 714
386 701
357 734
355 734
356 735
351 732
356 721
358 721
379 744
380 745
380 714
386 700
354 734
355 735
350 732
355 721
359 721
381 745
380 746
386 699
353 734
354 733
350 733
354 721
359 722
382 745
380 747
386 698
352 734
353 735
349 733
353 721
354 720
360 722
359 723
383 745
380 748
387 698
385 698
351 734
348 733
353 722
353 720
361 722
381 748
388 698
387 697
384 698
347 733
348 732
352 720
361 721
381 749
389 698
388 699
387 696
383 698
384 697
351 720
381 750
390 698
389 699
387 695
382 698
351 719
380 750
381 751
390 699
387 694
381 698
350 719
351 718
380 751
381 752
388 694
386 694
387 693
380 698
349 719
351 717
381 753
389 694
387 692
380 699
348 719
349 720
349 718
352 717
351 716
382 753
380 753
389 693
387 691
379 699
349 721
353 717
352 716
350 716
382 754
379 753
378 699
348 721
353 718
349 716
382 755
378 753
377 699
378 698
347 721
349 715
383 755
381 755
378 754
378 752
376 699
347 722
348 715
349 714
384 755
380 755
377 754
377 752
375 699
376 700
346 722
347 723
350 714
349 713
384 756
380 756
376 754
377 751
374 699
375 700
345 722
346 723
385 756
375 754
374 698
375 701
344 722
345 721
386 756
374 754
375 753
373 698
375 702
343 722
345 720
387 756
374 755
372 698
375 703
342 722
346 720
344 720
388 756
387 755
373 755
374 756
371 698
372 699
376 703
374 703
341 722
344 719
389 756
372 755
375 756
370 698
371 697
372 700
373 703
374 704
340 722
390 756
372 756
372 754
375 757
369 698
372 701
339 722
340 723
340 721
390 757
390 755
371 754
372 753
375 758
368 698
369 697
373 701
371 701
372 702
339 721
390 758
390 754
370 754
373 753
372 752
376 758
375 759
367 698
368 697
370 701
338 721
391 758
389 758
390 759
370 755
372 751
376 759
374 759
367 697
370 702
370 700
338 720
392 758
389 759
369 755
373 751
372 750
373 759
367 696
337 720
393 758
388 759
368 755
374 751
373 760
367 695
337 719
394 758
367 755
374 750
373 761
366 695
336 719
337 718
395 758
394 759
394 757
366 755
367 756
374 761
372 761
365 695
335 719
337 717
394 760
394 756
365 755
366 754
367 757
375 761
372 762
365 694
334 719
335 720
335 718
338 717
337 716
393 760
394 761
394 755
364 755
376 761
375 762
372 763
364 694
334 720
334 718
335 721
338 716
336 716
392 760
394 762
394 754
363 755
371 763
364 693
334 721
334 717
335 722
336 715
391 760
395 762
394 763
395 754
362 755
363 756
371 764
363 693
364 692
333 721
333 717
335 723
335 715
391 761
394 764
396 754
361 755
363 757
371 765
363 692
332 717
335 724
334 715
390 761
391 762
395 764
397 754
360 755
362 757
362 692
332 716
336 724
334 714
389 761
390 762
395 765
397 753
359 755
361 757
362 758
361 692
362 691
331 716
332 715
336 725
333 714
388 761
390 763
396 765
398 753
397 752
358 755
362 759
360 692
362 690
330 716
336 726
333 713
387 761
397 765
397 751
357 755
358 754
362 760
360 693
360 691
363 690
362 689
329 716
337 726
335 726
336 727
386 761
398 765
398 751
396 751
356 755
357 754
362 761
359 693
361 689
328 716
329 715
334 726
336 728
386 760
398 766
399 751
395 751
355 755
363 761
359 694
361 688
327 716
334 727
337 728
336 729
398 767
394 751
354 755
355 756
364 761
358 694
359 695
360 688
327 715
337 729
335 729
398 768
353 755
355 757
364 760
357 694
358 695
360 695
359 688
360 687
327 714
334 729
335 730
398 769
352 755
356 694
357 695
358 688
550 663
360 686
399 769
351 755
356 693
357 696
357 688
358 687
360 685
400 769
350 755
351 754
355 693
357 697
356 688
357 687
359 685
401 769
349 755
351 753
358 697
357 698
355 688
356 687
358 685
359 684
402 769
401 770
348 755
352 753
350 753
358 698
354 688
355 689
359 683
403 769
402 768
347 755
350 752
354 687
355 690
360 683
359 682
403 768
346 755
350 751
353 687
361 683
358 682
404 768
403 767
346 756
350 750
352 687
362 683
361 684
357 682
404 767
346 757
349 750
350 749
352 688
352 686
363 683
357 683
357 681
404 766
350 748
351 688
352 689
364 683
363 682
357 680
404 765
351 748
350 747
351 689
352 690
364 684
363 681
357 679
405 765
404 764
351 747
350 746
350 689
352 691
362 681
363 680
357 678
406 765
403 764
352 747
349 746
349 689
351 691
364 680
357 677
407 765
402 764
403 763
348 746
349 690
349 688
351 692
365 680
357 676
408 765
401 764
402 765
402 763
403 762
348 747
348 745
348 690
349 687
350 692
366 680
365 681
358 676
408 766
400 764
401 765
402 762
403 761
348 744
347 690
349 686
366 681
366 679
400 763
404 761
349 744
347 744
348 743
346 690
348 686
349 685
367 681
366 678
400 762
405 761
404 760
346 744
346 691
346 689
347 686
350 685
349 684
368 681
365 678
366 677
400 761
406 761
404 759
345 691
346 692
346 686
347 685
351 685
349 683
369 681
366 676
399 761
400 760
406 762
346 693
345 686
348 683
369 682
365 676
366 675
398 761
345 693
346 694
344 686
348 682
370 682
366 674
397 761
346 695
343 686
344 687
344 685
347 682
371 682
370 683
366 673
397 760
346 696
342 686
344 684
346 682
372 682
370 684
367 673
396 760
341 686
342 687
344 683
372 683
368 673
396 759
340 686
345 683
373 683
369 673
368 672
340 687
340 685
374 683
370 673
369 674
368 671
340 688
340 684
375 683
370 674
368 670
341 688
341 684
340 683
375 682
371 674
370 675
369 670
367 670
340 682
375 681
372 674
370 676
370 670
366 670
340 681
376 681
374 681
371 676
371 670
365 670
339 681
377 681
372 670
371 671
364 670
339 680
377 680
373 670
364 671
364 669
339 679
378 680
374 670
373 669
363 671
364 668
339 678
379 680
375 670
374 669
363 668
364 667
340 678
339 677
379 679
374 668
362 668
364 666
341 678
338 677
379 678
375 668
374 667
363 666
364 665
337 677
338 676
379 677
376 668
374 666
362 666
365 665
336 677
337 678
337 676
338 675
378 677
377 668
373 666
361 666
365 664
338 674
377 677
378 676
377 669
372 666
373 665
361 667
361 665
366 664
365 663
337 674
377 670
372 667
373 664
360 667
367 664
337 673
377 671
373 663
359 667
368 664
336 673
337 672
378 671
374 663
373 662
358 667
335 673
337 671
375 663
373 661
358 668
334 673
338 671
337 670
375 664
375 662
372 661
358 669
333 673
334 672
338 670
376 662
371 661
357 669
358 670
333 674
333 672
334 671
338 669
377 662
376 661
370 661
371 660
356 669
358 671
332 674
334 670
377 661
376 660
369 661
370 660
371 659
355 669
356 670
356 668
357 671
331 674
335 670
376 659
369 662
369 660
370 659
372 659
371 658
356 667
357 672
330 674
331 675
377 659
376 658
368 662
369 663
368 660
369 659
370 658
356 666
356 672
329 674
330 675
330 673
331 676
377 658
376 657
367 662
370 663
369 658
370 657
357 666
355 666
355 672
328 674
329 675
366 662
370 664
368 658
354 666
328 673
353 666
328 672
352 666
353 665
328 671
353 664
329 671
327 671
354 664
329 670
326 671
354 663
329 669
325 671
355 663
328 669
325 670
355 662
327 669
324 670
355 661
327 668
323 670
354 661
327 667
322 670
323 671
354 660
326 667
321 670
323 672
353 660
354 659
326 666
323 673
354 658
326 665
322 673
323 674
354 657
327 665
326 664
322 674
324 674
355 657
354 656
327 664
325 664
326 663
322 675
325 674
354 655
324 664
325 663
322 676
326 674
325 675
355 655
353 655
325 662
323 676
321 676
326 675
326 673
325 676
356 655
355 654
352 655
324 662
324 676
323 677
321 677
325 677
357 655
351 655
352 654
324 661
324 677
323 678
321 678
325 678
358 655
357 654
350 655
352 653
324 660
320 678
321 679
325 679
359 655
358 656
350 656
350 654
353 653
351 653
325 660
324 659
319 678
320 679
325 680
360 655
358 657
350 657
349 654
353 652
323 659
318 678
319 679
326 680
324 680
351 657
348 654
322 659
323 658
317 678
324 681
348 653
321 659
322 658
316 678
317 679
323 681
324 682
347 653
321 660
321 658
315 678
317 680
322 681
325 682
346 653
347 652
321 661
320 658
321 657
314 678
317 681
322 680
325 683
346 652
320 661
319 658
321 656
314 679
325 684
346 651
319 661
320 662
318 658
319 659
322 656
320 656
313 679
326 684
324 684
345 651
346 650
320 663
317 658
323 656
320 655
312 679
327 684
323 684
344 651
347 650
346 649
320 664
319 655
311 679
327 685
322 684
343 651
347 649
345 649
346 648
319 664
320 665
310 679
322 685
342 651
343 650
348 649
346 647
318 664
321 665
320 666
309 679
342 652
342 650
349 649
348 648
347 647
317 664
308 679
342 653
349 650
349 648
347 646
307 679
308 678
341 653
349 651
350 648
347 645
307 680
307 678
340 653
351 648
346 645
347 644
306 678
340 654
340 652
351 647
347 643
305 678
306 677
340 655
351 646
346 643
347 642
304 678
306 676
340 656
352 646
351 645
348 642
347 641
304 679
307 676
305 676
341 656
353 646
352 645
351 644
348 641
346 641
303 679
304 680
307 675
304 676
305 675
353 647
353 645
350 644
351 643
348 640
345 641
346 640
302 679
304 681
307 674
303 676
349 640
345 640
346 639
301 679
308 674
307 673
350 640
349 639
344 640
346 638
301 678
309 674
308 673
307 672
351 640
349 638
343 640
309 675
307 671
351 639
350 638
349 637
307 670
350 637
308 670
306 670
351 637
350 636
308 669
305 670
351 636
350 635
305 671
305 669
349 635
304 671
305 672
305 668
348 635
304 672
304 668
348 636
348 634
304 667
348 633
304 666
349 633
348 632
305 666
348 631
306 666
305 665
349 631
348 630
306 667
305 664
350 631
348 629
307 667
304 664
351 631
348 628
303 664
349 628
302 664
303 663
349 627
301 664
302 665
350 627
349 626
300 664
348 626
300 665
347 626
300 666
347 625
299 666
300 667
346 625
347 624
298 666
345 625
348 624
297 666
298 665
344 625
345 626
297 667
297 665
343 625
296 667
297 668
342 625
296 668
297 669
342 624
296 669
297 670
295 669
298 670
297 671
295 670
298 671
297 672
294 670
295 671
299 671
298 672
296 672
297 673
293 670
295 672
299 672
297 674
292 670
299 673
296 674
291 670
290 670
291 671
289 670
291 672
288 670
292 672
288 671
288 669
292 673
287 671
292 674
286 671
291 674
286 672
286 670
291 675
285 672
286 673
291 676
284 672
286 674
291 677
284 673
284 671
292 677
290 677
283 671
292 678
290 678
282 671
293 678
289 678
282 672
293 679
288 678
289 679
281 672
282 673
293 680
287 678
280 672
281 673
293 681
287 679
280 671
281 674
292 681
287 680
280 670
281 675
292 682
279 670
280 669
281 676
291 682
292 683
279 669
280 668
280 676
290 682
292 684
279 676
292 685
278 676
279 677
293 685
292 686
278 677
278 675
294 685
277 677
278 674
294 686
276 677
277 678
277 674
295 686
294 687
275 677
276 676
277 679
276 674
296 686
295 687
294 688
275 678
276 675
278 679
276 673
296 685
293 688
294 689
274 678
279 679
278 680
275 673
295 689
273 678
274 679
278 681
274 673
296 689
272 678
279 681
278 682
274 674
297 689
278 683
274 675
298 689
277 683
278 684
299 689
276 683
279 684
278 685
300 689
299 690
276 682
280 684
278 686
276 681
281 684
277 686
278 687
276 680
282 684
276 686
277 687
278 688
282 683
275 686
275 687
274 687
275 688
273 687
272 687
273 688
271 687
270 687
270 686
270 685
270 684
270 683
269 683
270 682
269 682
270 681
269 681
269 680
268 680
267 680
268 679
266 680
265 680
265 681
265 679
264 681
264 679
263 681
262 681
263 682
262 682
262 680
263 683
261 680
262 679
263 684
260 680
262 678
263 685
262 677
263 686
261 677
262 676
262 686
260 677
261 676
259 677
258 677
259 676
257 677
259 675
257 678
259 674
257 679
259 673
256 679
258 673
255 679
257 673
254 679
257 672
253 679
254 680
252 679
251 679
251 680
251 678
250 680
251 681
249 680
248 680
249 681
249 679
247 680
248 679
249 682
249 683
249 684
249 685
250 685
250 686
251 686
251 687
252 687
252 688
253 688
252 689
254 688
253 689
252 690
255 688
254 687
251 690
252 691
256 688
250 690
252 692
249 690
251 692
249 691
248 691
248 692
248 693
248 694
248 695
249 695
247 695
246 695
247 696
245 695
247 697
244 695
248 697
247 698
243 695
247 699
242 695
247 700
242 696
242 694
248 700
246 700
241 696
242 693
249 700
246 701
242 692
250 700
249 701
246 702
243 692
241 692
251 700
250 701
249 702
243 691
251 701
251 699
249 703
251 698
250 703
248 703
249 704
252 698
251 697
247 703
253 698
250 697
247 704
253 697
246 704
254 697
253 696
245 704
255 697
252 696
244 704
245 705
255 698
243 704
255 699
242 704
243 703
254 699
255 700
242 705
254 700
241 705
242 706
254 701
240 705
241 706
242 707
254 702
239 705
255 702
253 702
254 703
254 704
255 704
256 704
257 704
257 705
258 705
257 706
259 705
256 706
255 706
256 707
254 706
256 708
253 706
253 707
252 707
253 708
251 707
253 709
251 708
251 706
253 710
250 708
251 709
250 706
254 710
253 711
249 708
250 705
255 710
253 712
248 708
255 711
253 713
248 709
256 711
255 712
252 713
253 714
247 709
256 712
255 713
252 714
253 715
246 709
247 710
257 712
255 714
253 716
258 712
255 715
252 716
258 713
258 711
251 716
259 713
259 711
251 717
260 711
259 710
250 717
260 712
249 717
261 712
248 717
262 712
261 713
248 716
247 716
248 715
246 716
249 715
248 714
245 716
246 717
250 715
247 714
246 718
250 714
247 718
245 718
247 719
244 718
245 719
244 717
245 720
243 717
245 721
242 717
243 716
245 722
241 717
244 722
245 723
241 716
243 722
245 724
241 715
242 722
245 725
240 715
241 722
246 725
245 726
240 714
240 722
247 725
246 726
240 713
240 723
248 725
246 727
240 712
240 724
249 725
247 727
239 712
240 725
250 725
238 712
239 711
241 725
240 726
251 725
250 724
237 712
239 710
239 726
252 725
251 726
251 724
237 713
239 709
238 726
253 725
236 713
239 708
238 727
254 725
253 726
235 713
240 708
238 708
237 727
238 728
255 725
254 726
254 724
235 714
235 712
238 707
236 727
237 728
255 726
254 727
254 723
234 714
235 715
235 711
238 706
235 727
237 729
254 728
233 714
236 715
234 727
235 726
236 729
254 729
233 715
233 713
236 716
233 727
236 730
255 729
253 729
233 712
236 717
232 727
256 729
255 730
252 729
233 711
231 727
257 729
256 730
256 728
255 731
251 729
252 730
232 711
231 728
231 726
258 729
255 732
231 711
231 729
230 726
231 725
259 729
255 733
230 711
231 710
230 729
231 730
231 724
260 729
259 730
256 733
254 733
229 711
231 731
230 724
261 729
260 728
257 733
256 734
253 733
254 734
229 710
231 732
230 723
261 730
261 728
257 732
253 734
228 710
231 733
262 730
262 728
261 727
257 731
252 734
253 735
227 710
231 734
261 726
251 734
253 736
227 711
230 734
262 726
260 726
251 733
254 736
226 711
230 735
263 726
250 733
251 732
255 736
225 711
226 712
230 736
263 727
249 733
250 732
255 737
255 735
225 710
226 713
230 737
248 733
256 737
224 710
227 713
225 713
229 737
247 733
248 734
248 732
257 737
224 709
228 713
224 713
228 737
247 732
248 735
248 731
258 737
224 708
228 714
223 713
228 738
247 731
247 735
248 736
248 730
223 708
222 713
223 714
227 738
228 739
246 731
247 730
247 736
222 708
223 707
221 713
222 714
223 715
226 738
229 739
228 740
245 731
246 730
246 736
247 737
222 707
220 713
221 714
224 715
223 716
225 738
226 739
230 739
246 729
246 737
221 707
220 714
220 712
224 716
223 717
225 737
245 737
246 738
221 706
220 715
220 711
225 716
222 717
225 736
245 738
246 739
220 706
219 715
219 711
226 716
221 717
222 718
226 736
224 736
245 739
247 739
219 706
220 705
218 715
218 711
221 718
222 719
226 735
224 735
247 740
219 707
220 704
217 715
218 710
222 720
226 734
247 741
219 708
219 704
216 715
217 716
217 714
227 734
226 733
247 742
218 708
219 703
216 716
225 733
226 732
247 743
215 716
224 733
248 743
246 743
214 716
223 733
249 743
214 717
222 733
223 732
250 743
249 744
214 718
222 732
251 743
249 745
213 718
221 732
252 743
248 745
212 718
221 731
252 744
212 717
220 731
252 745
211 717
220 730
251 745
252 746
210 717
211 716
252 747
209 717
210 718
211 715
253 747
208 717
209 718
211 714
254 747
253 748
208 716
212 714
211 713
255 747
254 746
253 749
207 716
208 715
213 714
211 712
255 748
255 746
252 749
206 716
213 715
211 711
255 749
256 746
251 749
205 716
211 710
255 750
257 746
256 745
250 749
251 750
205 715
212 710
256 750
256 744
249 749
251 751
204 715
213 710
257 750
257 744
256 743
249 750
203 715
214 710
213 711
257 751
203 716
215 710
257 752
203 717
258 752
257 753
203 718
256 753
202 718
203 719
255 753
201 718
204 719
254 753
200 718
201 717
205 719
254 754
199 718
200 719
254 755
199 717
200 720
254 756
200 721
253 756
254 757
199 721
252 756
255 757
254 758
198 721
252 757
252 755
256 757
255 758
197 721
198 722
252 758
251 755
256 758
256 756
196 721
197 720
252 759
250 755
251 754
256 755
196 722
197 719
249 755
257 755
195 722
196 723
197 718
249 756
249 754
258 755
194 722
196 724
196 718
197 717
248 756
259 755
258 754
194 723
194 721
196 717
247 756
260 755
193 721
195 717
196 716
247 757
247 755
261 755
192 721
194 717
196 715
247 758
262 755
192 720
194 718
196 714
246 758
263 755
262 756
262 754
191 720
196 713
246 759
264 755
262 757
190 720
191 719
196 712
245 759
246 760
265 755
264 754
263 757
262 758
189 720
191 718
196 711
244 759
246 761
266 755
265 756
265 754
264 753
264 757
263 758
261 758
189 721
192 718
191 717
197 711
195 711
243 759
247 761
245 761
267 755
266 754
263 753
264 752
264 758
260 758
188 721
191 716
197 710
194 711
243 758
247 762
244 761
268 755
267 756
263 752
265 752
264 759
260 759
260 757
187 721
188 722
192 716
191 715
194 710
242 758
247 763
244 762
267 757
260 760
187 722
187 720
192 715
191 714
193 710
241 758
246 763
244 763
268 757
260 761
186 722
187 719
190 714
240 758
244 764
269 757
260 762
185 722
186 719
187 718
190 713
239 758
243 764
270 757
261 762
259 762
184 722
186 718
190 712
239 759
239 757
271 757
262 762
183 722
184 723
185 718
191 712
190 711
239 760
239 756
272 757
271 758
262 763
183 723
184 724
184 718
191 711
189 711
190 710
239 761
240 756
238 756
239 755
272 758
263 763
182 723
183 724
185 724
183 718
191 710
189 710
190 709
240 761
239 762
241 756
273 758
272 759
264 763
181 723
183 725
185 725
188 710
190 708
239 763
242 756
241 755
274 758
273 759
272 760
265 763
180 723
181 724
185 726
190 707
239 764
275 758
273 760
271 760
272 761
266 763
179 723
186 726
185 727
190 706
239 765
275 759
272 762
266 762
178 723
184 727
190 705
239 766
275 760
272 763
267 762
266 761
178 724
191 705
189 705
239 767
276 760
275 761
273 763
271 763
272 764
177 724
188 705
189 704
238 767
239 768
277 760
273 764
270 763
272 765
176 724
177 725
188 706
189 703
237 767
240 768
278 760
269 763
271 765
272 766
175 724
177 726
187 706
189 702
236 767
237 768
241 768
240 769
279 760
269 764
270 765
175 723
176 726
186 706
241 769
279 759
268 764
175 722
176 727
186 707
279 758
268 765
176 722
174 722
175 721
185 707
280 758
279 757
267 765
268 766
174 721
184 707
185 708
280 757
278 757
174 720
183 707
185 709
281 757
280 756
277 757
173 720
183 708
183 706
186 709
185 710
282 757
276 757
277 758
277 756
172 720
173 719
182 708
183 705
184 710
185 711
282 756
171 720
173 718
181 708
183 704
184 711
185 712
283 756
170 720
174 718
173 717
180 708
183 703
186 712
185 713
284 756
283 755
169 720
173 716
179 708
180 707
183 702
185 714
285 756
283 754
169 721
173 715
182 702
183 701
186 714
285 757
285 755
283 753
168 721
169 722
174 715
173 714
182 701
187 714
285 758
285 754
282 753
168 722
169 723
173 713
182 700
286 758
285 759
285 753
282 752
169 724
174 713
172 713
173 712
182 699
287 758
285 760
285 752
281 752
170 724
168 724
174 712
182 698
288 758
287 759
286 760
285 761
285 751
171 724
168 725
174 711
183 698
182 697
287 760
284 761
285 750
172 724
171 725
171 723
168 726
174 710
182 696
287 761
284 762
284 750
285 749
172 725
171 726
167 726
173 710
174 709
182 695
288 761
284 763
283 750
286 749
173 725
166 726
167 727
172 710
175 709
174 708
181 695
289 761
285 763
283 763
282 750
287 749
286 748
165 726
166 727
171 710
180 695
290 761
286 763
282 763
283 764
287 750
287 748
286 747
164 726
166 728
180 694
291 761
290 760
287 763
286 762
281 763
283 765
288 748
287 747
286 746
164 725
166 729
179 694
180 693
291 760
290 759
287 764
280 763
289 748
285 746
164 724
167 729
165 729
166 730
178 694
179 693
180 692
292 760
291 759
288 764
280 764
289 749
284 746
285 745
163 724
164 723
168 729
164 729
178 695
179 692
293 760
289 764
280 765
290 749
284 745
162 724
165 723
164 722
168 730
163 729
178 696
179 691
294 760
290 764
279 765
280 766
291 749
283 745
284 744
164 721
162 729
179 696
178 697
179 690
294 761
278 765
279 766
281 766
291 750
282 745
284 743
165 721
161 729
179 697
177 697
178 690
179 689
294 762
278 766
278 764
279 767
291 751
282 744
284 742
165 720
160 729
176 697
179 688
295 762
294 763
278 767
277 764
292 751
291 752
283 742
165 719
160 730
160 728
175 697
176 698
179 687
296 762
295 763
294 764
277 767
276 764
291 753
283 741
166 719
159 730
160 731
160 727
175 698
175 696
180 687
179 686
297 762
296 761
276 767
277 768
276 763
291 754
282 741
283 740
166 718
160 732
161 727
159 727
174 698
174 696
175 695
181 687
179 685
297 763
296 760
276 766
277 769
291 755
281 741
283 739
167 718
166 717
160 733
162 727
158 727
173 698
181 688
178 685
179 684
298 763
297 764
297 760
275 766
278 769
290 755
280 741
281 740
283 738
167 717
166 716
160 734
158 728
173 699
181 689
177 685
297 765
297 759
275 765
279 769
289 755
279 741
281 739
283 737
168 717
165 716
160 735
157 728
158 729
172 699
173 700
176 685
296 765
297 766
298 759
297 758
280 739
283 736
169 717
168 716
164 716
165 715
161 735
159 735
160 736
156 728
157 729
171 699
175 685
296 766
297 767
299 759
296 758
279 739
280 738
283 735
170 717
168 715
163 716
164 715
162 735
158 735
159 736
156 727
170 699
171 698
175 684
296 767
298 767
297 768
300 759
299 758
296 757
278 739
279 738
280 737
170 718
167 715
162 716
164 714
163 735
162 736
157 735
159 737
155 727
170 700
170 698
175 683
295 767
299 767
300 758
299 757
295 757
296 756
277 739
281 737
280 736
161 716
162 717
163 714
164 713
156 735
158 737
155 726
169 700
170 701
170 697
174 683
175 682
294 767
299 766
301 758
299 756
294 757
276 739
277 738
281 736
279 736
160 716
162 714
165 713
155 735
156 736
154 726
155 725
169 701
169 697
170 696
174 682
294 768
294 766
299 765
299 755
277 737
278 736
159 716
161 714
162 713
166 713
165 712
156 737
153 726
155 724
169 702
169 696
173 682
174 681
294 769
293 766
299 764
299 754
277 736
278 735
159 717
162 712
166 712
156 738
153 727
156 724
169 703
168 696
172 682
173 681
174 680
295 769
293 769
294 770
293 765
277 735
158 717
161 712
157 738
156 739
152 727
157 724
156 723
169 704
167 696
168 695
172 683
173 680
174 679
293 770
294 771
276 735
157 717
160 712
155 739
156 740
158 724
156 722
168 704
166 696
168 694
172 680
174 678
294 772
275 735
157 718
154 739
156 741
159 724
158 723
155 722
167 704
165 696
168 693
171 680
175 678
173 678
294 773
274 735
275 736
157 741
159 723
155 721
166 704
164 696
169 693
168 692
170 680
175 677
173 677
294 774
273 735
274 734
158 741
159 722
155 720
163 696
164 697
170 693
170 679
175 676
172 677
173 676
294 775
272 735
273 736
274 733
159 741
158 742
156 720
154 720
162 696
163 695
164 698
171 693
170 692
169 679
171 677
172 676
173 675
295 775
294 776
271 735
274 732
158 743
153 720
154 719
161 696
163 698
164 699
171 694
168 679
170 677
171 678
296 775
293 776
294 777
270 735
271 736
273 732
274 731
159 743
157 743
160 696
161 695
163 699
165 699
164 700
172 694
168 678
170 676
296 776
292 776
293 777
294 778
272 732
275 731
159 744
156 743
159 696
166 699
164 701
173 694
172 695
168 677
170 675
291 776
293 778
276 731
275 730
159 745
158 696
166 700
164 702
174 694
172 696
167 677
170 674
290 776
291 777
291 775
292 778
277 731
276 730
159 746
157 696
165 702
163 702
166 677
169 674
170 673
289 776
291 778
278 731
277 730
276 729
156 696
163 703
165 677
170 672
288 776
289 777
291 779
277 729
155 696
163 704
164 677
170 671
288 775
291 780
277 728
162 704
163 705
171 671
169 671
170 670
290 780
291 781
277 727
161 704
171 670
168 671
169 670
290 781
276 727
161 703
172 670
167 671
289 781
276 726
160 703
161 702
173 670
167 672
167 670
289 782
275 726
276 725
159 703
174 670
167 669
288 782
289 783
275 725
277 725
159 702
175 670
174 669
166 669
287 782
277 724
159 701
176 670
165 669
166 668
287 783
287 781
277 723
158 701
177 670
164 669
166 667
287 784
286 781
278 723
277 722
158 700
177 671
177 669
163 669
164 668
166 666
287 785
285 781
286 780
279 723
278 722
178 669
177 668
162 669
166 665
287 786
285 782
286 779
278 721
179 669
178 668
177 667
161 669
165 665
166 664
287 787
284 782
285 783
285 779
180 669
177 666
160 669
161 670
161 668
164 665
167 664
288 787
283 782
285 784
285 778
180 670
177 665
160 668
161 671
161 667
167 663
288 788
282 782
285 777
180 671
176 665
177 664
162 671
160 671
161 672
168 663
167 662
289 788
288 789
281 782
282 781
284 777
285 776
181 671
179 671
180 672
178 664
163 671
159 671
161 673
168 662
166 662
167 661
290 788
281 783
281 781
282 780
286 776
285 775
181 672
179 664
178 663
158 671
165 662
166 661
290 789
290 787
281 784
283 780
284 775
285 774
182 672
179 663
157 671
158 670
164 662
165 663
165 661
166 660
290 790
290 786
282 784
283 779
283 775
284 774
285 773
182 673
179 662
157 672
158 669
163 662
164 661
166 659
291 790
291 786
282 785
283 778
282 775
283 774
179 661
156 672
162 662
166 658
292 790
292 786
283 785
282 786
281 775
180 661
155 672
165 658
166 657
292 791
293 786
282 787
280 775
281 776
180 660
155 673
164 658
166 656
292 792
294 786
282 788
280 776
280 774
181 660
180 659
155 674
164 657
166 655
292 793
295 786
294 787
282 789
279 776
181 659
156 674
154 674
163 657
165 655
166 654
292 794
295 785
281 789
282 790
279 777
182 659
181 658
154 675
162 657
167 654
166 653
293 794
292 795
296 785
295 784
280 789
283 790
282 791
278 777
183 659
181 657
154 676
161 657
166 652
294 794
297 785
296 784
295 783
279 789
283 791
282 792
277 777
184 659
181 656
155 676
153 676
161 656
165 652
295 794
294 793
298 785
297 784
295 782
278 789
279 788
284 791
276 777
277 776
184 660
182 656
181 655
153 677
161 655
164 652
295 795
295 793
298 786
296 782
295 781
278 790
279 787
285 791
276 776
277 775
184 661
181 654
152 677
162 655
160 655
164 651
295 796
298 787
297 782
296 781
278 791
278 787
285 790
277 774
185 661
182 654
180 654
151 677
159 655
295 797
299 787
297 787
298 782
278 792
277 787
185 662
183 654
179 654
180 653
150 677
151 676
159 656
294 797
300 787
298 783
278 793
276 787
277 786
185 663
183 653
179 655
179 653
150 678
150 676
158 656
293 797
294 798
300 786
278 794
275 787
276 786
277 785
185 664
184 653
178 655
179 652
149 678
157 656
292 797
293 798
294 799
301 786
277 794
278 795
274 787
277 784
185 665
185 653
177 655
178 652
148 678
156 656
292 798
301 785
276 794
277 795
273 787
186 665
185 654
185 652
176 655
177 654
147 678
148 679
156 657
156 655
292 799
302 785
301 784
275 794
277 796
273 788
273 786
186 666
185 655
186 652
185 651
175 655
146 678
147 677
148 680
155 657
156 654
292 800
302 784
276 796
277 797
273 789
272 786
273 785
185 656
187 652
184 651
174 655
145 678
155 658
293 800
291 800
302 783
278 797
271 786
272 785
273 784
188 652
184 650
173 655
144 678
155 659
290 800
291 801
303 783
279 797
278 798
270 786
189 652
188 653
183 650
172 655
143 678
155 660
291 802
304 783
278 799
269 786
190 652
183 649
172 656
172 654
143 679
154 660
291 803
305 783
304 784
304 782
279 799
277 799
269 787
269 785
190 653
190 651
182 649
183 648
142 679
143 680
153 660
292 803
290 803
306 783
304 781
280 799
277 800
269 788
269 784
190 654
190 650
181 649
184 648
183 647
141 679
142 680
144 680
143 681
153 661
293 803
290 804
307 783
305 781
281 799
270 788
270 784
268 784
190 655
191 650
189 650
181 648
185 648
183 646
140 679
141 678
142 681
145 680
153 662
293 804
289 804
306 781
305 780
282 799
271 788
270 789
267 784
268 783
191 655
189 655
192 650
185 647
183 645
139 679
141 677
142 682
152 662
153 663
288 804
282 798
270 790
266 784
188 655
189 656
193 650
192 649
182 645
139 680
139 678
142 683
152 663
154 663
287 804
288 805
283 798
270 791
265 784
189 657
194 650
193 649
192 648
182 644
139 681
138 678
143 683
152 664
155 663
154 664
286 804
287 803
288 806
283 797
270 792
264 784
190 657
195 650
194 649
192 647
181 644
138 681
139 682
138 677
143 684
156 663
155 664
285 804
288 807
284 797
283 796
270 793
263 784
190 658
196 650
194 648
191 647
192 646
181 643
137 681
138 682
140 682
143 685
157 663
284 804
289 807
287 807
285 797
283 795
271 793
262 784
263 785
263 783
190 659
197 650
192 645
181 642
144 685
143 686
158 663
283 804
284 805
290 807
287 808
285 798
285 796
272 793
261 784
262 783
263 786
197 651
191 645
182 642
180 642
142 686
158 662
283 805
283 803
284 806
291 807
286 808
286 796
273 793
261 783
262 782
197 652
190 645
182 641
179 642
180 641
141 686
282 805
285 806
292 807
286 809
287 796
273 792
262 781
198 652
196 652
178 642
180 640
141 687
282 806
292 808
286 810
288 796
274 792
262 780
199 652
196 653
177 642
178 641
181 640
141 688
282 807
285 810
288 795
263 780
261 780
200 652
196 654
176 642
177 643
177 641
141 689
281 807
289 795
288 794
264 780
261 779
201 652
175 642
177 640
140 689
280 807
265 780
201 651
174 642
176 640
177 639
140 690
279 807
280 808
265 781
265 779
202 651
173 642
174 641
177 638
139 690
140 691
278 807
280 809
266 781
265 778
203 651
174 640
178 638
138 690
139 691
141 691
140 692
280 810
267 781
265 777
204 651
203 650
174 639
138 689
142 691
140 693
280 811
264 777
265 776
204 650
203 649
174 638
138 688
143 691
140 694
280 812
264 776
205 650
203 648
175 638
173 638
137 688
138 687
144 691
139 694
263 776
206 650
203 647
172 638
136 688
137 687
139 687
145 691
139 695
207 650
203 646
135 688
137 686
139 686
145 692
145 690
139 696
207 651
207 649
203 645
134 688
137 685
145 693
145 689
140 696
138 696
208 649
204 645
202 645
133 688
134 689
146 693
144 693
145 688
140 697
209 649
205 645
204 644
201 645
134 690
146 694
143 693
144 694
140 698
209 650
206 645
204 643
201 644
133 690
134 691
146 695
142 693
144 695
141 698
140 699
209 651
206 644
205 643
204 642
133 691
135 691
146 696
142 698
141 699
210 651
207 644
206 643
203 642
132 691
136 691
142 697
211 651
208 644
131 691
211 652
208 645
130 691
212 652
211 653
129 691
212 653
211 654
128 691
129 692
212 654
128 692
128 690
129 693
212 655
128 693
130 693
213 655
212 656
127 693
130 694
212 657
126 693
131 694
213 657
126 694
126 692
214 657
125 694
126 695
125 692
126 691
215 657
127 695
125 691
126 690
215 656
127 696
125 690
216 656
215 655
128 696
217 656
215 654
129 696
216 654
215 653
130 696
129 697
215 652
129 698
216 652
214 652
215 651
128 698
128 699
127 699
127 700
127 701
127 702
127 703
128 703
129 703
128 704
130 703
129 704
128 705
130 704
130 702
129 705
128 706
127 706
128 707
128 708
129 708
128 709
130 708
127 709
128 710
131 708
126 709
128 711
131 709
125 709
126 708
127 711
131 710
125 708
127 712
131 711
126 712
132 711
125 712
133 711
132 712
124 712
125 711
134 711
133 710
124 713
134 712
134 710
123 713
124 714
135 712
134 713
123 714
124 715
136 712
134 714
123 715
125 715
136 711
135 714
133 714
123 716
126 715
137 711
133 715
123 717
126 716
133 716
124 717
122 717
123 718
127 716
126 717
121 717
126 718
120 717
127 718
120 716
119 716
118 716
117 716
117 715
116 715
116 714
116 713
115 713
116 712
114 713
113 713
114 714
112 713
114 715
111 713
114 716
110 713
113 716
109 713
108 713
109 712
108 712
107 712
108 711
106 712
108 710
106 713
108 709
107 709
106 709
107 708
106 708
107 707
105 708
107 706
104 708
108 706
106 706
594 702
109 706
106 705
594 701
595 701
110 706
106 704
595 700
110 708
103 708
102 708
103 707
102 709
103 706
102 710
103 705
101 710
102 711
103 704
100 710
101 711
102 712
102 704
99 710
102 713
101 704
98 710
101 713
101 705
101 703
98 711
101 702
98 712
101 701
99 712
102 701
100 701
99 713
102 700
100 700
99 714
102 699
99 700
100 699
100 714
99 715
102 698
98 700
100 698
100 715
98 715
103 698
98 701
100 716
98 716
103 697
98 702
100 717
101 717
100 718
101 718
99 718
101 719
99 719
99 720
99 721
100 721
98 721
99 722
101 721
97 721
98 722
102 721
96 721
97 722
95 721
97 723
94 721
96 723
94 722
94 720
95 723
94 723
94 719
95 719
93 719
92 719
91 719
90 719
90 718
90 717
91 717
90 716
91 716
89 716
91 715
89 715
88 715
87 715
86 715
87 716
87 714
85 715
87 717
87 713
85 716
88 717
87 718
86 713
85 717
87 719
85 713
84 717
88 719
87 720
84 713
85 712
84 718
86 720
87 721
83 713
85 711
83 718
84 719
85 720
84 711
85 710
84 720
85 721
83 711
85 709
84 721
82 711
86 709
84 722
86 708
83 722
87 708
82 722
83 723
88 708
87 707
82 723
89 708
88 707
87 706
82 724
89 707
87 705
86 705
85 705
86 704
85 706
85 704
86 703
84 704
86 702
84 703
85 702
86 701
86 700
86 699
87 699
85 699
84 699
84 698
83 698
83 697
83 696
84 696
83 695
83 694
84 694
83 693
85 694
82 693
85 693
81 693
86 693
80 693
87 693
79 693
80 694
88 693
87 694
87 692
78 693
79 692
80 695
89 693
87 695
81 695
79 695
89 692
81 696
78 695
90 692
89 691
77 695
91 692
88 691
77 696
92 692
91 693
91 691
88 690
76 696
77 697
92 693
76 697
92 694
75 697
76 698
93 694
74 697
76 699
93 695
74 696
75 699
76 700
94 695
93 696
73 696
74 695
77 700
76 701
95 695
94 696
72 696
77 701
96 695
95 694
94 697
72 697
72 695
78 701
77 702
96 694
95 693
94 698
71 697
78 702
77 703
95 692
94 699
70 697
78 703
76 703
96 692
95 691
93 699
70 698
78 704
97 692
94 691
95 690
69 698
79 704
78 705
97 693
95 689
78 706
94 689
78 707
94 688
77 707
93 688
94 687
76 707
77 708
95 687
94 686
75 707
76 708
77 709
96 687
95 686
94 685
74 707
78 709
97 687
96 688
96 686
94 684
73 707
74 708
79 709
78 710
98 687
95 684
93 684
94 683
72 707
79 708
78 711
99 687
98 688
96 684
92 684
93 683
71 707
73 724
100 687
97 684
96 683
91 684
92 683
93 682
70 707
71 708
97 685
96 682
91 685
70 708
71 709
96 681
91 686
71 710
97 681
95 681
70 710
71 711
98 681
94 681
95 680
70 711
71 712
94 680
71 713
93 680
70 713
71 714
93 679
69 713
71 715
93 678
68 713
69 714
70 715
92 678
93 677
67 713
69 715
91 678
94 677
67 714
67 712
68 715
91 679
91 677
95 677
67 711
68 716
90 679
90 677
96 677
67 710
68 717
96 676
66 710
67 709
68 718
96 675
66 709
67 708
69 718
67 718
97 675
95 675
65 709
66 718
67 719
98 675
95 674
64 709
66 719
67 720
99 675
98 674
95 673
63 709
64 708
65 719
67 721
100 675
95 672
63 708
64 707
64 719
67 722
100 676
94 672
95 671
62 708
65 707
64 706
68 722
101 676
93 672
61 708
64 705
68 723
64 704
69 723
64 703
70 723
65 703
63 703
64 702
71 723
62 703
72 723
73 723
72 722
74 723
79 711
