196 558
395 552
487 530
273 751
255 461
273 620
353 619
576 508
589 472
507 624
506 470
479 617
503 481
547 449
418 511
551 454
239 545
524 468
369 588
426 526
283 724
163 568
183 612
209 533
254 484
315 713
202 559
301 731
484 485
266 753
230 542
160 633
482 648
204 522
267 541
448 533
509 459
293 731
200 559
520 596
410 534
512 508
562 497
247 553
182 613
566 501
525 464
265 603
553 463
273 732
294 706
209 522
224 522
520 620
286 759
310 726
250 468
187 596
591 511
471 508
567 510
269 545
528 599
472 501
309 550
511 619
532 472
565 503
591 504
228 500
521 622
269 617
509 467
552 512
270 751
243 545
279 729
501 490
229 554
521 475
173 614
288 544
292 714
210 552
313 548
510 497
161 631
483 488
275 751
266 553
463 519
282 571
503 468
253 603
452 615
551 453
503 467
419 528
556 454
411 535
562 500
272 732
159 622
218 514
248 497
312 549
489 520
269 616
260 610
212 499
243 489
588 476
513 469
270 545
484 548
192 584
530 624
588 468
474 503
487 624
317 717
295 553
484 558
233 487
278 745
231 500
164 618
407 543
428 528
592 511
556 455
550 463
227 531
544 476
178 617
292 722
477 616
187 583
577 497
473 519
529 625
583 497
155 616
299 718
514 497
472 552
219 548
271 724
205 521
287 718
225 500
245 491
235 544
502 516
485 619
531 475
467 520
244 546
305 726
412 545
512 626
473 517
221 543
494 496
398 564
372 563
183 575
566 508
483 651
300 736
201 534
386 556
253 601
286 548
497 496
518 468
162 567
279 754
187 614
524 475
235 541
395 550
194 589
266 762
543 464
556 452
301 729
516 497
230 488
248 553
311 708
487 625
158 624
289 552
474 513
156 629
586 504
484 619
253 555
273 724
580 498
238 512
483 623
299 711
420 628
267 540
366 566
309 725
221 540
309 722
530 526
509 497
281 620
474 520
478 611
577 502
463 520
218 540
234 547
254 538
557 462
268 545
280 551
530 622
379 584
459 517
242 481
515 468
545 503
396 552
190 559
249 537
239 491
196 600
543 501
187 580
218 532
535 498
298 719
240 527
313 719
588 472
390 552
278 565
399 545
299 720
274 733
433 621
558 453
183 568
564 499
372 583
387 579
211 550
373 563
185 568
251 487
218 495
257 538
482 647
515 493
487 491
302 735
349 640
270 551
475 507
519 466
484 612
276 749
509 463
590 498
473 550
265 727
256 467
165 574
214 498
257 476
389 558
224 531
296 720
218 536
295 598
215 534
413 535
162 622
402 547
382 558
474 518
484 611
532 521
473 632
509 630
247 463
511 498
258 452
471 607
509 628
230 510
273 767
534 503
488 518
210 520
526 468
304 726
493 488
476 610
551 466
267 751
469 526
540 521
479 554
371 588
508 478
543 476
192 611
503 483
572 510
310 541
522 642
205 532
215 549
303 736
445 572
252 473
376 562
541 498
216 540
386 584
282 742
523 493
550 511
298 738
171 621
238 543
483 549
222 548
300 717
216 557
284 760
556 462
277 715
568 501
277 748
221 537
300 709
271 618
187 595
512 467
239 487
265 599
290 714
232 649
508 624
188 581
194 610
286 553
484 620
219 544
263 548
514 457
388 558
250 587
267 544
277 574
586 497
213 535
240 505
191 584
472 518
221 523
238 503
277 717
471 606
582 495
413 538
291 702
250 478
276 576
552 470
292 726
537 466
479 517
416 514
506 517
540 446
511 466
385 555
239 525
272 728
548 469
280 570
264 599
518 641
229 497
377 562
419 515
300 723
368 593
251 588
253 489
275 623
240 473
245 601
475 525
273 624
577 495
369 574
210 522
455 516
216 494
228 512
531 601
371 586
244 491
264 734
265 762
471 551
425 547
586 478
262 607
530 620
583 487
256 480
222 545
380 558
272 612
503 465
414 525
252 590
362 565
228 521
277 756
166 623
184 567
528 467
193 599
273 590
584 485
483 537
508 503
373 587
348 647
163 564
230 523
532 618
349 641
269 605
287 555
422 529
232 517
270 564
284 720
380 583
278 620
482 652
294 702
269 752
273 550
274 617
275 579
589 502
529 472
255 585
269 547
385 560
470 521
522 495
539 505
165 575
297 711
542 500
489 514
466 624
513 641
188 593
543 497
508 632
279 566
349 643
573 513
178 615
515 623
171 622
154 620
274 723
253 591
490 508
271 555
515 466
478 647
488 496
477 501
227 554
219 535
414 544
208 551
163 622
233 512
287 724
481 644
534 598
545 468
305 542
377 549
525 599
483 614
291 741
262 557
377 551
521 482
188 563
267 749
486 618
258 456
524 465
250 482
460 520
540 516
573 501
217 540
581 505
509 489
414 545
249 492
478 519
313 720
269 608
577 492
219 540
386 625
480 482
185 593
530 525
313 547
366 557
549 470
184 572
249 541
365 561
218 539
399 550
506 631
289 721
165 618
498 497
498 516
191 600
520 641
489 513
173 569
483 644
297 705
516 467
528 469
313 716
544 466
481 506
241 484
486 528
520 622
581 489
577 508
249 586
294 707
494 498
233 521
218 542
246 494
471 507
487 523
530 472
247 481
484 626
229 652
384 582
374 585
250 558
552 456
508 630
236 547
287 759
281 552
392 557
297 726
275 753
179 615
207 520
509 488
543 514
318 590
387 585
513 506
580 510
530 599
499 483
486 625
297 712
251 540
243 490
385 577
367 573
524 478
250 556
228 526
185 576
252 466
194 586
288 736
293 723
515 464
478 520
545 502
507 481
253 586
510 636
208 522
588 506
505 481
288 549
523 644
593 498
550 452
508 487
525 473
224 520
239 547
241 483
258 538
460 616
509 620
502 487
208 532
211 532
467 521
477 553
168 567
271 563
238 474
511 618
399 563
387 582
270 603
304 546
215 553
170 622
268 751
535 500
275 760
186 582
580 499
194 584
507 627
207 525
207 527
455 515
455 517
275 756
461 627
312 722
178 569
494 513
473 553
277 552
174 620
484 493
181 571
484 484
238 545
477 613
484 556
230 517
490 525
298 550
512 458
475 633
542 465
262 539
268 543
312 724
230 650
500 621
270 547
213 522
165 569
171 619
217 499
525 469
449 524
201 559
242 545
417 537
286 564
251 481
415 537
557 458
503 471
580 489
305 546
514 501
485 544
530 602
286 558
255 587
542 464
183 610
311 540
155 620
388 577
521 641
544 475
510 457
592 474
278 571
350 640
497 491
502 464
342 587
469 509
479 619
300 710
475 502
476 633
454 515
573 500
305 708
558 503
552 509
271 746
395 558
557 454
505 468
512 638
305 734
238 525
246 542
211 554
518 515
427 615
184 610
427 628
303 543
228 510
469 514
310 722
312 713
272 751
238 551
515 465
297 728
261 604
511 490
362 560
208 556
575 497
403 548
560 496
589 511
486 496
173 613
237 521
517 471
518 510
246 490
520 477
303 547
498 491
286 756
535 504
214 495
520 511
372 560
154 621
397 550
496 496
314 704
215 492
250 598
555 453
529 623
292 713
269 762
470 505
187 564
515 643
584 495
252 455
248 496
583 489
402 543
302 706
512 625
290 713
268 726
316 705
480 623
189 609
232 487
276 759
515 620
570 500
552 458
266 622
234 489
587 478
512 644
439 576
180 607
305 727
292 716
273 552
416 513
402 561
311 725
478 610
251 486
486 529
285 565
474 632
571 501
274 581
245 481
235 543
183 564
251 489
247 496
282 570
312 717
482 529
255 594
496 518
536 494
446 616
281 741
193 603
257 534
272 545
224 519
509 462
523 481
375 594
413 537
510 454
546 505
300 738
417 513
561 464
251 539
480 653
587 499
258 540
483 512
401 547
474 517
232 519
315 538
484 545
269 607
291 740
538 506
283 558
155 629
292 725
411 539
549 464
349 642
196 601
543 518
478 623
283 742
246 481
517 620
513 502
266 752
494 492
448 523
273 768
422 628
263 549
518 467
485 491
482 539
476 650
400 543
394 558
284 751
375 564
234 552
462 528
235 490
510 468
588 471
252 556
226 530
502 465
243 485
314 709
509 470
518 469
314 711
274 731
449 619
268 752
531 625
572 515
239 486
404 543
194 602
311 704
166 573
271 550
524 467
199 559
231 498
495 491
471 515
573 503
386 560
292 742
253 476
551 512
523 482
462 530
164 570
190 566
240 501
279 727
534 520
205 523
278 759
509 490
508 506
544 502
369 565
522 644
351 647
509 629
299 712
373 582
477 650
510 452
190 594
548 449
246 553
171 618
503 485
246 491
288 721
397 548
188 587
294 689
580 506
512 623
167 613
561 459
423 548
311 709
211 534
578 492
490 507
275 725
236 489
227 501
511 513
192 566
545 476
245 493
292 720
488 510
449 620
586 505
590 468
571 510
487 645
230 516
496 494
158 630
228 556
191 598
525 465
486 646
496 490
217 548
192 604
576 503
473 612
266 603
532 623
513 467
554 464
306 725
417 543
164 622
477 617
495 518
473 502
444 522
313 712
434 621
482 488
552 468
194 609
580 497
397 556
186 565
398 550
545 498
536 468
254 596
163 562
520 512
542 449
576 504
275 578
293 722
380 563
234 541
279 551
469 522
590 501
229 498
227 514
409 542
408 542
281 723
509 621
552 466
483 613
251 590
304 708
413 540
406 547
380 580
184 566
211 555
487 532
372 567
246 489
508 477
188 565
532 524
405 543
426 550
490 506
541 473
258 479
483 612
573 498
511 496
314 713
243 509
279 569
161 625
256 455
246 498
534 600
268 765
380 555
500 517
280 755
278 719
508 515
206 532
299 738
224 521
223 549
219 516
491 488
238 547
239 519
512 622
233 493
473 609
170 565
306 724
530 618
485 542
520 476
530 497
533 466
208 553
171 625
523 642
369 568
512 459
287 545
228 494
360 629
241 545
482 654
557 455
270 624
470 517
526 601
261 603
532 624
471 516
304 542
243 484
592 508
513 620
188 610
536 472
267 760
465 608
404 547
572 502
539 506
564 506
541 500
273 623
167 618
278 716
483 509
280 750
484 536
215 555
247 558
227 506
590 511
223 542
547 469
304 543
165 573
281 743
513 456
351 646
584 477
245 476
368 565
162 629
467 515
550 512
253 594
481 651
174 572
452 524
244 482
508 489
249 482
316 715
470 514
513 466
313 534
511 457
518 640
581 494
245 546
476 608
278 748
173 616
534 506
475 506
274 615
525 502
229 501
271 723
483 524
350 644
419 518
276 597
239 503
158 619
541 466
488 624
461 526
475 523
300 722
245 588
481 507
162 623
211 533
227 495
426 615
487 524
498 621
231 649
483 489
282 752
519 471
453 518
469 525
296 707
416 523
219 543
221 518
468 509
192 565
252 477
305 707
507 632
243 476
192 562
482 482
511 615
283 554
399 562
475 517
241 485
262 610
293 718
277 743
546 452
253 600
580 495
587 507
275 732
249 497
267 612
213 533
186 580
274 616
425 630
192 609
513 507
416 533
278 720
269 760
227 504
262 600
315 705
313 533
380 585
535 599
476 514
509 631
191 586
541 510
481 481
505 506
316 716
177 570
526 498
278 616
293 732
410 539
522 462
423 525
250 600
424 626
241 502
233 519
564 502
474 516
279 759
551 464
458 518
507 630
380 582
481 513
425 629
294 719
285 558
554 508
563 507
292 701
420 516
314 717
542 450
535 517
528 620
512 624
371 567
589 500
280 613
523 597
281 571
243 494
495 513
227 515
512 466
535 529
471 505
485 640
279 570
554 453
244 476
221 500
251 463
231 650
541 467
532 522
369 586
204 523
479 553
244 549
239 509
416 542
564 504
432 532
536 519
294 736
526 499
298 739
287 742
517 618
422 525
522 620
463 604
514 466
286 565
579 497
246 590
182 563
484 508
399 547
500 491
231 512
235 521
294 705
386 581
544 499
195 587
485 493
575 499
571 502
523 600
465 528
584 489
250 553
370 594
513 514
265 602
260 729
173 570
184 614
587 470
260 542
443 535
461 527
573 509
271 556
184 575
483 535
262 537
544 516
395 561
297 713
228 554
587 468
171 565
266 611
484 557
264 553
257 536
166 618
278 749
281 553
377 561
191 559
574 504
491 496
310 727
278 730
581 509
585 476
306 540
213 498
221 522
297 741
577 500
522 597
290 725
234 521
167 574
498 623
313 717
513 644
255 538
227 541
157 630
556 504
534 526
205 559
481 653
221 541
256 487
267 750
156 620
243 488
260 731
547 512
243 510
483 555
491 495
221 514
588 507
252 475
280 760
287 551
416 544
240 485
395 557
481 482
306 722
542 513
474 529
512 639
267 542
508 620
583 495
312 540
227 502
585 483
248 600
182 579
497 490
265 548
277 620
309 724
587 477
221 513
315 722
508 483
212 500
271 603
371 565
272 763
276 756
589 507
509 468
484 490
417 524
273 549
397 549
535 468
214 497
269 602
506 630
246 558
277 746
258 603
315 714
392 559
223 535
482 525
272 594
417 629
219 499
312 548
551 452
292 723
488 519
528 495
541 509
396 556
487 616
515 494
564 507
248 469
523 477
238 491
194 558
507 484
499 496
522 598
561 455
213 534
523 622
181 567
468 510
293 725
188 567
281 615
237 505
476 523
522 639
386 626
269 601
548 467
583 485
163 565
231 654
229 513
358 628
478 621
494 514
297 720
229 653
257 587
227 507
505 508
290 723
509 515
314 708
479 616
221 542
255 588
175 571
525 461
405 547
279 726
278 618
533 601
247 554
484 609
239 504
491 494
257 541
237 519
489 512
193 602
418 512
585 481
278 731
580 507
286 556
292 729
531 524
249 589
388 576
552 457
483 540
305 729
483 506
268 612
526 620
511 616
194 588
471 524
290 739
243 479
519 496
400 542
287 548
405 546
222 502
225 544
221 536
415 628
478 650
311 733
277 602
293 734
367 559
579 501
465 515
480 554
151 620
560 498
486 497
544 463
552 467
403 547
311 710
389 616
247 494
374 593
291 714
239 485
380 554
295 549
246 588
518 472
511 455
239 510
177 615
184 593
278 617
219 546
282 751
271 600
549 451
480 640
312 716
416 537
206 527
312 719
311 728
168 568
523 621
367 558
283 556
190 563
574 502
473 548
524 458
315 539
280 620
373 565
296 740
471 514
422 550
226 551
265 761
526 497
578 495
491 500
341 629
590 497
157 632
531 495
399 564
241 473
508 637
279 743
176 571
218 499
593 496
280 754
592 510
559 498
207 558
387 584
302 548
286 742
282 719
255 670
389 553
547 510
499 620
243 495
534 528
544 465
273 749
531 468
516 498
487 498
512 506
497 518
390 615
463 518
202 533
415 524
536 466
255 475
588 499
501 481
209 552
208 552
287 563
365 569
546 451
491 525
256 603
381 556
260 450
550 510
166 569
293 550
464 519
572 500
298 726
257 480
573 508
174 569
483 485
313 708
377 563
272 729
283 565
415 544
588 503
293 729
485 613
222 522
171 623
261 557
235 523
539 468
269 751
189 596
267 759
476 607
306 708
386 629
519 472
445 535
308 706
366 558
313 550
227 509
395 563
274 618
554 507
397 561
243 493
187 584
537 520
512 457
397 563
386 555
505 501
387 580
492 515
225 543
257 586
485 495
477 520
592 496
484 546
205 560
472 529
567 508
188 582
481 623
182 567
482 554
299 548
241 500
183 567
269 551
217 545
504 502
277 722
577 503
384 600
280 756
278 758
477 612
481 550
273 548
584 488
272 550
589 506
251 478
484 507
505 469
531 618
469 518
294 732
385 582
447 522
222 546
243 481
561 456
292 741
475 508
281 567
532 468
307 541
543 475
396 550
457 519
218 537
388 579
592 509
191 604
208 527
522 478
568 500
533 525
212 553
403 549
193 560
488 530
238 511
474 631
591 497
207 529
187 563
567 502
313 718
282 722
539 463
530 524
286 542
180 606
259 542
537 472
534 505
507 634
366 569
253 488
528 500
565 508
445 536
183 563
241 474
280 571
361 629
275 724
252 603
486 491
229 512
509 457
492 488
386 554
280 759
525 495
276 754
479 519
161 627
188 596
586 499
535 493
271 624
280 761
275 577
500 463
529 523
547 448
237 472
392 556
475 607
154 629
570 512
576 498
278 718
254 489
514 505
262 538
244 484
442 538
485 610
281 751
526 465
525 475
513 510
157 631
295 731
289 725
580 496
477 518
522 516
544 497
371 563
315 543
558 504
420 513
486 640
207 524
510 453
282 615
223 522
293 741
233 542
305 540
260 557
266 538
243 544
366 568
269 603
269 564
283 725
542 511
249 463
507 502
540 469
519 497
510 466
385 563
373 566
162 631
480 648
474 526
270 550
313 535
508 480
304 736
427 529
496 515
298 713
316 543
263 733
280 726
509 517
490 500
183 570
479 514
364 559
266 748
280 720
270 605
309 704
196 602
275 597
465 514
225 499
467 509
240 482
512 496
287 544
473 501
481 548
258 459
274 764
483 487
230 525
274 748
383 554
223 530
527 468
588 495
549 507
296 704
282 620
513 459
563 504
291 551
513 640
379 552
476 525
521 472
274 550
165 623
184 564
217 556
382 554
244 556
170 564
244 545
158 625
377 550
421 523
551 509
509 471
244 601
178 570
255 483
218 550
544 452
248 559
585 514
375 592
579 489
507 487
400 562
209 532
277 757
251 482
567 511
525 620
386 582
248 601
183 565
485 616
413 536
591 474
521 626
269 538
270 762
227 553
309 707
202 534
531 472
528 472
273 622
229 520
401 543
306 727
416 512
182 572
550 470
448 529
238 500
544 467
215 548
289 550
313 722
588 473
561 457
258 541
223 544
484 528
288 737
233 546
482 512
162 626
347 643
221 530
313 721
229 493
581 504
465 521
481 551
156 619
283 723
580 492
483 482
509 473
502 505
277 551
543 465
244 600
258 460
268 601
252 474
497 494
413 543
229 502
191 609
239 476
238 504
222 543
261 539
483 505
252 586
193 600
289 737
195 557
393 552
527 620
266 749
514 470
215 491
487 557
589 498
415 526
470 526
351 640
492 500
231 492
286 563
253 471
493 491
486 531
499 516
273 748
229 496
229 540
375 587
269 606
285 560
299 719
225 523
238 510
472 503
219 550
316 717
462 529
492 493
287 755
543 521
373 560
485 620
179 570
482 528
188 566
277 744
506 468
245 498
485 492
548 470
192 612
591 496
279 749
295 550
284 759
561 463
277 554
541 499
516 642
247 491
278 570
482 623
520 510
527 473
302 709
397 565
500 482
213 500
239 551
166 620
482 645
514 499
191 599
256 476
238 505
277 549
215 499
278 563
162 624
368 564
513 457
574 508
530 469
160 634
581 506
521 495
218 544
517 497
512 504
552 469
481 512
206 526
217 495
207 531
372 584
210 533
447 532
387 553
292 734
556 453
173 617
255 584
256 601
488 499
212 532
250 463
493 489
220 536
213 554
507 621
374 563
253 483
218 541
163 569
264 557
396 554
312 536
189 563
528 457
191 588
480 643
236 546
253 486
281 721
211 551
269 553
561 499
306 733
287 549
312 721
237 520
492 507
178 572
423 528
268 725
587 502
238 521
589 495
385 561
220 512
182 607
251 587
244 497
484 623
570 511
294 728
319 718
589 483
518 471
492 514
531 474
251 599
233 488
278 724
195 611
510 631
248 558
518 516
543 448
380 553
367 586
468 515
472 517
418 626
188 611
265 546
297 551
229 525
511 456
310 707
587 474
269 611
316 714
569 514
231 488
283 557
269 720
487 510
508 628
576 494
514 498
245 556
386 562
230 518
340 630
481 654
581 488
301 548
427 545
252 483
286 758
464 528
503 469
584 486
287 758
274 582
378 559
207 528
492 497
519 623
264 601
256 605
257 533
255 596
252 539
287 550
400 545
482 616
300 725
282 750
521 621
231 518
287 552
536 502
296 739
234 490
230 512
468 511
212 522
217 547
395 556
257 481
276 563
489 525
463 527
254 587
530 619
266 599
278 756
577 494
508 622
501 489
412 618
505 507
531 525
551 470
535 497
264 610
166 576
525 468
242 483
294 551
276 731
235 553
277 716
414 537
551 463
481 622
249 539
310 710
279 723
311 729
506 481
557 453
524 593
509 476
183 609
300 548
260 733
272 731
303 708
387 558
439 577
297 719
177 619
246 556
298 548
230 515
517 642
256 598
469 512
409 535
272 613
271 594
273 562
540 475
236 523
513 492
270 746
471 503
229 556
373 585
237 510
278 554
487 496
479 512
397 564
167 562
519 624
516 465
208 520
494 494
506 484
545 506
476 606
509 518
166 574
304 547
368 573
286 760
559 462
371 564
385 626
313 542
192 588
207 551
267 611
267 538
486 498
384 579
537 504
368 587
211 521
166 570
238 489
224 516
283 721
367 570
512 484
494 490
293 705
205 561
386 558
483 507
577 493
475 515
365 565
253 537
495 514
228 515
246 601
370 567
276 622
471 517
546 477
485 494
545 504
537 468
418 628
246 554
288 551
505 480
532 518
510 464
488 525
194 611
244 479
262 609
515 457
468 522
567 500
379 551
548 508
298 720
524 642
219 549
288 740
525 600
475 650
273 594
245 589
230 539
513 639
491 508
302 737
271 554
260 457
156 624
277 614
299 714
515 492
230 520
276 755
313 537
512 515
187 611
483 508
228 506
231 520
426 629
316 544
240 504
265 753
506 632
476 615
161 622
495 515
263 607
194 583
185 564
296 718
569 509
590 472
231 525
190 591
290 724
206 521
235 549
512 514
520 474
231 542
372 568
250 466
513 485
158 632
214 547
274 580
230 513
520 624
489 518
285 545
552 455
366 564
301 734
304 548
533 524
573 497
479 513
250 465
581 495
584 497
515 515
263 558
486 526
495 494
566 500
352 639
256 535
391 614
500 464
299 717
310 704
224 518
202 532
279 616
483 615
207 530
548 509
303 545
467 519
587 504
263 550
286 546
237 551
400 549
171 617
256 464
406 543
451 516
228 540
235 542
263 608
224 529
287 725
587 471
152 620
164 619
191 587
471 553
182 576
268 544
271 547
420 533
539 521
479 649
190 595
239 546
582 490
280 562
427 527
270 613
481 549
197 557
281 760
553 461
209 521
472 504
221 517
435 612
269 609
481 539
474 506
249 553
576 509
362 562
187 617
191 611
282 559
514 469
273 765
271 604
422 513
385 552
273 747
485 527
472 506
509 474
267 624
260 730
471 526
529 471
256 477
419 513
282 566
366 563
476 520
513 509
509 491
419 626
470 515
250 484
374 586
467 609
269 726
253 558
422 528
508 505
236 549
270 763
300 716
578 500
267 603
427 528
259 453
229 510
284 555
573 504
249 538
545 513
589 493
233 517
462 626
294 688
587 508
548 505
302 725
260 452
273 588
187 613
474 525
298 704
249 495
244 477
181 607
555 465
543 519
388 553
515 622
248 543
554 462
524 600
280 566
191 592
493 493
515 642
248 491
282 621
588 483
281 616
177 618
278 619
268 625
258 458
421 530
396 553
286 557
276 721
545 510
514 640
485 530
542 515
246 552
549 508
478 639
192 600
182 608
368 560
266 751
551 461
385 550
462 521
286 545
467 518
243 497
541 521
222 536
521 625
192 603
540 447
271 751
237 523
494 497
243 556
554 466
416 534
534 466
260 540
553 462
254 601
403 561
296 726
156 618
257 475
517 515
387 625
197 602
198 559
315 706
294 701
448 515
314 710
553 453
422 631
541 515
267 730
521 620
272 747
480 621
537 471
459 519
367 563
278 564
215 551
379 562
184 579
263 602
480 649
158 620
476 516
170 562
257 558
484 510
236 511
529 497
192 560
476 513
505 631
485 543
501 482
381 564
426 549
268 764
248 587
267 604
213 550
549 471
193 559
162 620
273 547
416 629
220 549
383 581
401 562
269 554
255 482
500 481
560 459
273 553
268 763
507 638
185 609
454 517
313 546
587 479
569 502
194 585
279 565
294 720
372 593
249 493
189 588
228 555
534 467
234 522
168 571
277 572
314 544
520 623
424 547
509 622
301 715
293 551
380 560
213 553
182 614
164 620
476 501
240 498
410 535
302 707
216 556
518 465
164 631
374 561
374 564
228 497
392 560
295 676
510 471
518 466
573 505
251 466
295 552
313 540
255 462
310 721
584 499
530 601
497 516
513 642
170 620
508 507
550 456
267 548
403 543
540 472
226 552
194 559
513 508
311 724
306 704
423 547
249 498
255 484
248 463
341 630
539 516
301 735
500 483
316 722
274 751
307 721
547 467
542 475
290 737
306 726
526 600
421 532
487 618
591 506
284 545
532 523
472 523
458 517
250 474
541 475
186 595
512 637
464 521
404 548
389 576
451 618
585 513
275 621
448 521
484 640
524 476
490 488
285 760
223 516
255 466
265 728
517 623
266 537
251 471
243 475
285 721
189 610
533 521
521 468
502 488
236 490
230 651
525 474
547 511
419 536
573 507
445 573
466 625
293 707
217 498
521 644
448 525
487 556
450 524
252 594
252 592
540 448
580 508
487 617
367 572
312 550
378 561
508 504
250 492
547 465
244 543
295 719
258 481
279 620
560 497
502 517
240 476
570 498
268 611
255 601
492 494
487 499
372 561
267 725
270 761
540 507
483 616
418 543
560 502
253 599
545 508
523 462
288 725
541 508
508 470
191 562
509 519
252 537
221 516
239 527
494 495
297 548
516 618
264 609
523 469
165 577
421 630
386 580
288 719
232 490
418 525
197 559
512 502
468 617
221 549
485 641
273 763
278 721
474 507
514 642
497 515
538 467
273 563
560 457
587 512
427 546
232 518
192 583
473 526
441 538
273 722
180 608
214 534
549 463
208 523
292 721
230 541
268 720
208 554
380 581
310 708
218 551
387 577
243 543
259 538
187 612
273 766
531 519
302 738
578 508
487 551
237 500
510 514
188 568
310 719
474 609
385 578
472 606
312 533
368 595
310 734
260 604
247 543
380 559
285 562
262 603
509 469
414 618
294 734
518 642
374 591
370 574
511 451
164 577
179 617
232 547
587 514
303 733
463 521
508 508
509 464
485 490
306 546
300 727
297 738
400 546
367 569
296 742
216 555
302 705
242 544
164 569
468 519
512 512
263 599
250 653
193 611
257 588
582 497
578 503
218 516
230 543
222 503
288 718
516 620
244 509
276 722
521 511
542 466
295 704
155 618
232 512
378 552
519 515
396 555
484 496
476 624
211 522
536 464
280 725
166 572
374 594
475 513
189 614
196 555
509 635
271 617
253 455
553 458
267 622
255 597
389 554
473 524
211 553
477 523
467 514
394 561
378 584
547 450
268 762
582 496
216 499
485 612
190 609
256 465
493 490
493 492
478 617
253 468
223 541
448 614
469 513
273 730
483 542
487 550
251 472
582 488
163 570
276 550
543 449
258 606
515 499
529 600
289 722
447 530
224 530
375 562
513 460
510 620
312 541
418 513
483 536
190 607
238 520
272 546
277 553
488 520
280 602
225 531
295 551
484 624
238 472
535 506
208 521
239 526
375 561
245 585
227 552
252 591
485 508
523 478
492 498
384 627
381 557
542 505
577 496
313 544
247 601
230 495
167 570
511 617
535 502
235 552
588 504
274 625
225 532
234 545
214 496
461 625
254 467
207 557
275 550
228 529
291 620
550 509
396 561
245 497
190 562
318 718
368 574
247 589
464 522
569 501
515 505
472 519
187 569
203 532
484 535
218 552
359 620
410 542
384 553
511 491
306 707
231 538
247 498
369 593
237 491
476 609
302 726
552 454
487 549
296 615
561 454
235 551
479 615
569 510
387 630
283 559
285 743
251 488
237 524
479 516
541 506
315 540
513 484
376 587
228 553
412 536
535 494
539 518
240 510
540 470
275 761
502 485
508 497
155 617
274 579
230 652
275 723
512 460
275 762
219 536
488 524
189 607
270 553
159 631
215 550
272 564
281 614
425 528
556 503
190 565
573 506
274 763
291 701
373 590
578 501
542 498
511 638
187 576
478 518
371 592
252 467
262 602
265 597
484 527
362 561
247 462
281 749
459 520
228 496
422 527
290 720
482 527
220 515
253 535
300 714
281 725
195 558
286 720
593 510
275 596
535 598
250 486
535 501
503 466
271 564
290 740
179 616
206 558
473 529
588 511
285 742
581 492
195 602
373 584
266 610
253 460
589 476
274 759
550 471
475 503
181 611
587 482
312 547
191 560
537 506
486 525
296 727
231 546
547 508
249 554
247 560
367 564
562 499
347 642
511 637
188 564
250 497
535 495
588 478
503 506
485 548
299 611
186 568
410 533
539 507
419 519
514 515
279 563
517 622
550 459
525 472
241 501
579 493
520 471
272 618
295 729
259 452
198 555
237 550
529 495
486 619
279 614
508 625
478 612
521 596
421 628
524 479
501 505
518 511
270 607
489 496
190 586
400 547
237 525
530 494
482 526
484 639
488 521
222 539
267 601
395 562
182 615
552 464
485 510
490 515
435 614
273 621
531 469
248 465
483 556
554 465
287 542
166 616
310 731
235 547
171 624
481 514
451 525
290 715
190 584
420 532
274 554
521 597
385 551
384 554
185 578
168 569
174 619
534 518
283 566
588 513
287 756
483 486
169 564
423 628
154 630
251 541
298 705
591 467
313 704
485 498
486 510
258 730
293 733
189 590
185 574
166 619
281 742
270 552
301 709
483 619
192 564
238 518
270 617
218 549
249 496
305 735
273 589
248 560
563 495
240 503
220 513
272 548
477 514
442 524
582 491
510 473
232 542
471 611
311 707
490 518
274 564
572 513
472 528
159 620
541 448
533 468
504 516
522 599
302 734
255 537
293 701
243 491
374 587
483 484
225 550
216 495
387 628
257 557
300 720
286 741
548 506
275 651
255 455
170 566
571 500
560 501
411 542
156 625
589 501
265 600
513 619
296 553
224 535
544 498
520 473
400 550
161 620
531 467
591 508
281 729
411 540
187 582
420 627
191 566
536 506
484 483
315 717
482 506
288 720
225 519
272 562
485 556
390 558
189 560
548 468
540 467
256 466
492 492
242 476
258 455
224 523
272 624
383 580
251 484
229 523
521 484
368 568
512 627
250 599
170 618
244 548
254 479
239 499
523 494
520 496
519 510
589 468
367 585
231 515
302 732
239 488
312 537
272 551
218 545
549 455
286 740
590 493
386 628
507 503
538 520
385 553
212 535
480 517
493 498
187 568
256 587
263 538
252 471
476 616
393 558
512 451
254 557
510 451
586 483
536 465
169 566
292 551
510 508
262 552
479 614
490 510
389 580
279 562
228 520
245 551
524 472
522 469
390 617
241 503
540 468
475 554
583 488
589 497
524 477
587 483
277 575
263 553
259 557
294 741
489 501
304 544
590 467
350 646
281 566
302 708
520 468
245 490
524 466
562 502
314 543
269 624
373 593
254 594
317 718
394 560
282 743
272 733
286 559
294 735
283 750
218 515
588 496
190 606
276 745
247 590
244 478
266 747
559 502
246 543
279 574
313 541
488 513
491 524
254 476
292 727
249 552
476 623
268 760
246 496
491 514
229 515
535 519
558 505
413 544
471 509
465 519
192 592
228 543
561 496
290 550
280 616
258 462
507 469
301 736
527 500
246 586
294 700
186 576
274 596
244 558
481 547
229 526
550 508
525 466
385 627
263 601
261 606
181 610
362 563
399 542
417 535
489 516
468 518
483 483
301 720
157 623
546 467
419 517
415 525
224 550
240 484
205 557
278 723
549 456
470 524
427 613
424 627
312 723
535 467
554 509
514 620
245 602
449 526
582 492
276 760
249 601
299 736
302 730
389 617
477 550
394 559
279 756
482 535
275 759
242 501
267 621
569 511
306 541
457 518
591 473
363 559
299 713
319 719
204 561
503 505
540 466
483 545
540 471
255 460
190 564
295 720
489 515
265 545
585 497
446 538
542 451
256 602
521 515
273 618
301 738
226 522
553 509
203 558
350 645
266 730
288 562
294 703
285 561
218 535
526 494
276 763
264 537
365 559
382 555
230 502
512 491
563 502
217 515
302 729
507 620
229 527
539 517
152 619
468 521
388 604
286 547
271 553
230 519
231 539
531 603
581 503
406 544
185 614
256 604
275 754
558 502
381 581
507 628
512 643
260 458
533 600
511 461
256 538
533 519
235 522
369 594
292 717
166 617
317 543
156 617
227 528
309 581
472 505
506 627
541 472
311 535
410 617
509 623
501 517
182 575
522 481
592 497
246 587
265 549
479 520
274 757
286 664
219 532
479 618
514 500
312 535
254 469
218 496
386 577
512 510
427 629
571 514
315 712
537 464
371 587
215 552
228 525
536 520
194 598
193 598
218 531
562 496
182 612
257 479
183 593
498 496
226 550
416 511
523 643
490 517
568 512
383 582
190 608
286 719
247 542
174 618
514 644
551 511
294 721
529 621
279 568
534 504
379 558
360 628
250 472
508 474
347 644
220 543
229 528
314 535
555 462
225 533
535 499
222 549
513 468
309 729
226 554
237 511
246 559
543 515
191 561
264 558
542 467
214 500
487 615
253 467
476 518
302 736
469 524
545 452
182 562
419 627
245 549
421 627
548 507
226 543
247 587
527 472
273 546
297 714
489 500
492 513
268 766
537 465
544 464
508 635
466 607
521 481
470 522
277 747
522 484
512 485
534 527
499 491
538 464
218 538
310 728
228 490
565 502
292 730
230 498
188 562
242 500
533 520
419 522
568 514
162 630
241 499
186 610
508 634
508 484
270 614
235 550
588 508
366 585
509 458
513 621
562 463
545 477
162 627
488 556
512 619
586 514
378 562
482 486
270 611
587 513
382 582
309 541
519 468
267 539
277 550
309 731
236 545
257 535
509 514
523 598
205 558
510 492
488 550
440 576
506 628
488 615
291 721
259 536
307 704
590 499
185 579
478 517
203 521
513 623
182 610
439 622
287 720
514 509
424 528
276 577
483 539
227 542
221 515
519 474
484 621
489 511
486 493
275 748
544 505
489 510
313 539
513 493
512 505
380 584
274 614
376 550
521 469
531 602
283 621
519 473
262 601
230 490
510 637
211 552
531 518
249 557
254 602
300 711
302 547
472 553
255 479
483 551
182 577
580 504
273 554
513 501
257 462
226 504
310 733
252 468
485 642
481 648
249 540
555 466
539 471
257 532
523 476
242 509
279 728
317 719
237 549
561 453
588 474
250 470
271 765
414 534
506 625
172 568
549 462
246 551
414 535
232 540
170 623
187 590
196 554
427 526
271 612
514 494
548 451
371 594
542 512
282 760
511 620
273 619
381 558
495 490
500 490
398 565
485 536
378 549
272 765
408 543
308 704
470 607
227 503
253 596
281 750
295 707
478 511
507 480
450 517
314 705
510 475
256 488
280 751
290 738
164 621
419 628
541 476
368 559
253 470
529 624
547 451
248 541
505 517
451 518
507 485
466 516
448 526
542 473
190 585
262 604
419 511
275 564
450 525
226 524
257 464
503 620
286 554
153 619
255 536
299 723
541 507
265 536
482 620
255 598
279 757
578 507
176 619
273 564
181 577
157 624
234 544
301 714
153 621
292 728
566 502
421 512
241 475
532 601
525 462
256 557
251 591
309 728
193 610
226 501
257 604
296 729
225 530
276 748
534 496
224 534
270 555
204 532
520 515
264 538
252 538
219 547
207 523
272 746
391 615
195 556
279 567
302 733
185 575
508 517
537 505
521 470
486 527
522 595
490 509
484 540
211 535
484 530
413 541
295 706
187 594
492 506
511 508
417 515
505 502
258 587
280 614
282 741
238 490
490 514
572 514
531 624
284 664
479 622
468 514
529 470
483 511
479 623
287 553
541 449
373 589
189 562
227 508
540 514
448 514
232 493
348 648
442 614
385 564
294 704
169 617
275 622
471 529
191 608
281 719
302 727
183 577
386 557
282 553
540 465
159 624
231 491
476 517
249 469
477 610
417 628
247 559
240 475
279 755
166 615
535 600
248 464
510 461
240 551
314 539
198 554
238 519
301 713
284 558
518 624
285 720
546 466
277 745
373 591
540 515
297 549
416 535
273 723
481 529
543 452
373 564
163 563
485 497
523 468
259 731
247 482
213 532
446 530
473 549
517 467
257 455
214 548
273 733
493 513
194 587
515 644
250 471
282 554
185 580
576 499
365 560
256 536
530 600
578 502
484 544
264 536
259 604
180 615
185 613
268 538
489 524
411 541
267 623
485 488
558 500
270 594
285 544
222 500
249 602
206 525
208 550
480 529
256 463
585 488
533 467
213 552
311 541
512 513
579 510
419 516
254 485
539 446
165 576
285 750
274 729
261 731
259 537
241 509
587 503
223 548
463 628
416 628
533 526
220 540
542 519
472 527
235 511
348 643
160 631
445 537
238 488
232 539
518 622
547 505
384 580
296 738
545 501
265 726
173 568
215 554
309 723
588 470
420 523
519 641
412 540
252 599
275 617
284 742
576 505
278 744
506 469
487 525
579 492
188 580
259 540
239 498
556 466
521 483
310 550
258 537
386 553
266 623
520 625
158 622
385 579
215 495
521 496
484 542
154 616
553 464
474 553
579 488
372 562
252 536
245 543
234 546
271 763
269 563
250 540
265 553
183 572
260 609
529 469
507 625
533 469
546 510
189 586
417 514
535 527
521 645
339 628
282 759
239 502
198 557
509 461
167 576
390 553
580 509
190 588
260 456
397 562
367 568
218 533
191 607
470 509
378 563
207 532
475 524
509 454
276 717
238 473
462 520
388 616
422 629
508 488
372 585
482 651
522 641
381 555
167 568
514 623
182 571
517 619
370 587
482 617
217 534
420 534
190 590
556 505
558 501
276 575
534 529
584 480
506 502
193 601
225 534
286 562
179 618
362 559
181 608
570 497
179 571
282 616
484 610
289 551
297 718
277 763
447 523
285 563
230 499
232 546
282 572
280 749
470 523
238 513
268 548
219 545
413 542
305 706
184 569
511 497
241 498
204 556
456 518
562 501
508 519
214 552
268 727
274 551
367 587
521 473
288 553
274 621
292 724
591 505
263 537
227 511
517 624
466 515
267 761
269 615
550 451
224 517
507 633
483 525
188 591
184 565
424 526
217 535
260 728
397 547
454 520
461 519
278 717
530 617
278 722
468 611
250 555
362 564
586 513
307 724
243 496
314 722
536 521
261 733
508 468
567 501
180 610
493 507
311 550
421 513
507 507
427 614
197 558
270 563
512 492
181 615
186 614
459 518
180 573
589 473
550 458
177 571
307 722
223 543
241 497
188 576
443 522
256 599
522 621
482 624
246 487
230 524
472 632
524 620
588 505
584 514
282 725
241 472
467 616
480 647
585 477
264 732
477 623
160 620
276 578
227 529
508 626
163 567
369 587
267 620
484 534
204 558
250 601
265 598
587 469
188 586
276 614
532 496
561 502
492 489
564 505
484 622
475 632
491 497
165 622
296 728
169 563
587 498
273 728
481 483
253 597
576 500
551 460
309 706
187 610
171 620
225 501
217 533
234 542
516 515
281 722
586 476
590 512
413 539
163 566
503 470
585 480
273 729
374 566
169 562
523 495
187 579
348 645
380 562
508 516
380 561
541 474
250 589
506 480
305 728
364 564
421 529
510 465
164 565
590 506
576 497
260 541
272 552
295 726
568 513
225 545
197 554
257 539
514 456
480 513
281 726
234 512
299 722
563 505
246 488
313 538
386 627
275 614
222 547
168 566
241 482
461 529
508 458
512 461
275 763
270 604
512 503
216 534
289 740
543 517
543 451
487 513
251 556
301 728
272 547
363 564
262 605
499 481
190 589
487 548
204 521
425 628
509 465
504 517
188 590
399 543
312 708
486 530
290 712
564 496
277 732
274 765
374 560
245 590
545 463
521 517
262 606
265 544
309 732
174 571
188 594
291 703
187 586
301 717
270 615
520 513
314 712
524 621
299 735
473 551
164 615
293 717
506 507
279 730
259 455
510 632
254 488
522 596
264 549
506 620
473 503
281 551
174 570
237 545
510 513
549 461
588 475
239 500
370 568
153 620
265 729
260 451
509 475
536 471
223 545
266 760
470 548
263 551
258 451
507 474
497 495
304 545
275 757
464 529
264 731
518 497
552 465
512 509
239 548
306 543
255 476
509 466
529 622
275 752
254 537
538 471
348 646
509 492
244 493
573 499
519 511
499 517
484 547
557 459
426 548
285 666
306 542
258 476
300 726
557 504
277 573
374 592
252 593
566 499
507 637
575 508
488 523
291 724
286 560
219 541
275 722
265 547
513 494
276 564
278 551
169 618
537 467
455 518
288 563
579 507
216 548
514 487
160 622
308 723
256 489
313 713
452 618
273 625
484 488
371 593
233 489
511 454
226 523
243 487
381 563
208 555
222 540
529 467
297 740
283 555
484 625
271 611
545 505
235 548
252 587
287 717
545 509
422 630
484 642
266 601
541 505
454 518
269 548
236 521
543 505
531 473
574 513
543 500
288 726
233 490
502 486
522 640
166 562
314 706
205 520
257 599
491 492
401 563
555 454
249 555
291 720
511 509
508 481
186 611
572 499
402 562
309 705
544 513
479 620
228 541
570 510
222 516
263 552
563 494
475 553
542 520
517 625
512 511
563 499
301 727
248 492
479 650
472 548
516 622
249 494
513 495
179 619
240 499
156 630
274 732
484 616
379 549
446 522
166 571
258 461
313 543
266 548
206 523
185 577
251 589
220 516
565 504
511 465
550 462
532 495
503 517
275 563
401 548
250 464
258 557
544 509
269 610
219 500
293 549
197 553
264 539
530 495
158 631
296 741
266 726
511 636
582 505
552 453
238 527
472 507
220 535
570 499
297 704
253 536
241 481
173 615
229 521
574 499
504 469
515 504
555 506
525 460
217 516
509 477
487 552
472 526
273 555
297 715
261 605
465 529
253 595
300 721
481 652
160 632
296 551
278 750
511 471
171 566
373 588
381 583
525 619
272 764
299 724
258 605
286 757
513 505
185 610
265 538
499 623
275 652
524 462
486 524
230 514
163 631
520 479
486 511
587 511
483 528
231 489
255 488
486 532
469 511
269 546
486 513
486 617
287 543
251 485
528 468
228 523
526 501
254 535
555 505
247 541
449 528
490 496
483 610
310 725
569 498
514 496
267 762
379 559
476 553
501 464
520 482
511 462
272 601
379 553
468 612
259 458
504 481
463 529
545 467
279 572
251 474
254 586
514 514
387 554
259 733
583 476
366 586
559 501
551 465
259 730
188 614
479 621
422 549
204 524
551 456
229 511
168 618
294 727
190 605
251 473
445 522
249 587
480 650
209 520
473 500
475 501
424 628
573 502
230 540
416 543
242 493
227 490
504 506
284 750
526 500
448 524
313 545
593 497
449 527
242 497
443 521
249 558
388 580
581 493
269 724
561 458
157 619
411 536
279 751
153 616
240 545
391 558
254 460
286 555
477 502
484 549
367 556
497 621
509 508
274 724
216 493
243 558
249 556
246 550
168 562
472 524
308 541
390 616
231 490
307 723
276 758
250 495
239 544
386 583
293 726
231 509
446 537
395 555
227 532
264 603
296 715
227 543
546 508
396 548
249 598
224 500
309 730
231 521
444 536
175 619
480 651
158 623
478 616
309 733
392 555
256 462
258 604
508 469
229 490
515 495
474 519
513 512
277 758
271 601
168 570
249 481
261 609
197 555
405 545
166 613
525 501
275 625
265 601
261 540
171 568
528 600
509 637
524 495
253 557
204 557
227 530
562 498
294 553
420 511
207 556
271 613
227 505
252 476
568 511
420 517
542 501
546 465
586 480
520 475
511 511
166 621
223 500
589 494
234 493
268 719
253 484
232 521
302 731
520 478
231 545
516 466
587 480
217 550
528 499
205 562
349 644
215 493
470 518
177 617
548 452
263 609
479 515
525 476
257 598
300 724
382 581
523 480
552 460
485 546
466 521
244 487
268 624
251 483
388 584
189 576
224 549
590 500
295 728
572 509
262 558
292 703
576 506
460 518
478 613
503 482
222 530
590 473
280 743
368 594
223 536
467 511
216 549
303 726
255 467
482 549
591 507
398 543
464 629
219 533
555 507
526 472
479 610
465 623
246 549
203 534
507 517
589 496
421 516
385 562
246 557
171 567
583 477
259 539
423 549
398 549
511 621
260 455
245 586
195 601
229 654
365 558
239 543
272 723
278 614
255 557
541 511
186 578
426 528
394 552
544 500
257 463
258 599
278 573
273 750
475 609
383 600
372 587
570 514
255 477
308 728
279 744
254 585
284 721
311 713
587 476
372 582
303 734
475 518
162 563
512 620
447 525
585 482
483 620
191 596
184 571
250 469
172 617
518 509
162 621
486 616
256 456
367 557
454 519
300 715
264 551
472 530
250 537
284 565
386 559
366 565
574 501
529 620
386 630
230 493
282 560
244 550
482 552
527 495
527 600
297 739
520 514
259 454
489 499
244 547
186 564
280 574
295 741
214 499
283 722
267 543
510 472
280 573
174 617
551 451
204 534
516 623
317 705
542 521
227 523
259 459
485 496
244 557
264 733
491 507
245 600
280 572
528 498
212 550
538 468
253 469
502 482
209 556
316 545
476 515
340 631
534 502
305 737
305 736
563 496
461 520
472 551
388 620
265 731
501 488
162 625
292 740
469 610
281 568
283 759
253 556
229 557
486 548
256 461
562 503
543 513
367 571
213 496
474 610
474 611
473 611
472 611
306 734
472 610
471 610
472 609
470 610
479 646
470 611
469 611
468 610
467 610
468 609
466 610
191 606
465 610
466 611
467 608
468 607
465 611
465 609
467 607
469 607
464 609
181 612
521 516
463 609
541 497
462 609
463 610
290 551
461 609
463 611
486 556
461 608
186 594
485 646
250 491
292 719
166 614
478 614
370 565
162 628
234 519
243 483
293 719
461 607
461 606
461 605
462 605
461 604
462 604
461 603
253 598
460 603
230 491
460 602
413 545
453 618
287 740
218 547
289 738
515 498
229 499
222 501
530 523
297 550
278 553
294 722
459 603
459 604
458 604
457 604
456 604
457 605
457 603
455 604
456 605
455 603
456 606
456 607
457 607
456 608
457 608
455 608
457 609
455 609
458 609
457 610
454 609
455 610
458 610
457 611
453 609
454 610
459 610
457 612
453 610
454 611
460 610
458 612
457 613
452 610
460 611
451 610
452 611
461 611
460 612
450 610
460 613
449 610
450 609
460 614
449 611
449 609
450 608
460 615
449 612
449 608
450 607
459 615
450 612
448 608
450 606
459 616
451 612
447 608
450 605
459 617
451 613
447 609
460 617
459 618
452 613
451 614
446 609
447 610
461 617
460 618
458 618
451 615
446 610
462 617
451 616
425 548
462 616
450 616
585 504
463 616
449 616
468 616
464 616
449 617
231 493
465 616
449 618
449 621
481 649
466 616
450 618
446 611
446 612
446 613
446 614
447 614
445 614
318 543
444 614
443 614
444 615
443 615
443 613
444 616
442 615
442 613
445 616
442 616
442 612
445 617
442 617
441 612
441 617
440 612
440 617
440 611
439 617
440 616
439 611
440 610
487 646
439 610
441 610
440 609
438 610
440 608
437 610
441 608
439 608
440 607
436 610
437 611
442 608
437 612
443 608
442 609
437 613
443 609
436 613
435 613
434 613
434 614
434 612
434 615
434 611
435 615
433 611
435 616
432 611
435 617
431 611
432 612
432 610
436 617
431 610
432 613
436 618
430 610
436 619
429 610
430 609
437 619
435 619
436 620
428 610
438 619
434 619
435 620
427 610
438 620
433 619
434 618
426 610
427 609
438 621
432 619
508 490
425 610
426 609
437 621
438 622
432 620
432 618
228 528
424 610
425 611
419 514
438 623
432 621
425 612
437 623
301 705
431 621
426 612
424 612
436 623
430 621
431 622
426 613
424 613
429 621
430 622
445 523
424 614
428 621
429 620
533 518
423 614
429 619
508 461
422 614
430 619
429 618
425 626
421 614
429 617
420 614
428 617
429 616
420 615
420 613
419 615
419 616
419 617
418 617
419 618
417 617
420 618
416 617
415 617
414 617
415 616
414 619
413 619
414 620
412 619
415 620
414 621
411 619
416 620
410 619
411 618
417 620
416 621
409 619
416 622
408 619
409 618
416 623
408 620
409 617
417 623
416 624
408 621
409 616
416 625
408 622
410 616
408 616
409 615
415 625
416 626
408 623
409 614
417 626
407 623
408 624
410 614
408 614
483 490
406 623
407 624
409 624
408 625
407 614
483 538
405 623
406 624
410 624
408 626
483 541
405 624
405 622
409 626
408 627
314 707
584 487
404 624
404 622
407 627
408 628
583 486
248 596
403 624
403 622
407 628
587 497
550 460
402 624
185 565
402 622
403 621
406 628
558 462
558 461
584 484
402 625
402 621
405 628
560 462
559 461
558 460
585 484
402 626
405 629
584 483
587 500
402 627
405 630
550 457
561 462
560 463
559 460
401 627
402 628
557 460
585 499
400 627
403 628
402 629
589 499
588 500
587 501
400 628
400 626
559 459
400 629
399 626
556 460
400 630
398 626
399 625
400 631
397 626
399 631
396 626
397 627
398 631
395 626
397 628
395 627
395 625
398 628
395 628
395 624
395 629
394 624
395 623
394 629
393 624
396 623
393 629
392 624
396 622
393 628
391 624
392 625
397 622
396 621
390 624
391 623
392 626
397 621
395 621
389 624
397 620
395 620
389 625
389 623
398 620
394 620
388 625
389 626
389 622
393 620
394 619
224 545
390 626
389 621
392 620
394 618
535 518
390 627
390 621
389 620
391 620
392 621
394 617
269 721
389 619
391 619
395 617
269 723
270 721
388 619
389 618
395 616
269 722
242 495
387 619
278 592
396 616
525 463
277 713
270 722
387 620
387 618
329 587
321 587
277 714
386 620
386 618
387 617
320 588
316 588
271 722
386 621
385 618
386 617
286 567
384 618
385 617
285 567
383 618
384 617
385 616
286 566
382 618
385 615
386 615
384 615
385 614
386 614
383 615
384 614
386 613
382 615
387 613
382 614
387 612
298 722
387 611
204 555
206 561
386 611
387 610
514 464
386 610
388 610
224 499
389 610
182 561
390 610
192 597
390 611
390 609
240 509
391 611
391 609
581 490
391 608
543 516
392 608
391 607
479 511
393 608
391 606
400 548
392 606
390 606
292 715
393 606
390 605
292 733
389 605
191 597
388 605
284 719
387 605
295 730
378 551
387 604
241 476
187 585
386 604
237 489
187 615
385 604
188 579
384 604
488 522
384 605
384 603
173 612
383 605
384 606
383 603
384 602
205 524
205 522
385 606
382 603
385 602
350 647
182 578
228 522
381 603
386 602
385 601
229 495
239 473
373 567
380 603
387 602
273 731
471 548
379 603
380 602
292 731
192 559
378 603
380 601
179 572
190 560
377 603
380 600
274 730
479 647
376 603
377 604
381 600
379 600
516 468
295 732
252 480
375 603
377 605
382 600
381 599
378 600
379 599
250 490
275 650
392 558
219 501
374 603
355 620
377 606
251 480
382 601
381 598
379 598
363 560
193 588
374 602
378 606
376 606
220 500
380 598
381 597
378 598
379 597
232 494
187 616
374 601
375 606
376 607
382 597
381 596
188 592
373 601
255 651
375 607
376 608
383 597
382 596
380 596
469 523
462 527
373 600
376 609
384 597
383 596
382 595
380 595
508 636
483 510
372 600
373 599
375 609
376 610
384 596
379 595
380 594
190 596
182 570
375 610
377 610
259 732
385 596
379 594
231 499
280 729
374 610
375 611
386 596
379 593
269 725
503 484
375 612
386 595
379 592
281 720
387 595
386 594
379 591
280 723
191 605
379 590
508 479
405 544
379 589
505 516
517 621
289 723
380 589
378 589
382 564
396 558
489 517
378 588
228 501
203 559
545 500
204 535
378 587
294 699
276 732
203 555
378 586
203 561
277 731
379 586
377 586
179 573
529 496
526 495
379 585
376 586
381 614
380 614
381 613
379 614
379 615
379 616
378 616
377 616
376 616
376 617
375 617
375 618
374 618
373 618
372 618
372 617
371 617
372 616
370 617
372 615
369 617
395 551
369 618
369 619
369 620
370 620
369 621
370 621
368 621
369 622
370 622
367 621
368 622
367 622
367 620
366 622
367 619
365 622
366 623
364 622
366 624
363 622
364 621
365 624
363 623
363 621
364 620
364 624
362 623
364 619
361 623
363 619
362 619
361 619
362 618
360 619
362 617
359 619
360 618
359 618
360 617
358 618
360 616
357 618
356 618
357 619
355 618
356 619
354 618
355 617
356 620
354 619
355 616
356 621
354 620
354 616
357 621
355 621
354 615
357 622
355 622
354 614
357 623
353 614
358 623
357 624
352 614
358 624
356 624
357 625
351 614
359 624
355 624
356 625
357 626
350 614
351 615
357 627
349 614
350 613
351 616
358 627
357 628
349 613
351 617
359 627
356 628
348 613
360 627
355 628
348 612
361 627
355 627
348 611
354 627
348 610
353 627
349 610
352 627
353 628
352 628
352 626
353 629
351 628
351 626
352 625
353 630
350 628
354 630
349 628
350 629
354 631
354 632
355 632
354 633
354 634
355 634
553 460
354 635
356 634
355 635
354 636
357 634
353 636
196 557
352 636
555 689
352 637
524 594
351 637
518 596
350 637
523 594
349 637
348 637
349 636
347 637
346 637
346 638
346 636
346 639
346 635
346 640
346 634
346 641
346 633
186 593
345 641
347 633
345 633
248 494
347 632
344 633
248 481
343 633
254 471
191 603
342 633
343 632
190 592
509 624
342 634
342 632
183 569
506 626
191 610
341 634
341 632
267 726
521 598
347 641
340 634
340 632
347 645
306 631
182 574
339 634
339 632
356 637
181 573
234 511
227 510
338 634
338 632
356 638
231 510
229 494
244 492
337 632
355 638
227 496
182 573
336 632
354 638
220 514
336 633
336 631
354 637
335 633
336 634
510 490
519 596
334 633
523 595
333 633
332 633
333 632
332 632
331 632
330 632
329 632
329 633
329 631
328 633
328 631
327 633
328 634
327 631
328 630
328 635
326 631
327 630
328 629
328 636
325 631
326 632
329 636
325 632
330 636
324 632
331 636
323 632
324 633
323 633
323 631
324 634
322 631
325 634
322 630
325 635
322 629
325 636
322 628
326 636
323 628
322 627
326 637
324 628
323 627
321 627
326 638
320 627
327 638
364 565
319 627
320 628
327 639
318 627
327 640
317 627
318 626
328 640
326 640
316 627
328 641
315 627
328 642
314 627
315 626
327 642
313 627
314 628
326 642
327 643
312 627
313 626
325 642
327 644
311 627
312 628
325 643
325 641
328 644
311 626
324 643
324 641
329 644
310 626
311 625
323 643
324 644
323 641
330 644
329 645
309 626
311 624
538 521
324 645
322 641
330 645
330 643
309 627
309 625
312 624
323 645
324 646
321 641
330 646
330 642
309 628
323 646
325 646
321 642
309 629
322 646
323 647
308 629
309 630
321 646
308 630
310 630
309 631
309 632
308 632
308 633
307 633
306 633
305 633
306 632
305 634
305 632
305 635
306 635
305 636
307 635
305 637
308 635
307 636
305 638
308 636
304 638
308 637
303 638
308 638
302 638
303 639
309 638
301 638
303 640
310 638
300 638
301 639
301 637
303 641
310 637
301 636
302 641
311 637
301 641
300 641
299 641
300 642
298 641
299 640
300 643
297 641
298 642
296 641
297 640
298 643
295 641
296 642
297 639
298 644
294 641
294 640
294 639
293 639
292 639
291 639
290 639
290 640
290 638
290 641
289 638
289 641
290 642
288 638
289 637
288 641
290 643
289 636
287 641
290 644
290 636
288 636
289 635
287 642
287 640
289 644
290 645
290 635
289 634
286 642
287 643
288 644
291 645
290 634
289 633
285 642
286 643
287 644
288 645
289 632
284 642
286 644
287 645
288 646
290 632
288 632
284 643
284 641
285 644
286 645
288 647
291 632
287 632
283 641
285 645
286 646
287 647
288 648
291 633
291 631
287 633
282 641
285 646
287 648
291 630
281 641
286 648
290 630
281 640
285 648
286 649
290 629
281 639
286 650
290 628
280 639
287 650
285 650
286 651
290 627
279 639
288 650
285 651
291 627
289 627
278 639
279 640
289 650
288 651
284 651
292 627
289 626
278 640
278 638
289 651
289 649
283 651
293 627
288 626
277 640
278 637
290 651
290 649
283 652
283 650
294 627
293 628
288 625
277 641
278 636
290 652
291 649
283 653
282 650
294 626
288 624
277 642
278 635
291 652
290 653
291 648
284 653
283 654
282 649
295 626
289 624
287 624
288 623
278 642
277 635
289 653
290 654
283 655
281 649
296 626
290 624
286 624
288 622
278 643
276 635
289 654
283 656
280 649
297 626
296 627
291 624
285 624
286 625
289 622
288 621
278 644
275 635
288 654
284 656
283 657
279 649
297 627
296 628
292 624
289 621
279 644
277 644
278 645
274 635
275 636
275 634
287 654
282 657
279 650
279 648
296 629
293 624
292 623
289 620
280 644
274 636
282 658
279 651
278 648
297 629
294 624
293 623
292 622
289 619
282 659
277 648
298 629
295 624
293 622
289 618
282 660
277 649
277 647
295 623
293 621
290 618
283 660
281 660
276 649
277 650
157 625
295 622
294 621
293 620
290 617
280 660
281 661
275 649
292 620
293 619
290 616
280 661
280 659
255 481
275 648
287 626
294 619
290 615
279 661
280 662
279 659
280 658
352 640
274 648
295 619
289 615
290 614
280 663
278 659
341 628
273 648
274 647
296 619
290 613
279 663
280 664
278 660
272 648
274 646
296 618
290 612
280 665
277 660
271 648
272 649
273 646
297 618
290 611
281 665
279 665
276 660
277 661
271 649
273 645
298 618
291 611
282 665
278 665
279 666
275 660
271 650
273 644
299 618
291 610
283 665
278 666
279 667
275 661
270 650
272 644
300 618
299 619
291 609
284 665
277 666
269 650
270 651
272 643
300 619
292 609
291 608
285 665
284 666
277 667
269 651
270 652
271 643
272 642
300 620
293 609
290 608
291 607
286 665
277 668
268 651
270 643
306 705
273 642
301 620
300 621
294 609
293 610
287 665
267 651
269 643
295 609
294 608
293 611
288 665
266 651
267 652
268 643
296 609
294 607
293 612
289 665
265 651
267 643
297 609
296 610
293 607
294 606
292 612
289 666
289 664
264 651
266 643
267 642
298 609
296 611
293 606
292 613
289 667
290 664
263 651
266 644
298 608
295 611
292 606
290 667
289 668
291 664
263 650
265 644
299 608
298 607
295 612
292 605
291 667
290 668
288 668
291 665
291 663
262 650
265 645
300 608
299 607
295 613
292 604
523 599
287 668
288 669
214 551
261 650
301 608
300 609
296 613
293 604
292 603
287 669
288 670
260 650
302 608
300 610
297 613
296 614
292 602
286 669
287 670
288 671
260 651
302 607
301 610
298 613
219 496
254 455
291 602
292 601
285 669
286 670
288 672
259 651
260 652
302 610
299 613
291 601
285 670
285 668
289 672
287 672
258 651
261 652
303 610
299 612
291 600
289 673
258 650
262 652
261 653
303 611
303 607
291 599
290 673
289 674
258 649
261 654
304 611
290 599
291 598
289 675
258 648
292 598
290 675
289 676
257 648
258 647
292 597
291 675
256 648
257 647
259 647
292 596
291 676
255 648
259 646
292 595
291 677
254 648
259 645
291 595
291 678
254 649
254 647
290 595
291 679
253 649
254 650
254 646
290 594
292 679
290 679
254 651
253 646
289 594
290 593
293 679
289 679
254 652
252 646
253 645
288 594
289 593
290 592
293 680
288 679
254 653
251 646
252 645
288 595
291 592
290 591
294 680
287 679
254 654
287 595
292 592
290 590
295 680
294 681
287 678
254 655
286 595
293 592
289 590
290 589
295 679
294 682
253 655
254 656
286 594
294 592
288 590
295 678
294 683
252 655
255 656
254 657
286 593
295 592
294 593
294 591
287 590
288 589
296 678
295 677
295 683
251 655
255 657
513 496
285 593
165 615
294 594
294 590
286 590
288 588
296 677
497 517
295 684
250 655
256 657
284 593
295 590
295 594
293 590
285 590
288 587
296 684
250 656
250 654
257 657
284 592
295 589
296 594
295 595
285 589
297 684
249 656
249 654
257 658
283 592
295 588
296 593
295 596
284 589
297 685
248 656
249 657
258 658
282 592
296 588
294 588
251 479
295 597
283 589
298 685
247 656
258 659
282 593
297 588
253 480
533 530
283 588
299 685
298 686
246 656
247 657
258 660
282 594
297 589
251 477
533 529
299 609
298 687
245 656
258 661
282 595
254 486
254 487
330 586
528 458
298 688
244 656
258 662
283 595
282 596
250 489
255 480
526 458
277 585
321 588
299 688
298 689
243 656
258 663
281 596
283 564
187 618
186 617
316 587
317 590
318 591
300 688
299 689
298 690
243 655
259 663
257 663
258 664
280 596
281 597
181 609
475 634
471 632
321 599
334 589
329 586
301 688
298 691
243 654
260 663
259 664
280 597
489 624
477 633
475 635
470 632
279 592
322 588
302 688
298 692
242 654
243 653
259 665
280 598
490 624
489 623
477 632
318 592
278 588
324 594
325 593
303 688
297 692
241 654
244 653
243 652
259 666
280 599
476 635
474 635
278 584
317 592
318 593
334 588
304 688
296 692
240 654
241 653
245 653
260 666
258 666
280 600
475 636
469 632
491 624
329 585
282 585
283 586
276 591
316 592
305 688
304 687
295 692
296 691
239 654
246 653
261 666
257 666
279 600
280 601
489 622
478 632
477 635
473 635
318 594
324 593
326 593
347 593
279 588
305 689
305 687
304 686
294 692
295 693
296 690
238 654
239 655
247 653
256 666
278 600
281 601
468 632
469 633
492 624
488 622
489 621
278 593
316 593
316 591
318 595
306 689
305 690
305 686
293 692
237 654
239 656
247 652
255 666
278 601
282 601
281 602
478 631
477 636
468 633
468 631
469 634
493 624
323 595
327 593
326 592
334 587
307 689
304 690
306 686
293 693
293 691
236 654
239 657
248 652
247 651
255 667
277 601
278 602
283 601
281 603
489 620
479 631
478 630
477 637
468 630
493 625
281 587
276 585
315 591
308 689
307 690
292 693
293 694
292 691
293 690
311 719
236 655
240 657
238 657
248 651
255 668
276 601
283 602
283 600
493 623
489 619
477 638
468 629
493 626
493 622
490 619
317 595
318 596
282 587
309 689
308 688
307 691
291 693
292 690
294 690
231 655
236 656
240 658
255 669
275 601
276 602
488 619
478 638
477 639
468 628
493 627
494 622
492 622
281 588
322 595
328 593
307 692
290 693
291 692
232 511
230 655
229 655
300 617
236 657
240 659
389 606
274 601
276 603
491 619
479 638
467 628
492 627
493 628
276 592
314 591
318 597
308 692
306 692
307 693
290 694
290 692
219 517
559 497
273 601
495 622
491 622
492 619
478 640
466 628
491 627
343 588
282 588
329 593
344 594
309 692
306 693
307 694
290 691
565 507
196 556
496 622
495 621
492 618
479 640
478 641
466 627
344 588
280 585
313 591
318 598
309 691
308 694
307 695
289 691
290 690
521 478
451 524
491 626
497 622
496 623
492 617
244 481
465 627
321 595
306 695
307 696
288 691
289 690
538 463
422 526
476 552
466 626
243 480
306 696
308 696
287 691
539 470
461 525
480 641
464 627
228 499
225 502
305 696
308 697
286 691
287 690
569 500
447 521
420 529
480 642
463 627
467 625
279 575
305 697
308 698
285 691
287 689
524 480
477 554
476 551
499 621
498 620
278 574
304 697
309 698
284 691
232 655
460 525
461 524
462 627
277 564
304 698
310 698
284 692
233 655
452 525
419 529
420 530
467 624
465 624
507 486
303 698
311 698
310 697
284 693
234 653
421 531
421 525
422 524
478 554
476 550
499 622
530 493
303 699
310 696
283 693
284 694
234 655
459 525
449 521
418 529
424 525
480 644
528 497
507 483
302 699
303 700
310 695
283 694
234 654
422 523
445 524
450 521
418 530
422 522
287 680
478 550
442 522
463 629
468 624
533 496
304 700
303 701
311 695
309 695
282 694
235 654
443 523
450 520
418 531
253 602
422 521
480 553
501 621
500 622
508 482
535 496
304 701
302 701
303 702
312 695
311 694
281 694
486 620
442 523
450 519
454 521
419 523
461 626
462 625
534 497
304 702
302 702
312 696
265 730
481 553
480 552
450 518
468 623
502 621
527 501
305 702
302 703
420 535
418 523
482 553
482 644
473 506
301 703
449 518
420 536
418 524
419 521
465 629
503 621
482 511
393 551
300 703
452 518
450 516
419 520
482 555
482 551
465 630
504 621
393 553
299 703
300 704
450 515
418 536
419 537
416 524
417 525
484 644
482 646
504 620
485 644
270 601
299 704
300 705
418 520
453 519
449 515
450 514
417 536
418 535
295 599
505 620
504 619
485 645
485 643
476 605
477 605
477 604
477 603
478 603
477 602
477 601
478 601
478 600
478 599
477 599
479 599
478 598
477 598
480 599
477 597
481 599
480 600
480 598
477 596
482 599
480 601
476 596
478 596
482 598
481 601
476 595
482 597
482 601
475 595
476 594
483 597
474 595
476 593
484 597
473 595
477 593
476 592
485 597
472 595
475 592
471 595
470 595
471 596
470 596
470 594
471 597
470 597
469 594
470 593
468 594
471 593
470 592
467 594
468 595
471 592
470 591
466 594
469 591
470 590
465 594
466 593
468 591
471 590
464 594
465 595
468 590
471 589
464 595
464 593
465 596
467 590
472 589
464 592
467 589
467 588
466 588
465 588
464 588
465 589
463 588
465 590
463 587
462 587
463 586
462 586
462 585
462 584
463 584
462 583
464 584
461 583
462 582
465 584
460 583
461 582
465 583
459 583
466 583
465 582
458 583
459 584
457 583
458 582
457 584
458 581
456 584
458 580
455 584
459 580
454 584
460 580
453 584
460 581
460 579
453 583
452 583
452 582
452 581
453 581
454 581
454 580
455 580
454 579
455 579
456 579
455 578
457 579
457 578
458 578
457 577
457 576
456 576
458 576
459 576
460 576
459 575
461 576
460 577
459 574
462 576
459 573
462 577
462 575
458 573
459 572
463 577
463 575
462 574
457 573
458 572
459 571
463 578
462 573
456 573
458 571
460 571
459 570
464 578
463 573
455 573
456 574
457 571
461 571
465 578
464 579
454 573
455 574
461 572
461 570
466 578
465 577
454 572
455 575
462 570
461 569
454 571
454 575
527 457
461 568
453 571
454 570
452 571
453 570
451 571
450 571
451 572
449 571
448 571
447 571
446 571
447 570
445 571
447 569
523 463
447 568
340 628
446 568
447 567
445 568
444 568
445 567
443 568
445 566
442 568
446 566
441 568
442 567
441 569
441 567
442 566
440 569
441 570
440 567
440 570
441 571
439 567
440 566
441 572
438 567
439 568
439 566
440 565
441 573
437 567
441 574
437 566
440 574
441 575
436 566
437 565
442 575
441 576
436 565
437 564
443 575
442 576
436 564
438 564
437 563
443 576
438 563
444 576
438 562
445 576
439 562
438 561
445 577
438 560
446 577
439 560
438 559
446 578
438 558
446 579
439 558
445 579
447 579
440 558
439 557
444 579
445 580
441 558
443 579
444 578
445 581
442 558
441 557
443 578
444 581
446 581
441 556
443 581
442 556
442 581
442 555
441 581
442 582
443 555
440 581
441 580
442 583
443 554
439 581
440 582
443 583
443 553
444 553
443 552
445 553
444 552
445 552
446 552
446 551
446 550
445 550
447 550
446 549
448 550
446 548
448 551
448 549
445 548
449 551
449 549
444 548
445 547
449 552
443 548
445 546
450 552
449 553
442 548
444 546
445 545
448 553
441 548
442 547
446 545
440 548
442 546
447 545
439 548
440 549
442 545
447 546
438 548
442 544
448 546
438 549
438 547
449 546
438 550
438 546
450 546
449 545
438 551
439 546
438 545
451 546
450 545
438 552
438 544
452 546
451 547
451 545
450 544
437 552
437 544
438 543
452 545
437 553
438 542
452 544
437 554
437 542
439 542
453 544
436 554
436 542
437 541
454 544
436 555
436 541
455 544
454 543
436 556
435 541
456 544
455 545
454 542
435 556
434 541
457 544
454 541
434 556
433 541
434 540
457 545
454 540
433 556
434 557
434 555
432 541
433 542
434 539
458 545
457 546
455 540
454 539
432 556
432 542
433 539
435 539
434 538
459 545
458 546
456 540
453 539
431 556
431 542
433 538
434 537
459 544
456 539
452 539
431 557
431 555
430 542
431 543
432 538
435 537
460 544
456 538
431 554
429 542
430 541
431 544
431 538
435 536
461 544
455 538
457 538
456 537
430 554
429 541
430 540
430 544
431 537
435 535
462 544
461 545
461 543
458 538
456 536
429 554
428 541
430 545
431 536
434 535
435 534
463 544
462 545
461 542
459 538
458 539
456 535
428 554
428 540
430 546
431 535
433 535
435 533
463 545
463 543
461 541
460 538
456 534
427 554
428 555
428 539
429 546
436 533
464 545
463 546
463 542
462 541
460 537
455 534
456 533
426 554
427 555
427 539
429 539
428 538
429 547
437 533
465 545
463 547
461 537
460 536
456 532
426 539
428 537
437 534
437 532
466 545
465 544
464 547
462 537
459 536
460 535
455 532
426 540
428 536
438 534
437 531
466 544
464 548
463 537
462 538
454 532
455 531
426 541
427 536
429 536
439 534
438 535
436 531
438 531
437 530
467 544
466 543
464 549
463 538
463 536
462 539
454 531
425 541
427 535
429 535
438 536
439 531
437 529
468 544
463 549
464 550
464 538
464 536
461 539
453 531
454 530
425 542
426 535
429 534
438 537
440 531
438 529
469 544
462 549
465 550
465 536
464 535
452 531
454 529
424 542
425 535
429 533
439 537
438 538
441 531
439 529
470 544
469 545
469 543
466 550
465 551
466 536
464 534
451 531
452 530
453 529
455 529
424 543
425 536
425 534
429 532
440 537
439 538
438 539
442 531
441 530
440 529
471 544
469 546
469 542
467 550
465 552
467 536
466 535
464 533
450 531
453 528
456 529
423 543
424 544
425 537
428 532
429 531
440 536
439 539
438 540
440 528
468 542
469 541
468 550
467 551
464 552
465 553
464 532
449 531
450 532
450 530
452 528
453 527
422 543
424 545
556 461
427 532
430 531
441 536
440 535
439 540
440 527
467 542
469 550
464 553
466 553
465 532
448 531
450 533
450 529
452 527
421 543
422 544
423 545
425 545
427 531
431 531
442 536
439 527
470 550
469 551
464 554
466 554
465 531
447 531
448 532
448 530
449 529
451 527
426 545
425 546
427 530
431 532
443 536
442 537
471 550
465 530
483 626
482 626
483 627
481 626
482 627
483 628
480 626
483 629
479 626
483 630
478 626
483 631
477 626
484 631
476 626
485 631
476 627
485 630
475 627
476 628
486 630
485 629
474 627
477 628
476 629
486 629
475 629
486 628
474 629
487 628
486 627
473 629
474 630
486 626
295 587
295 586
295 585
296 585
294 585
297 585
296 584
298 585
297 586
296 583
299 585
298 586
295 583
300 585
299 586
294 583
295 582
301 585
294 582
295 581
301 584
295 580
302 584
294 580
295 579
303 584
294 579
296 579
295 578
303 585
293 579
294 578
297 579
296 578
304 585
303 586
292 579
294 577
298 579
297 578
302 586
303 587
292 580
292 578
294 576
299 579
302 587
304 587
292 581
291 578
295 576
300 579
299 580
302 588
305 587
290 578
291 577
296 576
301 579
299 581
306 587
305 588
290 579
291 576
301 578
298 581
306 586
305 589
292 576
290 576
301 577
298 582
304 589
305 590
292 575
289 576
290 575
301 576
306 590
293 575
289 577
290 574
302 576
300 576
290 573
303 576
291 573
290 572
304 576
303 575
291 572
289 572
290 571
304 575
292 572
290 570
305 575
290 569
305 574
291 569
290 568
306 574
289 568
307 574
289 567
308 574
307 575
288 567
289 566
307 576
287 567
289 565
306 576
307 577
321 600
290 565
308 577
336 580
342 586
309 577
344 592
310 577
345 594
336 581
311 577
310 578
341 586
331 579
312 577
335 581
340 586
334 581
339 586
313 577
339 588
337 585
338 586
338 588
313 578
349 595
342 591
344 587
313 579
345 588
332 582
313 580
333 583
342 590
332 583
312 580
333 584
336 587
341 589
311 580
332 584
333 585
334 586
311 581
335 587
342 589
345 593
348 592
310 581
311 582
331 584
332 585
341 583
342 588
310 582
312 582
344 593
331 585
342 585
331 586
349 593
310 583
313 582
348 593
274 592
330 587
319 599
333 593
320 598
330 589
331 590
310 584
313 583
321 598
275 592
331 591
337 587
330 591
331 592
318 600
337 588
311 584
314 583
330 592
321 593
275 585
280 584
321 596
318 599
319 598
311 585
315 583
278 594
327 594
280 588
282 586
323 594
341 584
525 458
325 594
311 586
316 583
328 588
334 590
341 587
325 596
326 597
326 598
275 595
310 586
311 587
316 582
335 582
317 600
346 593
343 592
319 600
313 598
311 588
316 581
350 593
343 591
313 601
332 592
276 595
316 600
337 586
332 581
312 588
310 588
317 581
317 599
275 593
322 599
315 600
321 594
329 592
349 594
277 595
273 592
322 600
309 588
310 589
318 581
317 580
314 600
333 581
332 580
346 588
349 596
323 600
322 601
310 590
319 581
318 582
313 600
334 584
278 595
348 595
272 592
320 581
318 583
324 600
323 601
282 584
313 599
321 581
318 584
330 590
331 580
347 595
283 585
274 591
322 581
321 582
321 580
318 585
272 593
325 600
324 599
278 589
278 587
333 592
273 591
323 581
322 582
318 586
526 461
324 598
314 598
277 589
278 590
277 587
527 461
527 459
325 598
323 582
322 583
318 587
315 598
333 591
329 589
330 588
278 586
277 590
278 591
325 597
276 593
323 583
322 584
319 587
318 588
280 583
333 590
329 588
527 460
278 585
277 591
280 586
341 585
323 584
320 587
317 588
318 589
527 458
327 597
325 595
279 586
533 618
533 617
534 617
534 616
535 616
534 615
536 616
534 614
536 617
535 614
536 618
535 613
537 618
536 619
536 613
535 612
536 620
537 613
535 611
537 620
536 621
537 614
536 611
534 611
537 621
535 621
536 622
537 615
536 610
538 621
534 621
536 609
539 621
538 622
534 622
535 609
536 608
540 621
534 623
537 608
541 621
540 622
540 620
535 623
538 608
537 607
541 622
541 620
540 619
535 624
539 608
538 609
538 607
537 606
542 622
542 620
541 619
540 618
535 625
539 609
538 610
536 606
537 605
539 618
534 625
535 626
540 609
536 605
538 605
539 617
533 625
535 627
541 609
540 610
536 604
539 605
538 604
539 616
533 626
536 627
534 627
542 609
541 608
536 603
539 606
539 604
536 628
534 628
543 609
556 612
540 604
537 628
534 629
544 609
557 612
540 603
537 629
534 630
545 609
556 611
541 603
538 629
546 609
545 610
557 611
542 603
539 629
538 630
547 609
546 610
545 611
557 610
557 609
542 604
542 602
540 629
539 630
539 628
548 609
546 611
545 612
557 608
513 486
542 601
539 631
539 627
548 608
546 612
544 612
514 486
515 486
539 632
539 626
549 608
547 612
543 612
516 486
540 632
538 632
550 608
549 607
542 612
543 613
518 486
541 632
551 608
550 607
543 614
511 477
517 486
542 632
541 633
551 607
550 606
542 614
543 615
512 477
517 485
518 484
542 633
541 634
552 607
551 606
541 614
514 476
513 477
543 633
540 634
541 635
553 607
517 484
544 633
543 634
539 634
541 636
554 607
514 477
513 478
545 633
541 637
554 606
512 479
545 634
545 632
541 638
555 606
516 484
515 483
546 634
545 635
542 638
556 606
555 605
514 478
513 479
547 634
546 635
545 636
543 638
557 606
555 604
516 483
548 634
543 639
543 637
557 607
557 605
556 604
555 603
515 482
548 633
543 640
544 637
543 636
558 607
512 483
555 602
514 479
516 478
549 633
542 640
543 641
559 607
514 484
556 602
516 482
514 480
550 633
541 640
543 642
560 607
559 608
559 606
262 733
516 479
516 481
551 633
550 632
540 640
541 641
543 643
561 607
247 597
515 480
518 482
552 633
540 639
541 642
543 644
562 607
248 597
249 597
516 480
518 481
552 634
541 643
543 645
563 607
562 608
562 606
250 597
517 480
518 480
552 635
540 643
544 645
564 607
563 606
562 605
519 480
520 480
553 635
551 635
552 636
539 643
545 645
565 607
564 608
563 605
536 600
536 601
554 635
552 637
538 643
566 607
565 608
564 605
536 602
554 634
553 637
551 637
567 607
565 605
554 637
567 606
554 638
568 606
567 605
555 638
554 639
569 606
567 604
556 638
554 640
570 606
568 604
566 604
554 641
571 606
568 603
566 603
555 641
553 641
554 642
572 606
571 605
569 603
568 602
556 641
555 642
553 642
554 643
572 607
570 603
567 602
557 641
556 642
554 644
572 608
571 603
570 604
567 601
557 640
553 644
554 645
572 609
572 603
566 601
557 639
552 644
553 645
573 609
572 610
573 603
558 639
551 644
553 646
571 610
572 611
574 603
559 639
552 646
553 647
570 610
573 611
572 612
575 603
574 602
560 639
559 638
551 646
552 647
572 613
574 601
559 637
550 646
573 613
571 613
572 614
573 601
560 637
558 637
549 646
550 647
574 613
573 614
570 613
573 600
561 637
560 636
557 637
548 646
549 647
549 645
550 648
575 613
574 612
573 615
569 613
570 614
570 612
572 600
562 637
557 636
549 644
550 649
575 614
574 615
573 616
568 613
571 600
563 637
562 638
562 636
557 635
549 643
576 614
575 615
572 616
573 617
568 614
568 612
571 599
564 637
563 636
562 639
548 643
549 642
577 614
573 618
568 615
570 599
571 598
565 637
564 638
562 640
549 641
578 614
577 615
574 618
572 618
573 619
569 615
567 615
572 598
564 639
563 640
562 641
548 641
579 614
575 618
573 620
569 616
566 615
567 616
572 597
565 639
563 641
547 641
579 615
576 618
575 619
573 621
565 615
567 617
563 642
547 642
580 615
576 617
575 620
564 615
565 616
563 643
581 615
577 617
563 615
565 617
564 643
582 615
578 617
563 614
565 643
582 614
578 618
565 644
582 613
579 618
566 644
583 613
581 613
579 619
566 645
584 613
580 619
579 620
567 645
566 646
584 614
579 621
568 645
566 647
585 614
568 646
565 647
585 615
568 647
564 647
586 615
569 647
587 615
570 647
587 616
587 614
570 648
570 646
588 616
587 613
571 648
570 649
587 612
572 648
569 649
570 650
588 612
586 612
572 647
568 649
589 612
588 611
573 647
572 646
568 650
590 612
589 613
574 647
572 645
567 650
568 651
591 612
590 611
574 648
574 646
572 644
566 650
590 610
575 648
574 649
575 646
573 644
572 643
591 610
590 609
576 648
573 649
574 650
574 644
573 643
572 642
592 610
575 650
574 651
571 642
593 610
592 611
576 650
574 652
570 642
593 609
577 650
573 652
574 653
570 643
570 641
594 609
578 650
574 654
570 640
594 608
579 650
574 655
570 639
579 651
579 649
575 655
573 655
574 656
570 638
580 651
579 648
572 655
573 656
571 638
570 637
581 651
578 648
572 656
572 654
573 657
572 638
570 636
582 651
578 647
571 654
572 653
573 658
573 638
571 636
569 636
570 635
583 651
570 654
571 653
574 658
572 658
573 659
573 637
568 636
570 634
583 652
570 655
571 652
573 660
574 637
573 636
567 636
568 637
568 635
571 634
569 634
570 656
570 652
571 651
572 660
575 637
567 637
572 651
572 661
576 637
572 662
577 637
571 662
572 663
570 662
569 662
568 662
569 661
568 663
569 660
568 664
568 660
567 664
566 664
566 665
565 665
566 666
565 666
564 666
563 666
563 667
563 665
562 667
563 668
562 665
563 664
562 668
564 668
561 665
564 664
562 669
561 666
561 664
564 663
561 663
565 663
560 663
561 662
559 663
558 663
559 662
557 663
558 662
556 663
558 661
556 664
557 661
558 660
555 664
556 665
556 661
557 660
556 666
555 661
557 659
556 667
555 660
556 659
557 658
557 667
555 667
557 668
555 668
554 668
553 668
554 669
553 669
553 670
553 671
552 671
552 672
552 673
551 673
552 674
550 673
552 675
553 675
552 676
554 675
551 676
555 675
550 676
556 675
555 676
555 674
549 676
550 675
557 675
556 674
549 677
549 675
558 675
557 676
557 674
559 675
558 676
557 677
557 678
558 678
557 679
557 680
558 680
557 681
556 681
557 682
555 681
557 683
555 680
556 683
557 684
554 680
555 683
556 684
557 685
554 683
557 686
557 687
557 688
558 688
559 688
558 689
560 688
559 687
558 690
559 686
557 690
556 690
555 690
554 690
553 690
552 690
551 690
550 690
549 690
548 690
547 690
548 691
547 689
548 692
546 689
549 692
545 689
549 693
545 690
545 688
549 694
545 691
549 695
544 691
550 695
543 691
544 692
551 695
544 693
552 695
543 693
553 695
552 696
542 693
543 694
554 695
553 694
552 697
541 693
542 692
543 695
555 695
554 696
551 697
541 692
543 696
556 695
540 692
544 696
557 695
556 696
556 694
539 692
544 697
557 694
556 697
538 692
539 691
557 697
556 698
537 692
538 693
538 691
539 690
557 698
555 698
537 693
537 691
539 689
558 698
537 694
536 691
558 699
536 694
537 695
535 691
559 699
537 696
535 692
535 690
560 699
559 700
535 689
561 699
534 689
561 700
533 689
534 688
562 700
561 701
532 689
562 701
561 702
531 689
560 702
561 703
530 689
531 690
560 703
562 703
561 704
530 690
530 688
531 691
559 703
560 704
562 704
529 690
530 691
530 687
532 691
531 692
562 705
528 690
531 687
529 687
563 705
562 706
527 690
528 687
529 686
564 705
561 706
527 691
528 688
528 686
564 704
561 707
526 691
527 692
565 704
561 708
525 691
527 693
565 703
562 708
561 709
525 692
528 693
527 694
566 703
563 708
562 709
561 710
525 693
528 694
527 695
566 702
564 708
563 709
561 711
524 693
527 696
565 708
564 707
561 712
523 693
527 697
565 709
562 712
560 712
561 713
523 692
527 698
565 710
559 712
561 714
522 692
523 691
526 698
559 713
562 714
561 715
521 692
525 698
526 699
558 713
563 714
561 716
520 692
524 698
526 700
557 713
558 714
564 714
520 693
524 697
525 700
526 701
557 714
565 714
564 715
564 713
520 694
524 700
557 715
565 713
564 716
520 695
523 700
557 716
565 712
565 716
520 696
523 701
566 716
565 717
522 701
567 716
565 718
521 701
568 716
567 715
564 718
520 701
521 702
521 700
569 716
563 718
520 702
520 700
521 703
521 699
569 717
569 715
562 718
563 719
521 704
570 715
569 714
561 718
563 720
521 705
571 715
568 714
569 713
564 720
563 721
522 705
521 706
570 713
569 712
565 720
564 721
562 721
520 706
571 713
569 711
566 720
561 721
519 706
572 713
570 711
569 710
567 720
560 721
518 706
519 705
573 713
572 714
569 709
568 720
567 719
560 722
518 707
574 713
569 720
568 721
568 719
560 723
518 708
575 713
559 723
560 724
517 708
576 713
575 712
558 723
559 724
560 725
516 708
577 713
576 714
561 725
560 726
516 709
516 707
578 713
577 712
576 715
562 725
559 726
560 727
516 710
515 707
577 711
576 716
562 726
558 726
561 727
516 711
514 707
577 710
577 716
576 717
562 727
558 727
558 725
561 728
516 712
513 707
576 710
577 709
578 716
575 717
576 718
557 725
517 712
515 712
512 707
576 709
578 709
579 716
578 717
574 717
576 719
556 725
518 712
517 713
514 712
511 707
576 708
579 709
580 716
574 716
577 719
575 719
556 724
517 714
513 712
514 713
514 711
510 707
576 707
581 716
580 715
573 716
555 724
556 723
516 714
517 715
512 712
514 714
514 710
510 706
576 706
581 715
554 724
555 723
517 716
512 713
514 715
575 706
582 715
553 724
554 723
517 717
511 713
515 715
513 715
514 716
574 706
583 715
552 724
553 725
554 722
516 717
510 713
512 715
583 716
583 714
551 724
553 726
554 721
515 717
509 713
512 716
583 717
583 713
550 724
553 727
515 718
508 713
512 717
584 717
582 717
584 713
582 713
583 712
549 724
552 727
553 728
508 714
511 717
512 718
585 717
584 718
585 713
549 725
549 723
554 728
553 729
508 715
512 719
586 713
548 725
548 723
552 729
553 730
508 716
587 713
586 712
547 723
552 730
553 731
509 716
507 716
508 717
588 713
586 711
546 723
547 722
553 732
508 718
588 712
586 710
546 724
547 721
552 732
509 718
589 712
587 710
586 709
545 724
546 725
547 720
551 732
552 733
509 719
590 712
588 710
585 709
544 724
546 726
547 719
550 732
552 734
510 719
509 720
590 713
590 711
589 710
585 708
543 724
544 723
547 726
548 719
546 719
549 732
550 731
552 735
509 721
590 714
590 710
589 709
584 708
549 719
546 718
549 731
550 730
551 735
552 736
508 721
509 722
591 714
589 714
589 708
583 708
550 719
549 718
552 737
507 721
508 722
591 715
589 715
589 707
583 709
550 718
549 717
553 737
552 738
507 722
507 720
591 716
589 716
589 706
548 717
553 738
551 738
506 720
591 717
589 705
548 716
554 738
550 738
505 720
592 717
591 718
588 705
547 716
548 715
555 738
549 738
550 739
505 721
505 719
593 717
590 718
587 705
588 704
546 716
549 715
548 714
548 738
549 739
549 737
504 721
505 722
504 719
593 716
590 719
587 704
588 703
550 715
548 713
547 738
548 737
503 721
594 716
589 719
590 720
586 704
589 703
588 702
549 713
548 712
547 739
547 737
503 720
595 716
594 715
591 720
590 721
585 704
590 703
546 739
546 737
502 720
595 715
591 721
590 722
584 704
585 705
585 703
591 703
546 740
546 736
501 720
596 715
585 702
591 702
545 736
500 720
597 715
596 714
585 701
591 701
544 736
500 721
500 719
598 715
596 713
586 701
584 701
590 701
591 700
543 736
599 715
598 714
597 713
595 713
583 701
589 701
590 700
592 700
591 699
543 737
543 735
599 716
597 712
582 701
583 700
590 699
591 698
542 737
542 735
599 717
597 711
581 701
583 699
592 698
541 737
542 738
600 717
598 717
596 711
580 701
582 699
583 698
593 698
541 738
600 718
595 711
581 699
582 698
583 697
593 699
593 697
541 739
600 719
595 710
580 699
584 697
583 696
594 699
593 696
540 739
541 740
601 719
599 719
595 709
584 696
583 695
595 699
592 696
539 739
542 740
602 719
601 720
598 719
594 709
595 708
583 694
596 699
591 696
592 695
539 740
543 740
542 741
603 719
597 719
598 720
593 709
595 707
583 693
538 740
539 741
543 739
542 742
603 720
603 718
598 721
592 709
595 706
584 693
582 693
537 740
539 742
543 742
604 720
603 721
604 718
603 717
598 722
584 692
581 693
536 740
540 742
539 743
605 718
604 717
602 717
597 722
598 723
536 739
538 743
606 718
605 717
604 716
596 722
599 723
535 739
537 743
538 744
606 717
604 715
595 722
596 723
534 739
538 745
607 717
603 715
604 714
596 724
534 740
534 738
539 745
537 745
608 717
603 714
604 713
534 741
534 737
540 745
537 746
609 717
604 712
533 737
534 736
541 745
536 746
609 718
603 712
535 736
534 735
542 745
535 746
609 719
603 711
535 735
543 745
542 746
534 746
535 747
535 745
609 720
603 710
535 734
544 745
534 745
535 748
535 744
610 720
609 721
603 709
535 733
545 745
534 744
534 748
535 743
611 720
608 721
602 709
536 733
545 746
533 748
612 720
611 721
607 721
602 708
537 733
545 747
532 748
533 747
612 721
612 719
602 707
537 734
537 732
546 747
545 748
531 748
612 722
601 707
602 706
538 734
547 747
545 749
530 748
531 747
612 723
600 707
601 706
603 706
602 705
539 734
548 747
547 746
546 749
529 748
530 749
613 723
611 723
612 724
599 707
601 705
603 705
602 704
540 734
539 733
528 748
529 749
529 747
530 750
610 723
598 707
599 708
600 705
603 704
602 703
541 734
527 748
529 746
531 750
530 751
610 724
598 706
599 709
599 705
604 704
602 702
527 749
532 750
610 725
605 704
601 702
526 749
533 750
532 751
610 726
605 705
526 750
532 752
611 726
609 726
606 705
525 750
532 753
611 727
607 705
533 753
612 727
608 705
607 704
534 753
609 705
608 706
607 703
534 752
610 705
608 707
608 703
606 703
607 702
535 752
609 707
607 707
609 703
536 752
609 708
610 703
609 702
537 752
610 708
609 701
538 752
537 753
537 751
611 708
610 709
610 701
538 751
537 754
537 750
612 708
610 700
536 754
537 755
612 709
610 699
536 755
537 756
613 709
612 710
611 699
610 698
537 757
614 709
612 711
612 699
609 698
538 757
536 757
614 710
611 711
612 712
613 699
612 700
539 757
535 757
613 700
613 698
540 757
535 758
535 756
614 700
613 701
540 758
534 758
615 700
541 758
533 758
534 759
615 701
615 699
542 758
533 759
533 757
534 760
542 759
542 757
535 760
542 760
543 760
542 761
544 760
543 761
541 761
545 760
545 761
546 761
547 761
548 761
547 760
548 762
547 759
548 763
548 759
547 758
548 764
549 759
547 757
549 764
547 764
550 759
548 757
546 757
551 759
548 756
545 757
551 760
551 758
549 756
545 756
551 761
552 758
550 756
545 755
553 758
551 756
545 754
554 758
553 759
553 757
551 755
545 753
555 758
554 759
553 760
551 754
545 752
555 757
552 754
551 753
544 752
555 756
550 753
551 752
556 756
554 756
551 751
550 751
551 750
552 750
551 749
553 750
550 749
553 751
553 749
549 749
554 751
554 749
549 748
555 751
554 748
