558 231
408 396
591 446
418 307
419 377
514 278
550 435
614 472
596 444
555 453
505 356
514 305
602 271
630 437
494 381
582 406
372 378
565 437
618 477
380 378
549 411
607 448
549 509
460 285
473 351
480 364
566 281
623 443
611 278
558 505
574 442
609 262
533 359
501 341
612 266
612 286
650 238
367 373
541 288
630 430
481 364
403 390
579 412
593 440
495 322
578 258
550 503
504 334
578 261
622 277
630 439
414 313
488 275
556 505
476 358
544 459
533 417
362 376
466 329
476 326
528 420
603 267
514 283
380 349
429 342
416 395
504 347
598 411
481 358
609 468
463 350
552 427
602 466
607 443
478 367
563 424
592 266
557 424
606 459
516 412
603 450
375 362
579 405
557 219
588 244
542 501
509 302
512 276
618 269
468 272
363 374
510 274
576 407
568 274
454 328
589 235
555 436
549 413
382 377
528 319
552 434
550 455
590 265
473 325
620 252
439 338
571 236
524 289
468 264
363 375
617 444
535 501
563 235
594 443
486 345
558 455
538 349
478 276
538 350
480 352
508 345
584 243
474 327
541 465
501 403
580 251
401 382
486 343
519 279
506 360
550 419
605 460
613 462
555 399
572 235
462 268
369 368
540 496
496 375
581 496
471 270
610 240
576 437
516 405
507 354
428 327
555 286
545 502
568 434
457 288
556 463
374 366
623 445
500 273
575 256
581 442
476 280
595 452
538 336
458 330
624 250
370 374
430 343
438 322
609 469
468 262
513 292
509 305
479 277
438 344
602 458
416 389
590 411
579 242
576 443
577 242
503 384
425 351
578 494
614 397
503 346
441 317
593 457
555 277
503 330
505 362
368 475
530 280
363 334
580 257
416 376
475 356
603 262
591 233
467 362
549 412
574 237
495 373
605 243
529 355
611 477
612 449
463 355
493 381
411 376
407 399
558 398
553 427
595 263
601 410
518 416
540 302
579 494
576 414
646 240
609 283
572 494
549 422
631 245
544 482
567 436
555 236
508 357
467 333
443 337
533 301
385 379
575 412
530 309
581 430
536 283
574 415
541 287
521 352
543 498
536 419
517 416
557 506
427 349
607 285
547 406
633 259
416 303
549 241
574 446
459 327
554 460
487 345
481 356
465 279
604 453
470 273
476 351
483 370
562 432
472 339
386 381
599 447
626 249
466 269
451 324
518 290
573 415
552 286
536 501
506 302
459 288
571 495
494 345
525 424
572 249
587 414
580 249
576 251
579 257
548 420
613 477
602 268
474 283
417 304
437 343
491 380
377 347
555 280
534 283
596 451
521 415
592 457
516 292
493 280
578 232
371 373
475 358
514 310
619 472
626 248
405 381
614 288
506 362
488 345
509 275
508 358
559 440
401 390
585 405
634 249
601 455
512 284
438 343
578 406
514 303
560 234
470 272
573 265
503 391
411 393
518 418
528 360
602 468
564 425
606 446
551 440
518 419
561 237
472 262
485 360
547 284
567 418
546 461
467 343
569 419
470 271
626 483
408 398
597 444
483 323
565 435
535 359
524 412
633 250
501 383
497 332
519 265
602 457
411 394
637 247
565 421
550 403
563 231
429 324
555 222
505 378
555 452
491 386
569 498
578 409
466 339
506 354
515 282
471 321
459 348
443 336
569 239
611 452
541 478
609 389
526 423
375 356
588 235
370 333
579 265
426 373
569 435
443 331
435 322
540 278
528 362
607 283
503 400
459 329
547 433
418 381
518 286
613 460
640 263
361 351
628 248
614 289
579 263
542 287
499 406
535 426
366 487
444 339
540 281
491 343
564 498
465 331
612 474
533 539
507 306
610 394
586 259
548 500
522 286
557 438
557 276
544 461
594 439
495 344
601 247
576 444
628 484
552 282
535 305
575 252
500 334
526 417
578 437
516 294
556 229
478 329
445 329
416 393
528 416
507 337
417 388
439 320
621 465
357 350
553 282
593 443
535 318
627 437
622 252
430 341
609 386
530 419
609 467
505 360
464 350
638 260
544 460
481 366
579 255
605 404
488 357
528 355
452 322
462 262
512 307
472 337
423 383
475 275
638 261
512 283
567 272
382 350
591 458
502 346
575 265
541 458
597 244
383 381
479 273
630 436
532 415
454 281
466 265
504 274
573 233
491 358
530 422
518 293
506 339
417 385
594 267
502 407
526 353
515 310
544 477
462 354
516 413
425 308
420 305
556 438
371 362
614 405
484 359
621 442
630 435
363 377
509 388
539 426
620 271
587 253
527 280
373 338
505 410
431 344
475 352
502 405
613 278
360 382
373 342
502 334
508 391
453 294
527 352
500 405
610 275
532 418
616 257
534 353
463 263
515 403
621 454
503 338
538 343
516 416
591 232
553 501
500 381
419 397
529 418
557 220
553 408
557 231
537 426
503 364
574 447
542 282
576 254
417 306
466 270
598 451
606 463
438 339
610 292
616 458
531 360
557 501
580 405
525 361
467 339
525 292
619 258
526 297
614 476
445 324
595 266
628 485
505 333
593 267
484 278
460 328
605 284
363 356
514 304
558 499
616 446
551 420
560 438
617 270
568 281
489 276
441 312
498 361
507 364
631 435
506 390
457 292
550 285
549 408
608 262
536 357
556 398
448 297
550 452
551 226
501 342
469 364
538 426
615 288
510 414
364 373
518 297
642 246
424 312
498 363
385 381
585 258
585 234
483 349
557 221
623 441
576 442
576 242
590 233
488 277
412 391
452 294
467 282
608 243
578 265
551 503
559 500
461 294
413 376
615 277
550 459
518 410
555 510
617 282
569 495
553 235
605 463
543 458
501 405
596 265
601 414
550 453
496 274
530 360
504 406
473 340
439 328
553 230
576 412
576 228
461 285
500 331
372 370
570 238
481 279
430 342
467 336
610 447
624 248
570 495
566 280
577 414
435 326
441 333
472 273
563 238
526 424
373 333
626 433
621 270
467 363
503 274
473 285
616 267
593 265
503 328
611 445
531 319
618 459
549 424
598 268
409 321
468 273
602 454
520 356
486 273
598 452
492 278
538 302
557 509
506 300
474 350
563 444
560 394
533 422
561 444
634 245
645 241
491 276
489 344
507 381
376 346
526 280
515 354
540 346
555 509
374 371
422 346
510 355
585 237
457 294
547 285
605 244
551 403
508 304
375 348
371 375
597 454
500 377
480 348
606 460
617 288
607 447
508 343
633 248
563 499
507 304
370 335
375 330
532 359
444 335
515 301
612 290
549 508
510 275
470 325
584 246
545 458
520 269
469 365
638 242
504 412
524 295
554 446
631 433
437 346
510 303
611 406
586 249
356 348
574 227
597 455
574 414
367 362
558 456
418 387
614 408
364 334
456 285
519 286
512 290
567 241
451 298
638 262
466 325
374 365
450 328
620 283
538 348
536 285
416 381
471 275
404 389
554 419
634 258
524 423
533 538
527 360
482 356
536 286
576 241
611 393
533 346
464 290
503 398
518 265
500 332
486 357
499 275
632 247
474 329
561 438
604 287
439 334
570 239
372 345
522 291
605 265
487 274
480 347
504 336
467 325
483 347
495 362
518 309
372 367
517 273
413 374
581 264
431 340
560 499
518 411
614 477
418 386
521 283
495 378
584 247
502 364
596 450
626 487
535 422
599 452
524 293
493 321
569 433
623 251
371 355
586 257
606 245
605 286
492 383
443 330
480 360
462 267
504 337
476 276
497 329
535 358
374 361
516 288
480 361
553 428
610 291
429 310
593 413
579 229
506 413
561 236
537 304
517 283
562 230
415 313
561 429
467 329
513 294
612 478
611 291
605 287
520 276
461 288
541 500
604 455
612 265
585 238
514 293
555 444
605 282
605 448
565 500
561 464
551 450
369 371
489 370
538 316
594 440
622 275
572 441
476 353
568 418
473 341
428 310
503 329
509 391
548 437
469 339
556 225
617 442
529 351
474 358
478 324
640 245
503 407
510 277
550 502
449 323
588 414
476 352
557 441
501 330
561 435
517 355
606 442
542 285
477 278
429 326
613 261
358 349
575 493
368 354
607 476
417 395
531 537
562 444
557 454
474 356
472 335
550 434
602 467
507 355
542 316
574 249
508 270
573 490
550 413
612 282
535 306
491 370
428 325
566 276
622 405
556 231
533 358
417 382
548 434
536 300
546 284
513 291
506 398
619 398
600 246
531 350
564 235
592 244
581 436
421 387
496 329
582 439
621 466
580 439
402 389
465 292
540 500
545 482
510 413
497 377
475 355
630 248
534 427
499 333
562 494
475 364
608 265
543 491
520 413
586 236
405 394
629 438
523 353
465 332
572 417
467 354
579 410
607 281
586 238
548 421
519 411
498 376
636 248
490 343
600 451
424 386
536 279
617 446
572 247
558 420
617 290
581 234
508 333
494 331
507 271
518 267
513 414
417 384
551 458
478 348
560 435
557 448
374 330
525 415
573 488
494 322
438 323
543 483
540 495
600 453
505 344
462 265
545 432
365 379
552 430
416 391
552 445
401 388
520 273
558 454
471 335
561 225
535 336
519 422
505 274
594 451
503 390
551 456
578 231
527 281
625 252
585 408
514 280
429 340
520 415
525 412
451 323
503 273
612 452
500 384
558 424
463 262
492 318
447 324
500 406
451 322
574 445
461 350
369 362
481 280
479 323
640 262
503 408
555 219
516 401
611 286
527 312
464 354
607 464
472 270
414 381
542 302
513 304
548 459
458 288
405 387
422 386
556 447
381 372
612 263
500 380
614 277
478 277
557 440
467 335
611 241
373 353
550 444
517 422
613 269
515 281
452 287
593 448
516 415
603 451
374 360
437 318
512 278
542 494
542 487
475 357
508 303
416 387
504 399
591 259
485 349
546 429
591 457
606 404
550 506
518 283
613 288
552 500
484 323
621 443
462 349
614 403
497 376
570 266
584 416
480 343
611 465
502 333
587 410
463 329
609 264
555 501
632 245
587 235
521 413
566 496
509 385
544 481
551 407
529 417
591 459
468 283
613 461
413 306
466 340
548 284
507 410
438 338
373 341
521 265
629 246
475 343
576 492
378 348
564 275
401 383
469 338
544 435
602 409
580 496
551 397
519 277
549 318
467 364
483 278
484 276
365 351
562 433
517 410
509 345
605 236
462 355
553 444
520 271
561 501
605 455
601 460
555 502
614 286
607 445
481 349
515 291
555 457
624 449
560 420
466 285
568 497
515 400
583 249
517 296
461 355
529 419
486 276
517 290
536 305
519 276
602 237
561 231
480 357
627 485
370 355
614 459
624 252
615 279
572 438
595 450
462 281
556 278
612 247
565 428
383 378
613 277
367 336
528 312
543 278
543 432
605 452
420 389
535 423
541 463
621 455
545 459
647 241
604 460
524 355
494 346
501 360
560 501
504 410
592 441
541 490
616 279
493 320
457 290
564 436
586 439
528 423
586 414
528 417
646 242
556 448
503 392
534 336
464 329
632 246
416 304
607 404
472 330
563 239
405 385
432 326
615 278
565 226
611 277
421 306
583 406
577 437
530 306
433 341
594 410
419 387
447 337
624 253
482 367
466 327
586 415
559 278
502 386
602 269
465 325
566 238
446 342
507 274
499 331
470 266
538 344
537 303
369 372
551 413
409 319
638 243
584 418
608 404
509 342
552 233
533 351
586 235
593 246
635 258
512 305
471 322
407 398
611 284
538 310
493 282
480 354
587 408
412 374
559 233
460 332
573 438
518 356
366 374
571 416
453 286
559 396
467 330
616 443
610 469
494 280
552 277
440 331
623 404
614 471
552 228
368 363
439 343
542 434
634 257
569 439
488 369
577 434
509 355
500 382
496 326
569 243
520 275
507 394
406 384
594 409
565 496
544 465
585 418
456 282
443 334
559 442
461 332
497 345
383 377
491 357
472 344
555 506
517 293
476 278
560 275
611 450
365 334
521 264
366 355
389 381
607 261
438 337
446 340
611 276
499 328
558 507
616 444
549 284
523 413
554 499
576 264
607 460
574 229
620 441
530 317
498 341
413 391
400 390
366 352
536 316
482 359
599 266
468 285
415 390
439 324
474 342
600 407
589 253
566 420
554 436
579 495
518 311
580 436
605 264
514 292
609 279
563 420
593 453
526 314
445 325
480 350
567 494
460 287
589 237
366 335
609 248
575 444
518 273
614 401
576 438
616 445
486 370
512 274
539 302
618 271
418 384
609 447
481 367
500 330
473 335
507 414
533 421
530 352
482 324
494 362
560 463
586 251
527 364
480 274
612 276
567 267
622 448
507 345
608 443
581 411
567 441
521 355
544 282
373 348
374 359
456 283
603 467
611 444
553 237
608 385
566 493
368 362
484 370
552 408
536 496
572 495
515 309
523 288
436 322
448 339
506 357
609 280
607 442
607 398
505 337
532 353
581 431
365 372
543 430
508 352
591 254
619 440
554 407
480 355
437 338
549 410
374 350
555 460
496 342
586 410
617 475
514 282
607 444
515 283
500 361
554 278
466 286
459 294
552 413
589 246
412 381
515 307
457 281
644 245
595 434
556 223
421 347
617 257
614 446
506 301
519 283
559 236
473 288
568 269
615 464
544 466
499 330
553 321
524 281
533 418
494 274
558 278
362 351
368 334
528 320
493 371
559 439
577 413
518 289
507 340
450 324
550 441
609 390
505 334
507 303
523 278
464 292
472 351
459 289
604 463
528 352
370 368
590 237
540 491
355 428
563 496
558 422
367 361
617 275
609 392
477 348
574 242
354 427
561 503
511 307
589 258
415 381
572 230
552 238
492 373
488 273
507 393
376 328
586 245
451 296
464 291
446 322
609 241
462 352
375 368
456 289
406 383
475 276
558 451
365 335
581 413
539 348
502 383
517 412
571 487
535 300
466 266
579 234
468 336
554 461
555 400
374 335
441 326
607 410
552 503
447 302
540 301
491 344
543 282
564 493
445 326
502 359
467 285
625 432
428 324
545 282
477 328
514 277
521 353
497 270
503 382
404 391
527 297
562 270
550 280
535 348
592 233
430 346
560 422
631 257
530 537
502 398
582 418
512 387
472 275
540 343
460 331
585 254
534 299
604 263
417 389
546 483
437 319
646 239
584 406
604 404
472 288
570 244
506 343
560 452
597 456
473 261
603 457
593 406
510 304
456 279
556 450
554 445
416 310
502 276
551 426
562 275
563 269
621 403
507 362
621 458
487 276
634 248
493 378
544 484
412 313
612 294
369 370
567 429
418 383
376 360
552 280
416 308
610 283
468 334
607 463
519 359
588 245
609 247
613 275
472 365
556 503
543 461
605 245
463 332
598 246
604 244
482 350
405 399
593 451
501 365
363 354
496 378
638 259
474 332
586 250
614 475
526 296
432 310
555 503
464 281
616 442
489 277
601 413
406 393
516 282
502 397
553 452
426 327
476 283
560 233
553 442
580 440
551 506
499 379
528 364
609 240
552 235
480 323
651 238
454 288
517 408
562 420
494 321
509 359
470 339
568 431
455 289
515 280
581 497
573 445
552 506
509 413
452 299
569 429
604 288
550 425
630 244
495 279
604 247
477 352
563 464
537 349
594 266
609 457
557 435
643 246
603 404
642 245
552 406
496 344
606 291
508 381
579 407
508 416
561 437
541 425
467 338
593 410
363 351
420 306
619 397
575 490
548 285
462 269
373 369
598 266
539 312
510 344
538 460
609 465
584 239
523 280
442 341
459 292
542 426
540 280
584 242
475 326
478 347
511 356
474 326
553 287
561 423
636 258
432 308
467 352
575 255
530 319
373 352
582 413
375 355
553 500
621 487
613 267
551 225
440 337
467 337
590 441
377 356
427 328
590 260
563 421
516 290
446 341
516 354
612 446
530 423
566 426
560 443
525 314
613 270
546 484
598 450
611 449
551 436
533 318
617 276
592 246
539 504
628 253
415 377
507 353
591 448
618 440
516 304
617 460
557 229
597 437
456 286
570 237
535 279
541 460
635 254
554 221
503 327
572 416
444 330
403 391
628 439
528 313
492 279
382 351
539 313
455 288
497 323
378 329
506 333
519 272
440 335
544 480
579 254
479 342
507 346
542 281
507 341
530 318
555 396
615 462
477 341
438 342
554 462
407 391
543 276
583 230
411 374
465 270
614 469
615 397
498 275
559 454
506 350
518 314
472 366
438 328
581 257
467 268
428 371
540 340
522 279
420 396
451 299
543 431
504 360
542 433
604 282
624 438
548 429
379 371
467 324
559 395
563 427
538 315
574 438
568 429
608 408
565 420
592 231
505 336
618 474
483 324
541 303
382 381
483 369
462 292
513 403
464 263
621 252
501 273
498 342
580 234
547 429
550 443
495 379
520 316
505 396
519 284
444 325
603 452
510 305
527 365
475 354
551 418
373 346
475 351
605 450
464 287
623 255
592 418
517 418
622 453
478 352
594 268
586 416
578 263
610 465
605 451
556 436
506 378
418 306
623 405
591 447
568 241
528 415
618 282
581 251
438 345
469 323
542 286
578 410
508 269
503 405
526 425
569 245
544 489
632 244
470 364
533 419
507 336
462 351
440 334
532 307
575 442
585 243
426 349
473 364
447 339
631 432
568 495
495 341
522 265
528 361
621 453
443 344
627 247
507 342
559 235
497 326
564 421
494 283
615 442
533 348
559 436
521 354
583 231
550 454
506 376
547 410
462 333
624 441
567 268
470 323
565 239
636 252
531 281
512 306
507 351
481 347
543 495
500 407
511 355
468 281
587 416
382 380
373 343
363 382
458 326
499 407
507 384
549 441
605 281
375 357
575 228
542 488
430 327
543 287
444 329
472 350
548 457
480 277
611 264
612 469
469 322
440 314
504 335
457 293
589 255
374 343
547 405
355 347
524 290
563 270
636 246
463 267
461 334
539 314
403 383
582 414
518 272
374 341
467 288
572 248
357 351
529 420
498 340
516 274
597 265
437 321
584 249
549 423
550 439
592 440
610 265
513 298
543 464
594 406
552 223
620 458
577 433
514 281
537 311
611 282
541 284
364 374
424 346
596 438
592 414
621 482
534 349
555 507
620 442
415 389
617 278
444 333
380 371
570 417
319 486
556 504
536 540
551 457
417 393
611 285
442 315
590 262
579 243
405 389
527 424
423 344
589 233
542 460
558 452
618 270
559 277
591 453
551 396
547 437
545 287
551 443
572 244
574 439
602 251
527 296
603 409
502 410
569 438
474 363
567 274
568 496
550 418
375 358
538 279
614 474
533 280
587 439
459 284
588 257
616 392
513 404
369 354
513 290
468 268
613 271
498 379
479 348
459 331
601 409
422 385
538 497
608 292
483 348
574 488
495 330
563 242
560 277
486 347
497 278
615 401
411 395
555 439
618 272
618 465
625 256
574 265
436 325
522 281
472 338
603 454
465 322
542 280
552 395
528 309
565 237
583 414
506 340
478 346
599 411
412 395
428 309
468 286
567 435
621 281
435 324
479 354
605 466
515 305
561 235
515 404
529 421
561 275
554 280
584 414
457 291
571 239
629 247
613 403
560 231
516 402
544 287
600 247
465 277
514 291
521 359
599 245
641 262
550 450
458 281
595 243
440 320
467 280
565 270
413 375
598 244
453 287
457 328
419 381
541 426
377 348
446 324
549 464
435 327
464 333
452 295
592 455
595 453
516 409
539 311
632 257
511 409
591 442
495 342
600 266
468 274
610 244
414 306
406 399
447 342
556 442
563 497
618 444
582 404
375 370
496 345
538 283
512 280
536 426
363 352
508 387
507 305
497 272
443 315
505 302
535 425
485 356
578 493
480 356
578 233
573 437
481 361
427 309
430 328
465 267
603 249
620 257
524 288
546 434
364 380
463 269
551 398
528 310
499 271
579 406
568 430
582 410
616 288
622 482
375 350
533 300
587 417
561 226
615 276
589 262
530 418
574 448
563 495
539 284
502 330
377 359
533 349
562 499
475 277
535 503
633 246
634 259
498 362
412 392
580 441
520 283
551 227
498 271
583 258
582 258
611 467
611 275
474 331
539 279
544 476
550 424
557 436
516 408
374 346
501 386
548 407
553 229
468 269
571 438
454 294
529 280
545 283
566 232
385 380
425 374
627 254
619 464
476 328
416 392
491 381
609 460
502 394
415 314
559 501
508 362
551 411
635 245
615 400
467 264
474 285
479 357
549 501
591 246
562 228
514 357
371 378
562 233
474 341
474 330
557 451
621 444
517 300
514 410
589 442
589 257
567 496
505 390
556 237
515 298
498 329
571 494
552 433
378 355
573 242
606 457
548 450
439 341
519 354
443 341
530 315
603 406
604 236
415 309
511 290
443 338
490 276
528 315
428 340
374 355
644 243
510 345
519 285
527 418
558 437
469 275
562 229
562 232
457 280
584 254
594 407
412 314
530 307
566 277
484 347
515 356
546 407
534 356
518 310
458 283
540 459
511 410
625 430
604 246
583 234
419 379
514 356
371 377
534 420
366 336
545 504
509 365
467 328
473 331
439 336
596 436
484 345
511 275
515 289
615 463
527 356
549 404
520 314
611 402
466 262
602 247
508 382
452 293
608 398
373 354
614 470
632 258
516 285
381 374
573 235
478 323
529 309
585 235
564 497
472 261
578 230
506 305
450 295
544 431
416 306
543 429
558 394
553 238
481 365
455 295
508 363
607 386
418 385
544 432
578 438
576 250
593 415
610 407
506 346
493 345
473 287
601 405
471 365
467 327
506 384
461 267
615 267
601 453
569 434
321 487
468 321
606 281
595 265
423 385
482 354
605 461
553 502
620 450
593 231
499 380
558 508
627 248
603 247
562 423
441 316
572 443
438 331
552 436
375 360
530 350
513 277
559 274
497 277
534 355
479 347
499 329
592 412
377 357
496 273
556 509
615 295
568 242
499 388
534 300
367 360
585 439
555 458
415 306
537 286
550 405
608 283
479 274
592 448
504 329
471 351
528 414
590 450
576 410
637 246
443 339
511 294
496 373
517 287
578 492
381 350
525 423
582 411
505 395
543 457
440 333
572 445
482 347
523 415
438 341
570 419
506 410
511 344
456 280
588 412
622 444
619 476
518 421
551 507
543 279
577 253
511 385
592 449
463 354
560 423
480 351
604 265
497 324
423 373
491 382
484 346
512 410
541 428
495 273
519 314
563 426
513 387
615 247
621 272
474 271
606 236
491 379
553 425
619 256
564 274
532 313
423 345
513 276
355 346
550 396
616 295
588 255
518 409
603 246
447 306
475 270
482 364
503 374
542 483
623 399
535 428
460 286
612 284
523 291
547 501
412 376
564 270
431 346
541 495
495 345
463 353
589 259
513 305
604 245
381 377
474 354
496 362
470 335
495 380
405 395
578 257
492 345
533 423
555 438
442 342
619 253
604 408
584 496
469 352
514 308
436 342
558 421
527 355
553 228
549 427
614 266
535 419
624 432
441 325
503 347
556 449
487 346
565 426
374 336
569 266
614 473
597 452
558 444
600 245
503 359
376 356
464 282
543 489
515 288
445 327
543 480
550 407
588 253
479 363
620 477
502 402
497 279
591 266
550 507
499 279
459 285
575 436
552 431
519 416
566 233
541 494
564 429
447 531
482 369
629 431
550 414
556 407
469 342
645 243
609 464
512 299
508 274
519 274
503 363
465 335
553 233
593 243
593 414
598 267
624 280
573 231
626 436
455 281
554 509
468 275
414 312
413 312
580 252
552 460
642 262
469 273
438 332
559 276
466 343
552 428
475 342
591 455
491 385
445 339
540 341
463 286
620 403
538 304
517 272
505 391
369 355
613 268
492 380
390 381
510 276
495 381
418 304
550 458
535 302
470 275
500 340
502 274
552 401
613 248
354 426
476 356
582 496
464 335
475 274
554 287
382 378
553 436
490 317
605 462
467 322
438 333
489 345
443 311
613 396
472 345
492 320
450 326
448 329
627 434
560 454
419 306
499 340
524 294
483 321
427 343
620 397
481 352
523 282
610 241
588 237
509 298
367 365
576 231
447 343
583 248
507 363
587 236
545 500
507 335
611 397
417 394
366 337
477 350
649 239
464 334
541 466
576 436
580 230
544 279
475 271
437 342
573 494
585 244
475 280
423 346
410 395
520 357
509 352
559 394
406 392
610 245
571 265
505 382
465 350
459 293
577 231
524 314
472 362
419 304
450 298
447 338
624 440
482 368
524 354
559 231
554 500
613 273
499 272
590 451
411 318
520 270
577 228
474 345
539 301
559 463
603 237
371 368
585 407
557 278
488 272
609 466
632 251
367 377
547 286
550 426
378 328
493 317
491 359
514 294
606 449
557 275
619 283
648 239
527 415
553 403
515 405
506 348
544 429
468 324
534 354
555 230
625 436
455 280
582 433
540 434
549 459
544 487
542 276
446 327
554 236
464 323
503 332
568 438
491 316
605 242
618 250
573 247
525 295
449 298
482 278
502 340
366 353
481 368
378 371
626 254
486 344
478 345
626 486
468 353
604 466
552 435
615 477
612 264
555 511
602 405
411 315
579 437
472 325
451 287
320 487
419 395
563 428
595 264
463 330
547 283
513 279
568 428
439 342
442 331
523 292
480 353
549 428
556 424
479 369
583 240
515 401
561 497
378 351
558 238
477 280
580 264
601 266
369 373
547 459
525 279
519 421
515 274
604 448
438 334
631 247
519 412
573 249
605 459
559 456
531 311
471 344
565 271
495 327
408 395
576 440
554 408
534 318
467 341
548 422
562 431
463 261
417 383
519 419
492 382
363 378
420 397
520 359
565 429
425 372
434 341
502 408
439 321
610 448
497 325
479 343
497 269
533 540
367 337
606 284
465 329
609 445
462 287
558 236
541 278
449 326
617 474
606 451
580 242
469 266
493 279
615 275
622 281
577 438
529 423
503 358
448 324
543 435
500 404
473 326
590 456
456 294
540 347
536 303
490 379
585 239
587 245
477 342
554 459
462 356
367 359
518 412
468 261
493 318
464 288
611 280
457 284
612 261
459 325
616 397
371 356
481 357
472 363
567 493
564 236
564 496
505 304
358 350
498 378
520 274
559 443
473 274
409 397
497 362
612 279
516 272
554 463
469 270
572 442
555 278
625 438
502 393
567 440
471 261
625 431
624 255
545 286
472 321
615 446
559 505
517 424
533 350
546 482
592 243
453 285
548 464
612 407
359 351
445 308
515 303
488 274
606 455
555 425
619 271
612 460
560 462
538 461
373 362
615 280
433 311
579 492
606 462
575 249
422 387
476 329
521 279
584 258
465 265
572 236
585 433
467 334
621 276
619 289
446 338
555 395
408 397
521 414
616 276
440 330
505 389
567 419
498 279
406 388
609 290
562 227
541 434
412 312
581 230
639 259
625 482
426 371
377 358
432 340
373 351
592 451
496 323
508 384
514 400
549 502
429 347
582 257
449 329
606 265
525 315
556 275
465 264
503 326
481 323
408 391
616 247
607 265
427 307
491 345
575 448
506 397
551 427
607 245
507 396
561 499
411 316
375 346
552 403
501 382
477 327
520 279
466 332
567 271
557 439
585 255
629 252
375 367
559 499
592 439
615 444
554 425
613 465
485 359
507 380
535 316
490 380
403 389
457 330
465 290
558 457
628 438
563 493
423 384
573 230
468 280
523 281
557 502
568 432
364 379
449 295
474 359
517 288
466 284
638 244
412 315
609 278
623 403
428 328
378 358
406 395
525 293
617 249
543 477
502 273
468 271
429 349
566 235
575 242
541 479
543 459
448 328
556 285
621 277
500 359
371 361
571 442
634 260
476 330
480 368
498 360
534 428
421 305
421 378
542 497
418 394
590 264
513 415
362 381
637 248
557 461
455 282
457 289
432 341
371 367
559 234
542 464
557 236
484 371
366 373
557 394
507 273
430 348
496 321
358 348
472 340
563 425
540 345
431 345
547 421
506 303
466 272
446 337
439 314
551 441
412 355
470 287
584 417
469 288
451 342
560 439
597 453
542 431
612 291
602 272
565 281
470 342
576 432
630 432
522 354
507 333
472 274
576 263
577 261
605 457
548 318
622 443
440 341
589 261
551 425
562 435
611 403
596 244
373 337
567 495
362 380
470 338
628 252
549 409
517 310
586 419
602 270
502 403
446 308
598 449
506 344
614 448
442 307
535 420
463 333
496 377
622 450
599 449
527 423
467 283
379 349
533 298
572 487
495 280
453 295
624 448
507 360
592 446
570 420
369 365
377 372
439 330
591 443
603 414
543 336
502 338
545 288
568 439
616 462
442 311
593 452
503 402
471 345
581 250
496 380
560 421
498 333
504 382
538 280
622 251
519 292
460 329
428 329
580 243
465 324
515 413
425 349
621 398
507 272
601 250
608 448
554 502
527 422
465 281
501 364
516 293
557 398
550 398
574 493
550 451
359 350
506 383
529 319
507 350
482 349
551 435
476 341
529 282
609 246
516 299
481 348
466 271
365 373
573 489
474 360
372 369
509 361
604 239
522 413
555 235
609 446
420 382
473 286
497 333
481 321
535 304
553 453
542 344
533 416
550 400
531 538
548 458
493 362
564 238
543 277
591 262
411 321
588 441
430 326
551 445
502 411
483 344
449 343
415 378
493 346
517 301
617 289
449 325
608 261
576 435
546 457
485 275
541 462
632 259
479 345
567 281
565 436
595 438
499 378
437 327
523 419
599 446
612 465
594 242
486 369
611 405
634 255
375 371
556 394
515 407
550 438
510 354
602 248
576 490
518 422
464 267
604 454
613 287
502 275
578 259
486 346
493 373
612 267
435 342
512 414
627 487
504 390
535 421
578 228
452 329
467 286
613 295
543 500
459 330
516 295
531 282
459 286
422 308
508 413
621 476
605 285
591 451
575 410
569 430
603 270
558 461
369 369
516 303
462 332
612 295
505 412
455 285
436 327
613 272
490 370
475 281
617 291
350 558
408 321
613 446
451 328
614 247
530 314
461 271
547 435
484 277
543 425
501 359
573 442
402 390
565 227
620 288
490 358
608 464
555 449
481 277
535 427
448 307
483 355
427 370
611 247
616 273
551 437
564 229
593 455
566 240
517 285
567 269
554 224
425 371
510 388
479 367
524 424
542 478
402 383
581 410
623 453
569 276
516 357
533 319
533 415
545 434
471 288
445 328
414 390
409 395
556 284
616 476
581 433
466 336
611 460
491 277
486 358
485 358
610 468
405 384
468 265
443 333
544 492
575 414
570 496
366 364
552 283
577 435
377 355
528 280
542 500
557 277
623 398
577 252
468 282
536 280
621 284
506 412
462 270
518 315
543 488
434 327
506 347
551 460
480 345
587 438
578 256
538 282
604 267
532 350
563 463
577 407
420 365
467 266
470 270
478 275
470 351
541 338
543 335
374 333
430 339
637 256
557 453
524 413
476 282
517 274
543 499
585 419
367 354
524 353
476 325
604 237
592 245
494 378
541 492
618 251
422 306
553 320
544 500
623 464
434 328
572 250
547 434
552 507
506 411
318 489
494 282
374 347
589 413
536 494
507 270
578 229
517 356
557 462
545 429
470 324
613 459
553 278
428 341
540 458
499 376
533 347
494 281
410 375
601 458
556 274
485 347
617 277
465 286
425 347
567 276
407 388
520 266
470 286
519 420
416 390
405 392
495 343
616 474
558 504
368 365
611 242
509 301
488 370
439 318
595 436
556 397
528 297
463 281
601 454
326 493
620 278
463 264
450 323
544 483
458 292
367 378
455 283
407 392
492 317
508 360
360 333
604 457
504 384
546 501
467 342
424 347
506 382
557 222
475 272
509 306
552 236
569 267
595 437
476 342
506 304
503 272
612 477
555 446
457 283
366 363
579 442
368 375
499 404
362 382
531 419
481 359
556 273
443 335
375 369
571 244
587 440
415 380
582 436
568 419
574 228
424 311
466 267
553 395
620 457
507 413
562 424
509 333
508 393
359 352
589 411
616 447
514 414
498 323
511 284
552 425
555 223
495 321
614 275
480 324
590 253
556 224
496 272
470 336
362 379
570 498
474 344
565 425
530 281
498 332
420 378
560 236
600 408
560 444
496 328
509 389
581 242
517 295
625 254
647 239
499 342
479 359
493 370
457 279
488 276
577 412
625 255
430 324
534 298
618 467
472 364
604 468
535 317
549 240
552 432
618 295
371 374
604 266
563 429
519 408
603 456
376 372
494 273
562 239
546 462
553 419
596 263
509 344
464 293
555 450
473 345
622 276
605 240
462 334
518 415
371 331
554 235
498 276
576 433
439 337
525 355
565 225
461 349
522 287
593 449
597 438
509 358
504 364
380 350
619 251
544 425
460 349
585 406
592 232
374 356
465 262
374 364
493 380
507 339
491 317
519 311
571 266
558 221
506 349
609 265
415 310
567 279
605 241
619 254
544 485
516 410
591 454
636 254
515 302
480 280
474 351
574 491
519 409
540 314
570 236
544 434
563 432
518 313
549 440
549 419
534 306
565 280
514 399
568 282
598 245
623 456
592 443
618 438
550 460
528 311
500 385
534 416
637 259
641 248
629 248
443 343
554 507
607 262
586 253
557 508
523 314
548 410
553 503
626 432
431 310
589 234
476 354
316 489
517 275
577 251
623 281
615 281
428 348
482 321
559 441
588 256
377 346
607 451
621 269
382 379
530 316
590 259
543 492
582 417
523 279
606 467
550 404
565 238
557 503
374 345
585 404
555 281
583 434
610 398
468 322
372 335
541 314
591 445
548 419
475 282
517 282
498 324
541 491
318 487
503 401
495 329
443 309
368 374
462 280
493 319
514 298
564 500
568 280
537 336
377 328
559 423
526 415
542 284
489 380
451 293
421 348
631 248
318 488
509 386
509 387
609 245
652 238
604 262
530 420
389 382
466 283
440 327
594 241
549 450
531 535
430 344
416 309
408 322
407 395
516 407
469 363
563 494
545 461
486 274
476 324
613 469
442 336
517 357
575 407
527 421
503 393
585 414
429 348
439 345
562 234
639 256
517 284
592 265
552 225
522 278
502 332
501 380
500 386
503 271
477 276
421 382
506 379
420 379
528 281
507 415
576 493
524 414
508 361
589 245
553 430
522 264
519 280
374 363
474 284
443 312
478 328
491 387
535 540
502 374
516 406
566 270
585 417
554 395
375 328
545 464
483 345
575 446
622 483
589 448
551 430
412 353
487 357
508 392
550 508
517 297
576 409
465 339
460 293
460 350
542 435
588 413
505 376
526 355
627 483
500 279
537 316
621 450
559 461
504 398
594 265
594 415
512 355
580 231
645 240
368 373
543 433
542 492
555 279
502 339
563 274
550 402
531 536
469 261
549 406
566 278
566 272
583 433
606 290
610 449
638 256
373 350
603 272
438 340
377 371
554 498
563 434
471 364
540 480
439 319
468 288
602 249
581 248
508 355
373 365
543 428
552 320
577 444
450 293
508 389
554 450
553 460
568 267
578 260
566 231
624 249
557 274
418 393
567 443
582 265
471 336
561 227
568 433
621 268
361 377
551 442
575 411
644 246
617 273
477 323
571 417
615 282
518 414
319 487
627 438
635 255
363 376
596 411
492 276
594 240
460 330
552 451
317 489
608 477
405 400
478 325
587 237
442 334
551 240
610 248
600 413
540 288
618 249
519 278
558 423
556 230
590 452
508 342
617 256
507 411
519 300
569 244
607 446
552 240
462 353
515 290
502 358
462 350
608 244
501 377
370 362
621 271
613 247
478 274
559 457
601 459
502 271
477 279
581 412
527 362
489 358
608 264
464 286
432 327
512 386
551 280
630 246
499 361
425 373
523 315
540 426
553 507
493 322
457 285
553 441
523 283
590 255
499 341
610 467
412 393
621 441
548 428
456 328
504 413
380 374
579 264
586 244
510 307
518 420
622 445
428 342
522 284
470 343
535 424
371 354
419 380
552 429
541 344
386 382
466 354
475 283
552 397
558 497
374 354
552 455
529 360
541 461
522 285
370 375
530 308
483 356
455 328
504 338
470 285
437 322
623 402
618 462
580 438
434 326
504 348
521 284
436 319
549 434
469 351
415 393
618 439
563 275
611 392
457 282
506 377
496 374
366 379
550 240
563 436
547 464
581 405
553 285
466 322
471 339
380 376
617 477
613 407
517 292
627 484
590 443
609 296
582 435
609 282
588 442
372 354
508 415
578 242
579 231
534 279
519 355
545 503
575 438
469 337
594 441
510 385
628 434
381 373
611 274
485 348
587 441
609 458
610 460
509 297
511 273
555 229
520 416
521 315
441 339
600 452
615 472
533 352
443 345
541 315
583 239
543 340
476 350
535 502
518 300
503 403
635 250
492 356
437 339
544 503
517 286
515 272
567 278
496 324
461 293
405 388
524 291
615 441
546 435
622 439
551 417
528 314
554 444
641 245
509 343
623 465
465 278
531 313
421 346
532 306
361 382
513 280
453 288
582 248
378 350
405 391
496 327
525 278
479 368
558 436
569 432
649 237
368 332
595 444
609 391
565 275
606 456
566 434
430 340
586 252
583 412
503 409
505 364
610 293
531 310
617 476
559 237
541 480
526 295
611 248
541 302
540 279
481 322
560 461
545 284
572 265
512 294
619 252
495 323
548 501
649 240
373 349
509 364
469 269
584 230
637 245
516 423
512 385
364 352
610 442
591 456
564 227
505 358
374 337
524 292
538 314
502 341
499 334
558 237
366 365
474 328
573 229
528 351
616 399
367 363
552 396
472 322
509 384
433 310
446 306
505 363
511 298
403 419
474 325
653 238
508 390
419 394
583 411
622 284
453 328
366 359
469 336
541 464
372 362
611 399
477 324
508 356
430 347
562 430
594 444
354 345
611 279
522 288
555 505
536 301
472 331
545 457
594 450
586 254
536 284
521 356
588 438
529 315
466 282
507 300
574 236
464 324
533 306
622 399
564 499
460 288
553 424
605 283
491 383
513 356
503 334
528 418
574 437
431 339
606 458
543 280
558 397
354 346
583 417
526 418
532 319
488 278
520 419
460 347
509 383
388 381
533 357
440 336
492 277
603 405
481 320
474 286
578 262
569 242
552 420
532 280
475 363
483 359
559 497
462 286
568 437
480 359
507 357
408 319
547 482
465 354
551 281
611 283
369 336
649 236
554 458
449 327
474 276
476 508
561 428
607 459
462 264
587 234
520 272
410 319
492 357
551 438
551 415
536 336
464 332
622 451
361 379
576 491
584 234
461 281
554 281
623 482
552 407
543 487
574 490
361 352
521 419
537 283
512 298
465 280
449 342
449 328
366 334
502 337
625 483
543 426
622 464
583 242
539 343
605 238
539 496
562 434
527 315
552 450
623 449
500 387
606 450
543 427
506 342
526 360
501 379
464 328
407 396
562 235
590 263
528 363
639 263
594 243
469 324
605 464
570 418
535 283
376 371
621 402
540 460
618 255
440 328
565 233
443 332
453 284
593 454
438 330
535 357
514 403
556 232
610 279
566 273
494 330
538 496
610 242
581 235
523 424
584 245
566 419
627 488
581 432
497 271
465 263
558 219
616 282
528 282
572 488
439 322
590 448
551 285
500 272
591 260
552 237
555 462
555 508
541 316
618 283
534 280
519 356
613 286
365 352
587 238
532 428
525 360
505 397
370 337
605 239
613 448
506 274
545 289
555 451
497 373
589 414
585 409
556 443
514 401
516 297
443 340
476 277
535 303
363 353
491 318
434 342
614 458
558 498
467 274
563 435
462 285
631 434
558 443
387 381
458 284
443 310
615 474
609 281
528 298
591 444
467 326
519 417
555 437
365 364
593 441
585 245
498 328
552 224
405 382
550 284
582 264
553 286
485 276
578 254
573 232
380 372
456 288
597 445
601 415
543 490
553 224
437 345
580 442
623 282
613 282
641 247
428 307
569 265
627 433
633 244
547 436
507 347
585 416
535 286
601 244
566 274
608 449
556 236
565 235
475 344
414 389
469 267
551 400
384 381
575 445
551 416
452 328
566 279
438 329
429 327
618 256
551 404
583 241
483 354
573 234
515 308
500 275
605 280
511 276
416 385
558 441
613 241
544 486
500 388
611 469
624 482
363 379
551 421
460 348
533 428
612 241
500 375
613 274
561 502
596 452
556 501
545 501
568 239
562 463
552 284
577 254
605 288
577 493
556 462
501 374
574 444
440 339
419 378
555 221
519 267
445 330
531 415
427 371
621 273
507 397
343 459
625 250
401 389
523 284
482 361
572 245
501 275
617 473
608 403
438 314
467 344
457 327
576 265
541 343
508 410
626 482
535 301
530 310
513 399
420 395
517 423
469 285
619 473
543 314
540 284
556 219
630 431
635 252
567 270
505 357
607 244
500 376
565 236
498 277
547 407
607 284
541 345
520 265
555 407
534 357
479 341
622 449
544 464
552 444
468 351
476 281
634 253
520 358
378 349
420 387
557 452
579 256
480 362
470 261
372 365
612 473
380 377
555 447
608 291
602 250
615 447
533 279
567 437
525 280
551 439
630 245
498 331
427 342
509 363
619 474
543 497
425 350
504 359
361 376
506 381
499 403
526 315
550 504
501 334
551 419
500 360
518 417
505 359
611 409
613 478
473 276
580 412
500 378
608 458
505 398
594 436
454 282
503 410
536 349
562 429
514 402
536 348
427 350
541 313
466 268
508 275
450 296
501 384
610 443
466 280
507 390
554 282
639 245
609 444
616 290
531 314
555 443
417 381
404 383
620 281
509 307
526 352
459 326
619 257
610 444
565 240
566 234
583 496
552 402
483 364
455 290
527 359
619 456
514 274
417 387
576 232
503 381
367 352
599 423
603 453
537 279
576 439
555 285
442 343
569 497
578 234
566 275
577 406
602 266
492 370
541 433
505 365
475 329
622 452
410 374
481 354
559 275
584 439
573 236
573 416
373 345
375 341
619 255
433 326
493 372
471 324
442 312
405 386
534 352
539 316
605 235
553 239
435 361
516 301
617 247
581 247
512 275
613 463
533 414
552 239
557 450
624 254
606 288
507 352
562 497
577 492
420 381
530 351
589 260
587 239
468 263
613 290
610 243
512 279
415 388
554 285
506 351
622 441
558 458
424 383
612 274
374 358
591 441
563 240
513 278
428 349
602 244
607 240
453 283
584 433
635 256
576 230
490 345
516 310
466 341
599 448
618 289
549 451
473 277
543 466
479 352
543 496
496 279
635 253
578 412
582 242
464 289
504 403
559 458
541 427
446 339
485 370
488 380
539 347
612 262
541 281
631 250
551 399
597 266
367 332
457 329
446 323
475 361
568 440
505 348
474 274
598 456
380 375
566 435
508 414
612 395
522 353
577 265
425 348
614 449
580 410
609 243
600 458
509 303
518 312
430 310
357 347
432 309
583 439
371 376
566 495
613 464
513 310
619 403
503 383
592 413
425 327
441 341
424 385
463 292
538 311
500 374
614 267
462 271
609 291
468 363
501 398
420 388
552 443
549 407
496 275
590 266
435 323
628 246
568 435
584 432
579 496
366 354
502 396
607 289
574 234
554 452
513 410
543 478
646 241
461 348
556 221
552 452
515 357
609 443
602 460
531 306
516 298
552 285
520 268
467 265
555 394
575 253
518 294
605 465
425 370
440 343
532 352
515 355
589 441
524 415
606 448
507 379
475 360
441 327
527 311
552 281
416 311
568 240
417 309
516 400
561 436
639 260
419 389
369 375
581 249
563 227
611 451
527 358
483 322
548 406
542 480
535 299
548 286
590 458
590 246
552 287
478 341
527 357
449 324
418 305
521 280
562 464
609 263
494 319
467 284
541 493
510 298
520 267
427 327
542 495
503 399
371 335
538 303
520 315
537 337
438 327
549 405
575 494
608 459
507 338
589 238
610 264
406 394
563 273
583 247
534 338
404 387
550 415
531 418
374 348
620 284
595 435
553 420
604 467
514 413
582 234
520 412
561 420
537 496
459 328
602 414
600 244
487 370
620 455
619 444
447 341
448 327
618 258
428 326
470 284
354 428
472 324
558 506
617 248
374 369
470 288
503 406
440 338
470 322
552 400
592 450
475 273
413 381
506 337
606 466
621 440
469 265
467 353
480 363
644 240
453 293
622 484
626 485
431 326
512 356
534 335
580 253
511 414
645 247
470 344
518 354
513 283
424 360
550 318
620 282
505 273
575 254
549 454
614 462
363 355
461 268
514 299
517 311
628 254
622 401
504 365
548 241
636 244
615 403
604 264
534 348
507 395
516 300
416 307
527 420
645 239
497 342
455 294
467 331
448 342
555 398
620 444
458 325
467 351
612 448
502 404
568 276
552 278
561 463
582 405
467 332
612 445
494 373
618 273
532 538
551 286
466 355
515 294
479 328
414 391
407 397
539 283
546 464
553 450
522 419
586 258
428 308
580 254
500 341
604 451
555 454
552 227
570 438
595 439
613 474
639 264
532 281
424 344
481 278
522 315
482 344
512 273
602 267
413 311
489 357
527 309
607 478
576 408
484 356
595 244
552 508
477 367
532 312
486 349
374 370
638 263
368 335
515 410
480 322
586 405
630 438
624 251
553 396
452 296
450 342
592 419
441 315
470 350
532 360
473 363
580 432
475 362
637 258
480 344
573 493
497 375
564 228
454 289
600 460
533 420
580 437
604 238
546 406
566 241
563 241
559 397
523 277
592 417
440 315
625 257
555 224
608 465
562 231
480 349
582 230
534 540
551 455
583 435
360 352
550 411
620 445
626 250
542 283
405 383
491 384
606 240
553 443
654 238
617 274
419 376
420 376
418 376
421 376
418 375
422 376
417 375
422 375
416 375
417 374
422 374
415 375
417 373
423 374
414 375
415 376
417 372
424 374
425 369
425 368
424 368
425 367
424 367
425 366
424 366
426 366
423 366
427 366
426 365
422 366
426 364
422 365
421 365
422 364
421 364
423 364
423 363
423 362
424 362
425 362
425 361
426 361
425 360
427 361
425 359
428 361
426 359
424 359
428 360
427 359
424 358
429 360
423 358
430 360
423 357
430 361
423 356
430 362
424 356
422 356
431 362
429 362
424 355
421 356
432 362
431 363
420 356
421 357
433 362
431 364
419 356
421 358
434 362
430 364
419 355
420 358
434 361
419 354
420 359
434 360
420 354
418 354
434 359
420 353
418 353
435 359
433 359
434 358
417 353
418 352
436 359
416 353
418 351
437 359
416 354
418 350
437 358
415 354
419 350
418 349
414 354
420 350
418 348
413 354
421 350
412 354
421 349
405 401
404 401
403 401
404 402
404 403
404 404
404 405
403 405
404 406
402 405
404 407
402 406
404 408
402 407
405 408
401 407
405 409
400 407
405 410
399 407
400 408
405 411
399 406
400 409
406 411
404 411
399 405
399 409
400 410
400 405
398 405
399 404
398 409
399 410
400 411
397 405
397 409
397 404
396 409
397 403
396 410
396 403
397 402
396 411
395 403
396 402
395 411
394 403
396 401
395 412
396 400
395 413
396 399
394 413
395 414
395 399
393 413
396 414
395 398
392 413
393 414
396 415
395 397
391 413
397 415
396 416
396 397
394 397
390 413
391 412
398 415
396 396
394 396
389 413
390 412
399 415
398 416
398 414
394 395
389 414
390 411
400 415
398 417
393 395
388 414
389 415
401 415
399 417
398 418
393 394
387 414
389 416
402 415
401 414
398 419
392 394
613 404
386 414
388 416
389 417
403 415
398 420
391 394
386 413
387 416
389 418
404 415
399 420
397 420
398 421
391 395
391 393
386 412
386 416
387 417
390 418
404 416
404 414
397 421
391 396
391 392
386 411
386 417
391 418
390 419
404 417
391 397
391 391
387 411
386 410
386 418
392 418
390 420
403 417
392 397
390 397
392 391
390 391
388 411
386 409
385 418
391 420
390 421
403 418
389 397
393 391
389 391
390 390
388 410
386 408
384 418
391 421
389 421
390 422
592 411
389 396
394 391
389 390
390 389
388 409
387 408
385 408
383 418
384 419
390 423
388 396
394 390
391 389
390 388
384 408
382 418
387 396
395 390
392 389
390 387
384 407
382 419
386 396
396 390
395 389
393 389
391 387
390 386
384 406
381 419
382 420
385 396
386 397
397 390
393 388
392 387
389 386
383 406
381 420
385 395
386 398
397 391
392 386
388 386
383 405
380 420
385 398
397 392
393 386
387 386
388 387
388 385
382 405
379 420
380 421
385 399
397 393
394 386
386 386
388 384
381 405
380 422
398 393
397 394
394 387
394 385
386 387
387 384
388 383
380 405
380 423
399 393
397 395
395 385
389 383
379 405
380 424
589 409
378 405
379 404
379 424
380 425
614 404
377 405
378 406
379 425
380 426
590 409
373 339
377 406
377 404
380 427
614 402
379 427
380 428
603 408
378 427
381 428
410 321
374 334
378 428
382 428
542 339
608 399
378 429
383 428
382 429
382 427
622 402
450 299
379 429
377 429
384 428
383 427
382 430
450 300
379 430
377 430
383 426
383 430
381 430
382 431
609 407
380 430
379 431
376 430
383 431
381 431
373 340
379 432
375 430
383 432
620 280
379 433
374 430
375 431
375 429
383 433
611 407
589 410
380 433
375 432
375 428
384 433
634 244
611 400
374 432
375 433
375 427
384 434
609 406
375 434
374 427
375 426
384 435
592 415
541 340
375 435
373 427
384 436
609 403
376 435
374 435
372 427
373 426
384 437
416 312
373 435
374 436
371 427
384 438
371 337
373 436
370 427
385 438
383 438
384 439
620 396
373 437
369 427
386 438
382 438
616 394
369 428
386 439
382 439
622 400
368 428
386 440
382 440
621 397
367 428
368 429
385 440
382 441
374 331
366 428
382 442
613 408
365 428
366 429
381 442
373 331
365 427
366 430
381 443
449 300
367 430
365 430
366 431
381 444
610 403
595 412
364 430
382 444
381 445
600 410
609 408
363 430
364 431
364 429
383 444
380 445
449 301
623 284
363 431
363 429
384 444
383 445
610 393
609 388
362 431
363 432
362 429
363 428
385 444
384 445
608 386
622 283
362 432
363 433
361 429
363 427
386 444
385 445
384 446
446 302
519 293
590 410
361 432
362 433
363 434
360 429
361 428
386 445
540 342
448 302
361 433
364 434
359 429
360 430
387 445
621 400
360 433
361 434
365 434
364 435
359 428
612 400
609 398
360 434
365 435
364 436
358 428
587 407
612 404
366 435
363 436
358 427
616 395
600 411
447 303
363 437
357 427
447 304
362 333
610 392
363 333
542 338
362 437
363 438
357 426
611 398
446 304
616 400
363 439
357 425
611 408
611 404
540 337
542 337
364 439
356 425
357 424
371 334
616 398
619 396
368 333
590 446
364 440
355 425
357 423
591 409
607 409
539 460
364 441
354 425
356 423
542 335
372 331
587 437
364 442
621 274
354 424
606 408
612 402
604 409
542 459
475 269
621 486
353 424
601 416
412 321
540 335
547 457
581 439
576 441
367 379
537 497
538 498
622 486
353 423
319 496
610 395
369 333
567 442
613 479
572 246
616 296
617 295
622 485
353 422
520 292
370 336
373 344
620 440
622 440
375 366
593 241
636 256
634 256
646 243
353 421
542 340
560 453
603 407
622 398
619 467
553 231
553 232
614 295
558 501
354 421
353 420
370 334
612 401
593 412
610 477
524 278
374 367
621 464
605 290
609 297
608 296
354 420
352 420
353 419
587 409
607 408
590 408
555 233
554 233
608 295
555 498
355 420
591 413
539 336
373 332
597 411
619 477
609 477
536 495
355 419
544 335
595 411
375 342
618 466
620 464
554 234
632 250
644 244
356 419
355 418
608 388
592 416
594 408
422 307
422 305
590 254
585 249
539 498
649 238
357 419
356 418
354 418
355 417
367 334
615 395
542 336
624 439
449 297
451 297
557 505
358 419
357 420
355 416
373 335
374 329
374 328
622 456
358 345
573 250
609 295
359 419
356 416
355 415
411 320
595 410
560 396
356 347
621 477
607 477
372 366
359 420
359 418
355 414
618 397
617 393
595 407
608 476
611 294
375 363
645 246
360 420
359 421
360 418
354 414
355 413
617 397
615 396
622 457
618 464
423 308
421 308
610 295
374 362
361 420
359 422
360 417
355 412
616 393
613 397
424 308
358 346
621 478
607 290
635 251
360 422
358 422
355 411
534 337
540 336
620 456
622 274
621 457
618 463
619 462
634 250
610 294
356 411
354 411
361 333
591 411
541 337
622 404
424 309
426 308
622 478
606 476
608 290
376 363
642 247
356 410
354 410
543 341
599 412
626 438
449 302
618 461
448 303
435 325
620 289
635 247
353 410
611 396
600 409
358 347
424 310
427 308
622 479
635 249
437 320
635 248
353 409
611 395
369 337
599 413
605 476
604 286
620 459
617 461
618 460
439 323
639 243
639 246
353 408
612 392
588 410
619 459
426 307
623 479
622 480
605 475
617 459
441 320
638 246
638 245
446 309
440 308
616 459
615 458
442 308
423 310
620 277
440 318
441 318
623 480
628 437
627 436
421 353
442 314
613 289
624 281
443 308
444 308
442 313
636 245
441 308
445 309
445 307
623 481
627 435
443 314
446 307
446 310
447 307
446 305
609 387
593 411
585 410
364 443
365 443
363 443
364 444
366 443
362 443
364 445
367 443
361 443
363 445
367 442
361 444
368 442
367 441
360 444
368 441
367 440
359 444
358 444
358 445
358 443
357 445
358 446
358 442
358 447
359 447
358 448
358 449
359 449
357 449
360 449
357 450
360 448
357 451
356 451
357 452
355 451
356 452
358 452
355 452
355 450
358 453
354 452
355 453
358 454
353 452
355 454
359 454
352 452
355 455
360 454
352 453
355 456
361 454
351 453
356 456
362 454
361 455
361 453
350 453
357 456
363 454
350 452
358 456
357 455
364 454
350 451
358 457
365 454
351 451
349 451
350 450
358 458
365 455
365 453
351 450
348 451
359 458
365 456
365 452
352 450
347 451
359 459
366 456
364 456
366 452
364 452
346 451
359 460
366 457
363 456
366 451
364 451
345 451
366 458
362 456
366 450
364 450
344 451
345 452
345 450
366 459
362 457
345 453
345 449
365 459
366 460
361 457
346 453
344 449
345 448
364 459
365 460
347 453
346 454
343 449
345 447
365 461
346 455
342 449
343 450
343 448
364 461
365 462
345 455
343 447
366 462
344 455
342 447
343 446
367 462
366 463
344 456
344 454
343 445
366 464
343 456
344 457
343 454
367 464
366 465
342 456
344 458
368 464
344 459
369 464
345 459
344 460
370 464
369 465
345 460
343 460
371 464
370 463
369 466
346 460
345 461
342 460
343 461
371 465
370 462
370 466
368 466
369 467
347 460
341 460
343 462
371 466
367 466
348 460
342 462
343 463
371 467
349 460
371 468
349 459
370 468
371 469
350 459
349 458
370 469
371 470
351 459
350 458
349 457
369 469
352 459
350 457
368 469
369 470
352 460
351 457
350 456
367 469
369 471
353 460
352 457
350 455
367 470
367 468
369 472
353 461
367 471
370 472
354 461
367 472
371 472
355 461
354 462
367 473
372 472
371 473
355 462
355 460
354 463
367 474
373 472
372 471
353 463
354 464
367 475
374 472
352 463
354 465
366 475
355 465
354 466
354 467
353 467
354 468
352 467
353 468
352 468
353 469
351 468
353 470
353 471
354 471
354 472
354 473
354 474
355 474
353 474
355 475
352 474
352 475
352 476
351 476
352 477
350 476
353 477
350 477
353 478
349 477
350 478
348 477
347 477
348 478
348 476
347 476
348 479
348 475
347 475
349 479
348 480
347 480
348 481
346 480
347 481
347 482
347 483
348 483
346 483
349 483
345 483
350 483
349 484
344 483
345 484
350 484
344 482
345 485
351 484
350 485
344 485
352 484
343 485
344 486
353 484
352 485
342 485
343 486
353 485
353 483
342 486
354 485
353 482
342 487
355 485
354 486
341 487
356 485
355 484
354 487
341 488
354 488
340 488
355 488
354 489
339 488
356 488
354 490
339 489
339 487
356 489
354 491
338 489
338 487
339 486
357 489
338 490
358 489
357 490
337 490
359 489
357 491
336 490
360 489
356 491
357 492
335 490
360 490
357 493
335 491
361 490
357 494
335 492
362 490
358 494
336 492
334 492
363 490
362 489
358 495
337 492
333 492
334 493
363 491
359 495
337 493
332 492
333 493
333 491
363 492
337 494
332 491
333 494
333 490
364 492
362 492
363 493
336 494
337 495
333 495
333 489
355 424
361 492
363 494
338 495
334 495
332 495
333 496
332 489
335 503
362 494
339 495
338 496
334 496
331 495
333 497
331 489
332 488
336 504
322 494
339 501
339 496
339 494
330 495
333 498
331 490
331 488
338 502
325 493
326 492
339 497
340 494
329 495
334 498
331 487
323 495
319 494
338 503
324 493
339 498
340 493
328 495
329 496
335 498
334 499
330 487
334 503
335 502
337 503
323 493
338 498
340 492
327 495
336 498
335 497
329 487
321 494
320 495
320 496
338 499
339 492
326 495
327 494
336 497
336 503
323 494
333 503
338 500
326 494
320 494
319 495
339 500
338 501
365 492
366 492
367 492
366 493
366 491
367 493
367 491
366 490
367 494
368 491
367 490
366 489
368 494
367 495
369 491
366 488
369 494
367 496
497 343
370 494
369 495
367 497
371 494
366 497
372 494
371 495
365 497
371 496
365 498
371 497
365 499
372 497
366 499
365 500
372 498
367 499
365 501
366 501
367 501
366 502
368 501
369 501
369 502
370 502
369 503
370 503
368 503
371 503
367 503
368 504
368 505
367 505
366 505
365 505
366 506
366 504
365 504
366 507
365 503
366 508
365 508
366 509
364 508
366 510
363 508
364 509
366 511
363 507
365 511
362 507
363 506
365 512
361 507
364 512
360 507
361 506
364 513
359 507
361 505
364 514
359 508
360 505
365 514
363 514
359 509
359 505
365 515
362 514
360 509
359 504
365 516
362 515
360 510
359 503
366 516
365 517
361 515
361 510
360 511
358 503
359 502
367 516
364 517
361 516
357 503
360 502
359 501
368 516
361 517
357 502
360 501
368 515
362 517
361 518
356 502
361 501
368 514
361 519
355 502
356 501
367 514
362 519
360 519
354 502
355 503
356 500
367 513
363 519
359 519
360 520
353 502
356 499
358 519
360 521
352 502
356 498
358 520
352 503
355 498
357 520
354 498
356 520
355 520
356 521
354 520
355 519
356 522
354 519
356 523
353 519
354 518
357 523
355 523
356 524
352 519
354 517
358 523
354 523
352 520
354 516
358 524
354 524
353 516
354 515
359 524
353 524
355 515
359 525
352 524
353 525
356 515
359 526
352 525
352 523
353 526
356 514
360 526
358 526
352 522
353 527
356 513
358 527
354 527
353 528
355 513
358 528
353 529
354 513
358 529
352 529
354 512
359 529
352 530
353 512
360 529
359 530
351 530
353 511
359 531
350 530
351 531
359 532
350 529
351 532
360 532
358 532
349 529
350 532
360 533
350 533
360 534
350 534
361 534
359 534
349 534
350 535
361 535
358 534
348 534
351 535
350 536
362 535
352 535
349 536
350 537
362 536
352 534
351 537
350 538
362 537
352 533
352 537
350 539
363 537
361 537
353 533
351 539
349 539
364 537
361 538
354 533
352 539
348 539
364 536
361 539
355 533
348 538
365 536
364 535
361 540
356 533
348 537
366 536
361 541
347 537
367 536
366 537
362 541
360 541
346 537
368 536
367 535
363 541
359 541
345 537
346 538
368 535
364 541
363 542
359 542
359 540
344 537
345 536
369 535
365 541
364 540
363 543
358 542
359 539
343 537
370 535
365 542
365 540
363 544
358 543
342 537
371 535
370 536
365 543
364 544
362 544
363 545
358 544
341 537
342 536
372 535
371 534
366 543
361 544
357 544
341 538
373 535
372 536
371 533
367 543
360 544
356 544
357 545
340 538
371 532
367 544
367 542
360 543
356 545
339 538
371 531
368 544
367 541
355 545
356 546
339 539
371 530
368 545
368 541
354 545
355 546
338 539
372 530
369 545
368 546
368 540
354 544
355 547
337 539
338 540
373 530
372 529
368 547
354 543
355 548
336 539
337 540
374 530
372 528
367 547
368 548
353 543
355 549
335 539
336 540
375 530
374 529
372 527
369 548
368 549
353 542
356 549
355 550
334 539
335 540
376 530
373 527
371 527
367 549
357 549
334 540
334 538
377 530
376 531
376 529
374 527
370 527
366 549
357 550
334 541
334 537
378 530
377 531
377 529
376 528
369 527
370 526
365 549
333 541
334 542
335 537
333 537
379 530
378 531
377 532
375 528
376 527
369 528
369 526
370 525
364 549
335 542
334 543
336 537
333 536
379 531
379 529
377 533
376 526
368 526
363 549
336 542
333 543
333 535
380 529
376 533
376 525
368 525
363 550
336 543
332 543
333 544
332 535
381 529
380 528
376 534
376 524
367 525
363 551
337 543
331 543
332 542
333 545
332 534
382 529
380 527
376 535
375 524
367 524
364 551
363 552
338 543
331 544
334 545
331 534
382 530
380 526
375 535
376 536
375 523
366 524
363 553
338 544
330 534
377 536
376 537
375 522
365 524
363 554
338 545
330 533
378 536
375 537
374 522
365 523
362 554
339 545
337 545
329 533
378 535
373 522
364 523
365 522
361 554
336 545
337 546
328 533
379 535
372 522
360 554
361 555
361 553
337 547
327 533
380 535
372 523
360 553
361 556
337 548
326 533
327 534
327 532
380 536
359 553
360 552
360 556
338 548
337 549
325 533
326 532
327 535
327 531
381 536
360 557
339 548
337 550
324 533
325 534
325 532
328 535
327 530
382 536
359 557
339 549
336 550
337 551
324 532
325 535
328 536
327 529
383 536
382 535
358 557
339 550
336 551
325 536
327 528
383 537
358 558
358 556
335 551
326 528
384 537
383 538
357 558
358 559
334 551
325 528
326 527
385 537
384 538
382 538
356 558
505 388
334 552
324 528
326 526
386 537
385 536
381 538
382 539
355 558
356 557
334 553
323 528
324 527
327 526
326 525
387 537
385 535
381 539
355 559
355 557
335 553
333 553
323 529
324 526
327 525
387 538
385 534
381 540
354 559
355 560
355 556
336 553
333 554
323 530
328 525
388 538
386 534
380 540
353 559
356 560
355 561
354 556
337 553
332 554
324 530
322 530
329 525
389 538
386 533
352 559
353 560
353 558
357 560
354 561
353 556
337 554
331 554
332 555
325 530
321 530
330 525
390 538
386 532
352 558
353 557
357 561
354 562
352 556
337 555
330 554
331 553
332 556
320 530
331 525
391 538
387 532
385 532
386 531
351 558
352 557
357 562
352 555
336 555
337 556
331 552
331 556
332 557
320 531
332 525
331 526
331 524
391 539
384 532
386 530
421 324
358 562
356 562
338 556
337 557
331 551
331 557
333 557
332 558
319 531
320 532
333 525
331 527
331 523
391 540
383 532
384 531
387 530
386 529
359 562
339 556
336 557
332 551
332 559
318 531
319 532
321 532
320 533
334 525
331 528
330 523
331 522
383 533
384 530
388 530
386 528
359 563
359 561
339 557
339 555
317 531
322 532
335 525
332 528
329 523
382 533
389 530
387 528
359 564
360 561
340 557
316 531
322 533
335 524
332 529
390 530
388 528
387 527
341 557
315 531
391 530
390 531
390 529
387 526
341 558
314 531
392 530
390 528
388 526
386 526
341 559
314 532
314 530
390 527
388 525
385 526
386 525
342 559
340 559
313 532
314 529
389 525
388 524
385 527
386 524
342 560
340 560
312 532
314 528
390 525
389 524
387 524
384 527
385 524
339 560
340 561
311 532
315 528
314 527
390 524
389 523
383 527
338 560
340 562
311 531
316 528
315 527
313 527
391 524
389 522
383 526
338 559
310 531
316 529
315 526
312 527
313 526
392 524
389 521
309 531
310 530
315 525
312 526
392 525
390 521
388 521
389 520
308 531
310 529
314 525
315 524
312 525
393 525
391 521
389 519
308 532
308 530
311 529
314 524
316 524
311 525
312 524
394 525
390 519
307 530
312 529
312 523
394 526
391 519
306 530
313 523
312 522
394 527
391 518
305 530
306 531
313 522
312 521
395 527
392 518
391 517
304 530
305 529
313 521
311 521
395 528
393 518
391 516
303 530
305 528
314 521
395 529
394 518
393 519
393 517
390 516
391 515
302 530
303 531
315 521
396 529
394 517
393 516
389 516
301 530
303 532
315 520
397 529
396 530
395 517
393 515
389 517
300 530
301 531
303 533
315 519
397 530
397 528
396 517
393 514
301 532
303 534
315 518
397 531
398 528
396 516
392 514
302 534
316 518
314 518
398 527
397 516
396 515
317 518
314 517
399 527
398 526
398 516
396 514
318 518
313 517
400 527
399 526
398 517
396 513
313 516
401 527
400 528
399 525
399 517
396 512
312 516
401 528
399 524
397 512
312 515
402 528
400 524
399 523
398 512
311 515
312 514
403 528
402 529
401 524
398 523
399 522
312 513
404 528
402 530
401 523
400 522
313 513
312 512
405 528
404 527
401 530
402 531
400 521
314 513
312 511
406 528
404 526
402 532
401 521
314 514
311 511
312 510
407 528
403 526
401 532
402 533
401 520
310 511
311 510
408 528
401 533
403 533
401 519
309 511
310 510
311 509
409 528
401 534
404 533
403 534
400 519
401 518
308 511
309 512
311 508
410 528
409 529
404 534
399 519
402 518
312 508
411 528
410 529
410 527
409 530
405 534
398 519
402 517
312 507
411 527
408 530
409 531
403 517
312 506
410 531
409 532
404 517
312 505
410 532
409 533
405 517
311 505
312 504
411 532
410 533
408 533
409 534
406 517
310 505
313 504
312 503
412 532
409 535
407 517
310 506
314 504
409 536
407 516
309 506
315 504
410 536
407 515
308 506
309 507
315 505
315 503
411 536
410 537
407 514
308 507
308 505
316 505
412 536
411 537
411 535
410 538
408 514
406 514
308 508
317 505
413 536
411 538
409 538
405 514
307 508
308 509
317 504
414 536
412 538
408 538
409 539
405 513
306 508
318 504
414 537
414 535
412 539
407 538
404 513
305 508
318 503
415 537
407 539
404 512
304 508
305 509
305 507
319 503
318 502
416 537
406 539
403 512
303 508
304 507
318 501
405 539
303 509
318 500
405 540
303 510
319 500
317 500
318 499
405 541
320 500
318 498
405 542
320 501
317 498
318 497
405 543
320 502
316 498
405 544
316 497
405 545
315 497
404 545
314 497
403 545
404 546
314 498
402 545
404 547
313 498
401 545
405 547
403 547
404 548
312 498
401 544
406 547
404 549
312 497
401 543
407 547
405 549
403 549
312 496
402 543
401 542
407 548
403 550
312 495
403 543
401 541
408 548
402 550
403 551
312 494
400 541
409 548
401 550
311 494
312 493
399 541
409 549
409 547
400 550
401 551
310 494
311 493
313 493
398 541
399 542
410 549
409 550
410 547
409 546
400 549
401 552
309 494
310 495
311 492
313 492
398 540
399 543
410 550
408 550
409 551
411 547
399 549
400 548
400 552
310 496
310 492
313 491
397 540
411 550
408 551
412 547
398 549
400 547
400 553
310 497
309 492
310 491
314 491
312 491
313 490
411 551
407 551
412 546
401 547
399 547
310 498
308 492
310 490
315 491
313 489
411 552
407 552
413 546
309 498
308 493
308 491
311 490
310 489
316 491
313 488
411 553
406 552
414 546
309 499
307 493
311 489
316 490
314 488
412 553
410 553
411 554
405 552
414 545
308 499
432 328
315 488
314 487
411 555
405 553
405 551
414 544
542 299
315 487
314 486
412 555
404 553
405 554
415 544
413 544
414 543
543 299
313 486
413 555
412 556
406 554
416 544
412 544
543 300
313 485
414 555
413 556
406 555
417 544
544 301
313 484
415 555
414 554
406 556
418 544
417 545
543 301
416 555
415 554
405 556
406 557
419 544
418 545
418 543
417 546
531 298
543 302
417 555
415 553
404 556
407 557
420 544
418 546
418 542
532 298
417 556
416 553
404 555
407 558
420 543
418 541
417 557
416 552
403 555
408 558
407 559
421 543
418 540
418 557
416 557
417 558
416 551
402 555
408 559
407 560
421 542
417 540
418 539
417 559
417 551
416 550
401 555
402 554
409 559
408 560
422 542
416 540
419 539
418 559
416 559
417 560
417 550
400 555
410 559
423 542
422 541
415 540
416 539
420 539
419 538
417 561
418 550
399 555
424 542
423 541
415 541
418 561
416 561
399 556
424 543
423 540
414 541
416 562
398 556
399 557
424 544
424 540
413 541
415 562
397 556
400 557
425 540
413 542
414 562
415 563
396 556
397 555
400 558
426 540
425 539
413 562
414 563
395 556
400 559
426 541
425 538
412 562
414 564
394 556
395 557
395 555
401 559
400 560
427 541
426 538
424 538
411 562
413 564
429 371
428 541
426 537
423 538
410 562
412 564
413 565
429 541
428 542
426 536
422 538
423 537
409 562
411 564
412 565
413 566
430 541
428 543
426 535
422 537
409 563
412 566
413 567
428 544
427 535
426 534
414 567
413 568
427 544
428 545
428 535
425 534
415 567
428 546
428 536
425 533
415 568
427 546
428 547
429 536
424 533
415 569
429 547
428 548
430 536
415 570
427 548
430 537
430 535
416 570
414 570
427 549
430 538
431 535
417 570
413 570
427 550
430 539
432 535
418 570
417 571
412 570
426 550
427 551
431 539
429 539
433 535
432 534
417 572
426 551
427 552
432 539
428 539
434 535
418 572
417 573
428 552
432 538
549 396
435 535
419 572
417 574
429 552
428 553
432 537
436 535
420 572
419 573
416 574
430 552
429 551
428 554
433 537
437 535
421 572
420 571
419 574
415 574
416 575
430 553
430 551
429 550
427 554
434 537
438 535
421 571
415 575
416 576
431 553
430 554
426 554
427 555
434 538
439 535
422 571
414 575
416 577
431 554
430 555
425 554
440 535
439 536
423 571
413 575
417 577
431 555
429 555
425 555
440 536
424 571
423 572
413 574
417 578
424 555
441 536
440 537
425 571
423 573
413 573
417 579
424 556
442 536
441 537
425 570
412 573
418 579
424 557
442 537
442 535
441 538
425 569
418 580
425 557
423 557
442 538
426 569
419 580
418 581
425 558
422 557
443 538
442 539
427 569
417 581
418 582
422 556
443 539
442 540
428 569
427 570
416 581
418 583
444 539
442 541
429 569
428 568
415 581
418 584
444 540
430 569
428 567
414 581
419 584
418 585
445 540
444 541
431 569
427 567
413 581
420 584
446 540
431 570
427 566
412 581
421 584
446 541
446 539
431 571
427 565
412 582
412 580
422 584
446 542
447 539
431 572
411 582
412 583
422 583
447 542
446 543
448 539
432 572
430 572
411 583
412 584
423 583
448 542
449 539
448 540
448 538
432 573
429 572
430 573
410 583
423 582
450 539
448 537
432 574
429 573
409 583
423 581
450 540
448 536
433 574
431 574
428 573
409 584
409 582
422 581
423 580
450 541
449 536
447 536
433 575
431 575
428 574
408 582
421 581
424 580
450 536
447 535
431 576
427 574
428 575
407 582
408 581
420 581
425 580
446 535
447 534
432 576
431 577
426 574
428 576
406 582
426 580
425 581
445 535
448 534
447 533
425 574
426 575
426 573
405 582
406 583
425 582
445 536
445 534
449 534
448 533
425 575
426 576
404 582
406 584
425 583
445 533
450 534
449 533
448 532
424 575
404 583
406 585
425 584
445 532
451 534
450 533
448 531
403 583
426 584
444 532
445 531
451 533
449 531
448 530
402 583
426 585
443 532
444 531
445 530
451 532
449 530
401 583
427 585
426 586
443 533
445 529
451 531
450 530
449 529
400 583
401 584
401 582
428 585
442 533
443 534
452 531
400 584
401 581
428 586
428 584
441 533
453 531
399 584
401 580
428 587
428 583
440 533
454 531
453 530
398 584
402 580
427 587
429 583
428 582
440 532
455 531
454 532
398 585
440 531
455 530
454 533
398 586
440 530
456 530
455 529
454 534
397 586
398 587
440 529
457 530
456 529
455 528
455 534
454 535
396 586
398 588
440 528
458 530
457 531
454 528
455 527
456 534
395 586
396 587
399 588
397 588
441 528
439 528
459 530
458 529
457 532
453 528
456 527
456 533
394 586
395 585
400 588
399 589
442 528
438 528
460 530
459 531
459 529
458 532
457 527
394 587
428 538
401 588
442 527
438 529
438 527
461 530
457 526
393 587
402 588
401 587
442 526
437 529
462 530
457 525
393 588
403 588
402 589
443 526
437 530
463 530
458 525
456 525
392 588
393 589
404 588
403 589
403 587
436 530
463 529
458 524
455 525
456 524
393 590
403 590
403 586
435 530
463 528
456 523
404 590
403 591
404 586
402 586
434 530
464 528
455 523
404 591
402 591
405 586
402 585
433 530
464 527
454 523
404 592
401 591
432 530
465 527
464 526
454 524
404 593
400 591
401 592
466 527
465 526
453 524
405 593
404 594
400 592
400 590
467 527
466 528
465 525
452 524
453 525
403 594
400 593
467 528
466 529
465 524
452 523
403 595
399 593
468 528
466 530
465 523
452 522
402 595
399 594
466 531
464 523
451 522
452 521
402 596
398 594
399 595
467 531
466 532
463 523
450 522
401 596
397 594
398 595
466 533
462 523
463 522
449 522
450 523
401 597
396 594
397 595
397 593
467 533
466 534
462 524
462 522
463 521
449 523
449 521
401 598
395 594
397 592
468 533
466 535
461 522
464 521
448 523
449 520
400 598
395 595
395 593
396 592
468 534
468 532
466 536
461 521
465 521
464 520
448 524
448 520
399 598
400 599
394 593
468 535
469 532
466 537
461 520
466 521
464 519
448 525
447 520
399 599
400 600
393 593
394 592
469 535
470 532
465 537
466 538
461 519
467 521
466 520
465 519
463 519
449 525
448 526
446 520
399 600
392 593
394 591
470 535
464 537
467 538
460 519
468 521
465 518
449 526
445 520
446 519
399 601
392 592
464 536
467 539
465 517
445 521
446 518
398 601
391 592
392 591
467 540
466 517
464 517
465 516
444 521
445 522
447 518
446 517
398 602
390 592
391 591
468 540
466 540
466 516
463 517
443 521
444 522
448 518
445 517
446 516
397 602
398 603
389 592
390 593
391 590
466 541
467 516
463 516
443 520
449 518
446 515
396 602
398 604
388 592
391 589
466 542
463 515
442 520
449 517
447 515
445 515
396 603
396 601
398 605
387 592
390 589
464 515
463 514
441 520
450 517
449 516
395 603
397 605
398 606
386 592
389 589
463 513
440 520
441 521
441 519
450 516
398 607
388 589
389 588
464 513
462 513
463 512
439 520
441 518
451 516
397 607
398 608
389 587
465 513
464 512
462 512
463 511
438 520
399 608
388 587
464 511
463 510
438 521
438 519
399 609
388 586
465 511
464 510
462 510
437 521
399 610
387 586
388 585
466 511
464 509
461 510
436 521
400 610
386 586
387 585
389 585
465 509
464 508
460 510
461 511
461 509
436 522
436 520
401 610
400 611
387 584
465 508
464 507
460 511
461 508
400 612
386 584
387 583
466 508
465 507
459 511
461 507
400 613
385 584
388 583
467 508
466 507
401 613
399 613
384 584
388 582
468 508
467 509
466 506
401 614
398 613
388 581
469 508
466 505
401 615
398 614
389 581
470 508
469 509
467 505
465 505
402 615
397 614
390 581
471 508
469 510
468 505
403 615
397 615
391 581
390 582
472 508
469 505
468 506
404 615
396 615
392 581
391 582
391 580
472 509
472 507
469 504
405 615
396 616
393 581
391 579
472 510
473 507
472 506
469 503
406 615
395 616
396 617
394 581
392 579
391 578
473 510
472 511
474 507
469 502
406 614
394 616
396 618
395 581
390 578
472 512
474 508
474 506
407 614
393 616
395 618
395 582
395 580
389 578
390 577
471 512
472 513
475 506
408 614
392 616
394 618
395 579
388 578
390 576
473 513
476 506
409 614
392 617
392 615
396 579
395 578
388 579
389 576
474 513
477 506
410 614
391 617
392 618
392 614
394 578
395 577
387 579
388 576
389 575
475 513
477 507
411 614
391 618
392 619
391 614
393 578
394 577
395 576
387 576
389 574
476 513
475 512
477 508
412 614
391 619
391 613
395 575
386 576
477 513
478 508
412 615
412 613
390 619
391 612
386 577
478 513
477 514
479 508
413 615
412 616
412 612
389 619
391 611
478 514
477 515
480 508
479 507
413 616
411 616
413 612
411 612
389 620
391 610
476 515
481 508
479 506
413 617
411 617
414 612
413 611
388 620
389 621
391 609
476 516
482 508
481 509
481 507
413 618
413 610
388 621
390 609
391 608
475 516
476 517
483 508
482 509
481 506
413 619
412 610
413 609
388 622
392 608
477 517
484 508
482 506
481 505
414 619
412 619
414 609
413 608
388 623
477 518
484 509
483 506
481 504
414 620
412 620
415 609
414 608
389 623
387 623
388 624
485 509
480 504
481 503
414 621
411 620
416 609
389 624
386 623
387 624
486 509
480 503
482 503
415 621
413 621
410 620
416 610
385 623
486 508
480 502
483 503
416 621
409 620
417 610
416 611
384 623
385 624
487 508
479 502
480 501
483 504
417 621
408 620
409 621
415 611
383 623
385 625
488 508
487 507
478 502
479 501
480 500
418 621
407 620
408 621
408 619
409 622
382 623
383 624
386 625
385 626
489 508
488 507
487 506
477 502
478 503
478 501
481 500
480 499
408 618
409 623
382 622
386 626
385 627
490 508
489 509
487 505
476 502
478 500
481 499
480 498
410 623
408 623
381 622
387 626
385 628
491 508
490 509
489 510
487 504
475 502
476 501
411 623
410 624
380 622
386 628
492 508
491 507
490 510
489 511
488 504
487 503
412 623
410 625
379 622
380 623
386 629
493 508
491 506
490 511
489 512
489 504
486 503
410 626
378 622
494 508
491 511
488 512
489 503
486 502
410 627
378 623
495 508
494 509
494 507
492 511
487 512
488 513
490 503
485 502
409 627
410 628
377 623
378 624
496 508
495 507
494 510
492 512
486 512
488 514
491 503
485 501
409 628
411 628
376 623
496 509
496 507
493 510
485 512
488 515
492 503
485 500
408 628
376 624
376 622
496 510
497 507
484 512
485 513
488 516
493 503
485 499
407 628
376 625
376 621
498 507
483 512
489 516
487 516
494 503
406 628
407 629
407 627
375 625
376 626
375 621
499 507
487 517
405 628
407 630
375 626
377 626
374 621
486 517
487 518
405 627
408 630
377 627
374 620
486 518
488 518
405 626
408 631
378 627
373 620
485 518
488 519
408 632
379 627
372 620
484 518
408 633
379 628
371 620
483 518
484 519
407 633
379 629
370 620
371 621
371 619
483 519
407 634
378 629
379 630
370 621
482 519
407 635
378 630
380 630
369 621
481 519
407 636
378 631
380 631
368 621
481 520
408 636
407 637
378 632
381 631
367 621
480 520
481 521
409 636
406 637
407 638
379 632
377 632
378 633
366 621
367 620
481 522
410 636
409 637
376 632
365 621
366 620
481 523
411 636
365 622
366 619
481 524
412 636
365 623
366 618
480 524
412 637
412 635
364 623
365 624
367 618
366 617
479 524
412 638
413 635
363 623
364 624
365 617
366 616
478 524
479 525
411 638
362 623
363 624
363 622
364 625
364 617
366 615
478 523
479 526
410 638
411 639
361 623
362 624
363 625
367 615
365 615
477 523
478 526
479 527
411 640
360 623
362 625
363 626
367 614
476 523
480 527
411 641
360 624
360 622
363 627
368 614
476 524
476 522
481 527
412 641
410 641
359 624
359 622
364 627
369 614
475 524
476 521
481 528
481 526
413 641
409 641
359 625
359 621
369 615
369 613
475 521
481 529
414 641
413 640
409 642
358 625
359 626
359 620
475 520
482 529
415 641
414 642
408 642
409 643
358 626
360 620
359 619
474 520
483 529
416 641
415 642
414 643
408 643
359 618
473 520
484 529
417 641
416 642
414 644
408 644
358 618
473 519
485 529
418 641
413 644
414 645
407 644
357 618
473 518
485 530
419 641
412 644
415 645
406 644
356 618
357 617
473 517
485 531
420 641
411 644
412 643
406 643
356 619
357 616
473 516
486 531
420 642
420 640
405 643
406 642
355 619
356 620
487 531
421 642
421 640
420 639
406 641
355 620
488 531
422 642
422 640
420 638
405 641
354 620
488 532
488 530
422 643
421 638
420 637
404 641
353 620
488 533
488 529
422 644
422 638
420 636
352 620
487 533
488 528
422 645
422 637
419 636
351 620
486 533
487 534
488 527
422 646
423 637
418 636
351 621
487 535
489 527
488 526
422 647
424 637
418 635
351 622
488 535
486 535
487 526
488 525
421 647
425 637
424 636
417 635
351 623
488 536
485 535
486 526
421 648
426 637
425 638
416 635
352 623
351 624
488 537
485 536
485 526
421 649
426 638
426 636
352 624
350 624
488 538
484 536
484 526
422 649
420 649
421 650
427 638
426 639
426 635
350 625
488 539
423 649
420 650
421 651
428 638
425 635
426 634
349 625
350 626
489 539
423 648
420 651
429 638
428 639
428 637
425 634
426 633
348 625
351 626
350 627
490 539
429 639
428 640
428 636
425 633
347 625
351 627
349 627
491 539
430 639
428 641
428 635
425 632
346 625
349 628
491 540
491 538
431 639
429 641
428 634
424 632
345 625
346 626
349 629
492 540
491 537
431 640
431 638
424 631
345 624
346 627
350 629
348 629
349 630
493 540
492 537
491 536
432 640
432 638
431 637
423 631
424 630
345 623
347 627
346 628
351 629
349 631
494 540
493 537
490 536
491 535
433 640
433 638
431 636
422 631
425 630
346 623
349 632
494 541
494 537
491 534
433 641
433 639
432 636
431 635
421 631
425 629
348 632
495 541
494 542
494 536
492 534
433 642
432 635
431 634
421 630
348 633
496 541
495 542
494 543
494 535
434 642
432 642
433 635
431 633
420 630
421 629
347 633
497 541
496 542
495 543
434 643
431 642
434 635
430 633
431 632
419 630
420 629
421 628
346 633
347 634
497 540
495 544
435 643
430 642
431 643
435 635
434 634
418 630
421 627
346 634
347 635
498 540
497 539
495 545
436 643
430 643
431 644
418 631
418 629
421 626
347 636
499 540
496 539
496 545
437 643
430 644
432 644
431 645
417 631
418 632
417 629
420 626
346 636
500 540
496 538
496 546
438 643
437 642
429 644
430 645
433 644
431 646
416 631
416 629
417 628
420 625
346 637
500 541
500 539
439 643
438 642
416 628
346 638
501 541
440 643
416 627
346 639
502 541
440 644
440 642
346 640
503 541
440 645
441 642
504 541
441 645
440 646
505 541
442 645
506 541
505 542
443 645
442 644
507 541
505 543
444 645
442 643
507 542
504 543
505 544
445 645
508 542
503 543
505 545
446 645
445 646
509 542
504 545
446 644
445 647
510 542
503 545
447 644
446 643
444 647
445 648
510 543
510 541
503 546
448 644
446 642
445 649
510 544
510 540
502 546
449 644
448 645
447 642
446 641
446 649
445 650
509 544
511 540
502 547
450 644
448 642
447 641
446 640
446 650
444 650
509 545
512 540
511 539
501 547
502 548
450 643
447 640
508 545
513 540
512 541
500 547
502 549
451 643
508 546
513 539
512 542
499 547
500 548
502 550
451 642
507 546
508 547
514 539
513 538
512 543
452 642
451 641
506 546
508 548
514 538
513 543
512 544
450 641
451 640
508 549
514 537
514 543
513 544
449 641
451 639
508 550
514 544
514 542
449 640
507 550
514 545
515 542
507 551
516 542
506 551
517 542
505 551
518 542
504 551
519 542
518 541
503 551
520 542
519 543
519 541
518 540
503 552
520 541
519 544
519 540
517 540
518 539
503 553
520 544
519 545
518 538
504 553
518 545
519 538
518 537
504 554
518 546
519 537
518 536
504 555
518 547
520 537
505 555
519 547
518 548
521 537
520 536
506 555
517 548
522 537
520 535
507 555
506 554
516 548
517 549
520 534
508 555
507 554
517 550
521 534
519 534
520 533
509 555
518 550
522 534
519 533
509 556
519 550
518 551
522 535
522 533
519 532
519 549
523 535
518 532
519 531
520 549
524 535
523 536
517 532
519 530
521 549
520 548
525 535
516 532
517 533
519 529
522 549
521 548
526 535
515 532
516 531
520 529
518 529
523 549
522 550
521 547
520 528
517 529
524 549
523 550
522 547
520 527
525 549
521 527
519 527
525 550
522 527
521 526
518 527
526 550
518 526
527 550
526 551
518 525
528 550
518 524
528 551
528 549
519 524
528 548
520 524
529 548
521 524
520 523
530 548
529 547
522 524
520 522
530 549
530 547
529 546
519 522
520 521
531 547
529 545
519 521
530 545
519 520
530 544
519 519
531 544
530 543
519 518
532 544
518 518
519 517
533 544
517 518
520 517
534 544
516 518
517 519
521 517
535 544
534 545
516 517
541 299
535 545
515 517
536 545
515 516
537 545
536 546
515 515
537 546
537 544
514 515
515 514
538 546
537 547
513 515
514 514
516 514
515 513
538 547
537 548
512 515
517 514
515 512
539 547
538 548
537 549
511 515
518 514
517 513
514 512
540 547
537 550
511 516
511 514
519 514
513 512
538 550
537 551
511 517
520 514
519 513
512 512
513 513
538 551
511 518
519 512
511 512
512 511
539 551
512 518
510 518
519 511
510 512
511 511
539 552
512 519
509 518
519 510
509 512
510 511
539 553
513 519
509 517
519 509
508 512
538 553
539 554
513 520
519 508
538 554
540 554
514 520
520 508
433 312
519 507
537 554
541 554
540 555
515 520
521 508
517 508
518 507
519 506
537 555
542 554
541 555
540 556
515 521
521 509
521 507
516 508
517 509
517 507
519 505
536 555
537 556
542 553
541 556
516 521
521 510
521 506
517 510
519 504
535 555
536 556
543 553
542 556
541 557
516 522
522 510
522 506
518 504
535 554
536 557
543 556
516 523
523 510
522 511
523 506
518 503
534 554
535 557
536 558
543 557
524 510
523 509
522 512
523 507
518 502
533 554
534 557
535 558
537 558
536 559
543 558
525 510
523 512
521 512
524 507
519 502
517 502
518 501
533 555
533 553
534 558
536 560
544 558
543 559
526 510
525 511
523 513
525 507
520 502
516 502
518 500
533 558
537 560
543 560
525 512
523 514
526 507
515 502
517 500
518 499
532 558
533 559
544 560
542 560
523 515
526 508
519 499
531 558
532 559
542 561
524 515
520 499
519 498
530 558
532 560
542 562
525 515
521 499
519 497
529 558
541 562
526 515
525 516
525 514
522 499
528 558
529 557
541 563
526 516
523 499
522 498
527 558
528 557
540 563
527 516
523 500
523 498
522 497
527 559
527 557
539 563
528 516
523 497
521 497
522 496
527 560
526 557
529 516
522 495
528 560
525 557
529 517
521 495
522 494
528 561
529 518
523 494
522 493
528 518
529 519
524 494
523 493
521 493
527 518
528 519
530 519
529 520
525 494
524 493
528 520
531 519
528 521
531 520
531 518
527 521
532 520
532 518
526 521
532 521
533 518
532 517
525 521
534 518
533 517
525 522
525 520
535 518
536 518
535 519
537 518
536 519
535 520
537 519
537 517
536 520
534 520
535 521
538 519
538 517
537 516
535 522
538 520
539 517
538 516
537 515
535 523
539 518
538 515
534 523
538 514
534 524
538 513
534 525
538 512
533 525
534 526
538 511
532 525
535 526
539 511
538 510
532 526
536 526
538 509
531 526
537 526
536 527
539 509
538 508
530 526
531 527
536 528
540 509
539 508
529 526
530 525
531 528
537 528
535 528
536 529
540 510
539 507
528 526
529 525
530 524
531 529
535 529
540 507
539 506
527 526
530 529
535 530
540 506
538 506
527 525
530 530
535 531
541 506
537 506
527 524
530 531
541 505
536 506
531 531
530 532
541 504
536 505
530 533
542 504
540 504
535 505
531 533
530 534
543 504
535 504
532 533
530 535
543 503
545 290
546 290
544 290
546 291
543 290
547 291
548 291
548 292
548 290
549 292
550 292
551 292
550 291
552 292
553 292
554 292
553 293
553 294
553 295
552 295
553 296
552 296
553 297
551 296
554 297
553 298
550 296
553 299
549 296
550 297
550 295
552 299
553 300
549 295
552 300
553 301
548 295
549 294
551 300
547 295
550 300
551 301
546 295
549 300
551 302
548 300
551 303
547 300
551 304
546 300
550 304
549 304
550 305
548 304
550 306
550 307
551 307
549 307
551 308
552 308
551 309
550 309
551 310
549 309
549 310
549 311
549 312
550 312
548 312
551 312
548 313
552 312
551 313
547 313
548 314
552 313
546 313
552 314
545 313
546 312
552 315
545 314
545 312
552 316
545 315
544 312
553 316
551 316
552 317
544 315
543 312
544 311
552 318
543 315
543 313
551 318
552 319
542 315
543 316
424 327
423 327
424 326
422 327
421 327
422 328
420 327
421 326
422 329
419 327
420 326
421 325
418 327
417 327
418 328
418 326
417 326
418 329
418 325
417 325
419 329
419 325
418 324
419 330
419 324
418 323
419 323
418 322
420 323
419 322
418 321
419 321
418 320
418 319
418 318
417 318
418 317
416 318
419 317
418 316
415 318
418 315
415 319
415 317
417 315
418 314
414 319
414 317
416 315
418 313
413 319
419 313
417 313
418 312
412 319
413 320
413 318
416 313
418 311
411 319
412 318
593 419
594 419
594 420
595 420
596 420
595 421
597 420
596 419
595 422
596 418
594 422
595 423
596 417
593 422
596 423
595 424
592 422
593 423
595 425
591 422
595 426
591 423
596 426
594 426
595 427
590 423
591 424
597 426
593 426
595 428
590 424
591 425
598 426
597 425
593 425
595 429
590 425
591 426
599 426
598 425
595 430
589 425
600 426
595 431
589 426
601 426
600 425
596 431
359 559
601 427
600 424
597 431
598 430
599 424
598 431
589 427
589 428
588 428
589 429
588 429
590 429
587 429
590 430
586 429
587 430
586 430
587 431
585 430
586 431
587 432
585 431
587 433
588 433
589 433
588 434
590 433
589 432
590 434
590 432
591 432
592 432
