434 449
335 483
468 352
431 460
360 448
584 485
611 534
601 473
432 461
515 470
640 569
457 356
448 352
618 449
351 443
431 373
339 483
443 338
646 572
437 456
449 471
429 380
476 384
551 514
443 451
491 359
410 419
519 502
591 539
591 497
441 494
457 363
455 407
569 466
442 342
446 467
612 480
482 361
594 493
454 388
580 513
622 583
483 360
602 557
444 386
446 432
520 500
312 500
514 467
463 420
479 456
385 412
468 473
430 375
574 452
589 538
608 453
614 559
422 443
417 436
609 573
449 367
498 470
567 499
518 483
361 448
514 472
418 377
584 521
529 510
353 453
377 414
604 452
639 580
463 323
556 487
432 460
388 428
467 398
594 536
450 373
381 449
456 486
580 480
485 415
559 507
585 480
433 460
488 356
483 453
601 463
460 485
390 416
623 571
526 511
621 551
563 472
445 437
585 492
619 540
613 449
611 549
412 413
386 449
614 558
352 461
374 451
376 456
389 414
494 407
576 536
454 408
589 482
566 524
557 506
444 467
448 447
505 463
582 545
572 472
466 476
588 495
448 336
472 342
449 455
392 429
382 414
548 490
619 538
432 419
619 544
585 491
580 546
556 456
414 412
461 490
434 428
610 478
348 472
583 522
414 375
436 372
580 548
503 406
423 406
456 487
556 460
607 542
410 444
599 473
605 572
475 348
417 372
602 496
442 427
584 474
451 413
530 517
448 421
334 466
445 494
340 473
319 496
588 497
399 445
327 490
570 527
414 373
546 510
362 454
460 373
602 464
529 518
323 495
617 562
381 410
487 455
447 484
404 449
444 475
402 431
580 509
571 448
611 582
518 487
455 391
454 444
568 528
464 441
616 532
603 541
435 384
553 505
346 473
368 446
323 486
609 578
487 456
594 540
585 515
471 395
554 504
418 374
502 410
578 525
579 475
316 502
582 525
423 411
318 497
588 538
583 535
476 405
328 486
321 464
547 513
525 516
550 498
399 450
473 353
330 467
584 502
473 463
602 540
577 531
480 361
352 453
466 346
354 458
552 460
461 407
490 360
386 418
387 422
580 482
444 477
497 414
343 478
378 444
473 471
412 377
590 520
486 460
328 489
343 486
374 407
357 464
512 472
436 427
585 513
478 409
354 443
384 457
444 476
458 491
569 498
611 574
463 490
472 406
422 440
457 419
447 435
439 450
449 481
319 495
614 579
465 475
581 527
497 401
460 330
482 412
518 504
325 488
402 460
443 425
634 583
441 365
585 490
443 403
437 655
442 365
593 537
601 462
582 536
468 471
472 397
412 443
448 353
586 487
352 458
584 520
331 483
455 443
455 494
642 579
375 450
478 411
435 452
624 577
331 466
525 512
449 396
424 374
534 527
455 484
573 498
444 364
313 502
611 576
326 492
484 417
421 404
429 460
385 415
410 442
472 378
549 493
606 563
400 463
534 522
448 457
427 447
456 342
446 337
330 483
641 557
462 404
622 446
383 440
449 458
340 483
562 501
362 465
558 456
486 411
557 497
453 420
617 551
603 470
469 414
574 524
559 495
481 412
512 464
576 453
558 503
477 405
483 419
457 367
484 353
595 497
479 458
429 449
403 426
463 417
572 445
578 503
429 457
530 518
363 452
368 452
600 480
341 480
418 373
508 463
384 452
349 446
590 539
568 454
491 419
634 588
456 387
548 503
475 392
352 471
365 449
610 576
474 392
353 462
425 373
465 408
533 530
347 448
561 498
443 434
553 493
639 569
451 436
607 475
490 477
497 415
444 456
446 338
352 470
516 470
638 580
330 494
390 461
615 539
456 410
472 402
473 399
486 350
449 408
600 562
333 468
606 541
450 342
587 520
447 490
620 545
369 453
546 491
472 384
493 400
584 479
556 508
487 460
436 419
430 447
474 390
417 441
318 501
560 489
453 380
410 418
529 511
457 418
436 373
641 574
608 475
519 483
598 475
447 344
324 492
458 388
642 557
532 519
658 574
602 499
581 495
492 465
624 579
351 464
494 406
446 407
441 366
493 465
351 459
385 457
388 421
647 572
454 343
475 473
472 408
441 418
545 511
547 510
450 421
485 348
392 432
621 552
316 500
425 376
448 472
644 572
417 366
517 488
343 483
429 446
658 578
444 338
333 474
440 369
344 486
445 455
565 490
526 515
442 448
483 355
606 457
516 474
617 554
401 440
599 480
396 433
459 407
443 341
442 388
454 379
458 332
442 450
610 552
580 497
464 330
579 509
328 496
411 374
499 466
441 465
509 460
491 400
450 361
437 410
479 346
463 437
463 472
552 492
362 466
473 406
465 482
450 413
449 434
352 460
423 448
455 491
510 464
443 433
371 448
628 582
516 473
330 465
560 512
602 588
431 463
517 482
417 435
531 511
422 452
459 436
395 447
454 417
473 343
583 514
582 497
637 586
456 485
602 462
487 413
639 581
462 424
605 499
613 579
439 365
464 443
385 419
606 569
467 395
625 575
509 465
335 477
352 464
376 408
490 408
448 367
610 582
608 472
421 360
618 568
344 470
532 528
583 499
319 498
449 476
467 418
518 489
490 464
453 360
650 572
446 402
487 359
462 440
572 498
583 485
443 353
567 454
549 459
475 394
594 539
431 417
455 384
612 479
611 567
422 369
601 472
601 471
583 498
640 575
461 413
603 464
450 449
497 403
588 537
490 414
387 419
548 489
488 461
612 474
397 445
622 571
493 466
538 524
618 550
615 452
388 417
599 534
346 452
593 485
453 379
563 454
454 361
408 446
498 409
521 502
580 522
455 332
464 397
574 448
573 474
421 407
466 474
530 534
576 505
464 352
402 435
468 407
460 372
492 414
325 486
639 582
434 429
443 495
460 370
567 525
353 449
329 496
456 386
627 586
604 501
445 436
621 539
450 397
468 351
449 344
476 346
385 453
460 332
557 457
371 454
469 413
528 519
417 408
436 421
550 514
495 467
454 380
472 374
376 461
385 411
327 473
462 395
513 468
635 589
443 406
572 468
574 472
648 574
599 539
449 453
376 410
476 461
518 478
610 560
598 462
652 578
514 469
525 513
567 497
318 462
630 584
378 443
626 580
571 447
328 490
441 464
389 411
448 341
447 386
531 510
612 562
609 579
596 536
528 533
548 517
382 457
433 391
437 428
548 508
599 474
556 459
412 418
469 406
611 447
397 462
388 411
601 543
352 449
462 397
466 347
658 575
442 449
387 457
472 381
584 522
449 335
579 550
531 530
381 443
457 343
451 417
326 489
458 376
329 467
441 452
473 397
421 409
394 431
415 374
457 330
603 540
610 589
476 352
388 462
590 538
437 645
606 565
589 520
548 509
338 483
478 412
613 562
586 490
412 374
475 468
355 466
591 495
383 421
590 482
382 410
448 401
473 416
624 573
422 447
444 451
389 461
577 536
362 467
582 537
387 463
315 464
397 442
527 521
328 491
487 357
614 533
609 588
484 419
566 526
438 651
451 443
630 585
449 397
619 546
466 480
387 421
435 431
582 516
430 369
471 417
438 417
619 545
406 455
466 397
598 478
634 582
467 372
553 461
587 497
623 579
384 451
459 422
596 466
559 463
502 404
500 472
499 467
421 381
603 561
575 524
422 408
455 366
473 404
335 476
603 588
448 400
626 559
448 412
450 364
466 329
603 560
434 448
604 563
611 547
342 483
607 553
419 369
391 446
468 329
440 454
603 586
343 480
474 359
447 469
561 509
469 471
334 483
603 587
464 445
467 331
604 482
408 419
417 409
450 495
344 476
493 415
475 465
429 378
559 497
581 526
526 522
522 477
464 487
464 482
383 422
485 412
342 481
584 473
540 510
498 411
577 545
471 379
498 408
473 348
598 537
327 496
602 461
448 368
453 418
581 546
408 418
455 408
452 383
608 481
533 535
433 419
583 538
469 399
495 398
508 472
618 537
412 441
446 483
474 409
574 450
548 459
486 413
530 537
608 553
449 469
567 496
492 419
462 377
326 462
630 582
540 512
476 345
635 565
582 479
623 585
466 374
619 569
435 449
379 452
569 451
570 448
594 465
385 418
624 576
527 516
445 454
635 567
579 526
448 344
492 415
383 408
564 458
450 436
605 447
423 414
643 582
456 482
483 354
482 413
605 567
455 406
500 414
334 477
579 533
449 474
599 492
554 459
511 465
587 488
587 522
447 363
425 459
357 463
371 449
417 379
461 424
422 360
457 392
564 457
422 405
382 441
619 542
477 347
580 535
434 422
534 523
402 441
448 422
380 458
529 527
456 390
464 395
478 410
336 475
491 414
444 421
487 411
485 349
338 487
503 471
445 460
494 466
585 479
612 580
373 460
476 355
352 462
407 419
593 465
583 516
438 427
474 397
531 537
576 530
532 527
495 408
633 581
550 495
572 471
610 453
441 427
372 453
326 472
373 409
422 455
466 473
601 455
382 451
492 416
398 448
376 442
569 450
634 556
495 475
609 591
422 446
638 568
333 478
426 376
565 523
373 445
564 490
478 407
443 463
440 419
616 557
534 510
604 584
595 461
495 411
639 587
578 480
319 462
611 562
452 375
616 551
468 386
604 564
453 385
479 407
457 387
579 502
357 446
383 444
603 454
397 461
589 483
456 382
486 412
330 466
456 375
560 511
337 474
640 582
430 448
346 472
345 451
627 559
326 484
597 537
510 472
429 456
638 560
616 567
449 336
459 373
415 379
441 461
394 430
421 372
610 558
619 451
451 495
520 477
554 488
555 505
554 499
469 412
395 465
390 462
439 646
497 473
358 449
463 330
550 513
430 464
450 360
552 516
497 413
452 362
465 410
639 586
561 484
451 400
532 513
317 464
403 425
439 452
356 445
448 411
353 454
496 402
463 395
458 422
453 382
618 563
471 471
448 414
354 442
434 386
353 445
571 445
498 469
457 388
426 415
466 439
449 347
388 430
452 385
461 330
463 344
326 468
605 553
535 506
605 479
570 466
606 539
453 389
548 488
469 377
602 500
473 462
473 379
586 491
616 547
521 476
468 326
355 458
473 377
621 538
561 511
456 392
604 453
469 351
401 452
344 477
617 567
531 516
400 431
422 406
337 483
436 431
614 549
580 525
485 359
431 375
346 471
470 382
488 357
642 574
410 441
635 566
531 514
583 509
620 540
550 490
610 550
540 513
449 366
657 578
603 478
563 469
374 454
440 370
421 450
533 523
453 471
609 482
403 433
382 440
532 516
563 483
473 388
458 365
435 654
521 477
413 413
364 445
445 339
463 480
601 469
616 562
525 510
495 410
452 371
463 436
433 461
441 434
606 479
558 499
450 478
554 493
467 351
500 474
447 496
588 520
474 408
600 455
613 532
331 465
426 413
583 518
638 579
405 441
469 415
597 466
432 371
620 452
549 506
445 435
417 374
414 413
436 410
483 353
529 532
446 436
447 360
614 536
453 388
450 438
482 365
372 449
494 400
345 478
484 459
325 464
438 382
448 427
456 444
464 392
484 410
620 538
434 389
590 491
365 446
520 499
581 532
640 561
438 428
324 496
410 378
427 376
463 486
325 495
490 418
443 452
307 664
457 368
440 455
455 389
601 541
460 397
422 449
615 555
600 585
492 399
575 453
474 355
558 505
609 590
388 431
518 495
512 468
450 485
375 452
550 515
378 458
624 587
514 470
614 456
327 485
402 434
445 352
409 419
657 580
403 422
439 425
630 560
449 470
448 489
529 528
585 538
444 401
440 456
378 456
423 440
474 344
405 440
453 335
440 649
508 468
427 369
447 338
451 418
582 513
439 386
373 407
625 581
455 486
319 503
461 351
324 486
451 345
648 570
547 491
617 540
448 413
446 355
428 417
608 567
604 585
445 486
556 455
602 559
449 339
463 351
455 409
440 451
493 404
475 390
476 473
459 391
603 455
466 484
557 505
609 576
388 461
350 443
473 383
456 418
454 331
421 408
483 356
400 434
631 581
356 463
447 482
588 487
463 444
451 486
341 483
351 465
429 381
450 454
446 469
470 409
561 486
525 515
447 343
580 549
401 434
594 495
603 471
403 430
620 569
472 379
354 447
356 466
425 366
454 366
628 558
441 425
557 463
485 416
486 416
459 387
568 442
581 533
515 508
441 462
527 537
509 458
451 335
436 412
609 456
443 456
458 333
567 526
448 477
453 343
563 491
421 439
467 481
462 344
615 562
606 585
495 412
479 360
456 333
499 473
530 520
452 492
367 445
517 507
614 530
500 405
559 473
610 587
406 462
389 413
454 333
447 446
472 386
637 559
617 539
351 460
636 567
463 435
617 568
567 524
389 430
351 454
601 562
373 453
436 648
530 516
530 529
515 471
381 457
450 386
462 401
537 523
525 514
608 477
614 527
316 501
475 405
361 451
423 451
577 481
538 514
445 337
416 379
640 580
659 578
608 482
431 419
328 488
423 362
436 647
466 410
397 464
451 497
630 583
463 419
451 383
473 384
645 572
428 382
376 454
514 464
432 417
520 489
451 445
465 320
601 480
448 450
344 480
473 355
536 513
438 655
563 456
430 418
568 459
520 508
448 428
469 376
474 357
386 446
586 538
410 381
602 470
473 408
615 454
464 437
473 398
609 589
618 546
459 491
580 543
423 366
637 584
526 521
379 443
445 354
518 508
470 348
359 465
518 473
465 397
517 508
618 543
516 482
326 490
560 473
333 467
529 535
436 418
343 485
469 353
639 568
599 535
575 498
620 563
372 461
391 448
469 354
476 459
440 431
569 497
442 466
391 432
342 469
431 420
625 573
443 467
420 369
329 498
444 519
610 555
559 505
438 412
558 510
519 485
463 345
454 486
559 500
456 389
522 491
567 467
583 513
438 424
436 408
462 435
576 478
445 489
434 384
595 491
474 466
491 476
420 404
460 331
493 357
450 401
578 529
479 410
602 460
485 409
501 405
457 416
531 512
386 423
434 369
395 445
490 412
611 476
465 411
435 386
388 429
570 453
557 508
524 513
420 368
584 475
324 488
559 487
566 495
454 362
460 422
521 487
315 461
614 529
403 442
443 427
450 467
327 487
478 455
335 482
325 492
483 458
605 448
442 343
467 480
408 445
440 366
622 449
519 496
425 458
436 391
459 485
436 426
599 493
529 523
604 494
388 460
604 484
528 518
483 456
377 407
438 413
451 491
492 357
334 473
595 492
438 456
485 351
519 503
495 474
547 515
376 455
519 498
487 457
552 514
488 478
404 454
568 494
441 450
615 563
613 527
464 480
614 448
472 383
381 452
439 366
607 538
505 472
405 424
329 483
604 459
402 462
414 368
596 537
459 488
489 462
622 579
404 440
621 545
464 321
562 468
356 468
600 481
481 458
438 418
448 365
576 544
457 364
473 380
457 417
581 505
392 417
403 459
586 483
413 415
439 367
548 505
659 575
403 440
515 468
594 468
566 490
468 416
403 453
608 448
443 475
614 539
350 442
595 476
548 513
406 443
331 473
475 391
389 450
494 398
383 409
377 460
604 569
568 448
437 413
558 464
422 374
424 377
597 478
609 479
454 485
476 460
569 524
465 374
582 539
535 510
431 414
460 439
620 454
545 492
577 547
601 468
376 441
378 457
619 541
429 458
538 513
412 417
554 490
457 357
346 451
640 570
551 497
569 457
583 512
445 397
588 522
562 473
548 514
388 426
521 506
561 456
501 472
465 418
589 493
350 451
479 361
425 456
576 452
429 459
496 474
618 552
659 573
449 489
613 456
450 491
658 576
450 446
581 504
449 451
446 384
547 516
446 478
446 356
435 419
471 354
578 549
568 526
615 453
472 407
350 445
484 454
608 452
519 509
567 501
457 354
521 496
558 496
594 483
461 377
558 504
365 445
343 479
464 398
611 480
617 563
379 458
519 518
500 467
498 403
611 587
577 528
629 560
529 534
487 454
520 519
614 452
477 473
615 474
436 645
435 369
496 472
465 417
594 538
616 530
577 525
442 463
446 459
593 483
333 470
612 533
433 420
318 502
452 333
430 460
500 415
610 455
353 464
470 379
486 351
603 480
520 504
367 448
566 527
344 454
379 411
583 486
595 479
582 494
584 492
453 443
627 561
413 441
458 398
483 357
569 446
614 580
458 330
594 496
443 365
605 563
525 536
469 416
425 446
578 526
430 465
649 574
599 463
612 537
518 477
456 391
609 452
404 429
452 372
323 485
479 457
473 417
472 382
518 476
604 496
535 507
578 524
438 384
625 577
596 492
352 442
609 555
461 518
610 551
385 422
343 484
386 422
449 467
461 439
438 450
599 455
446 397
465 409
470 416
422 450
467 373
595 490
471 472
451 373
593 482
524 476
550 516
317 497
319 463
399 467
363 450
636 557
556 505
422 441
540 509
459 438
462 439
651 578
555 502
603 495
609 574
488 453
447 471
457 439
361 465
461 417
501 413
423 443
451 379
380 412
437 369
481 365
366 449
410 380
616 539
423 450
313 501
321 461
581 534
333 473
601 466
471 400
355 467
483 359
580 541
613 567
450 379
445 398
424 457
575 547
471 348
472 385
448 364
554 502
496 473
468 323
440 367
605 458
611 537
353 458
660 575
563 470
615 565
380 413
461 487
473 405
566 523
607 450
425 377
389 416
607 473
587 489
435 373
453 369
422 410
457 358
626 586
564 453
587 483
598 476
422 454
448 397
610 456
605 459
518 488
625 559
447 396
451 421
580 538
435 430
502 472
576 497
478 458
463 325
418 409
617 449
560 487
515 473
512 467
430 407
381 454
446 363
512 466
604 477
521 521
521 488
530 505
599 461
581 482
395 431
462 442
439 418
435 646
578 474
406 417
388 419
475 464
473 465
600 541
637 587
479 455
612 476
385 454
353 457
604 473
567 468
480 364
644 571
544 515
649 570
436 425
382 452
461 375
549 504
446 496
378 409
531 509
566 497
335 478
559 465
457 487
381 453
552 461
599 586
614 455
470 378
490 359
465 375
645 574
567 445
546 505
460 351
639 574
476 354
482 411
607 582
517 481
446 352
447 421
450 445
466 418
464 405
500 475
473 458
423 363
608 573
471 397
344 451
390 429
521 486
383 439
649 578
324 495
568 458
610 454
446 351
581 522
355 463
487 349
455 390
474 348
633 589
481 346
603 494
388 418
575 452
450 355
566 502
457 442
411 441
478 413
561 510
453 381
375 453
521 494
465 347
519 517
485 353
472 471
403 429
541 509
459 378
383 457
458 421
484 356
464 484
552 459
571 524
466 438
494 468
459 487
466 441
376 460
418 379
425 414
596 493
444 341
444 418
620 453
552 513
431 412
381 450
593 538
600 564
395 464
460 371
574 451
578 472
554 489
377 410
347 450
377 408
576 457
444 397
471 374
452 379
322 494
603 472
373 446
369 451
475 469
452 368
475 466
468 399
624 581
610 452
405 457
322 461
523 518
351 466
416 363
568 457
509 464
531 519
492 413
475 397
453 415
467 399
550 488
458 487
473 457
524 538
537 511
373 450
508 469
504 472
582 502
353 442
528 505
571 471
450 435
432 418
602 456
554 498
645 575
395 442
449 456
639 575
658 577
458 375
357 462
437 427
400 442
510 465
402 442
458 334
430 415
390 415
581 513
444 406
445 496
657 576
610 557
581 497
316 464
374 460
397 447
648 572
615 455
431 407
557 509
401 433
439 412
380 414
641 559
492 477
622 569
338 486
433 462
458 352
476 392
447 481
449 450
476 403
353 448
451 408
574 473
626 587
593 494
331 471
450 398
616 554
409 420
440 368
355 445
620 539
425 363
627 580
537 513
591 494
391 447
400 465
400 443
449 429
528 535
588 494
326 473
607 476
602 497
351 457
568 492
548 494
543 515
469 411
436 655
448 470
559 498
582 522
650 578
605 566
579 549
622 581
341 476
582 498
418 369
446 408
442 495
482 356
565 458
465 485
478 346
562 498
373 449
437 417
492 464
415 369
644 556
535 524
440 384
322 486
572 446
333 469
446 497
584 508
604 560
607 479
315 502
394 465
580 503
457 441
461 488
451 362
431 411
585 521
385 423
469 342
401 463
443 387
444 433
346 470
445 401
460 378
440 386
554 501
435 421
455 493
577 480
406 441
449 430
434 645
461 373
488 454
613 534
464 477
444 461
465 376
432 373
469 380
495 472
429 370
548 510
520 488
591 490
596 463
463 414
604 500
601 500
388 450
449 413
640 571
404 455
423 447
518 503
356 459
364 449
490 415
451 343
447 495
574 449
579 524
481 356
545 509
370 449
401 432
347 446
470 377
459 351
457 359
397 463
475 384
421 373
474 410
449 421
409 421
426 446
533 524
601 585
441 428
331 472
377 444
443 420
345 481
497 468
521 516
611 538
563 453
449 340
572 522
353 525
474 469
522 510
578 530
449 415
600 454
606 552
506 472
384 423
576 498
659 572
611 566
467 329
464 485
533 536
424 411
338 472
622 584
472 380
434 427
501 475
466 440
586 537
530 536
474 460
456 419
503 470
588 492
532 530
475 406
615 561
439 384
582 526
403 451
498 473
465 328
609 538
658 581
507 462
624 582
567 521
578 477
574 537
601 465
616 449
553 497
474 376
582 475
577 529
552 505
582 499
421 374
454 484
469 402
503 472
531 528
448 349
446 405
405 455
467 374
485 456
363 449
590 484
394 463
462 374
603 569
391 431
421 444
580 502
355 444
351 471
371 446
443 397
459 375
445 478
521 495
401 431
480 459
467 486
632 581
588 539
452 356
591 538
396 446
451 415
637 554
521 492
591 484
634 587
459 374
319 487
443 352
633 588
531 523
445 338
413 414
614 538
468 417
614 451
444 457
599 538
445 485
607 567
622 570
363 454
494 358
431 462
467 396
398 444
489 361
473 354
354 463
579 534
562 465
400 462
642 576
454 415
445 476
472 464
451 440
442 339
571 470
328 467
354 446
447 420
437 455
598 477
450 365
508 467
594 491
437 411
456 490
585 475
465 351
465 346
336 482
614 557
447 436
385 410
501 410
368 454
504 470
549 461
625 558
353 441
560 508
645 577
635 555
374 409
512 473
529 521
470 349
582 535
417 439
638 562
641 579
444 455
352 468
524 537
379 459
575 454
492 358
585 485
519 512
445 463
444 420
583 517
629 585
582 505
437 414
600 482
446 353
452 366
576 474
453 374
426 414
388 427
480 363
549 507
495 404
445 457
472 356
604 456
472 347
449 486
455 364
456 492
582 514
609 582
358 469
643 570
393 431
453 377
335 469
445 361
395 448
550 492
450 366
610 473
486 414
328 487
474 403
614 552
345 482
545 510
423 376
586 520
501 467
592 490
455 482
403 424
563 500
611 533
519 507
448 446
525 511
471 402
460 423
556 502
651 572
641 560
605 569
572 499
519 513
579 513
444 419
558 495
577 527
603 542
320 496
495 401
465 483
457 375
558 501
558 500
558 507
473 473
529 522
358 470
582 507
450 358
534 506
374 408
589 494
445 421
467 416
427 413
449 343
422 442
320 486
351 458
445 356
477 346
525 537
561 464
582 509
456 416
577 455
528 516
553 460
569 465
607 585
520 502
537 510
390 411
441 491
437 416
358 446
562 456
417 438
432 384
514 508
520 496
353 455
611 448
497 402
629 559
606 481
460 368
477 461
619 553
491 420
606 482
438 650
581 476
460 412
417 369
580 534
431 410
373 448
415 410
638 584
371 453
414 374
446 369
656 579
405 461
527 538
385 445
590 493
565 499
453 442
357 469
520 512
618 538
471 416
385 455
342 478
545 514
642 578
353 461
567 498
603 539
411 418
491 462
414 379
574 474
416 409
576 456
430 417
403 423
450 471
416 374
382 450
617 448
447 339
498 468
577 478
594 466
573 524
461 374
505 462
402 450
446 411
341 477
444 464
584 510
417 367
482 450
635 563
469 395
442 452
491 477
448 476
397 443
461 411
437 415
363 453
603 473
417 377
606 459
329 488
587 495
452 335
568 443
560 486
466 325
526 510
461 347
445 363
495 402
512 471
614 473
410 379
413 379
562 474
579 474
509 462
562 484
399 465
611 445
585 486
580 475
650 575
479 412
568 493
528 537
425 455
608 568
397 444
329 473
579 543
440 418
509 472
577 533
425 375
450 356
513 462
469 405
575 457
532 537
635 587
494 414
618 551
612 579
634 555
494 405
531 513
643 574
440 425
465 480
545 512
613 563
457 391
516 478
531 508
467 387
404 459
443 404
345 483
448 471
325 490
447 408
517 486
332 466
382 422
452 386
616 533
431 370
599 479
465 437
398 447
405 460
464 444
358 465
363 451
325 469
597 538
627 558
611 475
437 384
417 378
467 409
322 459
532 523
395 463
505 407
567 523
640 572
520 497
494 410
495 400
580 526
421 361
447 401
519 489
612 448
430 370
606 562
451 342
400 450
367 446
348 457
451 471
403 454
431 409
544 513
400 452
567 495
441 493
612 549
633 554
325 462
429 382
441 431
542 511
641 576
620 556
458 368
533 508
361 453
560 483
448 355
640 579
322 493
603 456
434 370
549 513
599 537
436 456
450 490
477 469
578 502
563 499
612 547
483 361
577 524
434 390
583 510
489 415
404 433
427 416
450 487
580 540
431 421
381 422
566 501
445 477
488 413
410 417
556 492
446 494
564 499
448 358
426 458
458 399
442 434
612 550
657 573
464 346
451 419
471 347
644 574
446 354
450 415
396 447
452 408
471 383
439 426
614 547
391 429
577 526
459 332
452 369
619 449
530 530
437 454
520 503
535 525
480 355
577 475
392 447
496 415
613 555
446 410
582 503
598 480
472 401
611 478
424 445
532 531
464 442
449 364
470 342
431 461
591 482
412 378
445 405
435 423
609 480
472 395
350 459
583 502
449 358
417 368
473 469
606 480
434 391
337 473
322 495
588 496
435 653
442 456
455 487
327 475
352 443
613 537
393 430
419 441
453 372
452 370
435 385
610 556
490 400
457 378
458 342
375 447
442 491
645 571
325 491
560 464
473 387
438 647
528 526
440 433
496 467
453 417
512 465
420 442
399 433
463 374
474 380
467 325
581 494
426 447
527 515
467 397
346 469
604 472
466 437
622 452
561 467
465 321
621 452
521 520
559 494
319 499
443 342
602 562
412 414
455 333
615 551
438 370
472 400
600 472
571 497
382 442
474 461
350 441
437 644
526 517
605 498
448 478
482 460
386 428
437 450
377 458
433 448
449 435
380 410
481 364
576 547
448 436
446 447
586 521
371 455
576 506
609 552
465 325
399 446
435 371
569 447
468 394
393 432
478 457
486 456
447 479
476 472
385 452
329 472
551 489
430 379
388 449
529 713
614 447
476 462
461 348
602 561
611 474
551 505
440 450
470 351
449 480
446 409
444 337
518 475
606 570
446 468
443 364
628 560
585 537
470 406
489 461
468 387
475 396
614 551
373 447
613 448
556 461
517 475
445 451
486 415
328 473
454 372
456 361
615 448
586 512
493 414
475 383
605 478
565 468
431 381
406 427
389 421
418 375
324 489
445 493
562 508
449 346
441 433
562 486
378 410
434 420
396 442
425 454
471 411
547 511
507 472
448 486
417 370
442 490
547 503
404 424
471 342
449 363
464 394
491 464
621 585
459 344
600 464
609 577
445 491
438 426
423 404
354 465
335 479
465 441
610 580
613 474
469 387
569 452
606 572
461 349
450 408
330 495
619 562
463 418
543 511
462 472
617 547
635 588
529 516
529 508
472 417
622 538
573 452
332 483
602 539
406 425
389 415
475 352
344 452
392 448
314 463
423 364
579 480
453 378
492 401
426 363
595 478
446 490
391 417
419 380
488 409
565 457
643 577
576 504
584 539
450 359
438 386
460 369
572 470
390 448
639 560
465 324
608 476
530 510
453 362
606 540
641 583
438 652
464 478
423 454
619 448
480 356
520 506
524 518
330 496
574 457
585 482
415 409
522 518
584 500
448 429
579 548
614 449
418 372
526 537
384 410
379 524
317 463
452 387
599 536
435 455
439 369
528 511
343 470
601 494
592 484
461 378
531 515
495 403
393 463
529 509
394 432
562 489
595 535
452 494
475 470
556 509
636 582
581 509
465 444
407 429
643 575
346 486
347 457
435 453
470 376
576 524
601 565
541 511
630 581
425 364
449 337
608 451
585 483
313 504
395 433
576 454
425 412
610 451
570 495
559 483
461 486
435 391
438 369
342 452
622 450
464 483
342 470
432 411
618 560
472 411
399 466
600 500
439 649
444 352
494 476
393 448
648 573
505 406
451 420
423 360
356 457
455 417
373 443
602 465
567 522
562 499
608 456
519 490
572 447
608 584
559 485
466 327
622 448
450 489
402 436
318 500
323 463
366 451
418 442
586 513
654 579
550 489
399 444
627 560
610 591
559 486
417 364
457 355
402 439
481 345
623 581
533 527
596 464
464 475
428 378
605 552
447 352
602 586
611 535
334 465
602 498
470 396
575 504
616 534
431 408
570 468
478 473
577 537
484 412
588 484
367 451
460 488
469 400
382 413
611 573
435 645
459 397
466 486
473 345
489 360
453 492
449 398
475 395
391 411
637 560
440 424
558 508
475 467
467 330
464 438
495 414
428 376
496 407
609 580
468 472
614 550
383 450
342 453
405 429
520 476
598 473
475 351
462 414
570 467
327 474
466 400
610 561
637 583
566 457
577 535
429 414
600 494
610 568
539 510
603 482
594 498
586 509
444 463
460 367
640 585
387 458
454 354
612 566
345 485
598 455
483 411
563 473
452 421
352 469
451 494
318 499
521 509
451 489
583 479
472 473
495 358
591 483
448 369
432 379
374 450
636 560
492 733
587 487
573 523
457 440
593 498
474 411
344 473
418 440
322 460
411 416
477 458
604 499
474 457
594 480
323 676
419 442
389 429
431 464
525 517
551 494
484 358
530 511
443 424
600 543
385 451
388 447
612 449
474 347
316 498
443 496
448 473
469 404
477 348
449 349
386 429
612 446
438 429
443 388
519 505
606 553
318 496
578 473
452 471
515 463
318 463
532 508
470 411
341 481
521 489
442 433
404 458
660 572
472 343
573 473
619 550
427 417
471 387
351 472
595 466
389 417
401 467
604 460
552 497
324 464
558 506
441 460
419 404
416 441
595 477
555 488
382 411
327 467
610 549
343 472
591 498
385 416
441 429
460 487
406 444
437 370
463 406
325 466
521 478
571 528
636 561
446 386
361 452
476 467
415 373
401 460
595 534
436 455
447 486
461 419
472 389
573 522
432 370
483 459
452 373
568 498
433 371
450 418
383 423
575 474
607 537
334 474
431 413
529 515
333 471
462 486
442 381
419 409
356 458
447 357
390 414
453 355
521 512
607 477
488 349
595 540
532 712
568 449
591 491
607 570
481 362
623 570
575 505
610 476
464 417
618 570
613 477
474 395
637 562
615 475
479 408
548 502
446 487
361 450
452 384
581 481
433 447
447 422
608 450
464 489
450 474
397 434
519 495
466 408
475 472
584 509
555 459
581 475
448 474
592 498
453 366
462 445
604 540
613 553
391 430
447 427
552 511
583 515
378 455
345 487
438 451
453 373
609 551
413 374
484 416
450 437
541 510
557 492
605 560
549 494
385 446
597 479
659 579
532 538
488 460
449 395
633 555
482 362
463 324
472 345
611 456
387 410
600 469
526 516
579 546
558 498
380 443
612 561
435 412
412 416
435 450
453 486
593 491
639 584
443 339
480 460
629 582
601 456
386 411
401 462
446 433
622 582
441 386
423 361
645 556
500 413
445 467
509 461
549 488
636 568
465 416
636 583
593 480
645 573
464 322
407 444
496 414
611 532
445 461
456 354
363 465
438 455
386 419
412 415
359 464
462 394
592 491
587 521
491 401
622 585
627 582
454 383
400 467
562 483
463 405
531 529
430 459
462 490
456 491
558 497
333 483
648 571
448 339
312 499
569 449
422 368
328 483
568 445
342 480
450 345
438 646
488 410
549 514
404 450
359 447
460 407
439 381
609 550
454 332
443 386
607 480
431 448
403 434
436 409
435 420
563 490
553 492
467 332
450 368
435 413
465 414
561 473
498 406
454 342
438 430
602 494
563 455
581 539
351 450
430 376
508 462
573 499
571 498
388 424
474 375
451 416
336 473
468 344
444 459
581 479
645 576
653 579
519 508
617 546
400 444
443 477
620 555
441 453
399 464
456 330
427 415
611 548
641 558
457 409
657 581
314 502
351 453
445 490
401 442
343 473
452 418
336 474
586 486
450 363
430 420
612 456
644 577
563 492
524 536
332 473
561 474
437 412
468 385
584 499
450 423
526 505
530 523
630 561
479 355
498 410
605 586
508 470
657 574
592 538
451 444
486 455
578 498
461 376
594 467
457 408
465 405
399 462
613 533
376 452
440 453
455 387
568 524
469 403
403 428
325 473
407 418
451 438
531 712
610 559
585 481
388 458
576 546
461 444
419 381
649 575
531 524
534 525
609 562
570 524
599 472
402 440
359 448
557 459
473 461
588 489
422 414
492 400
402 437
367 454
445 360
599 564
584 515
520 510
421 455
547 459
467 417
609 575
494 477
485 453
550 459
464 373
373 444
422 445
636 558
447 362
383 443
348 471
387 418
529 537
577 474
471 401
434 419
463 403
451 441
449 341
567 492
357 466
589 492
532 506
447 485
447 353
568 446
461 425
503 469
567 491
624 572
351 452
484 456
606 538
636 562
466 475
401 436
474 401
323 464
578 504
573 537
454 375
610 538
567 466
437 387
464 324
458 391
615 535
519 506
330 472
428 457
599 540
378 413
636 563
456 393
403 460
479 359
640 583
375 443
408 444
431 369
463 321
461 397
472 394
349 471
447 483
573 447
467 408
406 442
375 461
475 460
577 498
649 572
637 555
438 653
601 564
611 446
501 411
443 335
495 476
464 416
607 573
357 445
453 342
451 442
320 499
457 333
579 545
491 418
455 383
343 453
352 467
447 364
601 470
454 335
578 534
599 494
453 387
454 406
437 653
315 462
566 459
447 361
443 402
528 521
549 495
603 564
617 531
607 481
462 444
457 407
347 451
597 492
480 412
423 452
388 463
446 357
472 387
478 474
463 404
579 498
522 519
382 409
341 474
338 484
448 350
476 469
357 467
458 359
470 387
615 473
462 443
464 372
558 457
476 402
603 499
432 382
620 552
436 653
446 457
417 442
461 346
443 337
503 407
606 448
453 361
457 443
467 470
614 566
509 459
557 461
546 515
450 399
453 383
493 477
449 361
353 447
450 448
444 422
469 373
619 555
465 400
470 350
449 338
460 347
455 416
419 374
558 487
573 450
643 571
571 453
414 410
429 415
582 538
622 580
621 570
379 410
469 375
436 424
439 428
492 476
313 500
614 553
577 476
447 419
517 484
470 374
611 564
585 536
641 570
547 514
613 568
450 377
446 401
642 582
446 427
401 461
417 437
611 565
418 439
398 462
568 452
459 437
613 557
368 451
458 378
559 462
406 445
419 440
467 482
387 411
587 538
642 569
459 390
450 422
472 346
366 448
450 414
369 450
438 648
569 448
604 454
468 406
520 520
351 467
453 386
474 358
452 440
442 494
430 449
608 449
517 480
442 386
454 377
439 383
577 546
415 408
473 464
449 348
385 417
391 462
556 489
461 350
341 475
579 477
619 452
453 333
601 499
376 458
357 459
488 477
458 343
347 449
588 483
478 405
407 417
349 457
440 426
495 413
549 460
382 443
450 477
620 564
454 493
332 468
478 456
529 533
612 477
523 476
554 503
472 348
600 462
575 530
319 486
601 467
499 468
427 418
457 365
459 408
475 345
607 474
520 491
619 563
545 515
626 585
536 525
616 558
422 453
439 431
596 479
628 585
477 407
385 448
411 413
451 368
489 349
584 480
365 451
566 491
456 343
636 587
443 476
314 500
466 482
441 432
388 448
388 425
498 471
352 463
584 503
400 451
585 497
576 480
423 367
403 452
367 455
331 470
432 383
639 585
422 404
443 385
642 570
552 512
619 454
445 386
495 399
603 460
572 524
578 515
474 406
403 450
551 493
604 483
444 458
350 450
602 558
605 483
461 344
398 434
449 446
350 458
448 438
443 336
515 507
558 465
532 507
444 427
611 577
616 561
555 496
445 459
584 483
388 412
450 479
527 505
376 443
549 508
490 411
588 482
452 343
549 505
616 566
641 582
461 412
417 365
569 527
499 410
465 505
318 503
447 480
457 366
551 459
551 461
493 411
464 476
593 496
550 512
575 536
416 440
422 367
399 463
550 497
448 351
499 406
463 407
462 331
347 447
578 544
451 386
582 493
514 462
484 411
457 379
372 446
444 496
470 408
441 456
387 450
456 381
484 418
575 475
517 473
502 471
557 487
434 371
528 706
420 381
610 567
429 447
414 369
512 469
614 528
557 458
322 464
623 587
490 398
439 382
608 589
341 473
597 490
602 585
533 513
511 472
437 385
485 460
354 464
430 416
616 546
579 544
426 457
464 490
471 381
456 360
520 490
436 423
480 458
386 451
463 408
494 467
451 359
614 548
469 374
445 434
496 468
562 469
569 523
466 351
445 433
316 497
565 470
635 562
360 465
644 555
402 422
492 417
557 510
462 413
536 510
415 440
606 542
447 402
456 406
591 485
439 650
415 375
468 395
546 511
485 459
522 476
451 446
370 453
333 466
552 515
405 458
598 474
450 383
605 457
457 332
328 484
437 386
398 449
583 505
464 351
476 457
492 359
447 358
562 500
498 472
583 493
561 508
547 504
435 647
336 476
350 444
401 450
626 574
459 388
447 413
554 496
437 646
328 495
462 403
473 401
584 511
537 525
439 424
429 379
364 451
445 364
373 406
445 462
465 330
393 462
614 537
458 436
525 538
463 481
325 468
529 505
607 457
422 448
540 511
351 451
438 410
398 464
602 563
360 449
585 514
606 567
582 534
386 421
474 343
314 464
570 471
566 468
603 462
577 534
523 491
612 473
443 340
434 447
576 523
452 401
610 562
422 377
368 453
385 449
447 437
428 415
462 343
387 428
582 508
494 404
601 540
561 466
609 554
425 413
500 473
434 647
586 508
339 486
580 547
655 579
537 524
467 322
535 509
606 586
447 447
605 565
572 497
358 447
613 535
459 439
386 415
449 386
377 443
317 502
322 496
465 415
614 555
405 434
389 431
554 505
529 506
354 445
364 447
468 325
410 445
443 423
449 449
636 559
615 566
613 547
453 419
522 517
580 523
565 469
593 481
504 406
627 581
436 371
536 511
460 344
394 448
447 451
451 401
596 462
608 538
581 480
607 456
326 470
327 466
449 345
432 416
453 408
498 407
509 470
625 587
535 508
335 474
569 453
490 413
396 434
468 343
376 459
566 499
331 496
431 379
633 582
450 480
614 563
618 541
530 535
451 341
547 517
433 384
545 513
421 440
443 422
606 571
459 398
342 473
595 493
386 420
517 478
473 390
396 463
461 345
612 450
560 490
390 421
345 473
320 463
601 563
518 474
458 360
561 465
445 488
611 580
468 342
452 438
381 458
600 542
569 454
567 459
426 377
321 496
377 455
419 443
560 465
345 470
473 357
460 424
577 477
420 373
464 408
521 517
567 456
374 461
326 488
463 485
562 490
561 492
463 394
444 402
434 421
480 346
450 492
608 586
455 365
329 497
599 585
506 462
465 472
476 393
449 454
531 526
622 453
517 483
476 396
458 344
637 585
611 457
466 326
414 372
568 527
455 492
325 494
559 455
462 396
559 456
462 402
529 512
334 469
466 472
473 378
586 485
616 564
579 514
541 513
328 485
477 355
524 517
621 571
483 457
568 499
550 491
334 478
451 492
519 477
538 510
606 568
529 531
501 404
616 555
419 378
476 353
389 447
599 565
412 379
423 455
563 457
467 323
435 422
459 352
429 376
451 378
398 433
434 373
560 507
321 463
600 565
428 371
472 396
435 451
444 434
483 358
500 410
513 464
653 580
462 417
342 477
419 377
425 457
554 460
455 485
609 476
601 464
445 492
384 424
406 461
608 480
468 396
347 471
441 426
520 484
549 491
473 356
530 519
420 374
577 544
355 443
550 505
491 358
593 484
470 471
446 385
459 368
373 461
435 390
624 571
450 447
447 470
445 519
443 466
571 527
374 455
473 389
591 493
604 565
338 473
637 568
609 586
577 530
326 469
446 361
452 341
528 512
432 447
418 380
455 375
422 376
615 564
642 577
475 457
458 409
437 431
618 561
584 501
497 407
475 471
413 442
433 370
586 497
580 498
431 447
638 582
352 454
421 442
461 332
361 449
561 488
409 444
617 535
460 440
375 455
485 358
657 579
467 400
527 520
375 451
442 335
353 456
486 349
495 407
501 473
350 447
596 465
466 485
470 380
468 470
567 500
464 479
559 464
358 448
457 420
490 462
593 536
471 384
616 447
557 462
470 395
522 512
423 446
533 537
604 586
449 355
595 536
474 473
446 486
453 344
434 644
561 491
374 452
405 456
448 408
559 484
326 485
462 407
499 472
435 429
471 464
432 372
434 387
587 491
389 412
474 464
446 470
449 342
474 345
555 490
608 583
517 479
472 354
550 494
552 493
343 454
447 369
470 410
348 446
483 421
485 352
622 447
627 585
565 502
416 378
584 484
514 466
522 494
449 384
343 452
555 493
384 411
557 455
428 447
464 488
350 457
447 412
558 502
563 471
602 471
402 426
489 410
376 409
608 473
442 424
455 483
555 509
350 446
529 526
353 463
448 386
613 473
619 450
570 497
449 385
603 479
546 512
564 470
606 573
585 474
457 360
448 490
473 411
610 574
583 519
617 538
514 463
474 383
452 367
349 445
453 416
649 577
406 428
474 404
324 462
364 448
585 522
585 499
520 501
449 452
618 564
574 536
510 458
443 450
507 473
379 413
615 536
422 444
449 468
377 452
441 492
440 381
491 463
584 512
550 493
345 484
452 488
515 472
560 498
450 486
553 463
473 472
615 449
441 424
420 380
471 409
576 499
490 399
451 356
362 449
437 418
469 408
339 473
529 529
464 374
472 399
490 410
603 465
466 471
332 470
458 364
435 374
523 512
410 443
601 539
474 402
605 482
500 416
483 420
594 497
602 538
600 470
597 491
479 354
566 500
609 450
449 457
659 574
477 406
385 450
555 487
458 408
422 411
558 455
604 478
491 417
440 452
547 505
493 359
386 458
521 510
444 493
584 519
621 544
464 323
520 498
427 457
532 526
609 587
450 376
403 431
446 406
424 414
464 345
649 576
568 466
660 574
509 471
451 363
477 412
336 483
490 409
597 462
434 426
441 370
444 462
493 358
599 462
581 506
529 513
461 489
477 462
585 500
381 413
632 582
447 397
451 493
578 533
446 476
575 499
450 475
389 448
386 453
462 330
401 454
602 564
615 530
550 460
619 552
616 535
489 413
399 449
478 408
553 464
473 376
478 355
424 366
378 414
581 496
636 556
431 383
450 335
530 531
616 565
473 395
457 444
573 448
421 438
456 417
469 352
548 491
437 371
610 532
619 543
387 423
570 469
456 409
403 427
636 581
556 463
452 355
428 416
554 461
555 492
454 409
484 453
477 402
521 511
453 375
394 429
465 331
608 587
316 499
609 481
462 419
609 553
635 558
578 514
421 406
423 374
404 434
583 537
439 453
580 524
439 648
411 378
331 474
621 569
624 575
641 585
456 334
495 409
377 457
524 512
451 412
608 537
603 559
333 484
480 362
476 458
581 502
437 453
447 355
489 359
531 534
402 467
439 655
554 500
321 486
451 496
614 477
596 461
576 473
357 468
547 460
436 385
444 404
446 421
350 471
457 492
616 556
647 574
432 448
455 379
581 503
457 490
530 712
620 570
374 447
448 451
634 581
464 472
615 547
449 399
594 494
519 519
619 554
450 374
586 481
609 581
449 475
447 494
504 473
423 444
437 372
448 437
482 459
353 468
475 389
586 479
401 451
485 452
508 464
436 453
566 470
431 415
449 368
579 503
325 465
401 468
583 492
489 477
613 536
618 562
580 539
581 537
326 493
435 655
615 447
545 491
602 537
556 490
431 374
640 560
394 464
577 532
383 449
598 466
518 505
613 566
462 351
471 382
454 492
599 482
449 400
560 488
456 443
485 360
570 496
458 441
616 531
475 393
433 427
367 447
381 412
531 517
500 468
444 405
598 492
597 488
326 494
324 494
610 480
342 482
441 466
475 385
445 427
600 453
402 438
466 324
383 410
516 507
455 388
456 383
613 554
424 376
313 503
522 520
446 412
445 487
387 451
494 411
326 496
452 486
327 470
512 470
395 432
569 522
587 490
383 452
609 566
457 353
427 458
504 462
395 429
374 453
624 578
608 585
550 496
425 374
424 454
561 485
521 491
438 431
625 580
455 367
405 428
583 475
371 461
451 488
375 409
470 354
475 355
388 423
413 443
582 546
474 378
447 359
520 509
434 388
596 490
573 472
417 363
374 443
431 382
576 455
381 440
494 415
355 457
458 353
448 454
455 342
598 479
553 462
385 447
537 512
421 368
425 411
325 485
568 455
458 490
503 404
567 460
611 473
503 405
454 363
380 411
555 499
456 379
484 420
555 503
442 389
406 426
322 462
529 507
425 365
577 504
415 439
500 406
616 550
494 475
486 359
453 354
449 482
566 458
345 486
420 378
576 479
475 402
612 478
400 433
571 469
519 486
325 467
514 468
635 583
571 468
467 471
636 555
454 334
468 408
560 462
574 498
428 370
446 451
617 530
534 524
618 569
400 441
605 540
608 582
456 374
326 495
489 348
396 445
458 439
415 441
417 371
549 515
568 444
441 463
402 453
448 435
628 580
457 421
602 480
357 465
604 457
484 455
501 412
448 335
487 358
383 420
531 525
339 472
471 406
462 441
438 453
607 448
582 506
462 345
428 377
584 538
632 555
329 484
379 523
344 478
378 452
567 494
486 409
575 448
451 384
527 519
338 485
395 441
456 355
428 369
459 389
533 506
585 508
452 442
380 452
561 490
580 542
351 449
414 441
455 360
604 480
315 463
613 556
452 439
323 462
587 492
487 409
518 486
407 428
447 478
418 376
404 460
600 539
640 584
614 450
443 366
321 497
391 416
488 359
533 538
424 446
603 496
519 484
424 364
413 417
617 532
454 443
521 493
622 451
608 579
595 480
330 484
524 516
482 458
450 400
461 485
449 477
559 490
327 468
625 574
388 459
468 373
544 511
458 331
422 409
597 489
327 492
582 486
464 396
609 567
568 456
511 471
554 497
589 491
402 454
465 329
420 409
464 393
466 328
562 467
353 460
557 464
478 472
333 465
593 493
464 414
366 446
450 375
605 571
416 369
653 578
392 462
560 456
650 574
414 411
466 323
452 496
441 381
465 490
466 490
467 490
468 490
467 491
469 490
468 489
467 492
470 490
469 491
468 488
467 493
471 490
469 488
468 493
471 491
470 488
469 493
468 494
472 491
471 492
468 495
473 491
467 495
474 491
473 490
466 495
474 492
473 489
465 495
466 496
474 493
465 494
466 497
473 493
466 498
472 493
473 494
466 499
473 495
467 499
465 499
468 499
464 499
465 500
469 499
464 500
464 498
470 499
469 500
464 501
464 497
470 500
470 498
464 502
464 496
471 498
463 502
471 497
462 502
461 502
462 503
462 501
461 503
462 504
460 503
463 504
464 504
464 505
464 506
465 506
466 506
466 507
466 508
466 509
465 509
466 510
464 509
467 510
463 509
464 510
468 510
462 509
464 511
468 511
468 509
461 509
462 510
464 512
469 511
468 512
469 509
468 508
460 509
463 512
470 511
467 512
469 508
459 509
462 512
471 511
467 513
469 507
459 510
472 511
467 514
470 507
458 510
459 511
473 511
472 510
466 514
470 506
460 511
459 512
473 510
472 509
471 506
470 505
458 512
459 513
473 509
472 506
457 512
460 513
473 506
472 505
456 512
457 513
461 513
473 507
473 505
455 512
456 511
457 514
461 514
474 505
456 510
456 514
461 515
475 505
474 504
456 509
456 515
461 516
474 503
455 509
456 508
456 516
462 516
460 516
475 503
474 502
457 508
455 516
463 516
459 516
460 517
476 503
474 501
458 508
457 507
454 516
455 517
463 515
458 516
459 515
460 518
476 504
476 502
457 506
454 517
454 515
455 518
501 409
477 502
457 505
453 517
455 519
477 501
456 505
457 504
453 518
456 519
455 505
452 518
457 519
454 505
455 506
451 518
458 519
454 504
451 519
451 517
450 519
451 516
449 519
449 520
449 518
448 520
448 521
447 521
448 522
446 521
448 523
445 521
446 520
448 524
444 521
446 519
449 524
447 524
443 521
447 519
560 475
450 524
449 525
446 524
442 521
443 522
447 518
560 474
451 524
446 525
441 521
443 523
447 517
451 523
446 526
441 522
441 520
442 523
443 524
447 516
451 522
445 526
446 527
440 522
441 523
440 520
441 519
443 525
447 515
439 522
442 525
443 526
446 515
438 522
439 521
443 527
445 515
446 514
443 528
444 515
446 513
442 528
444 514
446 512
442 529
443 514
447 512
442 530
442 514
448 512
443 530
441 514
442 513
449 512
444 530
443 531
440 514
442 512
450 512
449 513
444 531
444 529
439 514
440 515
440 513
443 512
441 512
450 511
449 514
444 532
439 513
440 516
441 511
451 511
450 510
448 514
444 533
439 512
441 516
439 516
440 511
441 510
452 511
450 509
443 533
440 510
442 533
439 510
440 509
441 533
442 532
440 508
440 533
439 508
440 534
439 507
440 535
438 507
439 506
440 536
437 507
441 536
437 506
442 536
441 537
437 505
443 536
441 538
436 505
443 537
443 535
442 538
440 538
435 505
443 538
440 539
434 505
435 506
444 538
439 539
440 540
435 507
445 538
438 539
440 541
435 508
446 538
437 539
438 538
441 541
440 542
446 539
436 539
441 542
439 542
447 539
436 540
436 538
442 542
438 542
448 539
435 540
438 543
438 541
449 539
448 540
435 541
438 544
448 541
434 541
449 541
433 541
434 542
450 541
432 541
451 541
431 541
452 541
431 540
453 541
431 539
453 540
431 538
454 540
453 539
432 538
430 538
431 537
455 540
454 539
453 538
432 537
429 538
431 536
455 541
455 539
453 537
432 536
428 538
456 541
455 542
454 537
452 537
432 535
427 538
457 541
455 543
454 536
427 539
427 537
458 541
454 543
455 544
454 535
426 537
427 536
459 541
455 545
454 534
425 537
428 536
460 541
459 540
456 545
455 546
453 534
454 533
424 537
425 538
460 542
455 547
453 533
455 533
423 537
460 543
455 548
453 532
456 533
423 538
459 543
455 549
457 533
422 538
423 539
456 549
454 549
455 550
457 534
423 540
456 550
455 551
458 534
422 540
423 541
456 551
455 552
458 535
422 541
454 552
459 535
422 542
453 552
454 553
460 535
459 536
422 543
453 553
454 554
460 534
459 537
422 544
452 553
455 554
460 533
458 537
459 538
423 544
451 553
455 555
460 532
458 538
460 538
423 545
450 553
456 555
455 556
461 532
461 538
423 546
450 552
456 556
462 532
461 531
462 538
461 539
423 547
450 551
456 557
462 531
462 539
462 537
461 540
422 547
449 551
450 550
456 558
462 530
462 536
421 547
451 550
455 558
463 530
463 536
420 547
421 548
454 558
463 529
419 547
420 546
453 558
464 529
463 528
419 548
453 559
464 528
462 528
463 527
418 548
452 559
453 560
465 528
464 527
461 528
463 526
418 549
451 559
454 560
466 528
462 526
418 550
450 559
455 560
454 561
462 525
418 551
450 558
455 561
461 525
462 524
419 551
417 551
456 561
463 524
420 551
419 552
416 551
457 561
464 524
420 552
419 553
416 550
457 562
464 525
464 523
421 552
419 554
415 550
458 562
465 523
464 522
422 552
419 555
414 550
458 563
464 521
422 551
418 555
419 556
413 550
414 549
458 564
465 521
463 521
419 557
412 550
413 551
413 549
414 548
459 564
457 564
458 565
466 521
462 521
463 520
411 550
415 548
460 564
458 566
467 521
466 520
461 521
644 558
411 549
416 548
461 564
460 565
459 566
457 566
467 522
460 521
461 522
461 520
411 548
416 547
462 564
461 563
459 567
457 567
468 522
467 523
459 521
461 523
411 547
416 546
462 565
461 562
460 567
459 568
456 567
469 522
468 523
459 522
411 546
463 565
462 566
462 562
460 562
461 561
460 568
458 568
459 569
455 567
458 522
410 546
411 545
462 567
459 570
455 568
457 522
409 546
412 545
463 567
460 570
454 568
455 569
456 522
408 546
413 545
464 567
460 571
454 569
456 569
456 523
407 546
408 547
414 545
465 567
464 568
460 572
456 570
456 524
407 547
407 545
414 544
465 566
464 569
461 572
459 572
460 573
457 524
456 525
406 547
414 543
465 569
464 570
462 572
460 574
455 525
405 547
414 542
463 572
459 574
454 525
404 547
415 542
464 572
459 575
453 525
403 547
465 572
464 573
459 576
403 548
466 572
465 571
460 576
458 576
403 549
467 572
461 576
402 549
468 572
461 577
402 550
469 572
468 573
468 571
461 578
401 550
469 571
462 578
460 578
461 579
400 550
470 571
469 570
462 579
459 578
460 579
400 551
471 571
469 569
462 580
400 552
471 572
471 570
470 569
463 580
462 581
399 552
472 572
471 573
472 570
471 569
461 581
462 582
398 552
399 553
473 570
471 568
463 582
462 583
397 552
399 554
474 570
472 568
464 582
397 553
397 551
400 554
472 567
464 583
396 551
473 567
472 566
465 583
464 584
396 550
474 567
472 565
466 583
465 584
463 584
464 585
395 550
472 564
467 583
466 582
463 585
464 586
394 550
395 549
472 563
468 583
462 585
464 587
394 551
394 549
395 548
473 563
471 563
469 583
464 588
394 552
393 549
474 563
469 584
465 588
463 588
393 552
394 553
393 548
474 564
469 585
466 588
462 588
392 552
393 547
469 586
462 589
393 546
469 587
462 590
392 546
470 587
463 590
391 546
471 587
463 591
390 546
472 587
463 592
390 547
390 545
473 587
464 592
462 592
389 545
474 587
465 592
462 593
388 545
474 588
466 592
465 593
461 593
462 594
387 545
475 588
465 594
460 593
461 594
462 595
387 546
387 544
465 595
459 593
461 595
463 595
386 546
387 547
387 543
466 595
459 594
459 592
386 547
387 548
386 543
467 595
459 595
458 592
459 591
388 548
386 542
468 595
467 596
457 592
381 522
388 549
385 542
386 541
469 595
468 594
457 593
380 522
388 550
384 542
470 595
469 596
468 593
456 593
389 550
387 550
388 551
383 542
470 594
469 597
469 593
455 593
456 594
390 550
387 551
388 552
383 543
383 541
471 594
469 592
456 595
390 549
386 551
388 553
382 543
383 540
469 591
457 595
455 595
456 596
385 551
388 554
381 543
384 540
468 591
456 597
385 552
389 554
388 555
380 543
385 540
468 590
457 597
455 597
389 555
387 555
388 556
380 544
385 539
458 597
454 597
389 556
388 557
379 544
380 545
385 538
453 597
387 557
388 558
378 544
380 546
386 538
452 597
386 557
388 559
377 544
378 543
381 546
379 546
387 538
451 597
452 596
385 557
388 560
376 544
377 545
379 547
388 538
387 539
387 537
450 597
451 596
384 557
385 558
375 544
377 546
379 548
389 538
387 536
449 597
451 595
383 557
384 558
375 545
379 549
390 538
386 536
387 535
449 598
450 595
451 594
383 558
383 556
375 546
378 549
390 539
385 536
386 535
387 534
448 598
449 599
450 594
452 594
383 559
382 556
374 546
375 547
390 540
386 534
388 534
387 533
447 598
449 600
449 594
383 560
381 556
373 546
375 548
391 540
386 533
387 532
446 598
447 599
447 597
450 600
448 600
449 593
384 560
380 556
381 555
372 546
373 547
375 549
392 540
387 531
446 599
446 597
451 600
448 601
449 592
371 546
372 545
374 549
388 531
386 531
387 530
445 597
447 601
450 592
448 592
371 547
371 545
374 550
389 531
388 530
385 531
386 530
445 596
447 602
447 592
370 547
370 545
371 544
374 551
385 530
445 595
447 603
446 592
369 547
370 548
371 543
373 551
374 552
384 530
445 594
447 604
445 592
368 547
372 543
372 551
383 530
445 593
448 604
447 605
444 592
368 546
371 551
382 530
383 531
383 529
448 605
443 592
444 591
367 546
368 545
371 552
382 531
382 529
383 532
383 528
449 605
442 592
366 546
370 552
382 528
384 528
383 527
450 605
449 606
442 591
366 545
369 552
370 553
381 528
385 528
449 607
441 591
365 545
366 544
368 552
369 551
380 528
381 527
449 608
440 591
441 590
364 545
366 543
368 551
380 527
381 526
450 608
440 592
440 590
363 545
364 546
366 542
368 550
379 527
450 609
440 589
364 547
367 542
365 542
366 541
367 550
378 527
451 609
440 588
365 547
364 542
366 540
366 550
378 528
378 526
452 609
439 588
367 540
365 540
365 550
378 529
378 525
452 610
438 588
364 540
365 539
364 550
365 551
378 530
378 524
452 611
437 588
364 539
365 538
364 551
377 530
532 511
377 524
452 612
437 589
364 538
365 537
363 551
364 552
377 531
481 451
377 523
453 612
451 612
436 589
363 538
365 536
364 553
482 451
376 523
454 612
450 612
435 589
362 538
363 537
365 535
364 554
482 452
375 523
454 613
454 611
450 613
434 589
361 538
364 535
365 534
363 554
482 453
374 523
375 522
455 613
455 611
449 613
434 588
360 538
361 537
364 534
365 533
362 554
363 555
374 522
375 521
456 613
456 611
455 610
448 613
364 533
366 533
365 532
361 554
363 556
376 521
375 520
456 614
456 612
457 611
448 612
363 533
364 532
366 532
360 554
377 521
457 610
447 612
363 532
366 531
359 554
360 555
360 553
377 520
458 610
457 609
446 612
362 532
367 531
359 555
359 553
360 556
377 519
458 609
445 612
446 613
362 531
359 552
360 557
459 609
445 613
445 611
361 531
358 552
361 557
359 557
460 609
444 613
445 610
360 531
357 552
362 557
361 558
358 557
359 558
461 609
443 613
444 614
446 610
445 609
359 531
356 552
357 557
442 613
443 614
443 612
444 615
446 609
359 532
359 530
356 557
442 614
446 608
359 533
359 529
355 557
441 614
442 615
358 533
359 534
359 528
355 558
355 556
440 614
360 534
359 527
355 559
439 614
358 527
359 526
356 559
355 560
438 614
439 615
357 527
359 525
357 559
356 560
354 560
437 614
356 527
357 526
353 560
436 614
437 615
357 525
353 561
435 614
436 613
437 616
356 525
353 562
435 615
436 612
437 617
355 525
356 524
353 563
434 615
435 612
436 611
437 618
355 524
353 564
433 615
436 610
438 618
355 523
353 565
432 615
433 616
433 614
435 610
439 618
354 523
355 522
354 565
432 616
433 613
434 610
439 619
353 523
354 566
431 616
432 617
432 613
433 610
439 620
353 524
353 522
354 567
431 617
432 618
431 613
432 610
352 524
353 521
355 567
353 567
354 568
433 618
430 613
431 610
352 521
353 520
355 568
354 569
433 619
429 613
430 610
354 520
353 519
356 568
353 569
434 619
428 613
429 614
429 610
352 519
357 568
352 569
353 570
434 620
427 613
429 615
428 610
351 519
352 518
358 568
357 569
351 569
352 570
352 568
434 621
426 613
427 614
429 616
428 611
428 609
350 519
351 518
352 517
359 568
357 570
350 569
351 568
434 622
425 613
427 615
428 608
350 520
351 517
353 517
352 516
359 567
356 570
357 571
349 569
351 567
435 622
425 612
426 615
427 616
429 608
428 607
354 517
352 515
360 567
357 572
349 570
351 566
436 622
425 611
427 617
428 606
355 517
352 514
361 567
358 572
357 573
348 570
437 622
424 611
427 618
429 606
355 516
352 513
362 567
356 573
357 574
437 623
424 610
427 619
351 513
357 575
437 624
423 610
427 620
350 513
351 512
357 576
437 625
422 610
427 621
350 512
437 626
421 610
427 622
349 512
437 627
420 610
436 627
437 628
419 610
420 611
438 628
497 410
419 609
439 628
579 542
419 608
439 629
418 608
420 608
440 629
439 630
420 607
441 629
439 631
421 607
420 606
441 630
438 631
422 607
419 606
420 605
437 631
418 606
419 605
420 604
436 631
437 632
437 630
417 606
419 604
421 604
435 631
436 630
437 633
416 606
417 605
419 603
434 631
436 633
415 606
419 602
434 632
434 630
435 633
436 634
433 632
435 634
432 632
433 633
434 634
432 633
433 634
431 633
433 635
430 633
433 636
430 634
433 637
429 634
432 637
433 638
428 634
429 635
431 637
428 635
428 633
427 635
427 633
427 636
427 632
427 637
426 632
428 637
426 637
427 638
425 632
429 637
427 639
425 631
426 639
424 631
426 640
424 630
425 640
426 641
424 629
425 641
424 628
425 642
423 628
425 643
422 628
424 643
422 627
424 644
422 626
422 430
424 645
422 625
422 431
425 645
423 625
421 625
421 431
426 645
425 646
424 625
420 625
422 432
421 432
427 645
425 647
425 625
419 625
421 433
421 434
428 645
427 646
427 644
425 648
425 624
418 625
420 435
421 435
429 645
426 648
426 624
417 625
421 436
421 437
635 564
429 646
417 626
417 624
654 580
631 560
429 647
416 626
417 623
632 559
429 648
416 627
416 623
417 622
631 559
430 648
416 628
418 622
631 558
380 523
431 648
430 649
415 628
419 622
459 590
631 557
432 648
431 649
420 622
458 590
641 575
431 650
420 621
632 557
432 650
420 620
643 558
644 557
432 651
421 620
419 620
632 556
433 651
432 652
421 619
419 619
631 555
434 651
431 652
422 619
643 557
434 652
430 652
634 557
434 653
423 644
422 644
421 644
421 645
421 643
420 645
421 646
419 645
421 647
418 645
419 646
422 647
418 644
419 647
418 643
418 642
417 642
418 641
416 642
417 641
415 642
417 640
414 642
413 642
414 641
412 642
411 642
410 642
409 642
408 642
409 641
407 642
408 643
406 642
407 641
408 644
405 642
406 643
406 641
407 640
408 645
404 642
407 639
407 645
408 646
403 642
404 641
408 639
407 638
408 647
402 642
407 637
407 647
402 643
402 641
407 636
406 647
402 644
402 640
407 635
405 647
406 648
403 644
401 644
401 640
408 635
407 634
404 647
400 644
409 635
407 633
404 648
400 645
410 635
408 633
406 633
403 648
411 635
409 633
402 648
403 649
411 636
409 632
403 650
411 637
409 631
403 651
411 638
410 631
408 631
409 630
403 652
410 638
411 631
409 629
403 653
410 639
412 631
404 653
413 631
412 632
412 630
405 653
404 654
414 631
413 632
406 653
414 632
413 633
406 654
406 652
414 633
406 655
406 656
407 656
405 656
406 657
408 656
408 657
409 657
410 657
411 657
410 658
410 659
410 660
409 660
410 661
408 660
409 661
411 661
407 660
408 659
409 662
412 661
407 661
409 663
412 660
407 662
409 664
409 665
408 665
409 666
407 665
410 666
406 665
411 666
410 667
412 666
411 665
410 668
412 667
412 665
411 664
409 668
413 667
412 668
413 665
412 664
408 668
409 669
412 669
414 665
407 668
409 670
411 669
412 670
415 665
406 668
411 670
412 671
416 665
415 664
405 668
412 672
416 664
405 669
405 667
413 672
412 673
417 664
404 669
404 667
405 666
414 672
411 673
412 674
418 664
403 667
414 673
412 675
419 664
402 667
403 668
403 666
415 673
413 675
411 675
420 664
419 665
402 666
403 665
415 674
413 676
410 675
420 665
420 663
401 666
402 665
404 665
403 664
413 677
409 675
410 676
420 666
400 666
402 664
404 664
408 675
410 677
421 666
420 667
399 666
400 667
401 664
402 663
404 663
407 675
409 677
422 666
399 667
404 662
406 675
407 676
407 674
423 666
422 667
422 665
398 667
404 661
407 677
398 668
403 661
404 660
406 677
398 669
402 661
405 677
406 678
399 669
398 670
404 677
405 678
399 670
397 670
403 677
404 678
405 679
399 671
397 671
405 680
399 672
397 672
406 680
405 681
398 672
396 672
404 681
398 673
395 672
404 682
395 673
403 682
404 683
394 673
402 682
405 683
393 673
401 682
406 683
393 674
393 672
401 681
407 683
392 674
393 671
407 684
391 674
392 675
393 670
407 685
392 676
392 670
393 669
408 685
391 676
393 668
408 686
390 676
392 668
393 667
409 686
408 687
389 676
391 668
392 667
393 666
407 687
408 688
393 665
407 688
409 688
394 665
392 665
393 664
406 688
395 665
393 663
405 688
395 664
394 663
393 662
405 689
393 661
404 689
404 690
404 691
404 692
405 692
403 692
406 692
402 692
406 693
402 693
402 691
406 694
401 693
402 694
402 690
400 693
403 694
401 690
400 694
400 690
401 689
400 695
399 690
401 688
400 696
398 690
402 688
399 696
397 690
403 688
399 697
396 690
397 689
398 697
399 698
397 688
397 697
400 698
398 688
396 688
400 699
400 700
400 701
401 701
401 702
402 702
401 703
403 702
402 703
400 703
404 702
403 703
400 704
404 703
404 701
399 704
404 704
405 701
404 700
399 705
404 705
406 701
398 705
399 706
403 705
407 701
406 700
397 705
400 706
399 707
403 706
406 699
396 705
400 707
399 708
395 705
396 706
399 709
395 704
396 707
400 709
399 710
394 704
395 707
396 708
401 709
400 710
398 710
393 704
394 703
394 707
395 708
402 709
401 708
398 711
393 705
394 706
395 709
403 709
402 708
397 711
392 705
394 709
404 709
403 710
397 712
391 705
393 709
405 709
403 711
397 713
390 705
393 710
404 711
398 713
389 705
390 704
393 711
404 712
389 706
389 704
392 711
393 712
405 712
404 713
388 704
391 711
392 712
394 712
406 712
404 714
387 704
391 710
392 713
406 711
404 715
386 704
390 710
391 709
392 714
407 711
404 716
386 703
389 710
391 708
392 715
408 711
407 710
404 717
385 703
388 710
392 708
390 708
392 716
409 711
404 718
384 703
389 708
392 717
410 711
384 702
392 718
411 711
410 712
383 702
391 718
392 719
411 710
410 713
383 701
393 719
412 710
411 709
410 714
382 701
383 700
393 720
413 710
410 709
381 701
384 700
393 721
413 711
413 709
409 709
410 708
380 701
384 699
393 722
414 709
410 707
380 702
385 699
384 698
393 723
414 708
410 706
379 702
380 703
386 699
383 698
384 697
394 723
415 708
414 707
411 706
409 706
378 702
380 704
387 699
386 700
395 723
394 724
416 708
414 706
378 701
387 700
386 701
396 723
395 724
395 722
417 708
415 706
377 701
378 700
388 700
385 701
397 723
396 724
395 725
417 709
417 707
415 705
376 701
379 700
378 699
389 700
388 701
398 723
397 724
417 710
418 707
375 701
376 702
376 700
379 699
390 700
399 723
416 710
417 711
419 707
374 701
375 702
375 700
376 703
376 699
380 699
379 698
391 700
390 699
400 723
399 722
416 711
417 712
420 707
419 708
373 701
376 698
379 697
391 701
390 698
401 723
400 722
418 712
421 707
373 702
376 697
380 697
379 696
391 702
391 698
389 698
402 723
400 721
418 713
422 707
373 703
375 697
392 698
391 697
403 723
402 724
401 721
400 720
418 714
423 707
373 704
374 697
393 698
391 696
404 723
402 725
402 721
399 720
418 715
423 708
423 706
374 704
372 704
374 696
394 698
393 699
392 696
390 696
391 695
403 725
401 725
402 726
399 719
419 715
423 705
372 705
374 695
391 694
402 727
399 718
420 715
424 705
372 706
375 695
373 695
374 694
392 694
391 693
401 727
402 728
400 718
420 716
425 705
373 706
371 706
372 707
376 695
373 694
374 693
392 693
391 692
403 728
401 718
421 716
425 706
425 704
374 706
370 706
372 708
377 695
376 694
373 693
374 692
391 691
403 729
402 718
421 717
425 707
425 703
374 707
369 706
370 705
372 709
377 694
374 691
392 691
390 691
391 690
403 730
402 717
422 717
421 718
425 708
424 703
425 702
368 706
370 704
377 693
373 691
374 690
390 690
402 730
403 731
421 719
426 708
426 702
425 701
367 706
368 707
370 703
378 693
374 689
403 732
422 719
426 709
427 702
367 705
368 708
371 703
370 702
378 692
373 689
374 688
404 732
403 733
423 719
427 709
426 710
427 701
369 708
371 702
369 702
378 691
372 689
374 687
404 733
402 733
423 718
428 709
427 700
370 708
369 709
371 701
368 702
379 691
371 689
375 687
405 733
404 734
402 734
429 709
428 708
427 699
369 710
367 702
380 691
371 690
376 687
406 733
405 734
404 735
401 734
402 735
430 709
428 707
427 698
370 710
368 710
367 703
367 701
380 690
370 690
377 687
376 686
407 733
401 735
402 736
431 709
427 697
370 711
367 710
366 703
367 700
381 690
369 690
377 688
377 686
408 733
402 737
431 710
431 708
370 712
366 704
367 699
368 690
378 686
409 733
408 732
402 738
432 710
431 707
371 712
369 712
365 704
366 699
367 698
367 690
379 686
410 733
409 732
408 731
403 738
401 738
402 739
433 710
432 707
371 713
364 704
365 705
365 699
368 698
366 690
379 685
411 733
410 734
410 732
408 730
404 738
400 738
401 739
434 710
433 711
372 713
365 706
365 700
365 690
380 685
411 732
410 735
408 729
399 738
400 739
401 740
434 711
434 709
433 712
373 713
372 714
365 707
364 700
365 689
381 685
380 684
412 732
410 736
408 728
399 737
401 741
432 712
374 713
372 715
364 707
363 700
364 689
382 685
380 683
411 736
409 736
408 727
399 736
402 741
431 712
375 713
371 715
364 708
362 700
363 689
382 686
382 684
379 683
380 682
412 736
409 737
408 726
400 736
403 741
402 742
431 713
376 713
370 715
364 709
361 700
362 701
362 689
363 690
383 684
378 683
381 682
413 736
412 735
409 738
409 726
408 725
403 740
402 743
431 714
377 713
376 714
369 715
370 714
364 710
361 699
362 702
361 689
362 688
363 691
384 684
382 682
381 681
409 739
410 726
407 725
408 724
404 740
402 744
431 715
368 715
361 698
361 702
360 689
361 688
364 691
362 691
381 680
410 739
411 726
409 724
401 744
432 715
431 716
368 716
360 698
360 702
360 690
361 687
361 691
382 680
380 680
411 739
410 740
412 726
409 723
400 744
401 745
432 716
430 716
368 717
359 698
359 702
359 690
361 686
361 692
383 680
382 679
380 679
411 740
413 726
399 744
433 716
368 718
359 697
359 703
361 685
361 693
384 680
383 679
380 678
413 727
413 725
398 744
433 717
367 718
368 719
358 703
359 704
360 685
361 694
384 681
384 679
381 678
380 677
413 728
413 724
397 744
434 717
366 718
369 719
357 703
359 685
362 694
384 682
385 679
384 678
379 677
380 676
414 728
434 718
365 718
366 719
369 720
357 704
359 686
363 694
386 679
378 677
381 676
415 728
435 718
434 719
364 718
369 721
356 704
358 686
359 687
363 693
378 678
381 675
416 728
435 719
433 719
434 720
363 718
364 719
370 721
368 721
355 704
356 705
357 686
359 688
364 693
378 679
382 675
381 674
417 728
416 727
436 719
362 718
364 720
371 721
370 722
356 686
358 688
378 680
382 674
381 673
418 728
437 719
361 718
362 719
364 721
371 720
370 723
355 686
356 685
377 680
378 681
383 674
380 673
419 728
437 720
360 718
361 717
362 720
364 722
372 720
354 686
356 684
376 680
383 673
379 673
419 729
419 727
438 720
437 721
359 718
360 717
365 722
363 722
364 723
373 720
353 686
357 684
356 683
375 680
384 673
383 672
379 674
420 729
419 726
436 721
359 719
359 717
360 716
366 722
362 722
364 724
373 719
352 686
353 687
356 682
374 680
375 679
384 672
383 671
379 675
420 730
435 721
358 719
358 717
360 715
367 722
361 722
365 724
364 725
374 719
373 718
351 686
353 688
355 682
373 680
374 679
378 675
420 731
435 722
357 719
357 717
367 723
360 722
363 725
375 719
374 718
350 686
354 688
352 688
354 682
355 681
374 678
377 675
420 732
435 723
357 718
356 717
367 724
360 723
360 721
363 726
375 720
374 717
350 687
350 685
351 688
353 682
373 678
376 675
419 732
420 733
436 723
435 724
355 717
368 724
360 724
360 720
363 727
376 720
374 716
353 683
353 681
372 678
373 677
376 676
376 674
420 734
437 723
434 724
355 716
369 724
360 725
364 727
363 728
352 683
352 681
353 680
371 678
372 679
373 676
375 674
420 735
438 723
437 724
434 725
355 715
359 725
360 726
364 728
351 683
352 684
351 681
353 679
374 676
372 676
421 735
439 723
437 725
433 725
434 726
356 715
354 715
355 714
358 725
359 726
350 683
351 682
354 679
352 679
353 678
372 675
422 735
439 724
438 725
437 726
432 725
356 714
353 715
355 713
357 725
350 682
355 679
351 679
353 677
372 674
423 735
440 724
437 727
432 726
432 724
357 714
352 715
355 712
356 725
357 726
357 724
349 682
356 679
350 679
354 677
424 735
441 724
437 728
432 727
431 724
357 713
351 715
355 725
356 726
357 723
348 682
355 677
424 736
442 724
438 728
431 727
430 724
358 713
350 715
351 716
351 714
354 725
355 726
355 724
347 682
348 683
356 677
355 676
425 736
424 737
442 723
439 728
431 728
430 723
358 712
349 715
351 713
354 726
354 724
347 683
347 681
426 736
423 737
443 723
439 729
430 728
359 712
348 715
352 713
351 712
354 727
354 723
347 684
347 680
426 737
426 735
422 737
423 738
444 723
440 729
430 729
347 715
352 712
350 712
353 727
354 728
354 722
346 684
426 738
426 734
440 730
430 730
346 715
347 716
347 714
353 712
352 711
352 727
355 728
354 729
346 685
427 738
426 733
441 730
440 731
345 715
346 714
352 710
351 727
352 728
355 729
354 730
345 685
428 738
427 739
427 733
425 733
439 731
440 732
344 715
346 713
353 710
350 727
355 730
353 730
344 685
428 739
428 737
427 740
427 732
439 732
440 733
346 712
354 710
349 727
350 728
350 726
355 731
344 686
428 740
438 732
440 734
354 711
354 709
349 728
349 726
350 729
350 725
355 732
343 686
428 741
438 733
441 734
439 734
440 735
350 730
350 724
354 732
355 733
343 687
428 742
437 733
438 734
442 734
440 736
349 730
355 734
343 688
429 742
436 733
443 734
348 730
349 731
356 734
354 734
342 688
343 689
430 742
443 733
348 731
348 729
357 734
353 734
354 735
341 688
342 689
344 689
431 742
443 732
347 731
347 729
358 734
357 733
352 734
353 735
340 688
341 689
345 689
431 743
431 741
444 732
347 732
346 729
359 734
358 735
357 732
352 735
352 733
339 688
340 689
345 690
431 744
432 741
445 732
345 729
346 728
359 735
358 732
352 736
338 688
340 690
345 691
431 745
432 740
446 732
345 730
359 732
351 736
337 688
338 687
340 691
345 692
431 746
447 732
446 733
344 730
345 731
359 731
350 736
337 687
341 691
432 746
430 746
448 732
447 731
446 734
343 730
344 731
349 736
350 737
350 735
336 687
433 746
429 746
448 733
448 731
447 730
446 735
343 729
344 732
348 736
349 737
350 738
335 687
336 686
433 747
429 745
449 733
448 734
447 729
343 728
343 732
347 736
350 739
334 687
336 685
433 748
429 744
450 733
446 729
447 728
344 728
342 728
343 733
346 736
351 739
349 739
333 687
334 688
337 685
336 684
433 749
451 733
450 734
445 729
344 727
341 728
352 739
333 688
333 686
334 689
336 683
433 750
451 732
345 727
340 728
353 739
352 738
332 688
333 689
335 689
337 683
335 683
434 750
432 750
433 751
452 732
345 726
339 728
353 740
353 738
331 688
333 690
338 683
335 682
435 750
434 751
453 732
452 731
339 729
339 727
354 740
354 738
331 687
332 690
339 683
338 682
334 682
335 681
435 751
435 749
452 730
339 730
339 726
354 741
355 738
339 684
339 682
338 681
334 681
436 751
435 752
436 749
452 729
338 730
340 726
338 726
356 738
339 685
340 682
339 681
333 681
437 751
435 753
437 749
451 729
452 728
338 731
341 726
340 725
338 725
357 738
356 739
356 737
341 682
340 681
332 681
438 751
437 752
437 750
435 754
452 727
337 731
342 726
337 725
342 682
341 683
340 680
331 681
332 682
438 752
436 754
453 727
452 726
337 732
342 725
336 725
343 682
341 680
340 679
331 680
332 683
439 752
436 755
454 727
451 726
452 725
336 732
335 725
344 682
342 680
339 679
331 679
332 684
439 753
436 756
454 728
454 726
452 724
335 732
344 683
343 680
342 679
338 679
332 679
330 679
333 684
331 684
440 753
439 754
435 756
455 726
452 723
335 731
343 679
342 678
337 679
338 678
332 678
329 679
334 684
330 684
441 753
440 754
439 755
435 757
456 726
335 730
343 678
341 678
329 678
334 685
329 684
330 683
441 752
439 756
434 757
435 758
456 727
336 730
343 677
328 678
329 677
329 685
329 683
440 756
438 756
433 757
435 759
457 727
456 728
336 729
343 676
327 678
330 677
328 685
329 686
441 756
433 758
435 760
458 727
342 676
326 678
331 677
442 756
432 758
436 760
435 761
458 728
325 678
326 679
443 756
431 758
437 760
435 762
459 728
458 729
324 678
326 680
444 756
443 757
443 755
430 758
437 761
435 763
460 728
458 730
324 679
324 677
326 681
444 755
443 758
443 754
429 758
430 759
434 763
460 727
459 730
457 730
324 680
323 677
325 681
445 755
442 754
428 758
430 760
433 763
461 727
459 731
456 730
457 731
323 680
324 681
322 677
446 755
427 758
433 764
433 762
462 727
461 726
322 680
324 682
321 677
322 678
322 676
446 754
426 758
427 759
433 765
432 762
433 761
461 725
321 680
324 683
321 676
447 754
427 760
432 765
433 766
462 725
460 725
321 679
321 675
448 754
447 753
427 761
432 766
463 725
460 724
320 675
449 754
448 755
447 752
428 761
426 761
464 725
463 724
460 723
319 675
450 754
448 756
446 752
447 751
425 761
465 725
464 726
463 723
461 723
460 722
318 675
451 754
450 755
450 753
447 756
447 750
424 761
425 762
425 760
465 724
463 722
461 722
459 722
318 676
451 755
450 752
446 750
425 763
425 759
466 724
461 721
459 721
317 676
450 751
445 750
446 749
426 763
424 763
425 764
424 759
467 724
466 723
459 720
316 676
317 677
451 751
450 750
444 750
446 748
427 763
423 763
468 724
466 722
458 720
315 676
452 751
450 749
427 764
423 764
469 724
468 725
466 721
457 720
314 676
450 748
428 764
427 765
422 764
423 765
470 724
469 723
456 720
457 721
314 675
449 748
427 766
424 765
423 766
471 724
455 720
457 722
313 675
448 748
449 747
428 766
424 766
422 766
423 767
472 724
471 725
471 723
455 719
456 722
312 675
313 674
448 749
449 746
425 766
424 767
421 766
423 768
472 725
472 723
471 726
471 722
455 718
312 676
313 673
450 746
448 746
420 766
422 768
472 726
470 726
471 721
456 718
455 717
311 676
314 673
312 673
450 745
420 765
472 727
470 727
471 720
457 718
456 717
455 716
310 676
314 672
312 672
450 744
420 764
472 728
470 728
472 720
456 716
309 676
310 677
310 675
314 671
311 672
312 671
450 743
419 764
473 728
470 729
473 720
472 719
456 715
310 678
314 670
310 672
449 743
418 764
419 763
470 730
474 720
472 718
456 714
310 679
313 670
314 669
309 672
418 765
419 762
470 731
475 720
473 718
472 717
456 713
311 679
309 679
313 669
314 668
308 672
418 766
420 762
418 762
469 731
475 719
473 717
457 713
455 713
312 679
308 679
313 668
315 668
307 672
308 673
308 671
418 767
418 761
469 732
476 719
455 712
312 680
308 680
308 678
316 668
315 667
307 671
308 674
418 768
417 761
418 760
469 733
477 719
454 712
313 680
308 681
317 668
306 671
308 675
419 768
417 768
418 759
469 734
478 719
453 712
454 711
318 668
317 667
305 671
307 675
417 769
417 759
418 758
469 735
479 719
478 720
452 712
453 713
453 711
454 710
318 667
317 666
305 670
306 675
416 769
417 770
416 759
417 758
470 735
479 720
452 711
453 714
454 709
319 667
317 665
305 669
305 675
306 676
415 769
416 760
416 758
471 735
480 720
452 714
455 709
454 708
320 667
317 664
304 669
305 668
304 675
305 674
306 677
414 769
416 757
471 736
471 734
481 720
454 707
321 667
317 663
304 668
306 668
304 676
307 677
306 678
413 769
472 734
481 719
455 707
454 706
321 666
318 663
317 662
303 668
304 667
306 679
412 769
473 734
482 719
481 718
322 666
321 665
319 663
318 662
316 662
302 668
303 667
304 666
305 679
411 769
412 770
412 768
473 735
483 719
480 718
318 661
315 662
316 661
304 665
410 769
412 767
474 735
483 720
483 718
319 661
304 664
409 769
410 768
475 735
474 736
483 721
484 718
483 717
320 661
303 664
304 663
409 770
409 768
475 736
474 737
484 721
482 717
483 716
321 661
302 664
303 663
305 663
304 662
409 771
408 768
476 736
475 737
473 737
484 722
482 716
484 716
483 715
321 660
301 664
306 663
304 661
408 771
409 772
408 767
477 736
473 738
485 722
482 715
485 716
322 660
300 664
306 664
305 661
407 771
409 773
407 767
408 766
478 736
473 739
486 722
485 715
322 659
300 665
300 663
305 660
406 771
407 772
406 767
479 736
478 737
473 740
486 721
486 715
485 714
322 658
300 666
305 659
405 771
406 766
480 736
472 740
473 741
487 721
487 715
485 713
321 658
322 657
301 666
304 659
305 658
404 771
405 770
405 766
481 736
471 740
473 742
487 716
485 712
322 656
303 659
304 658
403 771
405 765
482 736
471 741
473 743
487 717
484 712
323 656
303 660
403 772
405 764
483 736
470 741
473 744
483 712
324 656
323 655
302 660
402 772
406 764
404 764
483 737
483 735
470 742
474 744
472 744
324 655
323 654
401 772
407 764
404 763
484 737
547 486
483 734
469 742
474 745
472 745
322 654
400 772
401 771
408 764
485 737
484 738
482 734
468 742
471 745
472 746
321 654
322 653
401 770
409 764
486 737
481 734
482 733
468 741
321 655
321 653
322 652
400 770
401 769
409 765
486 738
480 734
467 741
320 655
320 653
323 652
322 651
400 769
410 765
487 738
486 739
466 741
467 740
319 653
320 652
323 651
321 651
399 769
410 766
488 738
486 740
466 742
466 740
467 739
318 653
323 650
321 650
399 768
488 737
485 740
486 741
466 743
318 652
324 650
398 768
488 736
486 742
465 743
317 652
324 649
397 768
398 767
489 736
486 743
465 744
317 651
325 649
324 648
396 768
397 769
398 766
490 736
486 744
465 745
317 650
325 648
323 648
324 647
396 769
396 767
397 770
399 766
398 765
491 736
485 744
486 745
464 745
317 649
325 647
324 646
396 770
398 770
397 771
398 764
492 736
491 735
485 745
487 745
486 746
463 745
317 648
324 645
395 770
398 771
397 764
493 736
492 735
491 734
484 745
486 747
462 745
463 746
317 647
395 771
396 764
493 737
492 734
490 734
483 745
487 747
485 747
486 748
462 746
462 744
463 747
318 647
316 647
394 771
395 772
396 765
396 763
494 737
493 738
493 734
490 733
483 744
488 747
487 748
461 746
462 747
462 743
464 747
316 646
393 771
394 772
395 773
395 763
495 737
492 738
490 732
483 743
487 749
460 746
461 743
462 742
465 747
316 645
392 771
394 763
495 738
495 736
492 739
491 732
489 732
484 743
488 749
487 750
459 746
460 743
463 742
466 747
316 644
392 770
393 763
496 738
495 739
495 735
491 739
492 740
491 731
488 750
486 750
459 747
460 742
463 741
317 644
316 643
391 770
392 769
392 763
393 764
497 738
495 740
495 734
492 741
492 731
491 730
489 750
488 751
485 750
459 748
464 741
316 642
390 770
392 762
393 765
496 740
495 733
493 741
491 741
489 751
485 751
485 749
460 748
458 748
464 740
316 641
390 771
391 762
392 761
392 765
393 766
496 733
495 732
493 742
490 741
489 752
484 751
484 749
460 749
457 748
458 749
316 640
392 760
391 765
393 767
497 733
495 731
490 742
489 753
483 751
483 749
461 749
457 747
458 750
317 640
316 639
390 765
498 733
496 731
495 730
490 753
488 753
482 751
483 748
462 749
461 750
456 747
457 746
458 751
318 640
316 638
390 764
499 733
494 730
495 729
481 751
463 749
461 751
455 747
456 746
317 638
389 764
390 763
499 732
494 729
496 729
495 728
480 751
481 752
461 752
454 747
455 746
456 745
317 637
388 764
389 763
497 729
496 728
479 751
480 752
481 753
462 752
454 748
454 746
455 745
456 744
317 636
388 765
388 763
389 762
498 729
496 727
478 751
479 750
481 754
463 752
453 746
455 744
457 744
318 636
316 636
317 635
388 762
499 729
496 726
477 751
478 752
479 749
482 754
481 755
463 753
454 744
457 743
319 636
318 635
315 636
316 635
317 634
388 761
499 730
499 728
476 751
478 749
479 748
483 754
480 755
464 753
463 754
454 743
320 636
318 634
314 636
315 637
500 728
475 751
476 750
484 754
483 755
465 753
462 754
463 755
321 636
320 635
313 636
314 637
314 635
501 728
475 750
485 754
484 753
483 756
465 754
465 752
461 754
320 634
313 635
502 728
501 727
483 757
466 754
466 752
465 751
461 755
320 633
312 635
503 728
502 729
502 727
483 758
467 752
465 750
461 756
319 633
311 635
504 728
503 727
502 726
483 759
467 751
460 756
461 757
319 632
310 635
503 726
502 725
484 759
483 760
467 750
460 757
309 635
310 634
503 725
485 759
483 761
468 750
467 749
459 757
504 725
486 759
485 758
483 762
458 757
459 758
504 724
487 759
485 757
484 762
482 762
458 756
505 724
504 723
488 759
485 756
484 763
506 724
484 764
507 724
484 765
508 724
507 723
485 765
509 724
507 722
485 766
510 724
507 721
485 767
510 725
506 721
485 768
511 725
510 726
506 720
486 768
485 769
512 725
510 727
506 719
487 768
485 770
512 726
505 719
506 718
487 769
485 771
513 726
512 727
504 719
507 718
506 717
486 771
484 771
514 726
512 728
504 718
507 717
505 717
506 716
483 771
484 772
515 726
512 729
503 718
507 716
482 771
484 773
516 726
515 725
513 729
511 729
503 717
507 715
481 771
485 773
484 774
515 724
513 730
502 717
508 715
485 774
483 774
514 724
515 723
513 731
501 717
502 716
509 715
508 714
482 774
513 724
500 717
510 715
509 716
509 714
482 773
513 723
500 718
500 716
511 715
481 773
499 718
500 719
499 716
512 715
499 719
512 716
512 714
498 719
512 717
512 713
497 719
513 713
497 720
514 713
515 713
514 712
516 713
517 713
516 714
517 712
516 715
518 712
517 715
519 712
520 712
519 711
520 713
519 710
520 714
520 710
518 710
521 714
520 715
521 710
517 710
521 715
519 715
520 716
521 711
521 709
516 710
521 716
520 717
522 709
515 710
516 709
523 709
524 709
523 708
525 709
523 707
526 709
525 710
523 706
526 710
522 706
523 705
527 710
521 706
484 355
528 710
547 487
529 710
528 711
528 709
545 489
530 710
528 712
528 708
548 487
530 709
529 712
528 707
545 490
524 705
524 704
524 703
524 702
524 701
525 701
525 700
526 700
525 699
527 700
524 699
528 700
528 699
529 699
530 699
529 698
531 699
529 697
531 700
530 697
528 697
530 696
527 697
526 697
527 698
527 696
527 695
526 695
527 694
525 695
527 693
524 695
528 693
524 694
529 693
524 693
529 692
523 693
529 691
523 692
529 690
522 692
530 690
522 691
531 690
521 691
531 691
531 689
520 691
532 691
531 692
531 688
519 691
532 688
530 688
518 691
519 690
533 688
529 688
517 691
519 689
534 688
533 687
528 688
517 692
517 690
534 687
533 686
527 688
516 692
516 690
535 687
526 688
515 692
516 693
516 689
536 687
514 692
515 689
516 688
537 687
536 686
514 691
515 688
538 687
536 685
514 688
538 688
537 685
513 688
538 685
537 684
513 689
513 687
537 683
512 689
512 687
536 683
537 682
511 687
535 683
536 682
537 681
510 687
534 683
538 681
509 687
534 682
538 680
533 682
534 681
538 679
532 682
533 681
535 681
538 678
531 682
532 683
533 680
539 678
537 678
532 684
533 679
540 678
536 678
537 677
533 684
531 684
532 685
541 678
540 677
537 676
530 684
537 675
529 684
537 674
529 683
536 674
537 673
536 673
537 672
535 673
537 671
534 673
538 671
536 671
537 670
534 674
534 672
539 671
533 672
534 671
539 670
532 672
539 669
531 672
532 673
539 668
530 672
531 673
539 667
530 673
530 671
531 674
539 666
529 673
530 674
529 671
539 665
530 675
529 670
540 665
530 676
528 670
529 669
541 665
540 664
527 670
530 669
529 668
542 665
540 663
526 670
527 669
531 669
528 668
542 666
542 664
540 662
526 671
526 669
528 667
539 662
540 661
526 672
525 669
526 668
539 661
540 660
525 672
524 669
539 660
540 659
524 672
523 669
538 660
540 658
523 672
524 671
522 669
523 668
541 658
540 657
522 672
523 673
521 669
522 668
523 667
542 658
522 673
521 670
521 668
543 658
521 673
522 674
520 668
544 658
543 657
520 673
521 674
522 675
519 668
545 658
520 672
522 676
519 669
519 667
546 658
520 671
523 676
546 659
524 676
523 677
547 659
525 676
548 659
548 660
548 658
549 660
549 658
550 658
551 658
552 658
551 659
552 659
552 657
551 660
552 660
553 657
552 656
553 660
551 656
552 655
553 661
552 654
553 662
551 654
554 662
552 662
551 653
552 663
550 653
551 652
549 653
551 651
552 651
553 651
553 652
554 652
555 652
556 652
557 652
