327 646
324 619
455 608
595 462
314 605
448 596
319 599
418 426
465 586
408 567
285 628
234 600
646 515
289 625
500 692
287 643
157 644
441 570
616 528
276 634
325 609
428 558
677 536
595 525
454 615
550 463
340 632
140 671
623 529
348 580
219 613
706 536
457 588
293 638
654 557
356 570
514 457
655 551
188 602
232 591
475 533
574 423
405 576
367 592
314 596
159 629
159 609
214 608
323 624
466 678
276 649
434 567
291 631
678 529
147 651
704 549
430 411
712 536
407 579
464 612
328 648
672 524
330 639
458 615
139 652
186 626
504 643
586 456
658 518
282 608
360 634
450 597
527 451
336 601
182 600
138 656
188 616
656 521
573 502
149 607
297 634
655 557
281 648
471 611
282 605
352 606
688 517
500 681
349 596
435 565
464 666
140 679
204 611
580 490
360 595
459 543
284 638
137 679
331 634
513 453
308 611
277 609
315 593
346 606
465 658
403 582
597 523
713 548
341 625
611 444
308 635
483 676
230 594
476 689
351 571
318 634
666 522
474 691
664 552
209 609
152 660
313 599
597 486
156 647
476 671
150 646
293 639
513 452
429 405
309 597
473 586
412 569
179 607
180 632
434 578
456 588
327 605
143 690
247 584
696 503
292 639
411 564
158 623
521 440
133 691
127 673
595 444
469 666
551 463
606 445
468 574
473 694
468 582
397 581
345 575
386 579
402 577
358 630
417 577
688 514
471 694
487 612
472 539
181 601
710 531
234 599
465 540
603 537
469 662
366 596
531 452
588 492
655 522
357 613
460 611
155 621
133 690
180 631
594 460
253 586
715 542
611 515
570 417
315 631
287 633
458 529
690 517
445 546
280 644
197 602
696 520
526 442
450 727
166 601
339 603
318 600
643 523
659 541
492 704
419 426
642 522
483 616
564 475
155 626
332 644
458 606
135 654
593 460
448 534
331 605
287 637
434 446
591 514
369 583
695 518
480 672
597 478
512 452
602 444
694 539
601 445
307 635
138 675
441 517
670 540
145 652
489 632
499 646
353 607
444 578
315 597
133 684
425 413
414 578
360 596
649 550
718 542
473 702
403 573
651 550
332 607
445 558
543 449
352 584
427 422
474 697
427 581
686 534
466 679
275 621
181 608
133 685
638 518
156 627
307 631
696 552
701 505
139 654
182 603
252 603
258 589
421 423
430 409
217 596
189 620
470 542
326 629
333 638
207 612
465 585
607 526
505 630
471 662
449 586
438 449
588 499
359 604
589 512
697 551
255 588
450 539
665 544
245 585
480 617
376 578
499 636
325 647
695 509
142 659
284 628
413 565
288 628
470 583
361 634
206 603
217 601
489 610
356 584
340 626
604 470
323 623
480 614
486 689
599 462
597 462
250 583
267 599
261 590
138 658
341 567
581 499
140 675
190 610
265 606
441 553
617 525
368 580
428 404
595 463
213 592
338 574
346 605
455 588
323 625
228 600
589 513
325 623
408 568
594 515
470 689
594 466
717 544
696 544
580 491
132 681
495 650
271 620
188 618
362 602
590 441
163 621
573 422
281 653
441 568
463 579
459 540
588 500
338 633
293 648
284 648
591 466
265 590
495 699
350 628
297 633
405 577
137 698
218 595
314 604
292 636
697 504
695 539
471 586
692 532
496 624
146 693
431 408
348 569
483 612
300 632
604 515
695 510
595 441
688 518
469 688
449 575
476 543
468 662
516 438
608 444
472 706
459 544
589 491
217 614
367 591
433 416
488 694
468 580
369 593
593 507
645 524
314 628
577 492
357 632
392 584
624 529
651 519
600 447
478 672
341 578
595 512
381 578
202 595
466 602
499 694
407 580
652 547
179 600
349 611
473 469
422 424
678 527
652 546
373 580
148 693
460 688
191 614
653 550
347 574
347 576
258 590
169 635
599 465
696 541
439 511
471 702
286 648
179 602
402 571
286 629
235 585
430 579
139 659
316 639
591 453
317 604
328 619
483 673
464 670
306 612
452 589
194 602
290 644
284 658
395 588
452 578
519 453
179 601
356 611
479 643
157 639
411 565
595 486
658 542
526 451
442 571
495 698
267 630
406 578
160 601
264 590
279 625
275 603
192 630
665 520
169 611
421 576
334 607
596 465
487 648
607 451
422 422
701 511
135 691
347 601
666 539
653 521
359 638
164 634
321 631
480 687
162 614
643 514
363 585
428 556
310 632
407 578
482 671
635 517
682 520
266 603
663 553
358 629
598 469
650 550
136 654
161 615
417 579
464 545
319 608
360 598
150 699
254 591
462 688
162 600
719 540
153 697
491 601
366 588
481 617
595 506
311 642
138 676
334 603
665 523
503 641
214 603
592 492
499 677
668 526
470 582
471 672
271 614
692 536
335 601
183 632
486 637
680 526
549 464
329 607
526 441
439 567
595 503
347 607
443 506
572 422
497 692
479 689
481 648
137 695
594 509
701 534
434 449
697 515
469 677
333 627
178 628
659 514
270 628
283 635
325 622
420 577
142 689
149 648
465 579
516 436
188 604
136 695
664 521
582 490
287 644
148 657
351 589
473 649
472 657
672 528
283 638
474 616
687 523
463 588
401 569
246 582
358 615
289 643
405 579
408 569
669 525
166 612
467 746
467 604
466 587
132 688
707 535
702 549
595 519
141 652
272 620
148 650
282 629
142 681
682 537
347 608
191 611
489 603
702 537
217 615
502 633
433 411
279 649
462 668
342 570
621 525
476 516
474 544
350 602
472 704
632 519
165 604
494 621
409 578
326 634
429 557
232 594
479 673
482 675
605 447
598 479
468 575
340 630
238 591
466 673
292 635
421 424
540 456
409 579
505 455
144 686
368 592
311 597
472 648
475 543
187 630
428 406
469 671
594 450
225 598
473 535
174 624
361 591
321 644
224 601
505 643
465 679
492 634
137 659
357 633
449 764
474 545
431 579
313 591
426 420
443 456
463 610
173 630
464 589
601 470
397 584
260 623
584 490
351 628
474 540
285 654
165 628
435 448
424 422
477 612
467 589
655 552
280 625
719 543
463 665
695 552
208 611
599 475
350 570
160 635
553 463
140 670
497 698
497 639
415 577
191 613
280 606
310 596
470 686
452 765
171 631
520 441
493 627
147 658
259 590
348 583
340 575
264 624
311 608
176 627
210 609
601 466
334 600
240 587
682 534
357 614
697 519
334 609
599 446
413 566
329 632
319 632
161 613
150 697
590 460
231 591
259 630
290 642
140 652
465 673
463 539
470 690
628 521
473 533
350 625
329 639
469 753
631 519
579 498
165 612
364 591
450 598
625 527
596 513
204 618
481 671
435 566
309 639
668 525
702 534
698 503
140 672
233 585
504 641
338 603
470 694
428 550
351 585
258 602
592 444
348 564
262 591
353 570
310 594
293 634
353 608
443 580
681 534
316 608
573 488
338 606
679 530
358 612
527 453
138 664
162 626
445 545
498 698
696 505
610 523
696 524
683 534
353 625
329 618
404 581
351 593
450 580
529 500
149 650
573 420
601 446
599 528
520 443
355 631
494 697
636 517
457 600
590 454
550 468
429 577
593 449
475 649
237 587
333 644
233 595
200 599
515 447
596 482
469 577
265 607
433 565
179 632
234 597
299 633
457 615
485 648
579 497
190 605
433 567
656 553
158 639
604 469
434 448
437 464
591 442
305 631
287 650
518 443
219 600
345 622
589 451
435 417
436 446
591 501
527 444
197 609
215 608
563 411
229 601
461 689
457 599
428 577
698 505
465 665
603 448
422 577
160 612
456 595
470 669
697 509
612 524
474 586
359 635
187 631
519 437
279 621
684 522
468 607
629 518
438 452
378 579
134 687
589 501
529 434
693 541
137 653
196 608
319 600
310 608
277 624
495 648
309 605
494 691
470 703
707 538
468 611
576 492
468 685
360 590
465 613
275 644
406 581
470 659
433 578
134 689
688 533
600 533
241 591
151 647
644 525
330 607
345 574
368 591
469 672
243 589
511 451
452 598
424 423
136 658
186 630
502 630
264 605
319 622
275 620
610 452
600 472
432 580
520 448
482 680
321 645
219 614
537 448
479 619
188 619
228 604
615 447
374 580
169 633
392 586
487 614
659 506
333 639
696 543
392 589
356 583
290 625
477 533
473 616
149 604
467 726
284 657
328 643
430 412
457 594
153 660
510 452
572 488
228 605
147 649
548 461
351 614
307 639
334 643
302 631
327 631
605 538
596 443
163 642
588 511
327 639
447 588
137 700
452 552
327 609
476 698
160 624
359 598
693 515
620 528
340 566
467 587
522 443
640 523
335 632
628 529
421 577
271 629
467 575
252 585
351 611
590 494
227 596
719 544
707 536
669 539
656 505
689 521
414 580
657 519
484 614
405 578
417 578
456 598
352 601
230 600
148 651
533 450
342 578
452 723
550 469
491 602
273 602
462 612
453 512
360 585
274 611
550 467
220 599
286 628
160 631
157 636
575 419
175 634
453 552
259 623
487 690
266 590
320 643
322 612
603 538
497 623
286 637
658 539
614 523
524 450
435 578
321 640
471 703
353 605
573 423
364 588
297 632
642 525
595 493
594 461
497 636
490 702
303 630
231 586
611 446
307 637
470 580
369 594
281 629
259 634
365 596
326 605
235 587
689 520
217 611
309 636
280 641
397 592
464 544
466 688
449 597
382 579
494 626
233 596
363 590
165 636
453 550
463 605
703 539
278 649
438 456
649 519
412 572
172 631
694 520
488 604
576 494
625 525
167 636
218 590
364 590
456 591
134 679
463 664
409 561
437 573
352 610
430 423
458 540
601 537
607 514
472 700
135 689
460 609
318 640
353 610
595 508
167 608
141 654
524 449
653 544
476 706
143 691
298 636
697 511
191 610
148 653
470 695
252 602
485 646
169 634
547 463
455 584
589 464
624 525
313 597
363 638
219 605
610 450
265 603
686 533
588 455
585 487
398 587
700 501
134 681
594 505
474 612
576 490
467 603
601 465
392 590
276 643
288 636
441 456
450 577
594 494
220 606
326 643
588 498
466 663
465 611
471 698
474 541
452 587
656 548
241 587
329 603
223 606
168 601
296 633
127 674
571 415
445 595
590 450
658 552
150 694
323 614
492 617
217 592
365 581
549 465
363 603
363 602
640 518
343 571
264 628
133 687
388 579
460 668
252 586
202 614
603 531
466 657
189 601
517 445
468 543
296 637
593 511
602 468
322 641
497 693
281 606
439 456
470 656
401 568
393 581
331 604
266 606
609 452
704 543
481 675
355 573
175 628
333 634
437 548
599 448
521 450
446 513
356 610
243 588
228 590
368 593
313 640
703 547
198 602
466 658
259 592
694 524
442 575
598 531
407 587
183 630
697 552
353 591
244 585
473 612
683 522
159 617
260 591
185 635
326 625
451 548
448 546
345 594
483 608
359 618
323 636
207 596
161 616
486 602
289 644
281 625
435 522
356 625
672 521
165 603
462 663
478 533
440 464
702 546
337 632
598 444
471 617
217 600
364 594
354 627
280 604
284 654
657 558
241 592
694 550
280 654
590 455
159 639
441 583
406 577
595 483
140 656
315 608
441 559
691 518
333 603
463 606
181 607
213 596
530 444
135 685
473 647
675 528
619 525
448 535
217 589
535 453
141 651
346 575
319 613
266 595
345 593
284 609
380 579
530 454
444 557
596 485
256 640
624 530
267 633
462 669
348 570
369 590
471 587
254 590
422 572
146 692
316 601
594 521
319 609
276 635
364 586
348 595
204 604
189 633
492 637
670 522
322 640
349 621
319 606
347 600
697 549
351 598
442 568
435 446
342 625
348 596
468 686
465 578
623 527
502 455
205 602
462 540
524 456
325 635
499 640
679 526
595 523
165 638
497 625
471 670
493 619
155 602
206 607
449 580
465 541
292 647
595 465
349 573
666 541
309 629
467 675
162 627
580 497
254 589
151 643
593 502
399 581
596 528
288 625
207 605
672 533
348 626
280 647
656 550
497 650
477 673
620 527
608 446
669 538
471 618
281 654
337 606
470 658
434 447
518 446
179 630
456 539
490 614
365 593
409 572
433 420
702 514
490 706
469 705
155 641
470 588
167 611
678 533
340 628
450 575
197 606
147 692
355 570
265 595
344 573
661 541
455 583
263 624
348 622
526 444
628 518
497 647
162 630
576 493
436 456
665 543
442 583
468 605
466 577
159 611
444 588
481 685
469 669
498 692
658 508
185 637
595 446
428 411
313 630
214 604
351 600
573 504
435 581
325 620
161 631
707 537
327 642
151 603
187 602
713 536
480 616
695 538
250 599
611 451
216 605
412 576
191 600
502 636
196 612
350 601
424 582
352 611
620 525
502 691
187 614
690 515
502 683
430 408
539 491
383 579
436 556
219 589
594 511
587 456
607 527
321 609
486 605
286 626
618 525
484 683
716 537
151 660
599 470
269 629
459 587
152 659
589 498
601 538
652 544
485 613
326 642
597 476
351 596
447 589
361 627
184 631
492 706
711 534
284 608
197 604
476 533
188 613
699 503
620 530
158 604
450 545
214 594
195 602
441 567
632 520
475 692
488 695
461 774
434 572
164 599
627 519
655 553
595 516
661 538
589 492
594 441
466 687
468 661
604 513
252 584
621 527
274 602
132 687
479 620
169 607
554 463
147 689
286 630
433 417
191 633
170 607
446 571
317 592
550 470
344 621
614 447
622 525
314 600
314 630
695 537
291 629
143 672
503 675
587 453
313 629
294 627
634 516
228 586
496 620
466 671
601 464
335 639
457 608
446 587
672 529
280 652
164 644
464 668
142 654
599 443
588 490
650 517
713 535
299 637
219 612
711 538
528 456
490 601
637 522
604 447
586 453
412 567
475 617
367 579
167 633
496 697
283 607
628 517
355 592
609 514
460 610
709 536
217 595
693 522
655 516
346 600
426 406
203 605
265 605
414 562
198 600
281 646
343 570
141 657
162 639
160 617
229 595
481 680
471 671
428 422
328 609
471 706
232 588
395 580
515 453
572 489
273 634
159 602
619 526
499 693
497 697
716 542
594 451
449 581
496 648
657 516
427 411
422 580
340 603
421 425
342 568
467 644
293 637
155 627
632 518
478 673
677 533
241 590
467 687
704 544
463 667
463 609
326 603
261 591
167 607
678 526
616 527
440 463
236 588
466 542
586 487
365 594
155 645
629 523
656 546
549 466
180 601
185 638
135 681
653 545
184 633
201 599
656 511
140 674
444 455
360 633
222 605
448 597
159 631
401 581
224 604
356 609
696 513
349 589
593 527
473 673
237 591
504 646
485 637
274 632
281 636
591 469
155 603
637 517
449 582
357 612
677 531
362 594
139 690
452 586
448 586
319 638
344 571
652 550
135 656
586 489
213 602
325 603
626 528
275 643
326 637
286 625
151 604
258 640
467 574
429 578
707 548
516 447
497 648
491 616
272 602
611 518
425 409
341 630
595 521
182 602
351 599
200 598
350 619
413 562
334 601
149 647
475 691
433 562
426 409
460 586
466 672
179 628
649 549
151 602
484 687
501 645
451 550
346 571
659 515
427 408
185 626
598 514
530 453
483 684
438 455
313 594
470 691
588 466
234 583
576 491
236 585
463 611
479 534
493 618
469 700
586 455
601 449
155 644
265 591
444 573
681 522
443 558
475 609
658 559
438 451
495 627
473 587
654 521
506 628
435 418
598 532
601 479
606 451
432 573
311 630
143 651
596 517
495 636
209 608
424 577
481 621
480 685
435 573
459 542
596 504
224 602
485 647
168 612
170 602
434 559
523 455
659 557
512 458
706 543
430 413
144 696
264 600
175 623
487 652
656 557
598 516
171 629
359 619
266 596
141 670
470 590
285 657
156 642
473 701
696 546
453 614
533 433
172 608
134 656
593 503
463 607
143 692
694 509
710 536
199 602
448 589
413 571
169 629
479 538
594 495
325 634
410 572
185 628
237 588
428 580
700 543
470 702
203 596
414 563
273 616
697 514
201 601
521 441
403 578
588 441
421 427
469 667
140 651
460 542
230 606
466 613
442 456
610 445
391 581
316 602
342 566
446 589
460 613
442 572
205 596
359 584
616 525
304 629
584 501
425 414
232 592
443 578
470 587
642 521
162 619
408 560
480 620
353 626
275 602
351 586
184 626
496 694
397 588
342 569
283 636
221 608
277 611
373 582
477 545
677 528
595 485
442 570
161 600
620 529
322 631
711 545
715 539
348 563
467 658
604 529
435 574
453 549
469 661
292 640
173 601
589 485
476 654
713 552
442 464
385 581
499 643
433 415
610 519
282 638
164 619
467 591
364 575
148 659
436 566
307 630
353 572
649 551
448 595
366 584
161 626
210 604
606 529
610 515
580 500
295 629
590 466
151 658
649 517
668 523
475 690
593 466
433 566
158 622
348 579
472 705
589 486
461 542
200 602
459 601
348 568
486 650
181 631
490 632
363 594
178 607
654 537
350 623
195 597
513 455
703 536
221 605
468 705
194 613
644 526
282 639
703 538
576 499
589 466
494 617
342 573
323 640
410 560
388 583
476 530
506 456
483 677
188 615
314 640
501 628
595 482
718 544
598 443
466 647
341 605
150 644
474 675
595 461
184 606
291 628
695 540
638 522
272 621
188 601
607 529
350 589
453 553
470 662
344 574
594 508
489 602
453 615
324 601
700 515
500 629
173 635
487 605
476 534
335 633
326 609
588 494
686 521
466 584
202 596
199 606
190 633
154 698
159 618
595 466
602 529
482 681
596 462
319 611
510 451
428 405
436 450
472 614
137 658
450 550
315 599
360 597
463 583
281 645
407 563
407 573
320 600
696 514
441 580
436 454
487 691
649 514
594 504
176 635
658 541
607 521
403 577
590 497
307 612
359 585
453 608
491 692
267 625
480 651
442 558
598 481
282 654
175 635
422 421
625 523
697 510
435 564
245 582
467 663
397 585
349 576
440 560
677 534
347 595
408 577
433 419
296 636
322 613
436 449
467 584
461 541
702 547
394 589
477 672
484 650
487 602
443 552
280 605
690 520
319 604
495 689
281 647
461 608
467 607
160 610
145 659
380 576
312 639
451 552
347 575
661 553
501 692
451 540
137 696
486 606
281 638
258 592
326 619
652 552
611 519
453 539
410 577
573 501
187 624
699 543
484 682
546 463
326 616
140 686
499 628
595 494
641 518
597 465
533 449
406 585
425 418
517 443
600 532
275 605
263 602
490 613
529 445
352 593
498 645
444 559
351 570
232 589
443 587
348 607
658 519
456 597
694 513
357 615
442 557
476 649
259 632
154 639
506 629
500 633
633 518
140 676
217 591
328 606
478 534
309 612
660 516
479 644
488 693
448 594
280 637
465 664
327 604
342 567
295 636
452 577
691 534
171 596
616 447
350 567
691 533
234 590
611 447
406 582
308 595
657 547
279 650
465 751
575 492
278 611
525 448
328 616
470 591
348 565
414 576
712 543
532 454
595 443
694 508
529 446
164 633
327 626
684 521
164 636
485 607
317 593
598 462
281 652
453 597
226 598
341 574
537 453
409 563
499 642
294 648
463 666
308 612
445 456
466 665
255 640
459 611
641 521
352 609
145 693
259 594
138 677
362 598
425 578
356 576
679 529
409 570
355 584
459 604
549 463
266 591
576 488
478 654
529 440
264 602
449 590
136 694
408 576
254 603
356 617
521 443
662 517
349 569
571 488
439 565
282 606
348 582
317 640
472 694
164 643
311 599
150 693
187 601
150 605
598 517
487 606
459 616
489 616
368 578
449 551
463 608
492 703
368 587
445 588
389 587
310 597
188 630
167 609
310 630
338 573
590 492
226 597
175 627
570 416
207 606
452 579
478 516
463 578
471 610
265 624
479 537
181 602
191 634
411 570
126 678
442 582
446 595
706 548
142 651
686 523
428 581
426 419
165 605
157 602
712 538
316 592
461 688
601 447
178 606
607 445
401 570
453 612
160 632
537 451
152 642
138 668
482 615
144 658
597 516
235 588
262 623
466 662
132 683
512 460
686 532
276 621
357 600
161 621
155 642
594 482
594 483
473 693
465 663
300 633
332 605
594 529
474 647
453 514
597 443
128 680
363 576
152 696
275 633
410 574
190 614
470 705
352 588
185 629
436 451
475 616
591 500
643 515
584 491
159 616
657 512
396 580
388 584
447 591
259 626
238 586
701 544
517 442
431 553
456 608
146 658
454 523
519 440
660 507
602 535
473 672
595 442
147 653
486 648
498 631
631 525
161 623
644 524
447 546
476 656
500 647
140 666
488 608
349 600
172 601
445 587
160 627
201 602
497 628
666 540
265 626
696 517
491 649
143 658
514 455
494 650
597 527
296 629
598 473
672 523
467 585
340 567
422 574
411 566
434 576
276 612
436 573
161 617
458 603
665 522
183 607
132 689
282 646
593 459
319 624
604 538
697 508
353 604
687 520
351 625
360 638
253 588
511 456
146 661
387 581
455 611
198 606
472 672
451 586
697 512
293 649
609 451
483 683
158 620
487 692
469 668
450 538
651 520
474 542
672 531
586 495
690 534
363 637
150 659
577 417
669 520
188 612
441 457
495 649
414 565
520 435
284 659
602 471
351 613
608 515
495 620
324 610
363 599
229 589
654 558
523 450
452 539
596 502
427 413
655 508
327 643
687 522
595 504
598 472
291 642
209 611
136 691
313 601
662 544
655 544
342 605
145 658
663 544
272 600
596 518
266 598
685 520
484 689
311 633
662 538
220 602
263 590
404 572
527 438
139 665
328 639
532 450
352 623
609 444
444 527
441 585
322 606
706 534
584 487
639 522
357 611
291 630
156 620
491 706
488 637
345 603
500 630
340 627
135 695
595 513
593 448
700 505
368 579
477 536
488 634
278 653
499 644
333 633
449 730
472 612
406 572
611 521
308 634
672 534
467 673
152 623
282 659
365 587
442 569
573 421
314 593
339 605
436 700
142 660
219 602
214 591
174 625
692 521
292 649
590 467
360 602
365 598
668 521
257 637
430 405
596 484
288 644
673 526
599 532
370 583
476 650
214 592
483 652
462 610
180 599
350 598
613 447
574 501
702 545
581 497
640 525
433 448
342 624
144 694
645 515
423 421
257 590
701 510
681 517
427 420
447 587
151 659
495 626
318 631
455 615
319 623
317 603
342 630
187 625
368 583
663 521
587 498
306 639
325 646
713 542
501 631
170 599
466 656
322 625
441 584
529 447
364 589
651 548
327 616
632 515
648 513
701 541
450 584
322 609
203 604
357 629
177 600
638 516
419 577
529 451
638 517
601 477
502 684
154 603
473 656
187 619
597 441
371 580
692 551
272 601
359 634
516 437
333 604
470 672
319 601
229 590
683 520
520 449
319 610
454 539
287 641
154 642
551 469
484 612
197 599
297 629
530 447
494 620
287 635
628 523
462 582
432 570
651 551
408 563
480 538
693 519
594 523
434 417
261 601
191 606
189 606
333 626
141 690
579 495
698 542
625 524
217 598
144 672
425 422
600 474
478 648
383 578
217 606
494 699
350 566
361 637
314 642
451 576
283 649
412 566
458 604
174 600
656 545
713 546
276 606
451 539
422 575
452 729
204 598
319 640
415 576
279 652
355 593
300 639
463 613
660 517
604 528
259 603
228 603
471 585
197 612
426 421
667 522
629 519
282 660
147 650
583 487
282 604
438 547
699 542
460 669
475 698
707 534
275 625
432 579
293 647
593 521
367 583
591 446
285 638
519 441
438 545
526 435
410 561
340 631
356 600
499 692
233 597
155 698
445 590
141 672
476 544
409 562
441 582
478 689
186 627
340 604
298 635
472 702
347 571
392 588
274 612
189 603
143 696
315 592
671 521
238 590
152 622
470 657
300 631
468 585
403 581
354 570
574 504
693 521
601 444
214 606
586 491
598 529
282 627
656 549
474 706
624 524
196 602
477 515
699 539
318 604
230 589
335 608
552 463
285 650
269 619
455 595
456 596
515 439
461 668
648 514
467 676
365 592
515 452
310 629
320 604
603 447
596 506
235 583
522 439
139 658
469 588
662 520
149 605
417 576
694 552
683 533
611 452
395 590
707 532
612 520
498 639
166 609
368 577
650 519
437 451
536 451
164 638
293 636
623 528
594 507
189 632
141 683
432 410
428 578
203 598
533 453
611 448
595 520
680 517
167 632
604 536
202 618
320 612
469 708
186 607
320 624
158 625
693 539
351 610
469 675
489 649
350 586
274 633
345 606
693 552
146 651
344 593
474 547
345 571
462 581
353 606
497 626
450 548
279 641
161 614
509 456
230 586
475 532
188 633
587 457
136 693
271 599
670 521
310 610
706 544
355 628
429 413
318 637
518 449
526 443
158 610
611 520
713 538
179 608
442 515
497 631
388 581
443 579
154 648
444 574
483 675
367 582
670 520
449 552
522 448
181 634
481 616
292 641
458 602
480 673
290 645
160 639
366 593
682 523
595 527
513 438
347 623
203 618
375 579
333 636
451 583
602 467
501 455
613 523
469 580
464 583
288 641
491 701
204 597
703 550
476 670
229 594
198 609
492 618
579 492
326 628
520 434
632 521
143 695
648 552
155 620
469 540
459 586
520 453
465 670
330 644
262 601
476 615
470 578
412 575
427 417
547 464
411 571
656 555
595 492
532 433
672 522
656 544
349 601
354 606
454 583
273 612
587 487
714 542
388 580
233 593
353 601
453 722
684 534
270 629
456 615
459 612
490 602
398 581
696 504
593 529
507 457
457 604
484 690
433 449
159 604
428 554
488 632
209 604
353 628
353 593
632 516
149 651
344 624
487 613
438 573
695 522
475 758
464 577
501 632
288 633
607 443
414 575
484 607
593 514
254 587
287 648
609 523
591 445
472 540
492 635
331 639
500 634
467 728
657 510
469 578
259 633
594 530
173 634
287 630
432 449
162 602
472 699
657 546
527 455
366 580
483 686
403 571
392 585
695 503
613 448
327 637
280 624
456 613
626 522
494 622
254 588
255 591
490 616
325 610
272 631
411 575
249 584
428 553
197 603
598 445
597 466
684 520
291 626
450 513
612 523
450 547
348 627
167 602
354 631
677 535
350 597
479 653
350 596
351 601
674 528
273 619
601 450
317 608
267 606
223 605
141 691
482 685
611 524
140 657
306 630
470 586
131 687
274 607
137 654
694 549
300 630
287 646
694 514
626 527
176 632
300 637
474 548
604 514
711 536
336 608
170 609
429 553
615 524
287 628
380 577
155 600
589 511
659 513
352 591
503 676
215 591
595 502
610 524
315 630
695 508
167 610
513 440
308 636
325 629
402 581
713 549
265 608
601 467
150 647
458 601
324 646
439 558
206 605
253 602
600 538
672 526
152 603
190 602
524 457
463 614
602 479
591 444
464 540
327 633
328 627
505 646
277 605
282 661
434 522
659 516
454 581
155 646
156 636
628 526
467 681
341 571
643 525
592 466
601 476
285 648
277 619
476 531
693 551
423 422
162 635
470 589
434 579
459 613
188 610
713 545
326 647
344 625
497 689
467 590
391 586
358 585
368 574
651 542
598 470
489 634
430 553
266 599
643 524
596 483
474 658
347 570
270 619
441 552
202 615
453 583
501 691
140 673
140 684
707 533
483 685
161 639
714 548
352 589
186 624
466 683
466 751
476 535
693 536
244 586
488 602
324 625
487 651
441 548
525 442
226 604
159 601
373 581
222 608
155 647
147 652
587 491
472 670
410 563
140 687
469 612
471 647
465 602
259 593
185 636
463 669
522 440
462 580
454 551
198 607
685 534
452 551
658 549
159 620
701 543
157 638
447 539
436 455
661 551
233 600
529 454
190 631
574 492
528 455
140 650
138 687
658 507
593 506
442 546
590 499
596 523
326 633
491 700
649 552
128 679
309 633
582 491
351 569
697 547
681 520
279 642
138 684
711 535
285 630
233 601
605 513
651 537
170 632
253 584
365 595
471 696
591 459
514 456
672 538
172 630
335 607
476 655
473 698
282 649
406 563
470 692
237 586
473 539
586 492
576 489
671 536
330 603
274 634
139 670
495 622
311 609
138 669
163 635
523 449
657 520
608 514
640 519
218 611
222 603
596 529
171 600
384 579
597 485
228 595
464 586
310 639
643 522
228 585
163 640
668 524
205 612
310 600
433 418
309 608
598 471
480 517
629 526
331 603
501 646
430 580
192 631
298 637
285 656
168 605
478 653
287 631
219 611
502 634
340 629
483 678
361 628
312 597
246 586
474 698
426 416
385 579
218 589
472 585
318 606
447 595
209 610
482 682
602 469
166 631
348 623
231 596
285 655
142 686
705 549
481 676
360 591
477 516
397 586
441 581
427 414
637 521
149 645
525 451
326 601
289 642
465 607
699 502
714 536
216 593
202 602
190 604
404 576
267 596
318 603
472 537
317 634
273 620
601 478
398 586
354 569
487 693
366 591
375 580
150 695
576 418
519 450
171 598
281 644
328 618
276 605
216 614
140 660
210 606
596 469
461 582
377 578
472 617
529 433
177 633
157 628
287 645
534 453
312 643
196 599
691 515
396 587
681 531
649 516
456 730
353 584
276 632
292 642
689 533
597 481
521 449
323 647
456 594
405 572
354 604
359 628
289 635
710 535
273 614
354 573
460 612
155 619
185 630
207 603
468 542
213 595
453 589
642 520
449 530
607 519
476 536
468 588
338 607
458 589
217 599
140 683
328 617
293 628
279 651
481 652
283 654
182 604
183 629
493 650
702 535
681 524
595 529
681 533
492 616
479 536
274 616
440 455
246 585
479 646
140 659
663 542
474 550
597 528
407 577
357 576
696 512
593 520
392 591
429 558
364 576
671 532
436 458
347 593
644 523
396 588
142 658
270 618
484 651
597 440
335 603
406 583
131 681
136 657
282 626
450 582
511 452
321 642
485 689
333 635
257 640
628 527
187 623
139 676
323 646
406 584
412 571
387 579
334 639
470 647
602 530
144 654
518 451
704 536
261 592
216 609
697 513
479 652
345 600
188 614
139 684
334 640
333 640
597 532
494 689
468 609
569 417
148 604
435 575
493 700
581 498
449 593
169 631
166 636
658 550
177 607
246 583
598 480
647 515
171 608
689 532
378 580
260 628
462 579
134 688
601 532
463 586
468 677
470 668
528 439
159 621
356 569
264 627
260 627
471 669
232 586
174 627
132 682
696 549
254 604
364 593
592 494
151 622
497 700
313 600
333 632
147 693
665 542
360 577
413 564
593 446
607 447
461 606
641 525
207 607
144 655
351 568
173 600
629 524
163 627
349 598
454 608
579 494
444 572
555 464
318 641
495 700
174 635
327 630
686 520
189 609
589 487
593 512
340 625
350 585
409 564
288 637
374 577
477 686
497 694
430 421
602 538
254 605
639 517
599 466
321 606
137 681
494 690
287 638
174 623
429 407
211 606
465 722
318 636
465 646
533 448
484 652
439 721
262 602
472 703
452 599
527 435
478 612
368 589
465 584
454 609
514 453
596 476
445 581
529 453
498 640
153 602
276 604
473 544
397 591
649 515
260 634
197 613
266 592
164 640
459 614
136 679
407 569
293 640
186 635
255 638
604 516
494 649
330 632
656 538
248 585
594 446
479 515
340 574
585 489
703 543
411 569
281 608
485 606
671 534
645 514
703 549
487 649
183 604
479 686
469 646
185 633
290 646
229 603
702 513
526 495
478 687
319 633
454 595
345 604
551 466
164 600
462 667
149 649
373 583
596 492
487 654
275 612
694 512
187 620
145 661
580 493
488 612
455 729
590 464
432 569
438 464
218 602
431 570
424 583
440 559
499 697
182 631
473 617
458 613
464 543
390 582
580 492
350 614
606 449
325 625
294 626
602 480
168 602
592 527
485 609
278 652
671 535
366 579
584 500
636 523
594 444
439 545
220 605
352 586
129 677
306 629
322 630
582 487
217 597
189 605
438 450
336 606
162 623
466 726
606 527
458 588
277 607
228 596
315 601
288 646
712 544
699 517
312 642
596 470
372 583
301 637
185 627
465 614
397 582
504 642
688 522
483 681
641 516
499 695
580 489
457 606
700 508
332 636
589 465
660 551
442 574
601 528
555 463
585 500
163 613
592 504
465 688
126 676
426 581
355 626
498 679
336 632
575 500
695 524
313 595
469 707
443 574
312 608
450 554
702 538
286 638
502 644
519 444
506 457
153 603
351 567
464 664
187 606
475 671
321 641
349 572
273 617
696 521
361 577
368 582
594 443
328 602
195 611
310 631
191 631
596 481
340 624
162 613
681 521
473 534
261 627
496 623
311 639
325 621
165 601
186 625
489 704
476 651
480 621
526 450
141 675
656 510
250 582
406 564
577 489
333 629
475 549
155 648
357 631
220 600
698 520
588 495
461 607
467 544
371 583
276 642
278 606
326 630
440 581
333 643
306 631
142 680
352 590
310 636
409 560
365 589
586 490
360 615
268 629
203 612
164 641
248 584
149 659
255 603
451 510
680 532
439 566
478 517
509 457
657 544
480 686
661 512
202 598
325 630
479 642
411 572
714 538
428 416
529 439
177 627
134 680
368 575
696 540
711 530
470 612
224 603
445 571
497 627
679 531
501 630
584 488
339 626
467 601
318 601
186 623
703 511
595 464
338 602
519 438
259 635
493 699
367 575
205 611
327 647
140 654
631 515
703 541
500 646
423 578
594 527
651 536
217 610
174 629
349 580
348 625
281 626
444 587
473 657
523 442
700 544
165 600
474 539
310 606
596 516
168 633
291 627
313 592
158 602
310 633
357 625
494 623
163 641
348 624
175 626
426 418
524 455
469 575
490 636
360 628
340 634
473 705
293 627
673 527
700 513
457 540
442 576
188 625
365 585
474 676
593 450
656 506
486 647
312 600
456 725
654 509
608 529
434 421
489 611
621 529
157 604
166 605
593 510
498 638
330 638
271 619
194 612
599 472
444 465
601 469
161 635
406 576
139 653
581 492
251 602
586 454
231 592
463 580
286 652
608 451
239 591
700 504
600 465
690 516
483 679
488 698
390 587
461 612
287 634
493 702
315 629
668 539
702 548
482 674
335 602
477 615
278 631
591 503
356 605
517 448
674 532
133 683
264 604
673 538
492 649
335 631
693 537
313 593
317 631
472 662
680 533
703 540
691 520
476 645
429 556
595 530
341 573
487 653
149 653
182 601
489 692
359 597
657 521
137 684
185 634
694 519
591 460
197 605
466 541
132 690
605 451
474 537
496 691
592 460
574 489
477 532
485 612
483 615
576 498
713 543
469 576
165 619
688 515
160 621
142 661
258 632
133 682
257 639
608 523
195 598
214 593
469 583
332 604
709 537
681 523
626 529
658 516
622 529
353 609
126 677
348 577
432 572
472 698
351 566
473 696
478 652
188 623
713 547
258 635
277 632
594 512
355 586
607 523
662 541
250 600
683 537
489 706
654 549
519 436
184 632
479 612
325 643
597 470
454 610
312 644
408 564
655 554
519 442
293 626
157 622
307 636
285 658
450 536
594 510
149 657
705 548
474 659
195 612
594 506
347 627
398 588
592 514
498 636
600 473
324 614
462 665
142 656
366 587
327 632
467 686
440 558
484 611
355 602
467 678
214 602
238 585
254 586
294 636
607 442
336 607
670 524
266 589
499 637
610 453
313 642
599 447
510 456
355 604
506 630
139 668
594 445
292 628
624 523
444 580
138 679
490 609
698 517
333 601
379 578
682 519
469 542
288 635
206 611
259 627
496 631
441 572
590 458
343 626
472 616
696 518
366 589
475 647
191 605
310 628
175 630
450 583
529 441
321 612
492 705
192 611
277 620
346 623
314 627
658 517
327 645
501 635
199 599
132 680
686 522
323 609
272 615
150 649
281 604
160 630
598 475
659 551
346 594
443 581
164 628
167 603
451 509
435 576
310 613
495 691
228 606
257 603
334 630
594 526
430 550
319 631
578 498
602 531
476 532
160 626
598 465
363 604
129 681
328 610
690 533
321 626
271 600
231 594
479 647
694 523
589 494
495 623
182 607
477 652
504 455
467 543
484 679
262 590
701 508
713 544
473 706
258 637
658 560
440 456
337 603
414 579
356 573
390 581
325 601
259 625
222 604
534 450
510 450
486 610
318 635
160 623
505 627
492 650
442 587
348 562
140 658
667 539
471 700
663 551
128 678
479 618
305 629
318 602
424 575
170 604
516 435
170 631
718 539
429 422
692 519
405 586
351 626
671 525
334 644
658 514
600 470
156 644
678 528
276 636
145 651
315 591
697 542
668 522
278 622
333 631
168 606
532 452
206 612
197 610
233 594
351 623
470 655
677 530
529 444
327 638
333 628
327 648
323 644
291 647
442 540
256 587
528 435
403 580
695 506
430 552
324 647
512 456
524 442
366 583
253 603
221 609
266 600
472 580
464 610
469 676
293 629
658 551
158 624
509 459
140 655
695 520
608 527
469 694
282 628
511 460
325 637
356 628
255 589
508 457
341 569
315 609
413 576
591 499
670 523
488 697
661 520
655 523
600 479
169 636
135 655
577 495
655 549
480 649
467 685
443 553
285 649
452 585
203 599
249 585
207 611
307 632
469 585
355 601
424 581
256 603
357 603
698 553
465 543
480 648
673 532
364 585
705 536
351 627
600 475
589 441
432 411
142 668
179 629
466 611
266 593
468 539
350 603
701 545
193 612
283 605
585 454
144 653
656 556
619 527
489 648
283 637
428 417
357 584
463 540
474 673
167 612
354 584
474 674
474 657
407 572
583 490
397 590
184 607
163 628
160 611
574 420
607 513
491 691
328 646
688 516
156 618
522 442
139 687
434 418
327 619
137 683
657 543
427 418
331 607
594 524
711 532
149 652
137 687
181 630
477 706
662 553
596 512
586 496
181 635
324 640
475 536
342 626
488 607
195 599
703 544
687 515
463 604
626 524
644 515
324 635
694 541
161 630
489 612
431 405
285 629
234 598
655 505
461 586
370 590
343 572
250 584
310 607
513 441
142 690
472 538
462 586
454 588
466 680
526 455
469 665
443 577
256 602
519 448
277 621
256 588
358 638
325 624
435 451
263 603
693 540
363 577
467 646
472 615
240 591
232 596
460 667
654 516
691 535
593 528
472 587
286 647
454 611
488 635
611 450
707 543
183 634
481 615
434 565
457 591
588 502
601 448
340 576
681 535
139 666
590 513
691 536
666 519
461 663
479 535
238 593
606 447
702 541
600 537
198 599
459 615
328 626
593 495
360 603
277 643
610 520
165 613
438 566
310 612
657 509
221 602
355 585
531 447
308 605
352 607
386 582
485 638
513 454
267 594
362 636
669 519
662 512
128 682
366 581
173 624
496 626
665 519
189 608
642 515
492 691
267 629
483 689
147 657
493 692
634 517
626 523
444 581
493 620
656 539
465 659
143 653
452 597
371 582
470 540
364 598
591 502
233 589
436 453
164 639
607 524
377 579
409 577
165 602
135 694
715 537
454 596
657 542
169 602
474 534
283 646
469 673
279 624
353 623
657 508
444 570
333 607
351 612
442 580
491 690
470 667
482 678
474 535
279 654
487 689
142 675
340 605
355 603
657 539
591 451
156 603
424 578
432 568
328 607
592 493
474 549
468 608
469 659
531 446
484 610
139 667
317 639
324 600
687 533
426 422
469 541
552 466
364 599
331 644
499 630
268 596
449 549
641 517
608 519
422 423
433 576
477 689
354 628
164 612
591 467
189 631
355 609
596 519
498 647
350 593
399 586
499 698
157 620
676 530
591 454
525 449
359 616
524 451
319 612
159 610
530 455
612 522
627 528
599 478
332 634
155 601
177 601
141 669
286 658
598 478
169 630
602 533
428 555
139 656
367 576
321 624
143 654
440 566
594 525
605 516
502 645
456 607
475 610
485 614
324 627
286 627
364 587
181 599
189 634
156 639
594 503
701 509
154 619
138 689
405 581
149 660
283 606
494 648
602 528
137 677
707 544
497 691
160 634
286 646
696 542
617 524
456 538
291 646
128 677
345 605
599 445
505 628
663 540
363 598
656 543
470 585
591 443
277 608
326 627
522 444
428 412
229 605
700 514
528 434
542 449
167 631
527 454
190 600
282 655
239 586
655 521
319 607
670 525
468 603
323 632
460 608
337 633
277 612
532 451
332 632
395 581
511 450
469 539
714 537
322 614
587 495
315 600
453 584
358 574
658 540
154 627
347 603
319 643
476 545
361 625
429 580
605 529
598 512
455 609
528 444
657 557
277 649
578 494
202 599
156 640
231 600
151 696
364 604
623 525
696 545
666 542
680 531
611 517
467 680
217 605
270 599
446 590
512 451
213 606
474 700
281 603
319 639
240 586
474 538
606 448
278 613
220 608
448 590
472 696
632 517
244 587
348 576
475 534
352 595
408 694
144 695
358 600
326 602
468 583
354 593
662 540
443 546
309 610
453 613
572 487
588 491
189 621
175 631
367 587
323 645
348 567
530 433
161 612
475 539
141 661
330 643
573 492
473 648
287 627
437 567
681 536
358 619
470 688
630 514
198 612
311 598
311 607
639 518
606 452
464 578
426 407
229 586
234 588
230 607
431 411
472 656
465 545
183 631
243 587
278 637
318 608
490 635
468 660
142 691
262 624
364 592
163 620
177 632
218 599
316 634
496 625
290 626
164 605
352 566
487 637
139 664
660 541
277 642
340 633
660 512
517 447
356 604
309 607
307 633
152 621
335 638
170 603
283 628
692 533
424 576
153 642
473 700
401 571
135 690
579 496
283 659
487 604
352 625
498 644
238 589
598 528
478 515
441 566
422 573
275 634
317 602
327 644
163 602
653 546
467 684
630 525
357 616
324 626
329 643
251 584
203 611
424 574
476 612
356 603
586 498
612 448
387 580
528 457
400 581
350 621
476 700
487 608
669 540
355 625
586 497
650 518
217 607
455 539
132 684
225 604
441 464
466 646
144 652
499 633
464 665
536 453
656 551
590 468
372 580
218 600
481 614
268 599
397 583
681 518
273 606
224 598
360 588
339 575
474 546
300 638
492 702
140 662
612 521
629 525
609 519
528 451
719 542
458 587
334 629
288 642
327 603
459 688
606 446
358 632
337 601
206 604
442 545
485 650
311 641
503 455
501 682
441 463
324 611
205 610
673 528
587 486
406 586
204 596
235 582
457 605
354 609
441 571
158 628
130 681
275 631
669 537
277 633
354 625
293 635
285 626
144 693
350 595
337 600
702 536
206 596
585 453
381 579
495 638
533 452
462 689
323 602
227 597
673 539
591 495
133 681
348 600
473 548
599 479
188 621
712 549
696 547
596 477
420 428
531 433
652 520
467 662
339 633
366 590
324 612
264 601
499 696
467 588
695 550
700 502
245 586
174 601
219 593
456 612
427 419
230 592
353 627
414 561
162 612
654 539
436 522
164 635
356 631
361 602
145 660
234 589
350 611
403 572
238 592
175 636
210 608
368 576
692 520
485 608
661 519
462 662
310 595
285 646
461 605
171 607
202 616
394 581
591 458
628 520
433 577
697 553
717 537
161 620
446 457
590 444
628 525
450 579
136 689
155 640
585 491
550 471
708 537
450 549
458 599
462 583
719 541
219 588
505 457
671 537
189 625
488 696
341 577
469 686
479 648
468 680
516 441
448 593
519 435
435 449
366 585
178 601
462 541
492 636
472 693
663 520
688 519
260 593
496 636
418 577
282 648
160 633
157 648
329 608
136 655
503 644
232 600
444 558
360 589
652 548
134 685
375 577
411 563
514 439
163 619
353 592
574 488
607 518
182 606
464 688
673 524
187 615
436 452
560 410
343 577
695 507
294 637
475 607
151 605
659 507
500 635
466 607
598 530
324 642
713 551
591 452
508 456
149 693
479 613
602 448
711 533
457 592
657 506
141 655
476 701
432 415
162 640
322 633
450 585
178 633
289 646
485 602
483 687
279 637
688 523
375 578
628 528
258 636
343 578
520 450
137 688
702 511
395 589
487 607
423 577
257 604
590 451
577 494
217 594
314 641
695 505
259 628
472 697
290 635
343 605
489 609
600 536
704 537
195 596
233 590
258 603
463 663
455 597
307 605
278 632
277 606
692 541
309 595
349 570
458 591
328 603
517 441
389 581
363 636
291 635
454 526
148 645
450 544
380 578
457 607
360 632
228 607
678 531
127 677
696 516
468 658
312 596
603 535
500 695
603 516
534 467
325 615
588 486
352 608
430 422
654 550
459 610
189 610
323 622
283 608
661 518
479 649
476 652
162 601
335 609
331 632
443 570
697 550
189 612
490 615
147 691
435 447
279 640
471 540
301 630
137 689
593 461
588 485
341 570
329 631
154 696
364 596
602 532
603 469
444 571
320 633
486 613
454 612
457 589
150 645
658 506
716 538
468 604
280 640
420 427
157 609
656 516
356 616
169 610
695 546
492 648
590 442
504 630
493 626
482 673
338 634
486 654
346 603
141 686
279 606
233 592
325 614
176 601
151 644
139 679
294 635
143 686
518 445
241 589
475 608
189 607
493 636
474 536
427 580
607 525
128 681
236 586
365 575
160 628
467 602
320 609
423 571
188 622
474 656
481 672
308 633
315 598
711 544
644 527
491 707
655 509
230 603
458 590
267 634
526 496
316 630
240 588
672 532
526 447
359 612
490 523
653 520
662 542
160 625
657 551
332 639
429 416
589 440
363 583
259 624
354 601
469 584
523 456
350 622
591 513
463 545
324 637
178 627
523 444
588 493
326 621
317 630
321 643
673 523
500 636
455 612
426 414
263 604
478 688
214 605
478 686
530 452
157 610
485 603
614 524
255 639
596 510
465 583
137 699
653 543
276 620
420 429
450 586
661 517
434 420
324 632
444 456
472 613
319 605
324 636
448 729
528 453
671 526
670 532
266 629
309 606
432 421
182 605
532 434
664 543
474 543
324 602
320 611
141 680
157 618
434 573
657 548
409 569
271 630
392 581
278 612
451 553
471 657
445 570
715 541
147 690
159 623
630 519
463 603
165 637
256 641
467 729
443 541
275 645
595 522
450 553
335 640
389 585
365 597
488 633
340 577
516 440
498 646
603 468
339 573
278 621
585 488
157 621
428 415
452 550
475 618
308 610
346 602
336 633
360 592
396 581
203 617
587 492
492 700
519 443
324 624
449 550
468 684
133 686
475 656
562 419
463 688
446 596
312 645
211 594
192 612
363 584
347 606
475 615
325 642
712 530
157 637
606 520
467 747
693 538
491 635
497 696
278 642
286 654
350 620
185 607
629 520
655 510
700 506
599 530
526 448
592 453
188 605
334 636
197 607
139 663
215 603
475 586
146 650
416 577
176 633
592 503
676 531
442 581
678 534
425 581
209 607
469 706
440 571
592 495
714 546
453 728
277 610
577 498
316 609
313 628
610 444
517 438
470 539
127 676
308 640
662 511
307 638
702 512
498 630
472 610
170 601
251 600
303 629
475 689
662 545
164 613
700 541
358 575
659 512
633 517
426 417
396 591
496 693
454 616
319 634
297 637
504 644
572 486
267 626
715 540
314 606
499 641
176 631
471 648
479 645
475 646
361 626
481 673
412 568
680 525
280 639
269 599
549 462
368 588
140 653
286 653
524 458
529 456
265 600
443 554
350 590
189 630
610 514
343 573
149 697
656 554
501 633
321 625
202 613
215 609
171 630
366 574
215 614
390 586
448 592
458 600
257 591
473 646
141 668
375 576
493 691
503 630
346 622
496 700
497 651
276 633
526 452
466 575
208 604
576 417
470 665
410 705
697 503
149 606
463 587
697 539
356 630
216 604
314 609
381 580
509 458
697 516
494 636
401 567
468 606
658 512
703 542
465 672
143 674
217 608
157 643
217 604
186 615
259 631
210 605
266 594
261 589
322 610
432 420
443 480
490 634
423 572
359 629
143 687
231 585
713 550
470 579
604 535
274 615
343 624
344 622
444 551
191 630
652 537
316 606
153 661
498 690
143 688
427 406
355 632
705 544
277 623
484 608
284 646
138 690
274 605
696 548
718 540
153 696
487 688
202 612
396 590
203 602
468 675
426 408
712 545
352 594
276 624
658 558
276 637
359 617
509 460
293 641
607 444
487 650
354 602
474 649
179 631
588 456
456 540
230 605
351 584
364 583
273 631
519 446
432 448
215 607
234 584
355 606
442 455
487 610
688 520
466 543
593 513
251 601
717 542
465 542
190 601
677 532
454 589
474 707
419 425
444 552
654 538
656 515
353 573
349 623
273 618
362 577
489 604
276 623
616 526
421 426
366 582
167 605
189 611
150 698
688 534
267 607
484 688
138 654
379 577
581 490
487 609
597 484
157 603
256 589
697 517
435 580
459 541
699 540
266 634
472 658
180 608
139 669
153 698
274 620
445 594
433 568
361 636
591 494
170 608
246 584
495 697
477 654
265 625
654 556
467 677
437 455
446 545
188 617
276 622
474 693
663 552
697 520
627 520
388 582
229 602
234 601
475 645
470 696
155 639
589 502
601 534
518 450
616 524
142 672
320 631
448 580
217 593
234 585
590 456
244 583
531 434
598 513
217 602
651 549
170 633
673 534
590 498
276 625
576 500
410 576
470 700
433 580
467 674
328 647
171 597
517 453
595 470
327 606
468 673
451 577
154 621
443 576
229 600
308 606
432 571
159 628
475 706
659 558
321 610
203 616
496 638
463 612
404 578
258 641
245 583
407 581
480 652
319 637
489 613
354 572
599 441
386 581
140 661
434 411
518 452
682 536
513 457
208 605
168 607
476 653
709 535
478 690
436 457
479 517
227 604
311 600
325 631
452 576
359 632
410 570
485 654
448 582
347 582
311 629
429 408
488 648
662 539
516 453
334 631
427 691
503 635
358 584
627 522
349 571
442 588
466 576
189 619
439 557
471 580
260 601
501 629
467 683
595 515
468 612
597 475
415 578
197 608
434 419
198 601
497 690
388 585
206 610
478 685
591 468
588 487
287 653
171 602
352 587
499 629
483 614
242 589
465 612
286 635
215 593
294 629
266 626
671 538
276 603
477 671
569 487
259 602
517 449
179 633
277 604
229 599
359 615
136 681
586 500
218 614
467 682
483 610
491 704
314 608
664 523
433 573
142 657
462 664
323 634
368 590
164 642
519 439
348 566
660 515
176 634
401 577
272 630
336 603
344 577
527 452
700 542
231 589
466 578
505 456
482 608
490 649
294 625
233 591
312 640
422 581
480 650
548 464
653 552
516 439
449 546
297 635
432 627
361 639
628 522
470 704
212 594
361 635
325 602
451 579
378 578
263 605
365 588
463 537
573 503
186 637
696 509
471 612
352 596
523 441
672 530
606 513
599 467
362 595
611 445
389 586
161 602
504 645
509 450
502 454
437 566
475 611
497 649
182 634
470 646
213 594
287 639
597 513
428 579
575 488
482 683
587 500
224 599
510 460
160 602
205 603
467 645
423 581
368 573
549 461
166 613
369 589
151 697
329 644
159 619
500 644
139 662
171 601
426 578
326 626
277 637
590 502
302 630
396 585
286 650
469 749
312 629
256 590
348 603
166 633
552 438
266 597
495 637
653 551
232 587
473 658
426 415
497 688
169 609
498 626
448 591
359 603
170 610
485 610
479 617
692 518
148 658
468 610
352 570
259 591
421 575
362 588
606 528
597 477
491 702
601 471
137 656
436 564
436 563
656 512
436 562
328 632
435 562
434 562
434 561
433 561
432 561
433 560
431 561
136 680
433 559
430 561
525 455
433 558
429 561
433 557
428 561
434 557
407 586
428 560
434 580
428 559
527 456
431 551
405 583
490 631
594 449
431 421
287 625
175 625
467 611
429 412
700 503
661 521
238 584
640 521
642 516
696 515
308 639
433 556
433 555
434 555
435 555
436 555
348 578
597 472
266 628
142 674
482 487
344 600
366 575
359 637
234 587
475 700
694 522
697 505
277 641
640 522
496 622
286 651
694 551
259 629
426 410
282 650
221 603
449 728
475 612
314 602
453 590
580 499
454 582
482 679
437 555
438 555
437 554
439 555
439 556
439 554
220 598
440 554
439 553
427 556
441 554
439 552
485 611
442 554
470 693
439 551
551 467
212 606
442 555
439 550
454 540
702 539
631 514
490 692
543 448
151 642
439 549
320 640
287 632
311 610
438 549
426 411
439 548
423 576
274 606
480 613
437 549
498 628
439 547
390 580
522 449
325 616
430 551
471 609
440 547
439 546
357 634
661 515
441 547
466 670
442 547
160 629
444 594
470 721
427 578
127 675
439 544
504 675
597 504
393 589
439 543
349 614
514 458
512 457
459 727
340 573
440 542
488 636
136 692
441 542
363 588
361 588
313 598
140 690
442 542
344 605
184 630
538 454
694 515
274 631
442 541
352 624
468 659
519 449
701 514
167 604
344 623
454 550
324 634
497 638
494 618
144 671
450 552
700 507
144 692
661 511
336 631
278 624
322 632
464 606
163 643
136 696
444 546
162 628
607 520
469 690
280 629
316 607
156 648
656 547
140 685
235 599
214 607
441 587
480 619
353 571
273 613
647 514
271 615
267 632
364 637
266 627
264 629
180 600
204 602
275 616
267 631
240 589
265 629
280 638
273 615
498 637
695 512
348 581
596 493
188 603
440 540
441 540
441 539
442 539
443 539
442 538
444 539
439 542
445 539
444 538
446 539
456 515
444 537
446 538
447 538
448 538
449 538
448 539
347 594
449 537
661 552
449 536
217 603
449 535
663 543
442 559
452 584
449 534
171 599
449 533
676 528
449 532
325 632
427 421
449 531
489 705
448 531
255 602
681 519
448 530
337 608
447 530
448 529
298 633
447 529
449 529
637 524
192 613
450 529
449 528
599 527
538 453
450 578
174 630
430 541
450 528
429 550
153 621
257 638
451 528
551 471
595 510
550 466
261 623
260 635
203 603
220 607
452 528
187 605
420 426
428 413
361 595
518 453
450 546
453 528
452 527
469 670
137 697
451 545
611 516
262 627
187 607
580 494
452 526
313 596
276 631
603 536
536 452
452 525
602 534
223 604
450 576
361 638
448 575
453 525
256 586
691 517
421 428
451 597
446 594
454 525
453 524
346 601
408 572
410 575
316 598
374 581
448 587
455 525
453 523
468 646
282 636
441 586
410 573
455 524
164 602
435 457
413 563
155 618
322 644
637 523
461 587
592 446
165 633
315 606
502 635
313 608
235 600
513 439
447 545
489 693
474 692
428 408
640 520
603 528
157 642
320 606
317 609
475 701
173 602
611 449
651 552
696 525
681 525
711 531
597 442
329 609
259 601
156 628
489 636
663 511
325 619
715 538
590 463
574 500
208 607
239 593
599 442
464 588
519 445
264 603
324 613
446 529
446 528
445 528
446 527
444 528
315 602
447 527
446 526
443 528
447 526
446 525
443 529
448 526
447 525
446 524
442 529
443 530
443 535
444 530
443 531
442 533
443 534
442 531
443 532
442 535
443 533
444 534
446 523
445 523
184 634
444 523
443 523
162 620
442 523
442 522
441 522
299 630
441 521
440 521
441 520
439 521
441 519
439 522
442 519
440 519
443 519
670 537
439 519
444 519
443 518
438 519
444 518
443 517
437 519
445 518
444 517
443 516
436 519
447 575
444 516
442 516
436 520
445 516
441 516
531 435
436 521
445 515
440 516
140 680
445 514
482 652
446 514
444 514
598 515
218 593
447 514
444 513
447 515
443 513
444 512
665 521
468 690
444 511
607 446
444 510
464 669
443 510
470 687
359 602
442 510
360 601
356 601
442 511
442 509
358 572
359 601
426 633
442 508
358 601
579 490
440 509
441 508
442 507
357 573
150 696
440 508
442 506
187 600
358 573
358 599
439 508
441 506
197 611
358 598
590 457
438 508
704 511
359 576
358 597
438 509
438 507
358 576
363 600
359 577
437 509
438 510
437 507
362 600
217 609
356 629
439 510
438 511
149 692
447 516
448 516
449 516
450 516
449 517
451 516
450 515
451 517
451 515
450 514
451 518
452 515
451 514
532 453
453 515
451 513
454 515
318 612
451 512
455 515
452 512
451 511
453 596
457 593
457 598
454 512
454 511
454 510
455 510
453 510
454 509
455 509
456 509
455 508
457 509
455 507
458 509
457 508
455 506
459 509
457 507
456 506
455 505
459 510
456 505
454 505
457 505
453 505
458 505
458 504
458 503
459 503
457 503
458 502
460 503
461 503
462 503
461 502
462 504
462 502
461 501
462 505
462 501
461 500
463 505
462 506
463 501
464 505
463 506
464 501
464 506
465 501
464 507
466 501
465 507
467 501
466 502
466 507
467 500
467 507
466 508
467 499
467 506
466 509
468 499
467 498
465 509
466 510
469 499
467 497
467 510
466 511
466 497
466 512
465 497
466 496
467 512
465 498
465 496
467 513
464 496
467 514
463 496
466 514
467 515
463 497
463 495
466 515
468 515
462 497
462 495
468 516
461 497
461 495
468 517
461 498
461 494
467 517
460 498
461 493
467 518
459 498
676 532
460 493
461 492
467 519
458 498
459 499
459 497
460 492
461 491
468 519
467 520
459 492
467 521
458 492
459 491
468 521
466 521
457 492
459 490
469 521
465 521
466 522
456 492
459 489
470 521
464 521
465 522
458 489
459 488
471 521
465 523
457 489
460 488
472 521
471 522
464 523
465 524
456 489
457 490
461 488
472 520
471 523
464 524
455 489
462 488
461 487
472 519
472 523
464 525
455 490
455 488
462 487
461 486
471 519
473 523
464 526
454 490
455 487
463 487
460 486
471 518
474 523
464 527
454 491
456 487
454 487
455 486
464 487
459 486
475 523
474 522
465 527
453 491
457 487
453 487
454 486
455 485
465 487
464 486
476 523
474 521
465 528
452 491
453 492
457 486
452 487
453 488
453 486
455 484
465 488
465 486
476 524
476 522
474 520
466 528
451 491
452 490
453 493
457 485
451 487
454 484
465 489
466 486
477 524
477 522
476 521
467 528
450 491
453 484
464 489
467 486
478 524
477 525
478 522
477 521
467 529
449 491
452 484
453 483
464 490
467 485
478 525
479 522
467 530
449 492
449 490
451 484
453 482
464 491
467 484
480 522
467 531
448 492
449 489
452 482
453 481
465 491
468 484
467 483
481 522
466 531
447 492
448 489
451 482
454 481
453 480
466 483
467 482
481 521
465 531
466 532
446 492
447 489
455 481
453 479
465 483
468 482
482 521
481 520
464 531
466 533
446 489
456 481
455 480
454 479
452 479
465 482
468 481
483 521
481 519
464 532
464 530
467 533
451 733
457 481
454 478
451 479
431 448
464 482
465 481
468 480
484 521
483 522
480 519
481 518
463 530
468 533
472 542
446 487
457 482
457 480
455 478
454 477
450 479
451 478
464 481
465 480
469 480
484 522
483 523
481 517
462 530
463 529
468 532
473 542
447 487
457 483
457 479
454 476
449 479
463 481
466 480
470 480
469 479
485 522
484 523
483 524
536 483
461 530
462 531
462 529
469 532
460 774
459 774
448 487
447 486
456 483
458 479
454 475
448 479
449 480
449 478
462 481
470 481
486 522
485 523
512 442
460 530
462 532
470 532
457 775
456 774
447 485
458 478
447 479
449 477
470 482
487 522
514 442
459 530
460 531
462 533
471 532
459 773
448 765
446 485
447 484
447 480
450 477
471 482
488 522
511 438
458 530
462 534
471 531
457 774
445 485
447 483
447 481
472 482
489 522
488 523
512 441
514 441
457 530
461 534
471 530
458 773
444 485
446 483
447 482
473 482
490 522
489 521
516 434
512 438
456 530
457 531
457 529
460 534
472 530
470 530
471 529
455 772
444 486
444 484
445 483
474 482
491 522
258 593
457 528
459 534
473 530
470 529
445 482
474 483
474 481
492 522
580 496
457 527
458 534
459 535
459 533
474 530
444 482
475 483
474 484
525 456
474 480
492 521
457 526
458 535
467 752
459 536
459 532
443 482
476 483
475 480
473 480
493 521
492 520
457 525
457 535
442 482
443 481
477 483
475 479
473 479
494 521
493 520
492 519
458 525
441 482
478 483
476 479
475 478
473 478
495 521
494 520
492 518
458 524
440 482
441 481
478 484
475 477
473 477
495 522
494 519
458 523
439 482
440 481
479 484
474 477
472 477
473 476
495 523
494 518
440 480
479 485
474 476
471 477
473 475
494 523
495 524
495 518
439 480
480 485
493 523
495 525
495 517
439 479
481 485
480 486
494 525
496 517
439 478
482 485
481 484
480 487
497 517
440 478
438 478
439 477
483 485
481 483
481 487
479 487
498 517
437 478
439 476
484 485
483 486
482 483
480 483
499 517
498 518
436 478
438 476
439 475
485 485
480 482
500 517
499 516
498 519
436 477
440 475
439 474
485 486
480 481
501 517
498 520
435 477
436 476
441 475
439 473
485 487
481 481
480 480
501 516
498 521
434 477
435 476
436 475
442 475
440 473
438 473
486 487
485 488
480 479
501 515
499 521
433 477
434 476
435 475
442 474
440 472
437 473
487 487
501 514
499 522
435 474
443 474
440 471
437 472
487 488
487 486
501 513
434 474
444 474
437 471
488 486
487 485
502 513
500 513
433 474
444 475
444 473
438 471
436 471
489 486
487 484
503 513
499 513
432 474
444 476
444 472
436 470
489 485
487 483
503 514
503 512
498 513
497 635
445 476
445 472
443 472
436 469
489 484
487 482
504 512
498 514
464 537
445 477
445 471
442 472
436 468
490 484
488 482
487 481
505 512
504 511
497 514
465 537
467 538
446 471
442 471
437 468
491 484
505 511
504 510
496 514
465 536
447 471
453 733
438 468
437 467
492 484
504 509
495 514
496 513
467 537
447 470
439 468
515 435
492 485
492 483
505 509
496 512
466 536
447 469
440 468
439 469
492 486
493 483
492 482
506 509
505 508
497 512
467 536
468 535
441 468
493 486
493 482
497 511
467 535
441 467
494 486
493 481
467 534
449 765
442 467
495 486
494 487
493 480
450 764
443 467
496 486
495 487
494 480
492 480
457 773
443 468
443 466
497 486
495 488
495 480
494 479
491 480
456 772
443 469
446 459
498 486
495 489
494 478
490 480
457 772
692 515
695 541
499 486
498 487
494 489
494 477
489 480
490 481
449 763
692 514
500 486
499 485
494 490
493 477
494 476
488 480
457 771
697 540
501 486
499 484
493 490
495 476
494 475
488 479
449 762
456 769
655 538
502 486
501 487
498 484
492 490
495 475
494 474
487 479
457 770
698 539
653 538
502 487
492 491
496 475
495 474
494 473
487 478
449 761
456 770
693 513
653 537
503 487
502 488
491 491
497 475
493 473
486 478
450 761
455 770
450 760
471 750
500 682
360 578
503 488
490 491
491 492
498 475
497 476
493 472
485 478
486 477
454 770
501 685
504 488
490 490
491 493
499 475
498 476
497 477
493 471
485 479
485 477
452 757
503 684
505 488
489 490
492 493
217 590
492 471
493 470
451 760
453 723
506 488
505 489
492 494
491 471
493 469
453 770
452 758
498 681
472 755
506 489
506 487
505 490
492 495
490 471
491 472
491 470
494 469
451 759
453 769
452 768
468 722
465 723
507 489
507 487
489 471
490 470
491 469
495 469
452 759
453 768
504 684
501 689
507 490
508 487
488 471
489 470
495 468
453 759
499 680
516 452
449 729
508 490
508 486
488 472
496 468
454 768
455 767
453 725
450 726
472 754
509 490
509 486
508 485
487 472
497 468
496 467
453 767
452 766
471 751
499 678
510 490
507 485
508 484
487 473
497 467
455 758
456 759
454 759
454 767
499 679
511 490
510 489
507 484
486 473
487 474
497 466
453 766
455 759
455 722
512 490
511 491
511 489
507 483
485 473
488 474
487 475
497 465
454 760
454 766
465 724
468 723
513 490
512 489
511 492
506 483
507 482
485 472
496 465
455 760
454 765
471 763
498 680
514 490
513 491
512 488
511 493
506 482
508 482
484 472
496 464
455 761
455 765
451 726
352 598
515 490
510 493
505 482
508 481
484 471
469 762
500 677
516 490
509 493
508 480
483 471
484 470
470 763
455 762
450 729
453 724
516 491
516 489
508 493
509 480
507 480
483 470
485 470
484 469
455 764
469 763
501 676
496 685
516 492
517 489
510 480
507 479
484 468
455 763
468 763
451 730
468 724
515 492
511 480
506 479
485 468
483 468
484 467
467 764
456 763
468 764
465 725
511 481
511 479
505 479
486 468
483 467
484 466
458 764
457 763
455 723
512 479
505 478
486 469
486 467
482 467
483 466
468 765
458 763
468 766
496 687
513 479
512 478
504 478
505 477
487 467
481 467
483 465
469 769
460 764
459 763
469 766
471 752
514 479
513 478
512 477
503 478
504 477
487 466
481 468
482 465
469 768
460 763
472 770
470 766
499 685
467 727
514 480
512 476
503 479
503 477
504 476
480 468
481 469
470 768
461 763
460 762
472 769
454 724
452 726
514 481
513 476
503 480
502 477
503 476
504 475
479 468
471 768
470 767
461 762
496 686
495 687
472 753
515 481
514 476
501 477
503 475
504 474
478 468
479 469
463 762
478 740
473 769
472 768
456 726
516 481
515 476
501 478
503 474
477 468
471 767
462 762
478 741
468 746
497 687
445 457
516 480
516 476
515 477
500 478
503 473
476 468
477 469
474 769
473 768
468 753
468 725
516 479
516 475
500 479
503 472
475 468
476 469
472 767
462 761
451 729
471 753
460 756
516 478
516 474
502 472
474 468
461 760
458 757
477 741
474 768
469 750
453 734
452 733
517 478
515 474
501 472
473 468
474 469
473 767
463 759
462 760
460 758
456 727
454 729
462 729
518 478
514 474
472 468
473 467
474 470
458 756
476 741
474 767
480 759
463 760
460 757
470 753
465 726
455 724
452 727
519 478
514 473
472 469
473 470
459 756
477 719
475 741
475 767
473 763
461 729
452 728
455 727
519 477
513 473
514 472
472 470
473 471
480 760
464 760
454 728
514 471
473 472
477 720
474 741
475 766
514 470
473 764
477 764
514 469
478 763
480 761
465 762
513 469
514 468
464 761
461 754
460 755
476 720
513 468
312 591
473 741
475 765
512 468
431 541
434 541
474 764
662 565
477 763
511 468
431 542
434 542
478 760
479 761
466 762
465 761
510 468
511 469
431 543
431 545
433 546
461 755
475 720
473 742
475 764
509 468
433 542
432 543
432 545
477 762
478 761
466 761
464 753
463 754
508 468
509 469
434 546
433 543
432 544
462 755
475 721
473 743
475 763
476 762
477 761
509 470
434 545
466 760
465 759
464 754
463 755
475 722
474 743
475 762
508 470
433 544
434 544
476 761
466 759
465 758
464 755
474 722
474 744
474 746
507 470
436 545
475 761
466 758
465 755
474 723
474 745
462 774
435 544
436 544
475 760
467 758
465 756
473 723
473 745
476 750
437 544
438 544
439 464
474 758
474 760
443 465
442 462
467 757
466 756
440 462
443 464
472 723
467 753
441 462
472 745
444 462
443 462
471 746
630 513
467 725
476 749
445 462
455 725
474 759
456 728
444 461
446 462
467 756
445 461
446 463
446 461
472 722
462 604
447 461
472 746
481 679
474 748
475 749
447 460
473 759
469 755
448 461
447 459
468 756
471 722
445 459
445 458
446 727
472 747
449 526
149 608
474 749
589 456
472 759
498 687
469 756
509 455
474 755
475 756
497 686
470 722
447 727
472 748
499 687
501 675
502 676
473 751
474 750
472 758
471 757
499 688
499 686
501 677
470 756
473 757
474 756
469 720
499 689
500 686
447 728
446 729
472 749
473 750
500 689
500 685
499 684
503 685
472 757
471 756
473 756
468 720
500 680
499 681
500 684
500 683
469 721
448 730
447 729
472 750
472 756
468 721
501 683
515 468
516 468
515 467
517 468
515 466
518 468
517 469
516 466
519 468
517 466
516 465
519 469
519 467
511 437
520 469
521 469
520 470
522 469
522 470
522 468
522 471
523 468
522 467
524 468
522 466
524 469
523 466
524 470
523 465
524 471
524 465
525 471
525 465
526 471
525 464
526 470
526 464
525 463
527 470
527 464
524 463
528 470
527 465
529 470
530 470
531 470
530 471
532 470
531 471
532 469
532 468
533 468
534 468
516 443
536 468
535 469
535 467
536 469
536 467
535 466
536 470
535 465
537 470
536 471
534 465
535 464
538 470
537 471
535 471
536 464
539 470
535 472
536 463
540 470
539 469
534 472
535 473
537 463
540 471
540 469
536 473
535 474
537 462
540 472
537 473
534 474
537 461
541 472
538 473
534 475
538 461
537 460
541 473
538 474
534 476
538 460
536 460
542 473
538 475
533 476
534 477
539 460
535 460
536 459
542 474
537 475
533 477
535 477
539 459
535 459
542 475
533 478
535 478
539 458
543 475
541 475
532 478
533 479
535 479
539 457
544 475
543 476
541 476
531 478
533 480
535 480
540 457
538 457
539 456
545 475
544 474
540 476
541 477
530 478
532 480
533 481
536 480
289 647
537 457
546 475
541 478
532 481
533 482
537 480
536 481
541 456
537 456
547 475
540 478
532 482
538 480
537 479
536 482
541 455
537 455
548 475
547 476
547 474
539 478
531 482
532 483
535 482
542 455
536 455
549 475
535 483
543 455
542 454
550 475
549 474
535 484
542 453
550 476
534 484
535 485
543 453
541 453
550 477
535 486
544 453
551 477
550 478
534 486
535 487
545 453
544 454
544 452
549 478
550 479
533 486
534 487
535 488
545 452
549 479
550 480
533 487
534 488
536 488
546 452
548 479
550 481
537 488
536 489
547 452
546 451
547 479
548 480
549 481
537 489
537 487
536 490
548 452
547 453
546 450
547 480
548 481
537 490
535 490
549 452
547 454
547 450
548 482
538 490
537 491
534 490
550 452
548 454
546 454
547 455
548 450
548 483
539 490
537 492
533 490
534 491
550 453
546 455
547 456
548 449
548 484
540 490
536 492
537 493
532 490
534 492
551 453
548 448
547 484
541 490
540 489
536 493
532 491
533 492
552 453
548 447
542 490
541 491
536 494
531 491
553 453
552 452
547 447
542 489
541 492
535 494
530 491
553 452
546 447
543 489
542 492
534 494
529 491
530 492
530 490
554 452
553 451
546 448
544 489
542 493
528 491
530 493
555 452
544 490
527 491
528 492
555 453
555 451
544 491
526 491
528 493
555 454
555 450
525 491
526 490
528 494
555 455
555 449
524 491
526 489
528 495
554 455
555 448
524 492
529 495
527 495
528 496
553 455
554 456
555 447
523 492
529 496
527 496
554 457
556 447
555 446
522 492
530 496
529 497
527 497
554 458
557 447
554 446
521 492
530 497
527 498
555 458
553 458
557 448
557 446
553 446
520 492
530 498
526 498
527 499
553 459
558 448
558 446
557 445
553 447
553 445
520 491
525 498
553 460
559 448
559 446
556 445
553 448
553 444
525 499
554 460
553 461
560 448
559 449
556 444
554 444
553 443
525 500
555 460
561 448
560 447
555 444
556 443
553 442
525 501
556 460
555 461
561 447
553 441
526 501
524 501
557 460
555 462
562 447
561 446
552 441
553 440
527 501
524 502
558 460
557 461
137 678
563 447
562 446
561 445
553 439
528 501
523 502
557 462
661 564
664 563
564 447
560 445
554 439
553 438
529 501
523 503
558 462
557 463
662 564
564 448
553 437
530 501
529 502
523 504
559 462
557 464
663 563
565 448
553 436
531 501
529 503
522 504
523 505
560 462
559 461
558 464
662 563
566 448
554 436
553 435
532 501
531 502
530 503
524 505
561 462
559 464
558 465
663 562
567 448
566 449
555 436
552 435
533 501
530 504
525 505
524 506
561 461
559 465
662 562
567 447
566 450
556 436
555 435
552 434
534 501
533 500
530 505
524 507
561 460
559 466
662 561
662 560
567 446
557 436
556 435
551 434
552 433
535 501
534 500
533 499
529 505
524 508
562 460
560 460
561 459
560 466
559 467
664 558
662 559
663 558
567 445
557 437
557 435
556 434
552 432
536 501
535 502
535 500
529 506
524 509
562 459
561 466
559 468
662 558
651 541
662 557
568 445
566 445
557 434
556 433
552 431
535 503
535 499
529 507
563 459
562 458
562 466
559 469
653 540
652 541
569 445
568 444
555 433
553 431
551 431
534 503
530 507
529 508
564 459
563 458
563 466
560 469
559 470
440 580
659 561
659 555
568 443
554 431
553 430
550 431
529 509
564 460
563 465
560 470
558 470
661 557
653 541
657 560
569 443
555 431
553 429
549 431
528 509
529 510
564 461
558 471
659 560
570 443
556 431
548 431
527 509
530 510
557 471
659 556
660 557
571 443
570 442
557 431
547 431
548 432
527 510
556 471
557 472
653 542
572 443
557 430
547 432
527 511
557 473
651 544
572 444
572 442
558 430
546 432
556 473
557 474
572 445
573 442
558 429
546 433
558 474
557 475
572 446
574 442
559 429
545 433
559 474
573 446
574 441
560 429
559 428
545 434
559 473
574 446
574 440
561 429
560 428
544 434
545 435
560 473
574 447
575 440
562 429
560 427
543 434
545 436
561 473
575 447
576 440
575 439
560 426
542 434
546 436
545 437
562 473
575 448
576 441
576 439
575 438
561 426
560 425
541 434
542 433
563 473
575 449
577 441
577 439
574 438
562 426
559 425
560 424
540 434
564 473
563 474
576 449
575 450
578 441
577 438
574 437
562 425
558 425
560 423
540 435
564 474
577 449
574 450
575 451
577 437
563 425
562 424
558 426
539 454
540 436
565 474
577 450
575 452
577 436
563 424
562 423
557 426
202 585
538 435
539 436
540 437
565 475
578 450
574 452
575 453
578 436
577 435
564 424
562 422
556 426
538 436
538 434
540 438
566 475
565 476
579 450
573 452
574 453
575 454
579 436
578 435
577 434
565 424
564 423
563 422
562 421
555 426
538 437
538 433
540 439
567 475
564 476
580 450
573 453
575 455
579 435
566 424
562 420
555 425
537 433
541 439
539 439
567 476
567 474
563 476
581 450
580 451
575 456
579 434
566 425
566 423
561 420
554 425
536 433
538 439
568 476
567 477
568 474
567 473
563 477
581 449
580 452
576 456
575 457
566 426
567 423
560 420
561 419
553 425
554 424
536 432
537 439
538 440
569 476
567 478
582 449
574 457
568 423
560 421
561 418
552 425
553 426
553 424
536 439
538 441
570 476
569 475
568 478
583 449
443 509
568 422
559 421
561 417
551 425
553 427
535 439
537 441
538 442
568 479
583 448
568 421
558 421
560 417
561 416
551 424
554 427
534 439
535 438
536 441
537 442
539 442
569 479
584 448
583 447
569 421
558 422
559 417
561 415
551 423
534 438
537 443
540 442
569 480
585 448
583 446
569 420
557 422
559 418
559 416
561 414
552 423
550 423
533 438
537 444
541 442
569 481
586 448
584 446
569 419
559 415
552 422
549 423
532 438
538 444
536 444
541 443
570 481
569 482
587 448
585 446
570 419
558 415
559 414
552 421
548 423
532 439
532 437
536 445
542 443
569 483
588 448
585 445
571 419
559 413
553 421
551 421
531 437
535 445
542 444
570 483
589 448
588 449
572 419
571 418
560 413
559 412
551 420
530 437
535 446
542 445
570 484
590 448
589 447
572 418
560 412
559 411
551 419
529 437
534 446
535 447
542 446
571 484
570 485
591 448
589 446
573 418
572 417
529 448
558 411
559 410
552 419
551 418
528 437
533 446
536 447
542 447
570 486
591 449
589 445
574 418
573 417
572 416
561 411
558 410
552 418
528 438
528 436
532 446
533 447
537 447
542 448
571 486
570 487
592 449
591 450
590 445
575 418
574 419
574 417
571 416
562 411
561 410
453 607
452 607
451 607
452 606
450 607
449 607
450 608
450 606
448 607
450 605
447 607
448 606
451 605
446 607
448 605
445 607
448 604
444 607
445 608
448 603
443 607
444 606
447 603
443 608
444 605
443 609
443 605
444 604
444 609
442 609
443 610
442 605
441 609
442 610
443 611
441 610
442 611
443 612
442 612
442 613
442 614
441 614
442 615
440 614
443 615
439 614
444 615
438 614
439 615
444 616
438 613
439 616
445 616
444 617
439 617
446 616
444 618
440 617
438 617
439 618
445 618
441 617
437 617
438 618
446 618
437 616
438 619
447 618
446 619
437 615
437 619
438 620
446 620
436 615
439 620
446 621
436 614
281 605
445 621
435 614
445 622
435 613
445 623
434 613
435 612
445 624
433 613
436 612
445 625
432 613
444 625
445 626
431 613
432 614
443 625
444 626
446 626
431 612
432 615
442 625
444 627
446 627
431 611
431 615
432 616
441 625
442 624
446 628
430 611
431 610
430 615
431 616
433 616
440 625
442 623
445 628
446 629
429 611
431 609
431 617
439 625
440 624
445 629
446 630
428 611
430 609
431 608
431 618
439 626
444 629
446 631
429 609
430 608
432 608
431 619
438 626
439 627
446 632
429 608
433 608
430 619
438 627
447 632
434 608
433 609
429 619
437 627
438 628
448 632
434 609
434 607
428 619
437 628
438 629
448 633
435 607
427 619
428 618
436 628
438 630
449 633
448 634
435 606
426 619
436 629
439 630
438 631
450 633
447 634
435 605
426 620
426 618
436 630
438 632
450 634
450 632
447 635
436 605
435 604
425 618
426 617
435 630
438 633
451 634
450 635
446 635
447 636
424 618
434 630
452 634
451 635
450 636
448 636
447 637
423 618
433 630
434 629
453 634
451 636
447 638
423 617
433 631
433 629
454 634
453 633
447 639
423 616
432 631
433 632
455 634
454 635
453 632
448 639
423 615
431 631
432 632
434 632
455 635
422 615
423 614
431 632
456 635
455 636
421 615
423 613
431 633
455 637
421 614
424 613
430 633
431 634
454 637
455 638
420 614
425 613
429 633
432 634
431 635
456 638
419 614
425 614
428 633
429 634
432 635
431 636
456 639
418 614
427 633
428 632
432 636
457 639
456 640
418 613
427 634
428 631
432 637
458 639
455 640
417 613
426 634
427 631
428 630
432 638
459 639
458 638
455 641
416 613
425 634
426 631
427 630
428 629
433 638
431 638
432 639
458 637
454 641
455 642
415 613
424 634
425 633
425 631
426 630
429 629
434 638
433 639
431 639
459 637
458 636
453 641
455 643
414 613
415 612
423 634
430 629
435 638
434 637
433 640
430 639
431 640
460 637
458 635
452 641
413 613
414 614
414 612
415 611
422 634
430 628
435 637
434 636
429 639
431 641
461 637
451 641
452 642
452 640
412 613
430 627
435 636
428 639
430 641
431 642
462 637
461 636
452 643
452 639
412 614
431 627
429 627
430 626
435 635
427 639
428 638
429 641
431 643
463 637
461 635
453 643
411 614
431 626
428 627
430 625
435 634
426 639
429 642
432 643
430 643
431 644
463 638
460 635
461 634
453 644
410 614
411 615
431 625
427 627
428 626
429 625
426 638
428 642
433 643
432 644
431 645
464 638
463 639
462 634
411 616
432 625
426 627
427 626
427 642
433 644
430 645
463 640
462 633
411 617
432 624
425 627
426 626
434 644
430 646
462 640
463 641
410 617
432 623
424 627
429 646
430 647
461 640
409 617
433 623
431 623
424 628
424 626
431 647
408 617
409 618
409 616
433 622
430 623
424 629
424 625
431 648
407 617
408 616
409 619
409 615
433 621
429 623
425 629
423 629
425 625
423 625
431 649
406 617
407 618
410 619
408 619
433 620
422 629
423 624
431 650
405 617
434 620
432 620
421 629
423 623
431 651
420 629
422 623
423 622
430 651
431 652
422 622
424 622
429 651
430 652
432 652
421 622
422 621
425 622
429 652
433 652
432 653
420 622
421 621
429 653
434 652
433 653
419 622
420 621
428 653
435 652
418 622
419 623
420 620
427 653
428 654
436 652
417 622
419 624
420 619
428 655
437 652
436 653
416 622
418 624
419 625
428 656
415 622
417 624
427 656
414 622
415 621
416 624
417 625
427 657
413 622
415 620
415 624
416 625
427 658
412 622
413 621
415 619
416 626
428 658
427 659
411 622
412 621
413 620
416 619
415 626
416 627
428 659
427 660
416 618
414 626
415 627
417 627
429 659
426 660
413 626
417 628
429 660
425 660
426 661
412 626
418 628
429 661
424 660
425 659
426 662
412 627
430 661
428 661
429 662
424 661
424 659
427 662
426 663
411 627
431 661
424 662
423 659
411 628
432 661
431 662
423 662
424 663
422 659
411 629
432 660
424 664
412 629
411 630
432 659
423 664
411 631
433 659
431 659
423 665
410 631
434 659
433 658
423 666
410 632
435 659
434 660
422 666
409 632
410 633
436 659
435 658
422 667
408 632
410 634
437 659
436 658
422 668
409 634
410 635
437 660
436 657
423 668
421 668
422 669
410 636
438 660
437 657
424 668
420 668
409 636
439 660
438 657
425 668
419 668
408 636
409 637
440 660
439 661
439 659
438 656
426 668
425 667
418 668
419 667
407 636
409 638
441 660
440 661
439 662
439 656
427 668
425 666
418 669
418 667
406 636
408 638
442 660
439 663
439 655
428 668
426 666
425 665
418 670
417 667
405 636
408 639
442 659
440 663
438 663
440 655
429 668
428 669
428 667
419 670
417 670
405 635
408 640
437 663
438 664
440 654
430 668
420 670
419 671
417 671
404 635
408 641
438 665
431 668
430 667
417 672
404 634
409 641
438 666
431 667
430 666
418 672
416 672
403 634
409 642
439 666
429 666
418 673
415 672
416 673
402 634
439 667
418 674
414 672
415 671
439 668
419 674
418 675
414 673
438 668
420 674
418 676
413 673
414 674
438 669
421 674
420 675
412 673
415 674
421 675
412 674
422 675
411 674
423 675
410 674
424 675
410 675
425 675
424 676
409 675
425 676
425 674
408 675
409 676
425 677
407 675
408 676
425 678
406 675
424 678
405 675
406 674
423 678
424 679
404 675
405 674
422 678
404 676
404 674
421 678
422 679
404 677
420 678
421 679
422 680
403 677
404 678
419 678
420 679
422 681
402 677
404 679
418 678
420 680
421 681
405 679
403 679
419 680
420 681
421 682
405 680
402 679
403 680
421 683
403 681
420 683
421 684
404 681
420 684
404 682
420 685
420 686
420 687
419 687
420 688
420 689
420 690
421 690
419 690
422 690
418 690
423 690
418 691
418 689
423 691
417 691
418 692
417 689
418 688
424 691
416 691
419 692
418 693
417 688
425 691
424 692
415 691
417 693
416 688
417 687
424 693
415 692
417 686
415 693
416 686
417 685
415 694
415 686
416 685
415 695
415 687
415 685
416 684
416 695
414 695
415 696
414 687
415 684
417 695
413 695
418 695
417 696
412 695
413 696
417 697
412 696
417 698
411 696
416 698
417 699
410 696
415 698
416 699
417 700
409 696
410 695
418 700
408 696
409 697
410 694
419 700
408 697
408 695
409 698
409 694
410 693
420 700
407 695
410 698
411 693
410 692
421 700
406 695
410 699
410 691
422 700
405 695
410 700
410 690
423 700
404 695
405 696
411 700
410 701
411 690
424 700
423 701
404 694
405 697
411 701
409 701
412 690
425 700
423 702
403 694
563 478
404 697
411 702
409 702
718 541
412 689
426 700
424 702
422 702
423 703
402 694
403 697
412 702
409 703
426 699
425 702
402 695
403 698
413 702
408 703
409 704
426 698
425 703
402 698
403 699
414 702
408 704
410 704
426 697
425 704
401 698
404 699
414 703
408 705
411 704
426 696
425 705
401 699
405 699
414 704
408 706
426 695
426 705
425 706
401 700
406 699
415 704
414 705
407 706
408 707
427 695
425 695
427 705
425 707
400 700
401 701
406 698
406 706
409 707
427 694
428 705
427 704
426 707
424 707
399 700
401 702
405 706
406 707
427 693
428 706
428 704
427 703
424 708
398 700
399 699
401 703
404 706
405 707
406 708
428 693
426 693
429 706
424 709
398 699
404 705
407 708
428 692
430 706
424 710
397 699
404 704
428 691
430 707
423 710
397 698
403 704
404 703
428 690
431 707
423 711
396 698
427 690
428 689
432 707
428 688
433 707
434 707
433 708
435 707
434 706
433 709
435 708
434 705
432 709
433 710
435 705
434 704
432 710
436 705
434 703
431 710
432 711
437 705
435 703
430 710
432 712
437 704
429 710
431 712
432 713
437 703
429 711
432 714
437 702
431 714
437 701
431 715
437 700
431 716
438 700
432 716
439 700
438 699
433 716
440 700
438 698
434 716
440 701
439 698
437 698
438 697
434 717
434 715
440 702
434 718
435 715
441 702
434 719
436 715
442 702
433 719
434 720
443 702
442 701
432 719
433 720
435 720
444 702
432 720
432 718
433 721
445 702
444 703
444 701
431 720
433 722
444 704
444 700
430 720
433 723
443 704
444 705
443 700
433 724
442 704
444 706
432 724
433 725
442 705
444 707
432 725
434 725
445 707
444 708
432 726
435 725
444 709
432 727
436 725
435 726
443 709
433 727
431 727
436 726
436 724
443 710
433 728
430 727
431 728
436 727
437 724
442 710
433 729
436 728
438 724
432 729
437 728
439 724
438 725
438 723
438 728
437 729
439 723
438 729
437 730
440 723
439 729
438 730
441 723
440 722
438 731
440 721
438 732
440 720
438 733
441 720
439 720
439 733
438 720
439 719
439 734
437 720
439 735
437 721
438 735
439 736
438 736
440 736
437 736
438 737
441 736
438 738
442 736
439 738
438 739
442 737
437 739
438 740
442 738
436 739
442 739
436 738
443 739
435 738
444 739
443 740
434 738
435 737
445 739
444 740
443 741
433 738
446 739
444 741
442 741
433 739
433 737
446 740
445 741
441 741
432 739
433 740
447 740
445 742
440 741
431 739
434 740
448 740
445 743
430 739
434 741
448 741
446 743
444 743
445 744
430 738
435 741
434 742
449 741
443 743
444 744
430 737
433 742
449 742
442 743
444 745
429 737
430 736
433 743
450 742
443 745
429 736
432 743
451 742
428 736
452 742
427 736
453 742
426 736
454 742
453 741
425 736
426 735
454 743
454 741
453 740
424 736
425 735
454 744
455 741
423 736
425 734
453 744
454 745
456 741
455 740
422 736
423 737
423 735
425 733
455 745
454 746
457 741
423 738
426 733
424 733
454 747
458 741
457 740
424 738
423 739
427 733
453 747
459 741
422 739
423 740
428 733
427 732
452 747
459 742
459 740
422 740
427 731
451 747
460 742
459 739
426 731
427 730
451 748
451 746
461 742
459 738
426 730
451 749
450 746
451 745
462 742
461 743
461 741
458 738
459 737
425 730
451 750
462 743
461 744
458 737
460 737
459 736
424 730
463 743
460 744
461 737
459 735
423 730
464 743
459 744
461 736
422 730
423 729
464 742
459 745
462 736
423 728
465 742
464 741
458 745
459 746
462 735
422 728
463 741
460 746
459 747
462 734
421 728
422 727
461 746
459 748
461 734
422 726
462 746
458 748
459 749
461 733
423 726
463 746
458 749
460 733
461 732
464 746
463 747
463 745
459 733
462 732
463 748
458 733
463 732
463 749
457 733
458 732
464 732
464 749
462 749
456 733
457 734
458 731
465 732
465 749
464 750
455 733
458 730
465 731
466 749
465 748
455 732
458 729
466 731
467 749
454 732
459 729
457 729
467 731
467 750
467 748
453 732
460 729
459 728
456 729
457 728
467 730
468 750
467 751
432 473
432 472
433 472
431 472
430 472
429 472
428 472
427 472
428 473
427 471
426 471
427 470
426 470
425 470
425 469
424 469
425 468
425 467
424 467
423 467
424 466
422 467
422 468
422 466
422 469
421 466
422 465
420 466
420 465
419 465
418 465
419 464
418 466
418 464
419 463
417 466
418 463
417 467
417 463
416 463
417 462
415 463
417 461
414 463
415 464
416 461
417 460
415 465
416 460
414 465
416 459
413 465
414 466
416 458
414 467
417 458
417 457
418 457
417 456
416 456
417 455
415 456
417 454
415 457
415 455
417 453
416 453
417 452
415 453
418 452
417 451
414 453
419 452
416 451
417 450
413 453
419 453
418 450
417 449
412 453
413 454
420 453
418 449
413 455
421 453
418 448
413 456
422 453
421 452
418 447
421 451
417 447
418 446
422 451
418 445
422 450
418 444
423 450
422 449
419 444
417 444
423 449
420 444
419 443
416 444
424 449
420 445
419 442
415 444
416 445
416 443
420 446
420 442
419 441
414 444
415 445
420 447
421 442
418 441
421 447
422 442
421 443
422 443
422 441
423 443
422 444
422 440
424 443
422 445
423 440
422 439
424 442
421 439
425 442
420 439
426 442
425 441
420 440
420 438
426 443
425 440
419 438
420 437
426 444
426 440
425 439
418 438
420 436
427 444
425 444
427 440
425 438
421 436
419 436
428 444
427 445
425 445
426 438
424 438
421 435
419 435
429 444
427 446
425 446
426 437
424 437
418 435
419 434
429 445
426 446
427 447
425 447
426 436
419 433
430 445
428 447
424 447
425 448
426 435
420 433
431 445
421 433
422 433
421 432
423 433
423 432
423 431
423 430
424 430
424 429
425 429
425 428
426 428
425 427
426 427
425 426
427 427
424 426
428 427
424 425
424 424
180 598
180 597
181 597
182 597
183 597
182 598
183 596
184 596
185 596
184 595
185 595
185 594
186 594
185 593
187 594
186 593
184 593
187 593
183 593
188 593
182 593
189 593
181 593
182 592
190 593
189 592
180 593
181 592
190 594
189 591
179 593
191 594
190 591
179 594
179 592
191 595
190 590
179 591
192 595
191 596
190 589
180 591
178 591
193 595
191 589
178 590
194 595
193 594
191 588
178 589
193 593
192 588
177 589
194 593
193 592
193 588
176 589
195 593
194 588
193 587
176 588
195 588
193 586
176 587
195 587
177 587
175 587
176 586
196 587
195 586
178 587
174 587
175 586
197 587
195 585
178 586
174 586
175 585
198 587
197 586
194 585
175 584
198 588
199 588
199 589
200 589
199 590
201 589
200 590
199 591
201 590
201 588
198 591
202 588
197 591
203 588
202 587
197 592
203 587
204 587
203 586
204 586
203 585
657 561
