573 578
883 401
525 532
808 399
528 511
489 486
879 430
642 610
592 500
552 514
565 548
835 406
542 541
724 461
732 442
647 618
492 500
500 491
646 604
586 608
804 398
795 455
791 458
534 522
817 396
432 529
585 618
577 580
553 568
620 615
411 539
554 576
627 612
583 671
566 578
524 563
523 548
811 406
793 473
531 500
666 470
845 383
874 380
628 611
850 416
738 427
522 535
875 384
432 518
876 397
591 515
704 427
532 524
714 455
565 589
761 461
801 448
544 545
440 497
587 515
502 472
770 468
458 515
525 513
722 429
802 458
516 538
767 466
525 468
877 422
452 524
578 582
591 661
518 526
512 527
864 408
524 550
807 442
584 672
846 408
522 529
560 547
532 569
701 462
428 509
746 425
696 474
569 515
752 419
487 511
737 478
578 632
787 466
845 395
523 551
835 443
534 525
448 540
732 441
845 411
582 603
549 513
799 448
745 444
828 447
723 427
479 501
842 386
711 462
580 682
708 431
762 462
520 514
425 524
589 499
428 529
584 566
739 427
564 583
755 439
445 523
579 624
734 419
582 563
586 606
541 534
627 615
743 451
575 519
526 514
816 436
699 478
619 606
577 587
500 464
589 565
507 537
804 431
556 547
843 411
740 439
490 663
576 553
588 664
443 494
585 680
418 546
481 501
762 488
761 473
590 516
832 446
740 434
816 441
423 525
793 437
755 438
534 521
438 531
813 395
568 522
583 646
578 621
734 477
644 618
753 415
615 600
429 508
510 535
494 492
505 508
578 578
575 586
803 398
573 553
525 540
757 472
542 542
625 606
850 415
729 417
582 679
746 422
528 558
752 444
433 531
495 506
412 537
508 525
528 559
872 383
548 547
534 517
458 517
867 414
722 436
515 535
634 613
812 408
805 450
452 533
548 548
734 413
585 645
713 483
882 377
729 470
567 541
578 613
492 508
562 575
819 394
597 559
715 479
716 465
517 551
816 414
702 478
783 461
789 413
855 389
584 552
869 416
873 399
426 533
548 549
750 471
752 472
842 381
568 580
806 396
539 514
710 483
562 579
442 527
524 480
886 423
714 463
785 474
533 519
585 662
559 516
853 403
448 527
860 396
778 464
724 462
817 401
453 526
834 446
540 509
441 524
750 424
876 419
765 465
564 589
701 480
433 503
832 437
553 572
443 495
552 549
500 530
877 373
586 666
872 425
527 542
445 543
524 560
859 410
886 427
598 508
543 546
554 581
555 514
769 462
538 527
831 441
540 548
750 476
758 442
519 531
742 442
749 470
789 470
833 424
711 463
788 459
552 569
512 467
444 537
568 602
807 436
579 563
865 386
766 467
876 430
537 526
754 440
490 512
745 415
594 565
768 467
504 534
828 444
748 444
738 474
764 475
529 485
829 415
575 620
527 528
497 469
735 417
546 547
765 473
776 474
891 429
587 569
568 539
433 504
847 410
818 401
717 468
784 474
837 407
520 532
529 480
490 485
841 417
821 405
524 531
789 409
719 435
825 409
802 447
434 530
713 474
732 460
471 516
579 558
473 496
590 497
524 519
565 550
632 612
616 622
539 550
810 434
649 635
587 612
714 467
785 472
554 568
646 602
489 508
579 621
862 408
732 470
641 611
801 450
743 478
598 509
589 497
861 396
748 468
499 494
530 563
496 484
807 443
540 519
875 421
794 403
600 508
733 474
741 448
600 504
877 385
583 578
773 467
735 416
542 578
536 508
427 533
590 566
692 523
521 474
742 478
538 507
449 533
537 521
753 451
546 509
739 451
803 456
569 584
762 461
476 495
501 471
588 498
474 525
803 404
833 412
584 643
738 421
828 414
585 682
871 390
719 467
844 414
867 410
581 623
520 546
523 472
644 613
823 394
617 624
440 525
583 669
463 525
587 611
627 605
735 477
737 427
576 606
592 555
585 624
819 400
755 459
446 542
434 528
526 530
876 437
420 521
465 523
574 608
572 602
566 589
526 559
597 661
752 451
528 539
577 621
738 430
819 445
574 549
519 530
586 618
742 481
812 406
753 417
809 440
541 544
552 567
569 520
625 612
420 519
724 432
824 392
692 843
532 478
808 430
416 546
575 554
452 520
594 668
582 638
797 405
453 530
495 501
456 528
872 371
833 416
581 637
450 516
555 568
859 404
522 563
740 435
584 682
543 501
868 377
521 529
573 552
797 453
475 519
428 519
788 415
847 401
477 496
542 568
523 555
507 525
863 386
585 642
438 523
425 525
586 542
535 568
515 589
602 650
589 620
805 442
502 470
621 619
771 466
559 585
786 470
786 404
782 477
577 596
581 589
729 466
449 539
592 498
793 403
577 578
582 577
585 659
524 565
609 597
829 404
832 414
504 510
565 591
767 465
708 430
534 526
876 377
715 435
846 419
603 646
527 518
440 498
566 544
560 579
847 416
454 528
775 484
511 476
517 526
586 572
877 393
575 619
557 575
596 650
843 380
580 638
437 532
826 394
794 401
532 481
866 408
443 527
592 661
498 502
490 503
428 510
787 404
752 445
587 571
522 469
721 436
862 411
764 488
847 394
742 453
874 427
754 454
707 461
590 512
584 629
843 426
522 474
852 406
787 415
582 541
591 558
781 467
515 465
588 573
584 547
850 391
517 501
756 425
838 444
530 485
774 484
418 541
851 409
549 553
746 415
706 461
547 577
745 425
552 547
870 382
467 524
820 402
730 429
774 483
540 501
563 575
457 526
804 453
640 610
799 451
809 439
800 439
549 551
412 545
484 514
574 596
582 560
592 549
541 501
560 581
449 523
861 398
524 512
448 528
767 487
530 482
802 441
807 396
696 466
821 399
530 511
504 485
473 523
583 641
581 636
487 502
722 462
517 538
801 461
500 510
591 652
647 606
759 460
873 436
821 411
725 435
542 577
731 464
522 476
590 563
581 579
525 482
724 434
433 529
874 415
602 646
505 466
586 648
476 499
645 618
801 442
826 387
794 458
592 553
757 460
594 564
591 607
803 405
786 462
453 524
543 578
506 508
576 589
756 474
694 475
437 497
484 510
600 650
744 426
527 543
797 433
712 464
862 398
875 371
646 603
436 511
540 540
544 548
451 521
544 504
586 536
509 466
576 596
835 425
864 389
589 652
424 512
698 479
829 391
730 472
876 374
878 371
475 498
524 516
735 414
437 498
863 399
877 431
803 454
717 466
517 511
568 546
543 503
517 479
547 569
494 494
549 514
590 661
600 505
574 602
535 534
514 476
833 410
580 633
842 389
515 525
522 478
614 617
710 462
762 474
499 473
537 523
766 445
416 541
427 520
881 404
750 420
822 413
449 520
706 427
776 463
779 468
506 527
781 479
560 582
750 421
880 429
806 440
852 410
545 547
862 392
611 598
584 586
534 561
586 576
698 470
509 526
732 482
521 509
494 483
606 597
510 530
577 683
582 668
424 537
726 459
783 460
581 600
425 528
843 420
698 464
800 448
766 489
575 608
441 527
767 445
573 593
799 429
583 648
533 523
801 456
840 402
415 536
820 443
712 431
508 506
739 432
872 389
762 475
742 444
582 523
763 443
452 530
820 401
501 465
843 389
822 444
527 544
777 478
742 414
582 598
878 381
816 432
584 618
704 462
848 415
532 507
595 506
767 485
790 412
845 391
573 579
464 525
525 562
569 519
522 542
736 456
549 554
524 474
583 632
770 472
816 423
581 624
769 469
819 441
818 400
575 555
767 464
583 587
827 444
491 511
882 400
480 516
803 457
486 486
847 393
427 521
790 403
879 384
869 370
558 510
555 513
471 528
880 426
445 544
550 577
588 655
580 520
570 599
578 612
555 548
774 486
796 453
560 584
801 452
817 439
756 455
887 426
598 507
511 530
496 504
752 418
585 549
803 458
874 429
710 434
815 408
779 479
837 417
825 388
772 486
781 478
485 472
535 535
831 410
751 460
544 531
436 510
738 424
805 462
476 525
879 418
578 583
732 474
621 618
566 511
530 517
523 564
562 515
593 650
604 650
597 658
539 537
640 617
505 532
805 419
503 504
596 666
584 645
536 513
590 499
585 519
418 540
451 525
773 466
617 628
734 470
494 502
810 424
413 545
791 433
870 395
424 525
879 416
579 519
660 529
874 433
826 402
586 686
588 652
450 526
437 527
751 475
578 590
772 470
711 484
491 471
726 461
588 516
492 483
535 519
762 487
492 510
878 383
544 518
567 597
739 475
500 504
543 570
751 473
741 424
829 403
428 518
544 506
583 624
532 498
436 505
809 401
836 415
739 452
682 515
538 569
877 434
719 468
825 402
878 397
777 474
758 441
483 513
648 634
531 523
750 469
618 604
875 430
619 605
860 406
603 558
582 564
530 479
829 405
873 389
753 416
743 454
522 547
720 465
530 500
828 404
512 476
541 569
593 557
877 419
474 497
507 501
738 429
597 503
524 476
756 423
879 431
536 568
849 391
534 514
764 489
471 525
568 540
545 579
420 517
447 495
582 632
706 426
693 474
580 585
490 482
585 628
557 515
491 484
535 518
766 446
595 653
583 536
744 471
816 438
616 597
802 461
445 540
464 521
841 418
700 462
882 395
731 463
585 577
756 473
496 496
802 392
613 599
710 484
589 619
818 439
495 505
880 428
826 403
508 468
499 470
576 626
766 439
863 411
475 525
834 408
500 471
732 434
582 637
618 601
499 486
597 562
834 427
582 562
432 511
731 473
726 432
584 628
847 396
586 661
505 472
827 395
558 514
558 513
465 522
878 406
444 538
498 495
815 432
500 473
582 673
848 408
862 391
500 492
821 410
736 474
535 532
601 504
832 438
504 494
813 396
844 399
574 589
753 459
588 657
727 458
479 516
751 423
438 532
730 417
531 498
747 444
848 412
696 477
495 471
591 650
846 418
542 508
447 532
569 579
889 426
593 664
506 505
760 442
541 509
566 587
806 449
594 561
749 444
419 524
572 556
503 503
749 445
734 438
851 404
788 463
741 446
592 551
838 419
590 608
827 394
580 561
594 507
581 646
616 600
503 524
466 515
532 570
541 500
885 427
801 402
799 444
434 533
738 476
763 463
683 516
573 583
699 535
528 517
814 420
594 666
499 510
583 635
825 390
534 515
756 442
475 496
766 484
534 483
432 530
621 606
768 486
565 549
540 498
595 563
576 608
595 651
728 465
518 479
588 543
644 610
826 393
497 497
412 539
592 511
800 461
563 576
637 611
534 512
455 530
473 516
566 513
590 652
583 588
619 604
739 431
542 548
836 414
565 593
558 516
525 534
846 417
521 536
523 552
804 397
877 377
548 550
420 525
526 556
586 639
431 520
511 463
535 524
413 520
539 536
496 471
504 523
785 458
874 397
526 474
423 512
800 451
580 565
733 470
726 457
813 407
523 532
556 514
839 443
504 486
755 455
787 463
561 593
531 485
794 455
809 427
844 402
523 469
850 389
736 455
511 460
523 535
829 444
539 551
437 504
630 618
539 539
501 503
452 523
877 390
803 403
583 640
568 516
582 644
554 569
581 667
536 526
598 504
493 500
763 442
836 423
876 373
711 432
844 416
860 389
733 484
845 409
540 517
556 516
749 423
497 503
580 625
585 576
578 556
571 521
568 521
747 422
530 509
541 502
570 522
422 534
512 533
806 455
877 371
879 425
833 438
520 552
416 539
882 379
530 508
560 583
573 596
834 424
598 503
872 416
817 419
527 541
649 606
594 505
625 610
526 518
560 589
732 483
732 473
837 425
824 410
525 516
752 438
563 587
556 546
532 523
519 515
860 410
587 662
834 407
545 577
639 610
618 602
792 472
578 584
811 397
698 466
426 515
547 548
487 471
636 611
695 476
769 467
488 477
706 428
412 541
551 578
818 430
845 398
537 568
753 440
591 557
474 503
522 468
728 430
877 379
833 411
861 401
815 404
424 517
426 532
744 473
576 595
585 567
848 396
578 619
508 527
842 421
452 531
805 444
805 461
673 494
509 473
640 614
524 477
836 445
727 466
824 389
582 625
616 601
833 409
522 508
866 410
682 475
546 570
720 435
872 381
723 425
586 640
542 547
592 557
582 584
647 605
581 563
588 517
728 457
448 523
847 407
802 462
785 414
475 518
427 534
488 501
655 646
564 575
784 478
586 610
441 501
421 524
871 417
829 413
496 633
561 511
511 466
700 461
546 548
581 639
820 412
806 443
877 386
421 522
625 615
471 526
712 457
507 502
424 514
593 551
442 504
819 443
876 376
472 496
650 610
543 513
785 416
859 387
792 473
427 514
416 521
867 373
580 607
554 549
481 516
729 419
842 419
594 547
805 420
644 612
845 402
881 396
579 590
733 482
436 506
890 427
415 538
866 399
562 583
581 520
632 614
518 532
571 599
705 461
546 534
579 613
833 408
738 438
848 402
742 448
502 511
444 539
577 609
639 617
539 513
580 558
858 390
794 454
802 400
526 562
573 591
643 620
580 684
585 686
739 419
542 501
565 583
860 393
596 652
566 515
873 396
584 607
887 421
776 464
840 442
454 527
461 526
753 454
509 475
557 514
843 393
532 510
723 428
496 503
582 520
429 519
739 447
517 552
680 475
581 538
740 422
503 520
817 414
577 583
494 501
784 459
874 416
577 581
811 424
801 455
582 640
546 578
587 645
648 607
585 550
597 653
583 674
749 419
587 536
583 631
793 438
708 462
445 496
729 455
585 627
532 500
649 625
867 412
488 486
829 446
588 552
601 596
798 451
547 512
771 472
759 422
840 381
596 667
711 467
537 509
504 535
600 667
815 407
859 406
494 482
420 537
711 473
602 559
551 550
800 444
778 480
589 495
723 426
643 617
434 509
734 437
500 470
715 464
599 557
598 664
523 565
865 398
785 417
792 459
802 396
534 508
800 400
591 499
515 512
541 566
843 425
825 407
559 577
813 419
535 529
825 403
596 662
741 480
526 555
736 419
581 601
708 475
708 472
519 512
514 527
420 533
805 449
877 388
584 662
840 385
418 519
593 503
769 471
455 518
489 471
732 430
540 539
738 419
806 462
807 393
510 462
750 461
521 547
583 670
707 428
478 527
836 443
733 435
766 471
542 520
821 394
741 447
543 512
843 381
540 569
570 542
747 416
424 515
770 466
843 399
622 605
745 414
828 395
582 521
749 472
787 414
585 570
579 683
878 416
583 520
505 524
737 455
844 428
452 532
442 498
846 387
786 471
623 616
829 392
849 422
593 660
585 542
695 464
785 412
629 615
618 603
532 504
559 573
588 571
618 619
760 423
501 469
823 395
876 393
466 524
737 453
573 584
557 513
509 470
816 437
587 574
620 619
520 469
506 514
791 401
742 413
740 415
746 416
512 534
526 473
501 627
774 472
873 392
746 455
863 408
522 540
580 564
506 466
468 517
625 607
588 518
632 616
741 449
554 511
544 510
538 539
789 407
559 507
564 544
805 430
818 440
497 468
577 603
818 443
874 374
494 496
882 403
591 511
575 558
845 390
675 496
548 577
454 525
426 524
644 620
717 435
501 511
568 515
454 530
555 512
828 397
777 467
505 500
586 575
809 436
750 468
601 597
811 444
592 562
738 454
572 580
732 435
573 597
704 461
807 425
750 470
801 398
523 478
529 516
522 538
579 589
552 550
847 402
548 514
769 472
744 442
528 502
710 482
586 495
529 513
585 573
753 418
859 403
867 391
570 543
585 555
878 378
526 558
588 521
494 471
581 585
483 477
578 585
722 459
809 433
758 472
847 403
592 502
838 425
494 503
597 555
531 508
738 449
879 405
708 461
849 415
872 437
871 392
880 418
793 459
529 502
487 474
440 524
510 526
548 578
746 424
843 408
770 485
514 590
877 391
802 445
864 399
476 501
875 433
589 571
534 528
558 547
554 567
790 469
487 473
730 428
585 566
506 513
842 393
436 526
827 399
815 405
686 471
813 414
586 641
513 507
575 589
815 402
574 590
551 574
503 472
539 570
819 446
766 441
713 463
413 543
579 560
800 398
502 485
572 597
532 503
814 436
761 460
422 524
768 463
616 626
873 426
512 532
580 600
708 428
543 530
816 434
819 417
778 478
576 587
721 466
580 559
599 559
873 382
563 515
591 566
518 473
586 658
874 373
580 636
829 447
533 522
565 574
504 513
543 542
450 519
562 570
708 478
818 394
588 618
588 607
589 650
745 440
500 503
435 533
877 433
521 479
431 509
593 547
877 420
867 375
503 525
800 399
744 456
553 577
819 428
761 489
727 465
754 452
518 504
773 486
596 561
834 426
492 503
581 564
575 595
574 551
420 524
487 481
831 404
595 567
876 432
537 506
777 477
784 473
837 405
739 423
521 552
806 425
582 634
514 466
505 513
812 407
591 553
704 426
422 522
711 482
812 401
581 681
545 544
588 662
708 477
428 514
748 419
587 519
830 446
422 526
415 539
799 432
708 463
871 427
783 477
766 488
748 458
844 409
520 563
578 557
516 537
503 505
804 426
622 618
834 438
542 500
877 415
515 532
425 534
579 580
583 672
870 383
761 488
808 457
813 415
869 414
777 465
785 465
871 389
471 495
450 525
493 471
881 426
730 418
545 509
489 503
812 415
491 494
509 537
875 383
724 425
788 464
594 510
844 386
526 557
485 511
862 399
789 405
734 441
600 643
614 604
426 528
572 554
805 426
590 520
500 494
808 427
875 422
880 382
525 481
848 405
566 545
799 431
534 502
619 620
608 599
528 518
524 518
774 473
586 496
748 418
537 569
769 461
801 462
839 422
878 426
790 411
769 486
755 442
802 450
723 432
416 518
583 586
518 552
520 510
802 394
779 483
589 496
575 606
585 621
805 422
734 471
826 388
848 394
713 434
877 436
475 497
584 585
542 531
450 521
747 459
525 530
876 395
879 391
642 618
510 460
490 483
793 440
590 510
579 585
772 465
695 477
727 459
581 605
717 465
455 529
462 525
557 570
469 524
582 672
554 512
877 423
516 528
745 445
788 462
521 540
756 458
808 456
619 617
487 486
869 415
808 443
603 648
457 514
880 416
787 462
822 404
492 472
582 602
870 417
730 459
566 546
508 515
448 542
530 516
700 466
445 534
588 611
604 597
563 590
582 683
733 461
561 589
552 578
768 462
836 408
430 512
514 478
644 619
643 610
482 515
488 507
735 471
796 445
529 528
627 613
583 566
529 560
739 416
496 485
847 427
795 453
506 517
599 593
468 523
784 477
778 465
508 500
722 430
541 519
498 514
544 578
599 650
806 431
630 614
756 447
486 474
488 476
845 427
631 612
542 569
731 430
491 481
578 558
576 586
877 438
582 578
876 375
744 451
614 602
414 542
538 526
457 513
538 568
639 613
515 511
577 594
874 378
848 395
842 427
425 537
541 520
458 526
515 505
446 522
617 618
544 508
818 434
535 482
722 432
584 546
804 450
732 463
570 546
810 427
542 545
529 481
729 421
619 615
575 580
432 505
611 597
837 443
828 412
704 425
880 400
853 392
586 543
821 408
499 511
585 617
501 467
560 549
873 425
426 522
587 573
802 442
594 553
529 510
531 501
576 556
427 516
504 532
442 496
676 496
518 501
872 417
703 462
723 467
741 431
709 462
543 511
550 515
505 486
516 481
768 471
509 499
656 641
821 400
803 420
733 476
448 532
825 393
549 550
788 405
544 517
573 592
598 651
757 475
532 518
722 466
883 400
493 505
725 433
752 423
468 525
517 477
887 429
725 424
714 477
793 434
414 521
821 445
843 397
847 384
566 516
846 383
810 402
503 471
477 526
843 390
742 452
567 513
597 558
754 448
873 383
823 390
588 515
584 617
628 615
777 482
556 570
422 519
502 491
723 423
577 582
599 511
425 514
524 536
875 423
578 617
525 515
880 415
878 419
577 521
531 496
554 514
475 517
742 443
712 455
697 465
587 613
806 397
823 403
631 611
776 465
603 649
752 459
522 509
505 517
533 518
803 402
495 499
772 473
421 518
590 496
589 662
559 509
740 447
843 428
584 577
879 397
812 436
751 443
580 643
582 599
861 400
820 411
736 429
768 442
600 503
849 388
751 451
592 554
562 593
502 504
585 586
589 517
578 624
559 583
446 543
621 616
872 372
535 523
876 435
565 596
456 515
455 517
782 479
555 576
817 415
677 496
539 499
618 625
601 646
643 606
582 522
533 568
532 496
504 520
549 577
525 554
536 520
880 427
887 424
831 396
821 409
748 457
573 520
787 458
603 597
579 616
567 544
564 511
809 442
836 424
562 587
597 660
882 378
767 471
587 665
488 474
728 469
724 471
738 436
500 505
496 487
411 541
784 460
751 476
793 460
592 607
736 454
828 446
459 517
563 578
416 519
600 646
879 386
504 533
567 519
620 605
864 409
785 478
794 459
743 415
479 517
493 493
814 424
601 650
591 561
586 494
754 447
822 443
760 473
587 566
564 548
560 509
765 466
764 474
840 383
501 487
849 405
575 581
579 588
783 414
521 514
861 389
546 533
823 400
786 466
559 574
588 646
588 547
595 561
850 388
538 521
873 394
702 479
572 549
522 533
586 646
881 403
586 665
807 461
413 546
810 425
788 409
592 509
812 391
411 538
516 511
447 521
585 619
780 483
815 423
843 418
617 625
514 467
622 606
632 615
589 611
710 432
546 577
816 396
428 505
564 591
776 483
710 474
474 518
798 440
803 450
576 625
506 516
551 575
806 430
598 657
535 510
421 530
792 401
798 453
436 527
876 420
626 615
585 620
536 509
583 628
585 544
546 535
523 541
776 468
744 455
591 554
517 480
755 473
878 398
442 502
758 443
527 482
555 574
818 416
766 487
801 441
775 473
569 582
479 527
709 466
417 539
542 510
826 404
445 535
417 519
834 405
755 452
822 389
561 579
586 607
585 681
755 447
617 626
498 486
531 561
506 502
737 419
822 390
613 597
869 391
506 532
802 393
595 549
583 620
488 508
423 516
566 575
864 410
732 416
787 408
843 386
590 513
590 519
597 667
861 392
769 468
576 634
852 403
582 597
864 413
799 447
512 528
817 432
830 395
543 514
852 407
864 386
511 508
573 551
712 459
505 507
809 432
845 392
446 524
874 432
585 641
681 515
561 509
499 504
817 436
830 445
815 438
517 503
798 447
534 568
730 466
524 561
836 411
594 509
739 439
564 587
751 454
587 664
836 412
819 432
874 414
630 617
510 464
719 469
433 505
843 392
505 519
523 530
729 415
565 577
812 400
528 544
874 394
625 608
876 431
801 445
858 405
878 393
580 613
515 477
546 512
788 470
816 394
483 511
526 547
861 394
524 469
871 386
589 656
837 406
501 491
582 647
824 387
830 444
418 542
840 422
621 615
595 550
779 467
850 410
534 529
844 415
829 395
752 452
586 628
831 443
789 403
488 500
580 616
843 424
566 512
802 398
801 395
525 548
449 526
496 507
796 455
819 413
525 472
568 581
617 596
485 476
577 618
884 420
836 407
698 478
570 579
532 506
544 514
567 516
583 623
764 465
519 513
594 555
746 423
503 491
534 560
626 613
426 531
489 485
705 460
830 392
518 469
528 512
802 399
446 496
605 650
570 515
587 543
823 407
430 529
795 458
550 576
586 659
487 507
513 476
846 407
741 451
734 420
507 500
585 494
486 481
734 440
583 668
805 424
785 476
800 402
423 519
824 402
547 513
735 455
781 468
505 499
583 564
890 429
736 439
811 399
726 431
800 462
498 505
733 477
696 478
415 541
869 372
636 612
492 471
827 404
578 681
489 481
515 506
788 461
534 530
733 481
509 468
749 424
527 558
847 409
839 423
525 555
582 605
540 513
512 530
524 538
745 426
743 480
499 525
715 467
823 393
596 563
555 515
495 504
886 429
788 468
618 600
835 439
845 412
596 558
490 471
601 582
724 435
828 448
803 419
577 633
582 585
594 660
561 585
489 474
817 394
711 461
590 558
759 443
568 601
846 386
818 420
836 442
813 391
449 541
524 555
429 513
808 432
714 464
777 475
561 547
588 554
747 463
584 630
752 460
754 423
566 520
520 530
563 577
536 507
416 540
507 466
508 505
844 401
796 446
814 414
844 398
505 506
558 578
803 400
842 426
581 602
526 544
432 512
540 568
844 408
555 570
439 505
506 504
466 516
586 586
538 513
842 444
582 648
413 518
485 501
812 395
522 539
816 439
540 570
878 431
475 500
735 479
780 467
572 600
874 436
485 512
589 553
516 504
524 549
840 384
738 439
486 482
844 417
563 511
592 501
851 407
473 518
585 495
443 524
417 536
890 428
535 507
860 395
496 502
551 576
748 417
831 391
563 743
876 381
841 427
453 520
830 411
801 446
512 477
679 475
822 393
587 568
749 421
464 517
474 519
554 574
759 444
812 434
827 390
814 402
711 460
592 566
760 461
631 610
586 638
878 386
710 475
553 581
531 563
452 527
863 412
809 457
515 480
533 500
473 497
509 469
500 528
792 440
587 653
597 663
735 474
465 521
423 536
844 429
730 469
500 472
869 383
801 439
440 523
739 436
423 529
770 469
525 514
581 642
610 569
537 534
842 425
827 398
729 458
753 453
434 529
511 473
664 481
570 584
834 413
611 601
447 530
814 400
871 370
499 512
472 526
519 552
694 463
490 484
766 485
757 458
792 408
501 524
533 527
792 433
788 404
791 470
875 381
778 481
544 575
859 405
705 426
518 531
875 424
540 503
559 584
744 444
456 518
423 534
675 495
716 435
794 441
771 468
536 535
812 435
516 501
536 519
572 548
503 494
447 522
523 539
423 535
745 455
415 521
543 545
736 480
516 477
584 660
471 527
844 387
563 593
544 509
561 571
587 663
821 412
567 520
811 400
614 599
815 393
581 640
503 495
523 471
784 414
438 498
759 445
590 607
696 464
419 517
708 481
462 526
859 388
475 503
422 525
560 548
583 625
708 429
514 528
867 372
833 405
602 647
563 547
583 518
782 467
875 397
731 432
541 516
465 519
511 529
737 473
549 571
431 510
488 511
437 531
589 660
598 505
698 461
591 559
728 467
797 446
741 442
545 533
734 481
606 598
565 594
571 520
740 433
573 550
574 595
875 432
805 425
876 396
545 574
582 678
563 542
886 421
868 391
544 542
786 403
425 526
525 556
510 527
751 425
478 496
540 534
588 566
837 419
819 429
545 518
491 505
532 509
566 590
724 469
873 434
676 495
667 475
537 507
583 660
792 460
801 392
565 511
527 540
833 403
727 469
745 441
641 618
749 460
543 502
728 456
593 549
519 473
750 473
583 544
809 434
529 507
596 658
823 443
751 445
515 464
593 667
599 508
708 459
730 482
849 402
753 445
582 628
595 566
639 612
567 594
483 500
878 415
706 462
582 676
574 597
858 389
839 427
831 442
523 544
794 439
492 506
697 478
494 493
881 400
702 462
601 558
784 412
709 478
744 416
584 545
561 510
742 415
803 455
817 403
585 668
668 475
876 371
511 528
640 616
891 425
587 520
750 445
618 626
451 527
582 600
757 446
848 421
862 400
743 476
830 440
581 641
842 387
593 566
806 399
524 473
578 522
788 408
743 431
782 464
863 389
565 587
545 570
575 522
539 510
595 560
839 420
582 681
599 667
575 607
849 387
514 532
419 522
829 398
847 421
710 435
712 482
585 548
780 464
586 519
743 443
756 472
478 526
875 390
666 475
562 547
490 476
593 665
530 512
502 510
836 422
639 614
568 585
737 454
587 576
587 575
822 445
830 417
731 437
798 404
419 545
491 479
749 468
523 533
808 435
714 435
538 509
560 515
789 459
497 496
582 518
488 499
535 531
728 459
581 603
866 393
823 406
738 426
711 459
486 500
840 382
782 476
555 575
817 418
600 595
579 583
737 452
569 601
422 535
573 601
709 471
527 547
582 561
872 415
472 495
520 538
765 445
524 548
451 520
526 560
513 466
542 506
621 617
540 500
531 497
457 528
529 506
841 440
594 504
435 505
419 542
510 466
864 392
641 612
489 511
620 618
446 495
527 545
708 474
450 542
495 620
580 560
756 457
411 537
751 424
427 523
535 522
577 601
426 529
580 624
737 439
715 478
757 454
754 424
483 514
469 517
854 389
484 485
571 549
418 547
700 478
704 428
584 540
421 534
465 524
416 536
747 471
579 619
492 505
420 520
538 523
881 414
609 598
521 538
881 380
523 476
727 457
436 509
752 443
598 656
500 524
869 371
824 394
543 540
763 444
431 519
844 395
843 391
501 493
744 477
538 534
421 513
557 511
469 526
495 485
414 537
719 466
504 518
728 420
531 477
842 388
766 490
588 660
551 569
514 510
418 518
526 528
577 604
883 402
713 457
743 416
495 507
815 415
785 466
587 498
804 442
585 666
585 607
804 425
577 556
583 538
753 442
595 661
783 473
779 480
424 510
471 517
861 395
586 570
816 416
467 517
790 470
745 416
542 504
528 540
827 443
415 542
879 385
816 417
550 550
517 473
586 627
789 406
799 430
883 403
532 483
510 507
804 435
484 477
541 521
857 409
804 404
736 471
843 421
859 389
796 454
732 471
487 505
744 478
584 684
586 647
715 480
568 518
875 395
586 573
509 472
523 537
737 472
580 619
541 535
793 432
539 533
738 433
415 537
489 500
574 554
549 512
432 528
874 426
767 442
566 542
874 383
832 441
516 535
533 513
587 660
824 408
802 452
574 588
529 518
817 395
756 475
531 482
544 571
532 477
739 417
507 535
542 540
876 434
488 473
511 527
527 514
444 534
802 429
532 501
880 399
739 421
782 463
497 514
564 543
434 505
504 502
783 458
467 516
448 541
728 460
709 482
518 525
541 567
510 536
597 504
723 424
846 413
797 435
595 558
514 534
730 430
578 611
848 416
578 633
834 425
414 520
799 403
759 489
788 469
539 534
596 566
500 529
735 481
840 416
448 526
691 538
586 548
735 415
830 410
729 416
810 439
700 480
535 533
725 469
809 398
525 480
822 406
581 622
508 526
440 532
707 481
737 417
526 527
802 453
503 509
506 535
524 475
619 618
805 435
873 397
603 594
813 400
863 387
498 510
836 416
504 517
810 444
416 520
496 470
750 472
449 542
579 614
792 432
814 391
546 514
848 385
594 554
878 391
826 406
587 607
536 511
528 542
571 596
841 402
816 422
566 548
478 517
588 666
560 593
504 522
574 591
763 462
433 508
723 436
859 409
540 518
752 454
437 502
583 647
528 560
743 430
486 476
582 586
578 683
562 577
579 587
871 438
820 429
779 469
492 493
472 516
534 562
742 480
804 462
578 520
587 495
567 584
577 625
441 500
482 501
867 411
572 582
486 511
626 612
589 658
494 484
772 471
584 494
788 410
775 485
524 551
866 386
871 395
583 545
436 528
436 531
439 498
420 522
784 461
698 465
520 511
782 473
519 469
590 511
739 480
646 606
623 614
709 431
467 518
758 473
807 395
616 599
647 635
629 612
797 404
639 611
850 390
705 480
504 466
533 503
746 427
503 492
510 474
786 416
740 444
763 465
824 443
881 378
567 595
545 548
593 662
877 418
741 444
874 424
875 393
420 530
875 415
849 410
880 425
574 579
713 467
626 614
763 475
586 569
470 516
528 482
739 433
755 458
624 615
737 450
452 528
477 501
514 511
570 583
782 462
507 515
764 446
856 389
845 426
771 486
853 391
582 540
476 502
587 641
513 504
812 437
696 472
546 549
473 526
701 478
885 421
627 604
765 461
592 650
515 501
423 537
879 399
584 536
540 535
888 426
589 646
494 487
601 593
644 606
551 577
531 478
738 475
423 515
551 548
522 544
583 607
437 506
577 589
542 518
814 419
588 558
587 518
879 432
773 464
589 648
539 547
579 620
732 437
837 441
751 449
735 476
830 406
576 627
624 605
890 426
548 551
615 601
468 520
874 422
495 497
755 449
817 397
788 458
428 517
438 526
439 503
584 667
812 397
814 393
575 602
499 495
812 424
780 479
599 558
485 500
577 520
731 470
763 474
873 395
431 518
834 439
603 559
525 547
883 425
841 428
567 583
602 597
791 411
801 444
826 391
833 446
829 394
791 402
501 494
600 642
577 558
544 513
743 477
582 622
877 389
495 472
741 481
584 658
607 599
437 499
562 578
577 605
567 542
549 572
878 390
446 531
491 506
849 386
761 443
538 529
582 633
523 477
534 511
598 667
802 397
584 602
505 525
450 517
453 528
558 574
495 495
586 540
448 522
730 460
516 525
422 523
605 649
466 522
599 560
447 542
619 627
873 379
597 583
540 566
521 478
722 460
470 526
737 428
583 679
833 439
626 605
766 483
535 536
496 488
534 518
858 409
601 666
611 600
475 495
747 417
620 604
523 534
836 439
558 548
710 431
764 461
521 563
832 445
537 533
588 495
683 515
529 504
877 392
880 405
660 642
490 474
525 518
878 384
892 429
422 527
467 520
580 621
563 545
798 401
572 522
622 615
583 540
586 571
439 526
817 417
568 519
581 635
878 414
745 442
801 429
616 596
586 554
502 509
485 509
421 517
556 574
467 519
878 413
569 581
595 555
735 480
422 530
753 423
746 456
450 527
583 645
616 618
520 473
846 409
866 375
757 423
754 453
544 532
742 431
466 521
805 455
870 369
728 463
833 415
451 517
440 496
492 473
588 555
764 445
490 475
800 443
520 547
840 380
866 391
616 617
574 598
759 490
829 400
825 443
551 570
550 553
844 393
741 478
569 600
632 613
630 615
475 494
846 416
844 397
865 399
801 396
722 428
700 465
413 542
847 408
518 511
768 485
532 561
843 423
713 432
850 403
776 476
861 393
782 478
798 463
742 449
454 520
612 603
840 425
871 391
532 484
603 650
871 383
740 431
862 389
540 547
584 519
581 561
844 396
748 422
729 420
566 543
554 582
786 405
511 474
844 413
802 460
853 390
446 532
754 445
560 571
484 509
559 578
523 547
807 455
587 546
506 500
656 644
416 538
445 495
589 498
533 528
713 433
509 508
596 653
476 517
633 613
850 406
532 527
600 593
605 597
781 463
870 381
813 436
572 579
567 602
743 475
534 482
553 515
565 578
795 433
868 416
842 399
559 548
564 578
465 518
847 392
815 396
553 550
880 398
544 572
750 419
843 379
443 496
828 391
874 425
535 530
744 443
750 475
738 428
547 514
589 543
601 592
583 537
524 479
594 567
488 503
586 613
598 592
583 577
529 512
579 633
875 398
584 644
526 529
866 398
874 379
791 459
595 556
712 432
794 433
579 565
539 568
567 577
834 406
468 526
778 475
590 659
442 524
500 490
814 421
870 370
549 720
725 425
434 506
517 478
739 448
583 637
584 668
504 501
598 644
539 532
752 414
816 402
595 660
806 461
418 545
870 390
435 531
543 510
546 510
798 452
517 524
541 518
713 455
709 429
532 482
833 441
595 650
545 575
830 416
584 685
741 439
696 465
419 518
571 602
497 467
590 517
554 572
566 583
722 431
713 435
513 530
749 422
817 404
573 522
731 417
875 376
786 478
510 465
618 620
788 411
571 547
808 428
584 666
617 620
711 465
723 437
524 552
536 510
791 407
728 468
791 471
876 382
645 606
424 529
848 392
752 420
501 486
588 546
500 466
828 398
818 442
498 509
842 385
521 510
741 415
872 395
877 378
846 393
466 520
837 446
846 427
644 617
494 495
807 435
707 429
807 422
740 424
738 437
750 454
520 478
648 641
707 463
623 615
504 503
803 462
525 469
521 527
580 667
844 411
602 594
542 509
533 510
804 428
585 643
709 480
793 461
737 429
811 395
431 529
595 557
567 515
827 389
708 476
600 559
848 404
734 474
802 448
415 546
620 603
559 510
431 512
573 609
487 472
593 510
710 459
802 402
742 479
864 390
533 496
747 460
594 568
754 449
509 471
570 578
822 400
757 459
746 471
571 579
441 532
740 423
711 433
864 411
511 534
539 530
496 486
549 547
576 594
490 486
845 413
810 438
617 622
575 520
501 488
418 537
451 524
612 604
498 496
553 579
562 511
843 395
800 429
742 451
539 509
817 434
595 551
437 500
883 396
793 436
803 424
804 429
763 461
483 501
534 567
875 391
875 427
640 609
598 663
544 544
540 530
537 529
559 571
590 571
848 386
875 435
525 536
809 425
802 455
421 514
499 487
585 623
713 475
796 434
511 462
524 562
530 505
557 548
570 596
559 576
707 426
542 543
796 402
732 417
797 402
438 501
738 478
438 502
625 611
874 376
867 413
560 577
583 630
705 479
442 497
558 576
517 469
820 445
787 467
754 438
879 406
726 430
452 525
790 459
784 472
469 516
561 515
851 403
875 416
777 483
595 564
808 431
723 465
579 610
525 510
805 440
577 608
491 477
813 424
578 564
769 473
548 512
715 466
818 429
847 387
571 597
586 623
619 626
738 471
807 398
423 530
589 651
628 605
840 441
576 554
826 411
881 381
533 569
573 590
514 501
738 450
712 474
614 601
767 467
819 440
624 604
752 442
825 404
510 470
582 675
801 451
740 445
846 421
754 450
739 440
424 518
520 479
538 541
786 469
568 541
427 522
567 582
857 390
880 431
513 591
825 394
645 602
788 403
751 472
584 554
818 435
853 389
824 407
583 539
519 563
887 425
522 546
576 520
534 510
715 477
747 470
763 488
723 468
712 458
581 643
512 531
514 531
737 474
556 575
520 533
576 618
772 472
726 434
867 376
846 420
515 527
522 543
883 426
820 394
754 439
792 403
699 464
539 549
798 403
577 613
503 522
427 529
531 505
498 485
597 650
746 444
754 451
733 415
570 521
445 546
746 426
504 504
437 503
519 511
630 619
510 508
705 478
816 421
781 470
490 481
544 573
497 513
425 527
830 404
869 392
492 504
518 472
588 656
873 372
500 489
493 501
744 445
810 432
529 501
593 553
884 421
521 533
731 474
774 485
568 517
514 535
486 484
540 502
555 549
496 498
850 407
479 497
695 463
579 681
582 607
525 533
522 537
512 509
499 513
456 517
581 638
709 479
564 593
863 410
447 496
891 426
526 540
741 445
524 554
504 468
462 524
842 380
521 513
815 394
503 508
578 521
876 436
534 513
567 585
423 517
843 401
832 404
580 610
543 504
833 404
635 613
504 511
734 417
578 615
519 479
781 473
433 509
438 500
424 511
461 527
577 602
596 562
625 609
499 527
843 416
420 536
726 460
841 387
778 479
518 524
874 430
731 472
758 423
583 519
558 511
788 413
520 512
448 524
825 411
793 454
439 532
580 612
625 605
554 515
755 423
617 600
774 464
545 514
768 487
861 402
421 532
582 670
578 589
503 469
480 497
818 436
752 415
488 498
583 602
430 519
794 440
500 509
823 401
523 561
474 520
582 626
824 411
875 428
860 411
451 519
564 588
727 430
751 448
859 396
423 520
730 461
500 465
417 546
588 553
873 414
693 475
813 413
465 516
887 430
509 474
599 504
444 495
491 503
708 471
865 392
505 487
428 508
873 373
546 574
832 411
848 420
557 512
423 531
512 508
566 579
551 547
613 598
514 477
540 516
499 526
445 525
732 462
577 607
792 434
584 623
567 521
582 635
541 530
589 657
499 528
621 605
803 423
463 517
486 475
740 452
751 474
820 409
579 579
513 506
511 464
866 372
540 531
754 472
529 479
744 474
505 535
882 404
877 412
475 499
631 819
726 469
591 516
589 510
838 443
552 568
576 605
850 402
590 651
841 423
739 420
868 414
550 571
800 401
808 429
570 602
498 503
732 461
876 423
861 403
828 405
575 556
526 472
817 416
427 515
576 521
436 529
550 514
522 512
559 749
769 466
797 406
523 470
835 413
421 535
667 470
500 502
740 420
877 413
486 485
592 561
842 423
584 670
767 463
758 489
587 654
766 464
706 481
597 509
785 413
817 402
580 578
581 633
861 387
476 526
751 461
674 494
617 627
815 414
816 420
747 455
535 521
500 493
763 464
615 617
739 422
569 577
821 414
804 455
724 464
887 431
544 533
883 421
869 393
785 461
434 510
843 400
767 484
558 570
541 565
809 444
524 472
848 414
545 573
867 393
876 378
652 597
491 508
737 471
635 612
751 468
614 603
522 545
836 413
681 514
599 645
534 535
733 437
563 544
428 506
876 383
758 474
583 683
588 665
580 680
821 413
540 571
756 422
586 544
589 558
578 519
758 488
817 431
465 525
745 471
865 411
829 406
628 616
747 469
537 513
446 533
568 514
794 438
734 461
531 479
736 440
552 573
805 443
887 427
542 521
758 462
753 472
770 487
541 540
884 427
444 536
509 498
641 610
568 544
454 519
500 525
873 390
815 403
528 513
508 499
866 384
584 573
506 487
638 611
515 533
874 392
420 526
678 528
506 515
441 526
506 525
560 580
879 398
525 512
711 472
752 440
556 571
590 514
721 429
559 512
809 435
578 610
815 421
516 480
523 468
432 509
613 603
815 436
447 531
724 463
589 661
645 620
871 387
785 469
570 585
456 529
559 582
592 550
595 548
552 571
580 605
829 399
842 402
511 475
578 616
862 390
498 470
792 407
880 383
877 383
455 523
616 598
513 508
434 535
730 458
786 415
822 391
521 469
883 427
845 428
559 508
569 578
790 407
550 547
830 443
830 415
638 614
626 611
740 436
884 422
543 506
811 434
759 461
506 526
738 477
523 479
532 525
778 482
514 465
792 436
459 526
412 540
499 488
573 595
741 440
493 503
739 415
449 532
531 562
583 681
615 599
817 433
457 527
504 508
595 503
535 569
848 413
594 650
570 601
455 519
888 429
439 531
462 528
477 495
577 597
640 615
544 507
644 608
589 649
523 529
803 401
862 387
561 586
792 454
447 524
492 509
731 482
574 599
575 579
582 620
766 440
835 408
867 374
586 611
846 402
526 482
590 658
582 677
724 470
573 594
764 462
760 443
729 468
594 661
730 465
598 510
791 403
414 544
506 506
529 509
574 592
516 505
739 478
512 475
430 510
519 472
731 461
643 611
584 553
527 546
782 458
587 618
836 446
549 555
861 406
561 583
881 379
435 506
428 507
795 402
585 685
811 402
867 398
844 418
818 433
814 406
617 623
587 646
824 409
587 567
808 442
840 421
842 401
841 416
712 463
773 465
418 539
667 474
488 471
724 423
524 517
793 470
476 503
818 431
799 462
777 484
551 515
565 595
866 409
524 530
574 522
630 616
841 419
565 592
503 518
491 507
564 547
565 544
783 415
843 427
738 452
746 454
877 397
559 513
873 437
572 547
590 650
578 618
584 683
570 600
539 541
531 504
765 439
508 537
529 503
539 535
509 500
710 429
524 537
589 610
846 411
521 528
442 503
828 396
823 392
522 472
731 469
598 658
765 489
546 579
536 512
449 524
863 392
874 428
848 410
885 429
538 524
676 497
762 443
585 541
577 579
880 379
826 398
520 540
543 531
515 531
592 497
521 473
588 653
793 462
667 476
785 415
713 476
456 516
600 649
830 396
778 467
438 527
876 421
548 552
584 620
831 392
741 432
759 487
735 456
650 606
450 524
477 527
709 464
870 414
513 534
617 621
586 609
743 455
797 434
769 485
801 447
802 454
540 521
813 392
733 475
828 413
421 531
576 602
767 473
783 412
507 536
724 465
818 417
575 609
509 507
779 484
507 505
804 449
536 529
493 487
501 466
730 463
741 416
882 405
717 467
787 469
483 509
414 546
541 568
483 515
617 617
436 508
809 443
787 403
429 510
579 559
566 547
601 594
735 478
848 384
565 542
566 595
748 459
528 516
858 404
815 424
588 568
551 573
839 424
597 657
731 433
591 514
881 398
525 511
491 478
813 394
495 496
522 541
878 382
771 467
523 563
591 563
621 607
709 481
735 439
569 544
425 515
559 514
479 528
739 449
522 536
798 462
875 372
578 609
486 505
800 455
585 687
791 440
746 469
447 540
804 430
508 466
796 452
502 524
734 462
493 502
819 433
503 468
802 422
526 536
862 388
603 647
587 554
566 591
555 569
758 461
598 506
582 627
513 532
574 594
528 557
815 406
759 473
478 525
476 519
413 519
500 469
661 529
681 475
588 520
539 524
573 521
520 531
837 404
567 596
705 481
583 644
814 401
522 552
807 437
512 507
529 561
804 420
554 573
823 391
501 473
858 407
706 429
882 426
580 589
877 432
838 424
730 464
774 467
528 528
707 480
506 472
891 424
519 588
798 429
422 512
876 415
585 551
454 526
503 466
428 511
580 683
708 460
781 464
583 680
498 467
588 545
811 396
581 607
739 479
732 436
705 425
725 434
490 487
527 559
580 608
592 563
570 597
581 683
529 505
500 488
766 474
539 501
578 594
506 488
746 417
677 533
540 537
798 432
803 442
723 471
583 675
806 398
487 480
746 440
851 402
468 522
569 521
589 554
583 517
776 484
580 615
504 512
585 679
445 524
707 431
543 505
776 477
503 470
802 420
733 416
738 417
805 441
536 521
580 681
514 504
885 426
631 615
583 589
876 433
587 494
517 525
681 516
594 503
506 465
426 523
505 467
514 506
783 462
713 459
579 578
582 667
567 586
882 396
445 533
413 537
826 395
441 498
560 578
770 486
800 463
850 405
877 387
510 461
805 398
845 394
807 394
522 507
723 464
839 419
451 523
836 440
729 469
880 432
594 508
447 494
880 386
593 506
801 394
444 524
571 546
534 516
472 517
776 467
712 467
774 463
573 554
593 663
768 445
588 544
773 473
804 423
700 479
861 397
521 532
607 598
799 440
598 558
836 425
730 419
813 406
490 511
713 477
572 555
421 519
611 599
733 441
586 567
514 509
722 461
526 512
428 513
588 654
560 585
795 456
576 633
504 467
594 557
810 436
622 619
525 531
760 445
587 686
807 456
879 419
700 464
710 433
488 502
817 413
879 426
556 549
530 561
491 493
818 395
487 506
526 515
731 434
789 411
490 506
650 607
665 470
476 500
759 488
583 563
513 527
570 598
799 439
582 538
798 446
539 517
809 438
744 472
436 507
748 421
581 620
827 411
584 681
820 444
808 425
832 415
766 473
822 394
874 390
581 562
708 473
775 464
826 443
422 517
872 427
806 435
619 628
496 469
728 458
473 527
573 549
646 618
743 481
748 469
682 514
441 525
598 662
646 605
581 604
533 502
839 425
738 425
816 440
756 456
410 537
579 520
874 421
598 660
581 609
508 507
473 517
577 624
448 495
558 571
820 400
723 433
618 618
429 529
742 454
558 575
760 424
455 524
484 476
872 369
536 527
462 527
592 499
439 497
552 515
819 412
576 604
441 502
502 466
795 445
592 510
779 464
819 442
482 514
713 482
826 405
713 458
577 612
800 449
784 476
584 551
439 504
562 582
436 504
712 465
579 615
494 486
513 590
451 522
858 408
839 418
884 401
488 481
788 460
532 508
581 679
528 510
849 421
831 445
583 565
582 624
575 634
773 462
538 536
872 426
707 477
572 520
748 460
597 659
540 499
880 414
519 514
752 473
517 528
568 545
581 621
597 649
757 442
576 580
501 510
721 435
439 523
519 471
807 430
877 424
874 435
585 661
829 396
594 506
445 542
545 505
485 505
724 436
531 510
567 587
544 579
553 580
584 641
750 460
713 456
869 417
572 581
447 529
787 468
457 515
734 414
568 582
541 548
886 422
880 404
716 479
860 403
584 535
444 540
728 464
789 458
473 524
511 459
876 438
470 528
851 410
797 432
796 433
592 503
515 526
594 551
817 420
563 589
434 531
537 525
742 475
581 537
597 662
576 558
875 373
747 461
599 646
584 661
418 536
535 561
454 524
833 414
450 520
801 400
574 586
542 544
808 398
576 620
874 431
877 382
837 418
809 437
813 393
773 463
802 459
599 644
783 479
582 674
504 487
418 520
841 380
498 504
616 620
439 525
594 665
539 520
872 414
554 579
739 424
538 517
529 482
539 548
425 533
544 570
525 560
753 438
512 590
505 504
785 471
747 424
507 538
802 421
716 464
598 650
868 376
569 580
821 406
765 467
803 448
741 441
739 430
750 451
608 598
588 619
538 499
574 606
419 536
792 474
534 503
430 513
564 542
584 589
882 425
523 511
420 514
845 387
790 413
705 424
765 440
703 461
534 533
814 395
502 473
528 561
691 483
524 553
421 533
846 403
840 420
539 502
550 549
434 511
734 415
497 486
556 548
826 407
808 395
537 522
489 510
589 647
522 473
460 526
762 473
504 519
427 507
527 512
766 472
547 570
861 411
794 434
868 372
627 781
578 684
709 460
572 551
759 423
871 388
427 517
857 407
767 443
765 474
824 390
741 450
551 571
725 432
491 510
589 520
735 419
716 466
644 607
581 578
801 449
582 565
812 392
806 422
776 466
519 551
851 391
886 425
585 547
731 431
878 417
740 451
477 503
755 454
723 461
590 561
517 510
595 559
833 440
848 411
503 486
881 397
473 525
569 518
517 500
579 564
801 443
640 618
772 466
482 516
570 545
455 528
505 501
495 500
433 518
864 412
830 407
877 417
445 536
794 402
415 535
484 501
806 460
590 554
831 415
521 530
534 507
458 516
781 472
535 526
805 423
566 738
821 446
880 430
847 397
880 381
504 521
827 391
847 386
826 390
576 522
845 393
504 488
546 575
581 625
502 494
577 557
483 512
434 534
533 482
803 425
543 548
538 528
603 561
490 502
532 485
596 651
748 424
562 571
751 471
628 612
756 454
449 540
507 504
871 381
578 607
860 390
733 439
533 499
842 422
502 486
504 524
542 570
745 478
413 544
612 598
720 466
784 475
841 441
856 390
580 609
487 476
704 478
737 433
546 576
435 510
484 505
744 475
526 526
755 446
763 445
875 380
539 540
572 583
771 473
578 587
489 501
539 508
543 518
675 494
571 600
519 538
601 595
517 502
710 481
569 543
846 384
847 415
792 435
866 392
588 536
498 513
793 407
559 515
757 461
728 455
414 547
594 566
435 528
505 509
703 478
873 433
616 619
513 509
486 472
569 546
776 475
879 381
699 479
531 499
584 659
820 405
424 513
866 412
491 483
747 462
486 504
573 602
841 426
802 423
623 605
434 507
493 483
541 529
754 459
585 540
576 619
799 461
508 467
802 403
646 617
600 558
810 435
867 384
451 518
742 447
513 505
547 547
625 616
589 607
634 614
539 521
738 418
538 525
501 504
543 547
531 516
749 451
599 510
544 505
567 578
845 417
754 442
596 503
809 441
769 442
569 583
700 463
495 498
594 667
577 606
434 532
753 441
831 440
803 429
468 524
806 463
873 398
424 528
503 501
756 424
529 544
490 477
729 430
595 666
465 517
643 612
821 391
497 504
723 469
798 434
590 660
729 482
866 385
591 560
478 501
682 513
810 398
795 457
824 388
702 477
566 514
575 549
849 385
589 566
446 540
487 500
453 531
447 528
743 448
497 470
836 417
726 462
831 395
754 473
523 517
811 398
494 485
508 504
767 444
524 540
781 469
818 404
521 543
800 464
529 500
676 524
580 640
784 458
523 512
805 427
565 575
880 419
600 596
889 427
793 455
872 438
479 496
480 501
781 471
744 479
577 519
755 445
766 442
529 508
586 645
599 595
723 466
696 475
709 474
840 418
489 509
865 412
812 402
769 470
422 513
785 462
562 589
554 550
496 501
850 411
809 402
792 400
757 447
805 404
522 513
443 539
585 536
540 532
541 533
489 470
827 412
779 482
839 426
441 499
477 517
553 578
484 511
497 512
789 408
644 609
827 447
561 587
843 419
648 606
726 456
512 466
485 485
443 534
581 577
787 413
585 554
798 402
842 424
833 413
872 391
718 435
805 428
696 473
518 538
718 468
695 475
517 504
830 403
711 435
421 536
886 428
593 552
438 504
552 572
601 667
831 411
596 555
424 534
818 413
881 419
858 406
549 552
775 468
556 515
589 663
841 444
581 626
781 477
804 454
540 538
491 480
708 464
852 391
851 405
585 660
804 424
533 561
504 472
542 530
574 609
879 413
807 432
431 511
799 402
642 617
419 544
709 465
593 661
509 536
682 516
621 603
711 474
528 503
793 471
594 548
515 528
596 660
738 451
510 534
699 461
733 483
872 370
578 586
585 545
530 496
841 385
505 510
887 423
728 466
874 393
869 390
586 662
610 597
817 437
751 450
740 478
785 404
792 471
760 488
851 408
581 606
516 536
751 420
734 439
839 417
601 559
875 378
591 571
592 571
592 570
593 570
594 570
595 570
595 571
596 571
595 572
597 571
596 572
598 571
598 572
599 572
600 572
599 573
601 572
449 528
600 571
599 574
602 572
601 573
600 574
600 570
599 575
599 570
600 569
598 575
599 576
601 569
600 568
597 575
602 569
599 568
597 576
603 569
602 570
596 576
597 577
604 569
596 577
598 577
597 578
605 569
595 577
597 579
606 569
605 568
595 578
598 579
607 569
605 567
598 580
607 570
606 567
605 566
598 581
608 570
607 567
605 565
599 581
598 582
609 570
736 417
605 564
600 581
597 582
609 569
605 563
600 582
596 582
609 568
604 563
605 562
595 582
596 583
876 390
605 561
595 583
595 581
596 584
604 561
605 560
595 584
695 472
604 560
606 560
605 559
595 585
607 560
605 558
595 586
608 560
596 586
594 586
480 527
608 561
594 587
609 561
594 588
610 561
609 562
594 589
610 562
610 560
595 589
594 590
610 559
595 590
611 559
595 591
612 559
596 591
613 559
597 591
614 559
613 560
823 402
494 628
597 590
615 559
561 743
597 589
616 559
517 592
597 588
617 559
515 593
598 588
618 559
563 751
619 559
618 560
618 558
565 755
619 558
618 561
564 743
517 593
620 558
619 561
617 561
618 562
516 593
517 594
621 558
620 561
619 562
617 562
618 563
562 751
565 756
564 744
621 557
621 561
620 560
617 563
516 594
517 595
561 751
622 557
621 556
616 563
564 745
623 557
622 556
620 556
615 563
616 564
514 596
623 556
619 556
615 562
616 565
560 751
624 556
619 555
614 562
616 566
561 752
625 556
624 555
618 555
619 554
616 567
516 595
429 538
625 555
617 555
619 553
617 567
515 596
430 537
626 555
617 554
620 553
617 568
559 751
429 537
626 554
616 554
560 750
561 753
428 537
627 554
616 553
516 596
516 597
427 536
628 554
627 553
698 536
428 536
627 552
558 751
428 535
627 551
560 749
428 534
760 422
628 551
626 551
627 550
562 753
836 441
821 407
836 444
627 549
561 754
578 686
835 444
821 404
536 534
824 406
628 549
627 548
670 523
578 685
840 443
840 444
666 471
666 469
628 548
626 548
690 537
557 751
577 682
648 640
648 635
629 548
625 548
626 547
560 748
683 475
669 475
667 477
630 548
624 548
625 547
626 546
698 535
668 470
648 639
648 636
672 522
557 750
648 638
684 475
669 474
671 523
691 537
698 534
669 470
647 637
648 637
557 749
672 523
692 537
697 532
649 637
685 475
698 533
673 523
692 536
670 474
669 471
650 637
651 637
697 533
696 536
673 524
651 636
685 476
679 522
693 536
696 533
685 474
651 635
696 535
674 524
652 635
652 634
679 523
693 535
653 633
685 477
696 534
685 473
652 633
653 632
675 524
679 524
652 632
651 631
655 626
653 631
694 535
695 534
686 477
686 473
679 525
694 534
652 631
652 630
656 626
676 525
678 525
652 629
686 478
674 527
674 537
673 536
687 473
686 472
694 533
650 598
651 597
652 628
654 626
677 525
676 528
687 478
686 479
650 597
675 527
680 526
652 627
653 626
674 536
694 532
649 597
651 627
687 479
677 526
676 527
680 527
686 480
687 471
848 397
674 533
685 471
686 470
652 626
674 535
648 597
648 623
651 624
687 480
686 481
694 531
688 471
684 471
651 626
677 527
680 528
647 597
649 595
642 590
643 591
687 481
688 470
681 529
684 470
649 623
650 624
651 625
647 596
648 595
642 591
674 534
693 531
687 482
689 470
688 469
639 594
649 624
650 625
678 527
680 529
675 534
647 595
642 592
641 593
688 482
687 483
690 470
688 468
692 531
679 529
676 530
640 594
647 594
642 593
641 594
649 626
689 482
676 534
692 532
691 470
690 471
687 468
646 594
683 536
678 529
677 530
642 594
646 628
690 482
677 534
691 532
682 536
692 470
690 472
686 468
678 530
691 533
691 535
681 536
648 626
645 594
678 531
678 533
677 532
691 534
642 595
646 627
681 535
679 533
678 532
690 534
691 482
690 483
692 469
681 534
679 532
689 534
681 533
680 532
689 472
690 473
688 534
681 532
687 534
647 626
644 594
643 595
641 597
688 533
682 532
687 533
682 531
686 533
683 531
692 482
690 484
692 468
686 532
684 531
683 530
686 531
684 530
689 473
690 474
646 626
644 595
686 530
687 529
684 529
686 529
642 597
646 625
644 596
693 524
685 529
683 527
692 522
692 483
692 481
693 468
689 474
693 523
685 528
684 527
686 527
690 475
642 598
645 625
644 597
691 522
685 527
690 524
691 523
643 598
693 483
692 480
694 468
685 526
685 525
690 523
689 523
693 467
645 624
646 623
644 598
645 599
685 524
688 523
685 523
692 479
695 468
693 466
651 611
645 623
644 599
650 611
687 523
686 523
688 521
693 479
692 478
696 468
695 469
695 467
692 466
693 465
644 623
686 522
687 521
686 521
644 600
651 609
697 468
696 469
695 470
694 465
643 623
640 620
685 521
684 521
684 520
644 601
650 609
651 608
643 622
641 620
697 469
684 519
686 517
679 518
678 517
683 519
697 467
695 471
645 601
650 608
651 607
643 621
801 440
685 517
679 517
683 518
684 517
680 517
683 517
681 517
642 620
697 470
697 466
696 471
625 557
625 558
626 558
626 559
626 560
627 560
628 560
629 560
628 561
630 560
629 561
628 562
631 560
630 561
627 562
631 561
631 559
543 509
627 563
632 559
627 564
633 559
632 558
626 564
634 559
633 558
625 564
635 559
633 557
625 565
636 559
635 560
624 565
636 558
635 561
637 558
636 557
636 561
635 562
636 556
634 562
637 556
634 563
637 555
634 564
638 555
633 564
638 554
632 564
633 565
639 554
632 565
632 563
633 566
640 554
634 566
641 554
640 553
634 567
641 553
634 568
642 553
634 569
643 553
642 552
635 569
634 570
644 553
636 569
634 571
645 553
633 571
645 554
645 552
632 571
645 551
631 571
646 551
644 551
630 571
647 551
643 551
629 571
630 572
630 570
647 550
628 571
630 573
648 550
647 549
627 571
628 570
631 573
630 574
649 550
647 548
626 571
627 572
628 569
632 573
629 574
649 549
625 571
627 569
628 568
632 574
629 575
650 549
625 572
625 570
629 568
628 567
633 574
628 575
651 549
624 572
624 570
630 568
628 566
634 574
628 576
652 549
627 566
627 576
628 577
652 550
626 576
629 577
653 550
625 576
630 577
654 550
630 576
654 549
631 576
655 549
654 548
632 576
654 547
632 577
655 547
653 547
654 546
633 577
655 546
653 546
633 578
656 546
655 545
653 545
633 579
657 546
656 545
633 580
658 546
656 544
632 580
633 581
658 547
658 545
656 543
632 581
658 548
656 542
631 581
632 582
659 548
658 549
656 541
630 581
632 583
658 550
657 541
655 541
656 540
629 581
633 583
631 583
659 550
657 550
654 541
656 539
628 581
634 583
633 584
631 584
659 551
654 542
657 539
627 581
628 580
635 583
634 584
634 582
660 551
654 543
658 539
657 538
626 581
627 582
661 551
654 544
658 538
657 537
625 581
626 582
661 552
659 538
656 537
657 536
624 581
661 553
655 537
658 536
657 535
623 581
624 580
660 553
661 554
658 535
624 579
659 553
661 555
659 535
623 579
624 578
661 556
659 534
622 579
660 534
659 533
621 579
661 534
659 532
620 579
621 580
662 534
661 535
658 532
620 578
621 581
658 531
620 577
620 581
621 582
657 531
658 530
659 530
659 529
540 698
659 528
692 842
658 528
657 528
657 527
657 526
658 526
657 525
659 526
657 524
659 525
656 524
657 523
660 525
655 524
657 522
661 525
654 524
656 522
657 521
662 525
661 524
654 525
656 521
657 520
662 524
661 523
656 520
658 520
655 520
656 519
659 520
658 519
654 520
656 518
660 520
659 519
653 520
656 517
660 521
656 516
661 521
657 516
655 516
662 521
657 515
654 516
655 515
663 521
662 520
657 514
654 515
663 522
657 513
653 515
654 514
664 522
663 523
656 513
657 512
652 515
665 522
655 513
657 511
652 514
665 521
655 512
656 511
657 510
651 514
652 513
665 520
656 510
650 514
656 509
649 514
650 513
656 508
648 514
649 513
657 508
649 512
658 508
649 511
659 508
650 511
648 511
660 508
659 507
651 511
650 510
647 511
660 509
660 507
659 506
652 511
651 512
650 509
661 509
660 506
652 510
651 509
649 509
650 508
661 510
660 505
651 508
650 507
662 510
661 505
652 508
649 507
662 505
652 507
649 506
663 505
653 507
652 506
649 505
664 505
663 506
663 504
653 506
650 505
648 505
663 503
862 403
650 504
648 504
664 503
663 502
651 504
647 504
648 503
665 503
664 502
662 502
652 504
648 502
664 501
662 501
652 503
647 502
665 501
662 500
653 503
646 502
666 501
661 500
654 503
653 502
646 503
646 501
667 501
660 500
655 503
653 501
645 503
645 501
667 502
656 503
654 501
644 503
645 504
645 500
668 502
656 502
654 500
643 503
644 504
645 505
644 500
645 499
669 502
657 502
656 501
642 503
670 502
669 503
669 501
658 502
657 501
656 500
642 502
669 504
669 500
657 500
641 502
670 504
668 504
670 500
669 499
657 499
640 502
641 501
671 504
667 504
668 505
671 500
668 499
669 498
658 499
657 498
639 502
640 503
640 501
672 504
671 505
671 499
669 497
659 499
657 497
638 502
639 501
671 506
668 497
669 496
658 497
637 502
638 501
672 506
667 497
659 497
636 502
672 507
660 497
659 496
636 503
636 501
673 507
661 497
659 495
635 503
635 501
636 500
674 507
662 497
661 498
660 495
659 494
634 503
674 506
662 498
659 493
633 503
634 504
675 506
659 492
632 503
633 504
634 505
676 506
660 492
659 491
632 502
633 505
635 505
634 506
677 506
676 505
658 491
659 490
678 506
677 507
677 505
676 504
657 491
659 489
679 506
677 508
675 504
676 503
656 491
660 489
658 489
680 506
679 507
676 508
674 504
675 503
677 503
656 492
661 489
660 488
657 489
681 506
680 507
679 508
676 509
677 502
883 422
656 493
662 489
682 506
680 508
679 509
675 509
676 510
678 502
654 492
655 493
656 494
663 489
683 506
682 505
678 509
679 510
675 510
653 492
654 493
656 495
664 489
684 506
679 511
675 511
653 493
654 494
656 496
665 489
664 490
684 505
678 511
679 512
674 511
653 494
655 496
666 489
684 504
680 512
673 511
674 512
652 494
667 489
684 503
681 512
672 511
674 513
652 495
668 489
667 488
685 503
682 512
681 511
672 510
675 513
651 495
669 489
668 490
667 487
686 503
503 631
650 495
670 489
667 486
686 504
686 502
657 642
650 494
671 489
670 490
667 485
687 504
686 505
686 501
657 643
657 644
650 493
671 488
670 491
668 485
666 485
667 484
686 506
687 501
685 501
686 500
655 643
655 644
655 645
672 488
671 487
670 492
668 484
666 484
667 483
686 507
688 501
686 499
654 645
625 577
673 488
670 487
667 482
686 508
688 502
688 500
686 498
599 592
597 592
673 489
673 487
666 482
685 508
686 509
689 500
685 498
686 497
658 642
657 641
661 641
673 490
673 486
665 482
684 508
685 509
686 510
684 498
686 496
659 642
658 641
661 640
674 490
673 491
674 486
673 485
664 482
665 481
684 509
685 510
687 510
683 498
684 499
684 497
686 495
659 641
660 640
659 640
660 639
501 495
675 486
663 482
665 480
685 511
688 510
683 497
684 500
685 495
659 639
692 544
693 544
675 485
660 550
666 480
664 480
665 479
685 494
658 639
692 543
676 485
675 484
663 480
664 479
684 494
659 638
693 543
677 485
674 484
663 479
664 478
658 638
701 539
677 484
674 483
663 478
664 477
657 638
656 638
693 542
677 483
662 478
655 638
654 638
701 538
693 541
678 483
662 477
654 639
647 649
699 539
679 483
678 482
662 476
653 639
648 649
698 538
700 538
679 484
678 481
663 476
661 476
662 475
652 639
648 648
680 484
677 481
678 480
660 476
662 474
651 639
648 647
681 484
679 480
678 479
659 476
663 474
649 646
644 643
651 640
682 484
681 485
681 483
680 480
678 478
658 476
663 473
648 646
645 643
651 641
648 645
647 644
682 485
681 486
681 482
681 480
679 478
664 473
663 472
646 641
646 643
650 641
648 644
683 485
682 486
681 479
679 477
665 473
663 471
646 642
650 642
646 633
684 485
683 486
682 487
682 479
680 477
666 473
663 470
648 643
647 642
649 642
684 484
683 487
680 476
666 474
664 470
646 634
648 642
646 635
532 571
533 571
532 572
532 573
533 573
532 574
532 575
531 575
532 576
530 575
532 577
532 578
532 579
533 579
531 579
534 579
530 579
535 579
530 580
536 579
535 580
529 580
536 578
528 580
529 581
537 578
536 577
528 579
529 582
536 576
528 578
530 582
529 583
537 576
528 583
538 576
527 583
526 583
527 582
525 583
526 582
527 581
524 583
525 584
525 582
523 583
524 582
523 584
523 582
523 585
522 582
523 581
523 586
521 582
524 586
522 586
521 581
524 587
522 587
521 580
524 588
521 587
522 588
522 580
520 580
525 588
523 588
520 587
522 589
519 580
526 588
520 586
521 589
522 590
518 580
519 581
526 589
521 590
517 580
518 579
519 582
526 590
521 591
516 580
526 591
521 592
516 581
527 591
526 592
521 593
515 581
528 591
527 592
525 592
522 593
521 594
514 581
515 582
529 591
522 594
514 580
530 591
522 595
514 579
531 591
530 592
522 596
514 578
532 591
531 590
530 593
523 596
522 597
514 577
533 591
529 593
523 597
521 597
522 598
514 576
534 591
524 597
520 597
522 599
515 576
514 575
525 597
524 598
521 599
516 576
526 597
520 599
516 575
526 598
519 599
516 574
527 598
518 599
517 574
515 574
528 598
527 599
518 600
518 598
518 574
528 597
517 600
518 601
517 598
518 573
528 596
516 600
518 602
517 597
519 573
529 596
527 596
528 595
515 600
518 603
534 496
520 573
529 595
528 594
514 600
519 603
517 603
744 438
521 573
520 574
520 572
527 594
513 600
519 604
517 604
745 437
743 438
520 575
512 600
513 601
520 604
519 605
517 605
744 437
743 437
742 437
521 575
520 576
511 600
513 602
521 604
516 605
741 437
741 436
521 576
519 576
520 577
510 600
511 601
515 605
673 493
674 492
520 578
509 600
511 602
515 606
515 604
673 492
671 520
521 578
509 599
510 602
511 603
514 606
515 603
668 525
692 541
690 541
699 538
509 598
515 602
670 520
671 521
669 525
510 598
509 597
691 541
690 540
699 537
510 597
509 596
670 521
670 525
669 524
509 595
691 540
699 536
670 522
509 594
670 524
669 523
508 594
509 593
691 539
689 537
507 594
507 595
506 595
505 595
504 595
503 595
502 595
501 595
501 596
501 594
501 597
500 594
500 597
499 594
499 597
499 593
498 597
499 592
497 597
499 591
496 597
497 596
500 591
498 591
495 597
496 598
496 599
495 599
496 600
494 599
496 601
497 601
495 601
497 602
495 602
495 603
494 603
494 604
493 604
492 604
493 605
492 605
492 606
491 606
490 606
489 606
490 607
488 606
489 605
490 608
489 604
489 608
490 609
490 604
488 604
488 608
491 609
487 604
488 603
491 610
487 605
492 610
486 605
493 610
485 605
486 606
493 611
493 609
485 604
486 607
493 612
494 609
484 604
485 603
494 612
492 612
495 609
483 604
485 602
495 612
491 612
495 608
482 604
485 601
495 613
495 611
490 612
495 607
482 605
486 601
485 600
495 614
489 612
496 607
494 607
487 601
484 600
495 615
489 613
489 611
497 607
487 602
487 600
483 600
484 599
496 615
495 616
489 614
488 611
498 607
497 608
487 599
483 599
484 598
496 616
494 616
495 617
490 614
488 614
488 610
499 607
498 608
498 606
486 599
487 598
482 599
484 597
495 618
490 615
487 610
500 607
499 608
498 609
498 605
481 599
484 596
496 618
491 615
490 616
501 607
500 606
498 610
499 605
481 600
481 598
496 619
490 617
502 607
501 608
481 597
497 619
496 620
490 618
503 607
502 608
481 596
498 619
491 618
504 607
503 608
502 609
480 596
498 620
498 618
505 607
479 596
498 621
498 617
506 607
505 606
478 596
479 597
479 595
499 621
498 622
499 617
498 616
506 608
506 606
505 605
477 596
479 598
479 594
500 621
499 622
498 623
500 617
498 615
507 608
506 605
505 604
476 596
478 598
478 594
479 593
501 621
499 623
497 623
501 617
508 608
506 604
475 596
479 592
502 621
499 624
502 617
507 604
474 596
475 597
475 595
478 592
479 591
503 621
502 622
502 620
503 617
473 596
474 597
475 598
477 592
504 621
503 620
502 623
504 617
472 596
474 598
476 598
504 620
503 623
504 616
473 598
476 599
503 624
505 616
472 598
477 599
476 600
503 625
505 615
471 598
476 601
503 626
506 615
470 598
475 601
504 626
507 615
469 598
470 599
475 602
505 626
508 615
507 614
468 598
470 600
474 602
506 626
505 627
505 625
509 615
508 616
507 613
468 597
471 600
469 600
470 601
506 627
506 625
510 615
509 616
509 614
468 596
469 601
507 627
506 628
509 617
509 613
469 596
467 596
469 602
508 627
506 629
509 618
510 613
470 596
469 595
466 596
468 602
469 603
509 627
508 628
505 629
508 618
469 594
465 596
466 595
469 604
510 627
504 629
507 618
469 593
465 597
465 595
469 605
511 627
510 628
510 626
503 629
504 630
507 619
469 592
464 597
465 598
464 595
468 605
469 606
512 627
510 629
502 629
503 628
504 631
507 620
470 592
468 592
469 591
463 597
466 598
464 594
468 606
513 627
512 626
501 629
468 591
462 597
463 598
466 599
464 593
468 607
513 628
512 625
501 630
501 628
467 591
468 590
461 597
462 596
467 599
466 600
464 592
468 608
514 628
513 625
512 624
500 630
500 628
460 597
461 598
467 600
465 600
464 591
469 608
467 608
515 628
514 629
514 625
513 624
500 631
499 628
460 596
465 591
464 590
470 608
466 608
467 609
515 629
514 630
514 626
514 624
500 632
498 628
459 596
464 589
471 608
470 609
465 608
515 630
514 631
515 626
514 623
501 632
499 632
497 628
458 596
471 607
470 610
465 607
514 632
515 623
501 633
499 633
496 628
497 629
497 627
457 596
472 607
471 606
470 611
464 607
465 606
514 633
516 623
498 633
497 630
457 597
469 611
470 612
463 607
464 606
497 633
498 634
498 630
496 630
456 597
470 613
463 608
464 605
497 632
498 635
495 630
455 597
471 613
463 605
499 635
498 636
494 630
495 629
455 598
455 596
471 614
463 604
498 637
494 631
494 629
455 599
454 596
472 614
471 615
463 603
499 637
497 637
494 632
493 629
456 599
453 596
471 616
462 603
497 638
492 629
452 596
471 617
461 603
497 639
491 629
470 617
461 604
461 602
497 640
490 629
491 628
469 617
470 618
461 605
497 641
489 629
491 627
469 618
496 641
497 642
489 628
492 627
468 618
496 642
498 642
468 619
495 642
498 643
468 620
495 643
499 643
467 620
494 643
495 644
499 644
466 620
494 644
495 645
500 644
465 620
466 621
493 644
496 645
501 644
500 645
464 620
465 621
466 622
492 644
493 645
501 645
501 643
463 620
464 619
467 622
466 623
491 644
492 645
501 646
501 642
462 620
467 623
466 624
491 643
492 646
502 642
500 642
462 621
462 619
466 625
492 647
503 642
462 618
467 625
466 626
493 647
492 648
503 643
462 617
468 625
492 649
504 643
461 617
469 625
492 650
504 644
460 617
461 616
470 625
491 650
505 644
460 618
461 615
471 625
491 651
506 644
505 645
460 619
462 615
471 626
471 624
491 652
506 643
505 646
459 619
460 620
463 615
462 614
472 626
472 624
491 653
507 643
506 646
505 647
458 619
459 620
460 621
464 615
462 613
473 626
473 624
472 623
492 653
490 653
491 654
507 642
507 646
457 619
460 622
465 615
462 612
473 627
473 625
493 653
492 654
489 653
507 641
507 647
456 619
459 622
466 615
473 628
474 625
494 653
492 655
488 653
455 619
456 618
467 615
473 629
475 625
495 653
494 654
492 656
467 614
474 629
473 630
475 624
496 653
475 629
474 630
472 630
473 631
476 624
497 653
496 652
475 628
474 631
471 630
477 624
498 653
475 631
471 631
478 624
499 653
476 631
475 632
470 631
499 654
499 652
475 633
469 631
470 632
500 654
499 655
499 651
474 633
469 630
470 633
500 655
499 656
474 634
468 630
501 655
499 657
473 634
467 630
500 657
498 657
499 658
473 635
466 630
467 629
501 657
498 658
502 657
498 659
503 657
497 659
504 657
503 658
496 659
497 660
503 659
496 660
497 661
503 660
495 660
496 661
504 660
494 660
496 662
504 661
494 659
495 662
496 663
504 662
496 664
505 662
503 662
504 663
495 664
496 665
506 662
505 663
502 662
494 664
496 666
507 662
506 663
493 664
494 665
497 666
507 663
506 664
492 664
493 665
493 663
498 666
508 663
506 665
492 665
492 663
493 666
499 666
509 663
505 665
506 666
491 665
491 663
493 667
510 663
504 665
505 666
506 667
492 667
511 663
510 664
506 668
492 668
510 665
507 668
491 668
508 668
507 669
508 669
509 669
508 670
510 669
509 670
508 671
510 668
508 672
511 668
510 667
507 672
511 667
506 672
507 673
512 667
505 672
507 674
512 666
508 674
507 675
509 674
508 675
509 675
510 675
511 675
511 676
511 674
512 674
513 674
514 674
515 674
515 675
515 673
515 676
516 673
515 677
517 673
516 672
516 677
515 678
518 673
517 674
517 677
514 678
519 673
518 677
517 678
513 678
520 673
519 672
517 679
512 678
513 679
520 674
520 672
519 671
511 678
520 675
519 670
510 678
520 676
519 669
510 677
521 676
520 677
518 669
509 677
522 676
521 677
518 668
508 677
523 676
521 678
517 668
507 677
524 676
523 675
522 678
517 667
507 678
524 677
523 678
522 679
516 667
517 666
525 677
522 680
517 665
526 677
517 664
527 677
526 678
516 664
517 663
526 679
517 662
526 680
517 661
527 680
518 661
517 660
528 680
529 680
529 679
529 678
529 677
530 677
529 676
531 677
532 677
533 677
533 678
533 676
533 679
534 676
533 680
534 675
534 680
533 681
534 674
534 681
532 681
533 682
535 674
533 683
536 674
535 673
534 683
537 674
536 673
538 674
537 675
539 674
538 673
537 676
539 673
538 672
538 676
537 677
538 671
538 677
536 677
539 671
537 671
538 678
535 677
540 671
539 670
537 670
539 678
538 679
541 671
540 672
540 670
537 669
538 680
542 671
541 672
538 669
536 669
537 668
538 681
543 671
535 669
536 668
537 681
538 682
544 671
534 669
538 683
545 671
533 669
539 683
537 683
538 684
546 671
539 684
538 685
538 686
537 686
538 687
539 687
540 687
539 688
541 687
540 686
539 689
542 687
541 688
540 689
539 690
539 691
539 692
538 692
539 693
537 692
538 693
539 694
539 695
540 695
538 695
539 696
538 696
539 697
537 696
539 698
536 696
537 697
539 699
535 696
540 699
538 699
539 700
534 696
541 699
539 701
534 695
542 699
538 701
534 694
543 699
542 700
542 698
533 694
544 699
542 701
542 697
532 694
544 700
543 701
541 701
543 697
532 695
532 693
544 701
541 702
543 696
531 695
532 696
563 591
545 701
541 703
544 696
532 697
546 701
541 704
531 697
532 698
547 701
541 705
530 697
533 698
548 701
540 705
541 706
529 697
533 699
548 702
548 700
539 705
541 707
528 697
549 702
548 699
539 704
541 708
528 698
528 696
549 699
547 699
540 708
527 698
528 695
550 699
549 698
539 708
540 709
528 694
550 700
549 697
539 709
539 707
540 710
551 700
549 696
538 707
541 710
537 707
541 711
542 711
541 712
542 712
540 712
541 713
543 712
542 713
544 712
542 714
543 714
544 714
543 715
545 714
543 716
545 715
542 716
543 717
546 715
541 716
547 715
540 716
541 717
541 715
548 715
548 716
548 717
549 717
548 718
549 718
547 718
549 719
547 719
546 719
547 720
546 720
546 721
545 721
546 722
544 721
764 490
547 722
544 722
547 723
548 723
547 724
549 723
547 725
550 723
549 724
548 725
546 725
551 723
550 722
549 725
545 725
551 722
550 721
552 722
553 722
552 721
554 722
553 723
553 721
552 720
554 723
553 720
554 724
554 720
553 719
555 724
556 724
556 723
557 723
556 722
558 723
559 723
558 722
559 724
559 722
558 721
559 725
560 722
559 726
561 722
560 726
558 726
559 727
562 722
561 723
784 415
557 726
563 722
561 724
564 722
565 722
566 722
565 721
566 723
565 720
566 724
566 720
567 724
566 725
568 724
566 726
568 725
568 723
566 727
565 727
566 728
566 729
567 729
565 729
568 729
565 730
569 729
568 730
570 729
569 728
568 731
570 730
570 728
569 727
569 731
568 732
570 727
568 727
569 726
567 732
568 733
571 727
568 734
572 727
569 734
568 735
572 728
572 726
570 734
569 735
692 545
568 736
572 725
570 735
569 736
746 437
568 737
573 725
568 738
573 724
568 739
573 723
567 739
568 740
574 723
573 722
566 739
568 741
573 721
565 739
569 741
572 721
573 720
564 739
569 742
571 721
574 720
564 738
569 743
570 721
575 720
574 719
563 738
564 737
570 743
569 721
570 720
562 738
563 737
571 743
570 719
563 736
572 743
571 744
570 718
563 735
572 742
571 745
571 718
569 718
570 717
562 735
563 734
572 745
570 745
571 746
572 718
568 718
562 734
563 733
465 625
569 745
571 747
572 717
561 734
445 545
570 747
572 716
560 734
597 642
599 642
569 747
573 716
571 716
572 715
560 735
598 642
598 643
569 748
574 716
572 714
560 736
519 589
511 592
569 749
575 716
571 714
561 736
560 737
515 590
519 590
568 749
570 714
561 737
559 737
560 738
511 593
568 750
570 713
560 739
515 591
519 591
568 751
560 740
512 593
567 751
568 752
559 740
560 741
516 591
519 592
567 752
568 753
558 740
561 741
560 742
514 592
566 752
569 753
558 741
562 741
559 742
513 593
565 752
566 753
570 753
569 754
563 741
562 742
517 591
564 752
566 754
570 752
569 755
562 743
518 592
514 593
563 752
564 753
564 751
565 754
571 752
573 745
574 745
574 746
574 744
575 746
575 744
575 747
576 744
575 748
576 745
575 749
576 749
574 749
577 749
578 749
577 748
578 748
578 747
579 747
580 747
579 746
580 748
580 746
581 748
580 749
580 745
582 748
580 744
583 748
584 748
583 747
585 748
584 749
583 746
585 749
584 746
582 746
583 745
586 749
584 745
587 749
585 745
584 744
588 749
587 750
587 748
585 744
588 748
587 751
588 747
586 751
589 747
585 751
590 747
585 752
591 747
590 746
585 753
592 747
591 746
590 745
585 754
593 747
591 745
589 745
586 754
593 748
593 746
589 744
587 754
594 748
593 745
587 755
595 748
594 749
593 744
587 756
595 747
593 743
588 756
587 757
593 742
588 757
587 758
594 742
592 742
587 759
595 742
594 741
586 759
587 760
596 742
595 743
594 740
585 759
586 760
587 761
597 742
593 740
585 758
586 761
588 761
587 762
598 742
597 743
593 739
584 758
589 761
587 763
598 743
597 744
593 738
583 758
588 763
587 764
592 738
582 758
588 764
586 764
592 737
581 758
589 764
588 765
585 764
592 736
580 758
581 757
588 766
585 763
593 736
580 759
581 756
589 766
588 767
584 763
593 735
580 756
590 766
583 763
594 735
593 734
580 755
591 766
583 764
583 762
593 733
579 755
580 754
592 766
591 765
583 765
583 761
592 733
593 732
580 753
593 766
592 767
582 765
584 761
582 761
594 732
594 766
593 767
592 768
581 765
595 732
592 769
580 765
596 732
593 769
591 769
579 765
597 732
596 731
594 769
590 769
578 765
579 766
598 732
594 770
594 768
589 769
578 764
599 732
594 771
595 768
589 770
578 763
600 732
595 771
594 772
596 768
588 770
577 763
601 732
600 731
595 772
593 772
597 768
596 769
588 771
576 763
602 732
600 730
596 772
598 768
587 771
588 772
575 763
576 764
602 733
601 730
600 729
598 767
586 771
588 773
575 764
576 765
602 734
602 730
601 729
598 766
585 771
586 770
589 773
574 764
603 734
601 734
602 735
602 729
601 728
598 765
584 771
590 773
573 764
574 765
604 734
600 734
601 727
599 765
598 764
584 770
590 774
573 765
573 763
604 735
604 733
600 727
600 765
599 764
591 774
572 763
604 736
599 727
601 765
600 764
604 737
599 726
601 766
600 763
604 738
599 725
602 766
601 763
600 725
598 725
599 724
602 767
602 763
598 724
599 723
603 767
602 764
602 762
598 723
600 723
604 767
603 764
603 762
602 761
600 722
605 767
604 768
604 766
604 762
603 761
601 761
601 722
605 768
605 766
604 769
605 762
603 760
600 761
602 722
601 721
605 765
605 761
604 760
600 760
602 723
606 765
600 759
603 723
607 765
601 759
604 723
607 764
605 723
608 764
606 723
605 722
608 763
607 723
605 721
609 763
607 722
605 720
610 763
609 762
607 721
605 719
611 763
609 761
612 763
611 762
612 764
611 761
613 764
612 761
614 764
615 764
615 765
615 763
616 765
615 766
617 765
615 767
617 766
617 764
615 768
618 764
615 769
619 764
618 763
616 769
614 769
618 762
617 769
613 769
614 770
619 762
618 769
612 769
613 768
620 762
619 761
619 769
611 769
612 768
621 762
619 760
619 770
610 769
622 762
620 760
619 771
609 769
620 759
620 771
618 771
619 772
609 770
609 768
620 758
621 771
617 771
619 773
609 771
622 771
616 771
610 771
609 772
623 771
622 770
615 771
616 772
609 773
624 771
622 769
616 773
609 774
625 771
624 772
616 774
610 774
608 774
609 775
626 771
625 772
624 773
615 774
616 775
607 774
609 776
626 772
623 773
614 774
616 776
607 773
610 776
609 777
622 773
623 774
613 774
616 777
607 772
611 776
609 778
623 775
612 774
617 777
611 777
622 775
623 776
612 773
612 777
622 776
624 776
612 772
612 778
624 777
612 779
624 778
613 779
611 779
623 778
624 779
614 779
611 780
622 778
624 780
614 780
614 778
625 780
623 780
614 781
622 780
623 781
614 782
621 780
622 781
623 782
613 782
614 783
624 782
615 783
614 784
625 782
615 784
614 785
625 783
616 784
626 783
617 784
627 783
618 784
617 785
617 783
628 783
618 783
617 786
629 783
619 783
618 786
616 786
629 784
629 782
619 786
616 787
630 782
629 781
616 788
631 782
628 781
629 780
615 788
616 789
631 781
630 780
614 788
632 781
630 779
613 788
633 781
630 778
612 788
613 789
633 782
629 778
630 777
611 788
613 790
633 783
631 777
611 789
613 791
634 783
633 784
632 777
610 789
614 791
613 792
635 783
634 784
633 785
633 777
632 776
609 789
614 792
636 783
632 785
633 786
634 777
609 788
615 792
637 783
636 784
636 782
635 777
634 776
609 787
616 792
615 793
638 783
636 777
609 786
616 793
616 791
636 776
610 786
608 786
617 793
617 791
636 775
607 786
618 793
637 775
606 786
607 787
619 793
618 792
605 786
606 785
619 792
604 786
619 791
603 786
604 785
619 790
604 784
620 790
604 783
621 790
622 790
623 790
624 790
625 790
624 791
624 789
624 792
624 788
625 792
623 792
625 788
626 792
622 792
623 793
626 788
627 792
621 792
622 793
626 787
627 793
627 791
622 794
627 787
628 793
627 790
621 794
627 786
628 794
628 790
627 789
621 795
629 794
628 795
628 789
621 796
630 794
627 795
628 796
628 788
622 796
629 788
623 796
623 797
624 797
623 798
625 797
626 797
625 796
627 797
627 798
627 799
628 799
628 800
629 800
628 801
628 802
627 802
626 802
627 803
626 801
627 804
627 805
626 805
627 806
625 805
628 806
624 805
628 807
623 805
629 807
622 805
588 641
623 804
630 807
621 805
622 804
506 618
631 807
630 808
620 805
621 806
630 809
620 806
620 804
621 807
631 809
619 804
621 808
632 809
631 810
619 803
622 808
633 809
631 811
619 802
623 808
633 808
632 811
618 802
619 801
623 809
633 807
633 811
632 812
617 802
619 800
624 809
632 813
616 802
624 810
631 813
632 814
616 803
624 811
630 813
631 814
615 803
629 813
630 812
631 815
614 803
615 804
629 814
629 812
614 804
628 814
629 815
613 804
627 814
629 816
612 804
627 815
630 816
628 816
612 803
626 815
630 817
628 817
612 802
628 818
611 802
612 801
628 819
611 801
612 800
629 819
628 820
610 801
612 799
629 820
627 820
609 801
612 798
630 820
629 821
608 801
611 798
631 820
629 822
607 801
608 800
610 798
611 797
632 820
631 821
629 823
606 801
607 802
609 798
611 796
632 821
631 822
630 823
605 801
607 803
608 798
632 822
630 824
604 801
607 804
607 798
608 797
630 825
608 804
607 805
607 797
631 825
629 825
607 806
606 797
632 825
631 826
629 826
633 825
632 824
634 825
633 824
635 825
635 826
635 827
635 828
635 829
634 829
635 830
633 829
636 830
632 829
637 830
636 831
632 830
638 830
631 830
632 831
639 830
630 830
631 831
632 832
639 831
639 829
629 830
630 829
639 832
640 829
639 828
629 831
629 829
638 832
639 833
641 829
629 832
629 828
637 832
640 833
639 834
630 832
628 832
629 833
628 828
637 833
639 835
627 828
636 833
640 835
639 836
627 829
627 827
635 833
636 834
641 835
639 837
626 827
634 833
635 834
641 834
639 838
626 826
634 832
635 835
638 838
634 835
637 838
638 839
633 835
638 840
632 835
633 836
638 841
631 835
633 837
638 842
631 834
632 837
638 843
630 834
631 837
632 838
639 843
637 843
631 838
640 843
636 843
640 844
640 842
640 845
641 842
640 846
641 841
639 846
640 847
642 841
638 846
639 847
643 841
642 840
637 846
639 848
644 841
638 848
645 841
637 848
638 849
646 841
636 848
637 849
638 850
646 842
646 840
636 847
639 850
646 843
647 840
635 847
640 850
646 844
648 840
647 839
634 847
649 840
647 838
633 847
650 840
646 838
647 837
633 848
633 846
651 840
650 839
645 838
647 836
632 848
632 846
633 845
651 841
651 839
644 838
645 839
647 835
631 848
631 846
632 845
633 844
652 841
651 838
647 834
630 848
630 846
632 844
652 842
652 838
648 834
629 848
653 838
648 833
628 848
654 838
653 839
653 837
627 848
655 838
653 840
627 849
627 847
656 838
655 837
627 850
627 846
655 836
628 850
627 851
628 846
626 846
656 836
629 850
627 852
625 846
657 836
627 853
624 846
625 847
625 845
658 836
626 853
627 854
624 845
625 848
658 837
658 835
625 853
627 855
623 845
624 848
658 838
658 834
624 853
627 856
622 845
623 844
624 849
659 838
657 834
658 833
624 854
627 857
622 846
623 849
659 839
657 833
628 857
621 846
622 847
623 850
659 840
628 858
621 847
622 850
658 840
659 841
628 859
621 850
622 851
660 841
659 842
629 859
627 859
628 860
621 849
622 852
658 842
659 843
630 859
626 859
628 861
620 849
657 842
658 843
660 843
630 860
625 859
628 862
619 849
620 848
656 842
661 843
631 860
629 862
628 863
618 849
656 843
662 843
661 844
632 860
631 861
629 863
627 863
617 849
656 844
663 843
662 842
632 861
631 862
629 864
626 863
627 864
616 849
657 844
656 845
664 843
663 844
662 841
631 863
625 863
626 864
657 845
665 843
662 840
632 863
625 864
665 844
665 842
662 839
633 863
625 865
665 845
633 864
624 865
625 866
666 845
665 846
634 864
623 865
625 867
667 845
665 847
623 866
623 864
624 867
667 844
665 848
668 844
667 843
664 848
665 849
669 844
667 842
663 848
665 850
670 844
667 841
662 848
666 850
664 850
671 844
670 845
667 840
661 848
664 851
672 844
671 843
670 846
668 840
660 848
661 849
663 851
664 852
672 845
672 843
669 846
669 840
659 848
660 849
661 850
663 852
665 852
673 845
672 846
670 840
669 839
662 850
663 853
666 852
665 853
674 845
673 846
671 840
667 852
665 854
673 847
672 840
671 839
667 853
667 851
673 848
673 840
668 853
668 851
674 848
674 840
668 854
669 851
674 849
675 840
674 841
668 855
676 840
675 839
669 855
668 856
676 841
675 838
670 855
669 856
667 856
677 841
676 842
676 838
670 856
678 841
676 843
670 857
678 842
671 857
670 858
679 842
672 857
671 858
679 843
673 857
672 856
680 843
679 844
674 857
681 843
679 845
675 857
682 843
680 845
676 857
675 858
683 843
682 842
681 845
677 857
676 856
675 859
683 844
683 842
682 841
682 845
678 857
676 855
676 859
675 860
684 844
683 841
679 857
677 855
676 860
684 845
683 840
680 857
677 854
684 846
683 839
681 857
680 858
678 854
684 847
683 838
682 857
685 847
683 847
684 838
682 838
683 857
685 838
681 838
682 837
684 857
683 856
685 839
685 837
681 837
684 856
686 839
686 837
685 836
681 836
685 856
686 840
687 837
680 836
685 855
688 837
680 835
688 838
688 836
680 834
688 839
688 835
689 839
689 835
690 839
689 834
691 839
691 840
691 841
692 841
581 647
521 470
