956 260
844 543
959 234
984 329
922 296
846 337
1017 263
1022 384
875 365
909 422
994 267
987 378
1032 397
849 323
973 378
903 320
891 356
909 235
907 406
1020 259
762 540
983 368
1018 374
839 294
1042 406
1020 270
925 407
1021 398
817 508
845 288
849 322
1008 266
962 231
924 413
816 521
941 383
1025 363
900 354
1014 267
882 301
915 331
848 327
916 225
942 359
959 274
887 314
1040 385
848 561
820 546
890 351
966 280
919 410
920 241
941 406
967 322
1018 372
799 567
910 235
993 273
902 324
1021 284
868 367
1018 386
919 387
971 281
863 357
859 561
975 331
813 524
909 300
856 538
968 305
1021 380
971 221
981 277
975 328
1012 267
953 250
857 311
790 555
1046 288
1036 398
981 350
874 293
923 239
969 282
992 272
1023 361
1001 270
917 313
851 326
961 274
1038 398
900 336
942 415
896 305
974 317
1022 259
906 301
935 398
819 452
976 334
955 259
902 299
851 514
985 265
940 270
985 307
941 270
1020 275
992 301
885 318
951 241
932 410
911 310
995 379
976 313
761 540
844 332
955 341
949 243
963 341
1028 397
860 307
850 345
853 350
837 545
853 311
845 316
797 569
1023 396
983 285
1043 289
981 316
852 347
992 268
963 222
988 348
867 435
854 324
951 244
950 331
973 375
997 261
934 383
871 433
1024 382
976 304
976 307
832 528
960 328
1021 256
910 408
946 412
917 234
802 512
935 264
912 259
922 396
922 418
769 558
1017 277
1017 278
990 350
994 351
891 328
949 349
938 414
928 412
902 295
811 496
870 442
993 304
1010 370
1042 284
782 551
929 311
1016 397
992 286
953 331
942 358
822 558
818 570
973 301
977 308
973 322
806 501
848 515
980 286
962 336
945 411
971 218
985 253
897 305
858 311
914 266
919 400
816 520
835 535
865 359
1023 397
1021 370
838 545
970 346
862 559
1032 379
1015 263
863 312
996 372
956 332
994 352
1036 391
928 387
937 383
941 358
850 312
942 410
929 399
934 245
1000 380
824 454
859 432
933 411
825 453
856 311
967 326
898 333
862 443
924 407
912 309
1012 268
934 276
1029 283
1017 261
1023 363
942 373
962 342
862 419
902 330
964 279
876 439
1003 270
1011 274
860 543
979 302
994 349
958 338
914 236
982 245
914 229
901 409
941 415
873 296
972 342
948 250
981 351
858 434
993 305
983 247
781 553
999 258
917 258
893 356
853 551
812 504
885 322
909 408
1020 254
822 553
874 367
903 293
885 312
858 418
867 354
847 544
1042 405
987 294
971 306
855 442
943 369
800 493
978 335
983 248
841 306
945 354
910 338
862 558
863 310
943 331
938 383
863 281
985 251
929 301
973 302
933 273
804 512
918 423
823 518
923 225
987 251
977 324
925 230
864 295
845 314
877 297
1026 287
889 352
952 349
864 290
958 233
978 356
761 539
875 293
941 242
956 342
946 335
934 397
987 367
901 291
941 368
994 303
990 253
1014 384
868 445
937 240
858 282
1019 278
1038 293
985 369
781 548
992 350
939 414
858 544
989 256
882 300
976 355
915 299
867 296
931 303
1019 386
852 345
867 283
885 321
941 412
809 494
990 292
1027 287
992 300
1038 287
971 220
904 339
966 321
983 369
995 303
1008 393
869 370
904 354
822 524
882 469
940 373
988 305
848 325
909 264
932 271
918 238
852 554
901 293
913 237
903 322
996 376
935 271
942 407
862 354
855 351
880 363
943 373
931 399
839 542
921 241
824 513
945 355
914 421
1023 290
986 353
1019 269
901 290
952 242
1027 374
769 542
811 494
1026 383
924 226
911 419
978 369
960 327
1016 388
825 532
909 298
852 313
880 465
944 377
842 289
906 321
899 352
941 239
974 281
802 495
996 264
965 227
972 343
1042 289
828 487
885 317
817 521
1018 263
786 555
1017 268
832 532
930 238
916 248
979 317
839 539
1024 380
955 253
936 243
974 341
991 268
869 368
885 304
909 335
902 294
850 537
940 241
916 274
915 334
921 309
1044 407
837 533
779 556
933 271
977 368
869 441
975 329
891 321
946 238
1021 364
977 373
1036 396
921 232
925 415
944 243
958 258
908 415
1001 384
971 277
854 343
847 346
1030 276
862 421
984 353
919 307
911 253
986 247
823 482
968 308
856 555
937 396
910 257
820 451
910 263
841 334
1032 381
907 235
849 332
889 353
943 408
945 338
1034 380
925 291
910 297
824 564
969 281
977 299
1016 361
949 346
926 413
844 553
872 432
911 308
853 552
942 242
771 548
942 381
956 249
948 334
869 436
806 497
880 466
910 411
1023 398
989 293
902 339
979 373
975 280
861 430
996 393
930 385
976 339
1009 391
950 231
1043 284
897 332
914 413
991 379
924 295
947 358
933 266
900 339
1036 291
947 333
947 356
946 356
934 246
849 514
883 471
1036 381
821 531
913 424
913 425
1025 380
843 536
1023 378
865 433
949 347
908 339
923 413
955 237
1000 259
912 425
1009 373
1030 401
861 557
991 299
898 303
905 349
1045 288
769 543
882 468
842 537
917 231
980 352
865 291
772 552
998 394
911 413
914 427
999 262
786 556
840 555
882 299
1027 394
905 335
853 556
935 389
961 341
873 438
901 346
844 515
828 486
818 521
908 269
822 514
1012 264
839 556
926 304
850 520
959 237
1033 380
942 416
979 341
1020 378
976 378
929 310
813 522
955 331
915 330
868 444
820 511
908 268
984 287
950 259
948 356
972 311
852 311
976 327
973 321
803 508
968 318
946 410
838 555
866 293
1035 391
864 359
858 306
861 426
855 348
826 485
771 544
1020 263
848 323
813 503
873 359
958 341
947 239
950 232
913 269
802 509
918 273
935 276
933 274
923 241
953 273
949 352
920 311
939 239
944 263
974 280
962 345
845 337
853 349
1030 378
963 223
840 297
831 534
869 365
974 338
819 451
911 258
842 331
1004 261
996 392
988 254
866 291
910 335
1044 295
869 360
978 340
1028 373
930 234
976 371
973 319
850 540
1003 266
807 492
870 296
820 521
945 241
851 317
820 512
947 256
804 509
981 297
826 535
802 508
959 239
988 253
867 286
1010 391
799 512
1007 397
909 414
879 301
826 549
924 230
865 280
825 574
987 249
860 281
977 326
1019 263
852 550
827 548
945 412
837 440
951 349
979 277
982 282
1029 279
906 416
923 415
959 330
874 465
933 399
1031 377
949 249
1016 365
870 438
874 360
901 336
955 343
1040 406
790 545
765 548
883 469
917 310
909 420
824 562
1000 254
945 339
846 553
797 566
789 547
981 343
942 241
1038 391
866 359
901 296
966 279
916 230
987 264
990 294
916 311
851 288
901 344
963 342
986 248
912 335
947 329
918 261
956 247
808 503
853 519
859 564
890 310
950 354
896 324
854 327
891 326
777 555
912 301
988 273
893 306
926 309
968 223
837 332
845 554
918 258
955 258
982 353
861 425
962 303
965 219
947 335
981 298
849 341
909 410
949 333
983 337
1013 358
845 319
889 321
917 423
864 436
919 383
856 562
822 531
977 310
844 314
887 307
825 562
842 290
911 414
1024 381
910 413
868 300
840 290
932 265
841 552
823 513
872 360
1007 398
975 324
1001 254
920 409
976 278
917 236
951 267
994 348
1026 391
1019 377
921 312
984 277
1021 399
989 277
894 359
852 514
988 281
955 272
942 269
902 296
1007 259
856 348
1028 376
962 304
816 517
973 339
792 576
846 290
977 286
949 262
1016 384
1000 398
1047 288
969 325
893 305
918 422
1027 288
862 420
847 335
1038 384
871 360
1000 382
845 552
948 231
857 435
920 257
886 306
992 273
970 311
815 524
991 372
997 257
1041 386
930 270
915 325
865 435
852 536
960 343
948 352
849 327
905 345
946 246
1045 410
923 279
850 539
957 232
1044 412
902 346
1034 286
1004 390
874 430
922 226
996 256
932 241
949 245
852 540
924 414
897 356
999 260
1033 395
845 557
918 309
806 503
908 340
846 335
905 352
959 341
766 551
984 328
865 431
981 307
839 540
789 550
875 296
835 533
1015 392
1008 259
1048 289
921 396
801 496
869 369
986 305
823 538
789 556
870 359
969 312
941 380
901 292
1023 282
1022 381
860 351
1004 385
959 236
841 311
923 410
981 308
906 353
862 430
980 319
918 235
921 276
961 329
866 428
805 493
927 234
936 264
970 317
989 278
914 311
984 276
912 419
822 554
822 521
841 307
940 379
1025 381
785 551
939 240
919 247
808 505
956 261
946 369
1050 288
978 354
852 287
865 297
976 303
840 335
958 337
794 559
925 409
845 333
863 303
821 451
922 276
980 298
802 493
1020 269
965 224
842 296
995 373
856 441
967 220
840 516
979 336
966 304
1022 256
916 422
983 353
985 346
941 413
854 341
846 338
957 233
861 282
953 242
909 419
903 339
816 526
767 541
1005 267
947 357
849 334
767 558
964 274
920 261
838 544
987 316
803 514
995 265
860 421
932 272
984 254
934 413
818 504
910 268
839 330
983 328
991 265
1013 391
1024 378
954 331
958 236
863 358
850 287
994 377
986 273
939 244
904 350
840 553
965 228
861 424
964 345
899 405
862 445
799 511
952 343
839 535
808 504
909 299
1008 399
924 401
813 521
984 345
980 337
964 225
963 221
927 414
824 536
913 335
925 293
1015 395
987 337
861 281
1003 381
822 503
992 376
914 264
920 395
927 236
988 275
1016 366
838 314
763 544
971 343
919 243
943 377
1001 260
901 334
902 300
1003 386
886 304
849 343
983 340
904 301
985 349
821 523
937 266
1023 362
850 341
821 553
807 496
928 311
948 349
921 292
871 431
911 412
956 258
924 384
977 376
937 238
1027 373
895 359
1012 266
1040 292
919 388
792 570
819 521
846 324
945 240
1000 394
781 550
865 285
945 267
793 573
959 335
855 550
990 301
860 562
898 305
812 524
770 556
908 405
970 312
949 256
761 538
919 273
911 336
1045 411
839 446
958 248
1004 380
815 522
899 299
1025 280
820 508
1008 271
972 315
899 295
861 443
839 336
890 308
928 287
1042 407
941 329
889 308
848 559
797 570
941 361
929 309
862 305
994 376
921 308
971 325
987 319
866 367
854 540
947 246
956 246
953 269
862 292
866 282
986 334
966 303
841 335
1022 286
846 332
1044 289
914 412
1015 393
774 548
861 308
920 250
1003 388
905 339
941 362
999 377
924 279
826 540
918 256
865 436
870 366
795 568
911 254
859 558
817 571
909 418
967 309
1021 369
1043 391
926 385
836 484
1000 395
942 370
827 546
850 315
918 400
963 343
917 244
987 248
899 406
949 328
916 423
862 431
946 414
864 301
1028 281
871 297
941 240
821 450
838 445
874 432
770 555
793 558
955 243
821 549
890 354
896 359
1018 365
913 325
938 270
1040 384
1040 398
841 554
914 270
956 273
834 532
827 559
851 535
985 294
977 276
931 389
853 535
818 503
959 228
853 282
770 545
826 534
981 331
990 279
987 315
987 368
866 289
820 531
897 298
999 379
806 498
987 371
858 348
1018 274
850 545
871 443
958 335
911 269
866 358
983 341
840 296
788 545
928 303
994 266
845 555
1017 365
764 546
1019 375
1026 382
849 339
934 412
993 302
858 435
904 351
829 550
841 517
948 345
1028 283
987 369
837 483
920 232
969 221
857 350
975 377
1020 364
826 533
981 281
973 374
850 324
1032 399
1028 393
800 510
844 494
984 258
819 524
934 385
853 555
908 336
983 260
1017 275
950 257
986 349
962 230
1035 392
1030 402
977 331
888 309
987 349
913 236
978 373
1025 390
819 512
1035 290
976 372
996 270
958 245
993 377
918 225
960 330
791 573
776 547
956 244
822 517
888 310
978 339
876 295
941 369
1028 392
886 314
871 365
913 263
902 321
846 331
839 332
857 547
1021 255
1029 278
895 298
901 338
982 366
1049 289
915 300
892 304
930 387
853 521
864 297
851 324
922 238
921 417
862 291
863 306
847 348
856 560
868 364
989 266
847 290
891 319
1035 390
984 256
912 331
925 232
986 321
825 484
890 326
989 279
948 263
983 307
822 559
869 439
794 568
792 557
848 556
853 326
908 267
900 333
814 524
920 410
965 275
978 290
796 549
917 400
820 537
781 556
890 352
1023 399
846 326
823 514
950 260
818 533
770 541
844 493
916 265
813 496
846 496
985 339
1042 387
889 314
864 356
851 513
944 369
874 427
832 530
964 222
955 260
853 534
825 486
1003 389
912 413
1015 396
1044 288
822 561
903 316
956 237
888 352
932 301
887 318
972 310
975 362
984 278
849 326
822 515
829 531
875 438
1009 260
862 303
979 342
965 274
955 256
831 533
825 542
951 233
789 559
866 300
914 237
1030 286
981 282
955 241
796 574
1034 397
937 395
997 256
963 305
826 547
924 402
985 368
905 406
1012 374
990 267
989 287
978 331
817 505
1012 359
988 280
989 265
965 273
801 507
904 303
942 243
952 347
987 305
844 315
1026 285
976 309
935 268
932 385
917 223
982 341
846 497
898 306
1025 281
913 419
843 329
923 291
917 399
935 399
799 549
952 345
877 427
858 351
935 265
902 314
934 271
974 375
1015 391
842 294
997 265
997 262
918 396
769 551
915 425
911 411
1014 388
951 350
940 413
943 412
915 269
914 228
947 231
890 327
905 347
806 493
850 317
942 270
979 328
861 313
819 532
845 317
961 342
899 334
977 355
949 260
939 242
857 541
852 324
833 532
842 332
823 561
935 400
818 524
1032 380
978 309
839 311
857 439
855 538
887 317
899 408
948 239
904 294
965 302
868 365
860 563
831 535
863 434
1019 271
948 337
847 328
996 265
986 289
863 355
901 324
893 304
869 281
837 484
841 553
955 332
1041 283
1025 283
867 436
873 425
918 308
988 314
1028 280
1039 387
994 378
858 438
888 318
837 287
983 283
980 290
1000 264
934 395
828 531
957 249
952 233
839 541
855 350
840 336
891 318
911 235
950 349
838 332
905 321
918 386
916 244
992 255
966 309
928 237
807 491
957 332
904 295
850 519
840 298
1008 272
989 377
999 380
869 296
789 546
874 365
844 536
1035 285
943 378
965 278
1036 292
1026 364
867 298
1045 287
1021 254
762 545
826 559
973 280
991 369
886 318
1007 260
858 542
1020 258
881 305
964 229
896 357
985 353
974 299
961 327
930 304
1032 285
825 559
839 297
864 289
950 356
930 271
959 246
914 265
988 302
804 506
916 235
1022 262
1015 276
935 397
1021 365
840 295
987 273
788 550
905 350
943 269
976 301
815 503
869 438
849 563
876 364
986 347
853 536
871 434
981 342
957 334
827 524
899 353
975 320
769 555
885 313
951 269
978 301
918 247
936 415
993 272
911 256
859 353
997 266
948 346
989 347
982 354
860 432
983 277
936 392
930 305
925 224
965 327
870 432
934 389
817 519
973 340
868 293
963 231
865 289
982 287
949 355
851 309
1018 272
1007 271
825 535
878 301
900 294
918 231
920 397
968 309
934 248
908 414
962 343
876 361
980 350
930 311
842 538
976 299
824 453
941 364
959 229
852 340
1003 268
936 380
813 523
901 301
947 331
952 335
915 426
841 539
918 399
850 555
821 512
1003 399
950 230
951 271
802 565
926 234
973 277
848 562
862 290
935 245
882 303
923 396
1047 287
926 291
908 416
953 348
944 359
803 565
1044 284
947 337
915 421
926 293
852 343
977 358
819 520
821 537
997 394
1005 380
824 550
1037 405
972 344
857 348
1009 274
978 360
914 301
944 329
831 483
972 277
932 238
861 306
865 288
921 311
1045 407
904 349
842 335
890 325
904 352
905 301
864 358
914 420
905 353
945 243
893 307
1015 262
863 558
859 437
991 267
913 418
759 540
864 428
991 293
1028 279
775 545
995 372
867 358
919 399
770 546
1016 390
845 538
902 293
974 328
960 270
825 526
977 367
993 271
1020 379
912 324
1037 381
901 303
991 286
941 414
790 574
922 251
982 307
943 381
920 422
1038 405
848 553
987 254
1022 280
853 284
1043 287
993 373
992 299
868 298
949 264
810 494
869 445
988 304
847 347
894 323
942 406
985 295
958 330
943 411
850 326
965 221
900 408
983 305
850 289
807 500
954 343
899 407
980 368
872 361
919 261
863 433
955 240
925 311
868 299
993 306
983 296
839 309
955 238
898 296
839 310
903 351
1014 395
865 294
899 335
972 276
807 497
987 377
983 282
936 391
847 343
946 235
826 575
1030 284
1021 263
806 505
975 301
989 254
941 381
790 546
920 243
1027 276
1024 257
841 295
949 251
777 549
765 550
866 366
936 414
843 494
973 311
906 336
925 310
1032 398
991 376
884 316
908 409
759 542
927 304
974 360
974 324
981 336
999 376
939 238
912 330
898 316
858 352
781 555
957 258
902 320
853 520
904 355
852 282
827 576
840 445
947 245
994 380
882 466
788 556
865 282
1019 257
903 354
975 357
979 290
819 450
981 309
933 244
857 281
952 258
957 333
847 320
825 530
816 504
888 316
1023 380
946 263
906 295
965 220
1006 266
857 279
1015 373
978 353
917 270
1036 405
857 312
984 285
803 493
860 442
1032 378
826 541
887 321
945 265
990 252
858 349
1043 388
896 306
985 281
974 311
987 347
966 281
915 235
912 262
826 532
967 308
988 337
951 243
1041 403
822 516
914 327
1023 283
860 422
848 338
858 540
937 394
886 320
946 358
975 378
977 317
864 302
816 516
916 312
861 354
888 314
962 302
837 441
929 234
873 466
974 378
1009 393
942 418
914 310
856 549
988 303
983 339
839 312
977 357
919 236
1001 383
922 232
973 279
827 539
853 554
914 263
903 315
868 441
784 551
912 418
911 263
976 377
966 277
893 323
924 385
855 349
1023 395
1018 267
861 309
931 414
873 432
1028 390
943 417
857 283
792 571
821 504
838 537
957 254
977 309
1016 363
858 350
952 331
860 302
787 577
856 442
866 365
901 289
931 308
930 302
919 402
788 549
782 552
1041 382
838 543
955 245
865 306
985 319
836 485
821 551
1045 408
775 548
872 362
896 358
883 470
1038 387
822 530
1016 368
1020 370
947 355
1024 389
854 350
879 363
976 277
986 337
815 504
793 568
909 340
913 428
786 546
823 454
983 246
910 264
802 513
787 556
990 349
844 329
843 516
949 337
846 500
767 560
1023 262
867 356
892 357
999 378
874 429
952 341
963 274
955 261
1037 383
868 294
962 330
856 284
837 555
877 364
936 249
1025 375
1022 398
938 393
825 541
1000 262
788 544
820 547
944 355
981 260
1028 365
964 272
970 324
843 552
949 263
875 360
842 295
827 545
921 239
847 558
889 354
1018 373
1010 274
977 366
783 551
977 287
935 394
824 538
813 495
876 438
959 233
1023 381
1028 394
807 503
827 547
776 545
1035 393
975 361
846 498
920 239
969 317
982 365
1016 362
1009 372
1013 359
948 241
856 546
1034 285
912 236
902 290
1020 280
997 263
968 221
929 303
872 300
866 288
987 288
941 366
965 229
902 340
937 247
857 544
1024 287
869 442
862 444
993 350
1024 397
818 571
990 372
983 258
846 544
941 367
863 428
867 442
797 573
962 233
790 551
841 516
839 555
853 545
1029 396
941 359
821 508
922 420
1014 389
1005 376
874 366
942 413
857 549
917 230
819 511
978 358
957 231
846 289
933 270
1017 389
788 553
927 386
916 275
976 337
789 558
864 426
857 557
983 281
839 290
1005 261
941 405
840 332
949 244
919 227
935 414
874 361
855 544
913 309
910 269
991 280
937 380
916 313
1008 397
819 504
966 220
862 306
825 544
904 302
1010 268
1035 397
1037 396
848 290
806 511
1033 402
1044 294
959 270
910 307
827 557
814 502
821 522
957 257
925 233
830 533
889 307
849 346
958 332
846 554
966 278
928 238
802 510
952 354
904 406
959 240
930 237
1035 291
858 561
943 416
851 310
975 309
791 571
915 267
866 558
868 295
1039 394
1035 380
848 560
988 263
986 373
919 306
1017 273
975 372
773 554
820 549
869 282
989 304
758 540
866 357
870 279
1007 376
875 361
1007 268
985 278
838 536
846 333
899 302
947 255
873 426
1040 382
778 549
852 349
1004 378
955 273
823 553
972 341
1020 260
789 548
871 446
958 270
972 280
902 332
925 414
867 280
932 247
963 306
964 328
840 309
856 564
981 290
918 307
885 323
968 306
991 377
916 310
823 524
828 483
845 335
1009 396
918 310
847 543
981 257
801 494
904 315
936 413
943 370
950 336
991 256
929 414
986 336
846 316
942 383
967 304
1027 392
795 572
1014 264
825 549
889 318
977 320
977 369
942 372
865 426
995 255
903 406
940 237
876 296
912 260
970 344
990 272
901 299
983 259
929 240
923 401
862 281
988 274
902 338
862 563
959 238
827 544
873 465
982 339
993 351
1034 383
976 357
1046 407
942 369
946 354
976 318
931 301
839 494
1007 270
1031 396
933 263
891 308
925 226
922 421
868 283
1018 273
845 539
796 550
868 362
1023 364
915 424
1016 267
924 397
1031 285
887 309
897 355
1027 279
1015 360
798 511
997 255
855 555
898 406
931 387
945 358
917 261
967 311
981 319
825 547
902 325
976 312
861 432
919 222
1007 399
773 545
870 445
984 343
920 384
850 556
1042 404
859 418
1016 370
839 442
1004 267
859 420
921 402
919 231
917 250
981 317
839 287
974 303
977 289
890 322
934 266
938 381
970 304
859 302
841 308
935 395
850 313
820 524
876 363
1008 270
921 398
821 526
1021 286
849 556
919 238
820 548
977 333
814 501
941 360
852 344
891 323
917 249
843 537
1026 375
804 495
916 231
982 286
977 325
817 533
826 573
858 284
937 244
986 369
788 575
919 254
978 308
860 354
1028 288
900 303
993 255
948 252
771 551
950 233
1017 388
1030 283
995 261
1015 400
984 308
1013 264
982 336
1015 358
968 222
857 564
944 412
949 353
990 291
929 242
930 241
789 575
934 384
877 293
860 436
966 224
827 482
979 355
845 336
1021 257
1030 285
852 545
984 291
930 301
972 319
853 288
834 533
771 550
929 308
826 557
920 256
842 308
898 324
903 319
859 282
830 531
938 240
1043 389
972 303
936 383
865 365
950 267
962 272
854 311
996 269
912 263
838 288
832 485
943 330
805 509
917 274
924 241
853 339
911 301
918 424
923 414
1011 259
848 514
855 277
847 344
920 277
931 306
934 273
799 495
876 365
771 547
840 330
954 233
964 221
972 323
792 573
869 367
869 283
991 380
970 305
898 408
989 373
1015 364
858 440
860 310
986 275
840 443
904 353
801 506
838 329
1043 387
923 395
947 243
918 276
1007 396
852 341
901 316
921 277
969 344
907 335
899 336
918 296
911 252
1016 264
856 559
836 535
1040 290
881 466
831 531
981 259
848 552
989 303
921 420
837 482
1040 283
921 296
791 574
1009 272
939 243
965 225
981 353
1020 257
1038 385
1016 399
860 437
781 554
1020 262
975 360
837 541
864 443
946 241
917 273
863 421
923 283
772 551
919 226
907 415
970 325
1023 256
961 270
850 538
858 439
798 512
916 421
990 287
1036 406
951 334
958 331
823 531
950 243
853 546
1036 387
841 442
921 233
981 258
762 543
989 255
976 373
990 286
926 305
982 319
787 546
908 264
927 401
954 242
1042 386
1036 404
844 541
982 246
895 305
786 547
994 347
801 567
973 306
1017 269
847 319
1017 372
922 293
770 548
1005 270
864 421
948 256
887 306
946 268
978 352
772 548
988 335
922 275
1027 363
764 548
892 307
840 287
867 443
1024 285
900 345
1024 280
824 535
919 257
920 401
986 288
851 345
926 225
912 428
948 329
861 304
852 348
923 407
955 252
928 400
997 376
964 300
935 275
915 312
787 549
942 329
964 273
1043 286
839 289
1002 383
842 551
920 278
950 330
1041 405
923 293
1019 280
916 309
947 336
1012 391
947 330
990 377
850 343
994 307
945 359
991 266
841 444
850 310
791 572
769 541
980 257
850 318
846 288
892 308
921 226
798 495
941 241
788 554
959 232
1025 376
915 336
852 312
908 270
796 548
822 518
867 282
982 262
994 374
830 486
823 535
939 381
1015 394
996 255
1010 267
941 384
770 558
851 327
888 320
793 557
916 229
824 561
840 494
848 563
758 539
971 282
926 306
962 306
862 432
959 334
985 320
902 318
918 384
932 388
912 308
951 351
870 364
853 537
1008 274
952 346
967 323
871 364
894 356
799 496
930 414
988 371
1035 400
964 230
927 293
823 512
937 392
1027 396
977 315
969 225
976 314
824 559
1015 384
841 314
808 494
895 357
841 291
985 342
948 245
935 390
869 293
763 539
978 376
920 306
836 539
827 573
984 319
984 371
950 246
1006 386
1024 376
802 498
976 364
1037 398
771 557
787 554
902 316
887 316
827 558
765 549
856 558
913 330
960 235
787 576
991 279
1043 407
894 306
806 495
825 539
876 294
1016 276
966 323
902 317
952 344
966 299
902 326
823 527
869 362
978 276
959 248
859 346
1036 293
974 278
993 372
804 496
935 383
1025 282
929 387
802 514
814 522
845 329
846 515
810 504
859 559
805 505
1043 390
837 535
986 354
915 233
988 276
861 355
914 267
914 232
957 251
839 445
898 354
941 373
847 332
856 351
925 403
807 494
824 531
949 329
984 342
976 382
980 256
794 576
858 441
865 286
936 266
900 323
999 261
819 509
821 536
876 434
976 317
1035 381
1018 265
916 270
800 494
869 299
820 509
1046 411
775 547
977 319
925 229
903 301
858 564
767 551
911 329
1008 260
824 510
985 291
914 419
911 298
946 256
847 333
984 346
955 254
999 257
914 268
875 359
1018 371
899 354
943 406
902 341
879 302
946 413
979 370
975 370
921 306
790 575
982 337
1005 387
952 269
978 289
940 362
771 549
945 266
824 544
943 407
862 561
949 265
1046 410
1033 401
935 413
854 284
841 288
912 304
942 417
987 283
847 542
1000 258
852 323
956 256
1039 391
1026 394
824 537
950 249
872 435
1019 370
872 365
996 261
1005 398
980 331
845 558
916 247
859 560
943 268
979 300
878 298
825 575
986 350
979 368
874 426
846 558
959 227
1001 262
975 339
902 349
916 245
922 290
878 297
866 296
764 549
925 228
905 295
876 427
923 416
856 544
994 353
821 535
1024 363
768 558
1039 405
978 326
942 408
814 503
791 577
1019 383
772 544
845 537
812 505
851 553
1026 392
925 225
937 248
931 271
862 426
856 288
980 329
986 346
936 396
953 268
1041 291
913 412
867 279
1004 269
900 322
958 340
858 437
972 324
1018 261
862 313
827 525
924 285
939 237
998 257
1009 265
959 245
781 552
858 549
799 566
865 300
993 268
913 327
975 311
858 436
861 314
797 567
922 241
923 232
915 327
1037 382
934 388
1031 381
1026 361
842 311
1024 288
845 321
986 371
818 452
773 549
988 372
826 576
833 772
854 286
952 249
847 324
854 537
771 556
862 355
920 242
981 306
892 323
916 266
861 434
765 545
956 269
965 230
1038 285
1035 382
1021 280
822 535
910 234
975 336
948 251
936 390
1007 400
852 553
989 273
984 344
922 384
806 499
840 542
849 288
970 282
902 329
875 367
856 545
892 326
824 526
926 308
801 497
932 308
955 257
795 573
969 220
866 297
857 561
950 265
921 255
1005 388
886 305
860 301
839 553
960 336
895 304
1019 273
839 315
842 330
1014 373
779 549
811 504
803 512
916 246
943 375
852 317
960 232
843 502
915 427
972 318
924 280
816 533
936 271
763 540
853 324
996 370
860 311
902 343
968 317
991 273
981 330
851 545
1010 262
908 299
916 301
900 296
872 299
848 564
917 314
1010 369
931 307
892 356
786 551
913 272
969 324
988 366
819 519
988 336
861 422
947 232
853 558
852 516
812 496
919 308
890 307
793 571
865 434
946 233
986 322
934 275
979 334
1044 287
921 384
860 280
1022 379
925 227
981 286
1018 385
1039 384
1014 262
883 466
929 233
1021 279
990 370
807 493
853 557
917 296
972 279
994 375
946 244
1001 265
962 341
825 525
871 296
919 225
1027 277
933 388
847 334
939 413
966 326
915 298
849 333
850 514
922 285
914 233
1018 264
816 525
988 277
975 317
900 295
839 288
976 320
856 540
954 252
864 303
1029 378
977 277
918 262
958 239
940 368
909 406
797 574
984 257
965 276
1028 363
921 403
961 344
860 540
1002 382
965 301
985 337
1026 363
876 297
1014 387
979 369
857 548
803 496
909 411
1021 269
985 280
962 344
970 218
768 541
961 232
1012 375
869 435
903 303
948 333
853 286
977 372
990 254
871 366
908 408
968 311
871 363
825 531
997 379
840 539
946 329
990 274
886 319
855 556
821 525
956 336
840 308
1030 377
923 408
993 269
778 548
980 351
789 549
946 353
865 558
834 445
923 230
964 223
899 323
904 336
773 553
980 333
932 387
976 370
906 406
841 292
1027 361
988 288
939 379
919 276
978 371
988 267
1035 401
933 245
1005 379
1026 390
986 370
977 288
866 298
858 543
929 236
851 520
965 218
848 545
923 250
872 445
1018 384
1041 284
958 339
860 282
898 298
853 343
983 254
1016 395
798 574
938 271
824 573
980 320
991 350
1008 273
1022 282
1035 404
927 387
848 319
881 471
902 347
913 270
813 494
943 413
981 365
925 307
860 353
930 399
938 243
911 338
821 550
1040 394
846 287
892 319
831 485
902 322
771 546
942 371
774 545
791 576
909 269
870 358
985 297
986 306
959 230
861 423
979 332
848 343
1028 378
969 305
967 321
1016 367
999 255
981 329
952 332
867 284
946 255
896 298
984 317
924 283
849 338
852 519
860 558
987 255
931 309
807 495
920 251
910 298
900 316
992 256
931 400
869 366
866 299
901 407
849 345
1041 293
976 381
1031 380
962 232
1014 391
976 330
1010 371
823 519
999 398
817 507
957 237
975 303
956 245
976 376
1005 399
820 545
952 348
911 255
975 277
980 343
954 251
883 303
826 544
1033 396
918 244
864 286
926 386
852 518
956 233
1020 383
1018 383
856 561
986 281
823 520
931 388
989 288
987 278
942 379
873 363
844 537
980 332
975 330
982 330
986 278
868 296
1000 381
872 363
961 330
847 292
956 243
1040 392
896 356
870 281
952 355
948 255
931 238
908 235
976 324
1004 386
998 376
964 343
941 243
991 368
780 556
838 315
998 395
978 359
900 298
1023 286
973 328
923 296
946 239
919 396
917 309
794 572
825 524
764 545
948 350
992 304
850 311
908 266
1032 286
1023 289
969 346
823 450
1014 263
971 344
852 342
918 385
849 321
984 339
963 230
951 258
990 256
1033 287
983 306
832 529
994 265
993 270
864 291
849 311
966 300
985 252
841 333
1008 258
907 270
824 482
1034 395
993 303
855 564
915 419
918 251
918 237
926 411
852 520
791 575
916 226
943 359
868 285
978 355
903 417
965 303
824 451
983 280
1024 286
957 273
949 231
1008 375
987 252
921 418
858 310
1024 377
1004 387
823 521
909 409
986 352
923 286
979 331
919 258
1024 395
991 378
825 450
976 369
919 235
850 319
966 226
956 341
821 503
855 551
1025 395
843 314
920 308
893 324
866 434
951 268
975 373
1037 385
918 272
944 268
803 495
986 274
927 399
1039 293
763 541
1045 412
841 480
923 276
824 483
793 576
783 555
801 512
871 435
928 235
919 239
929 300
955 242
818 520
918 250
1028 395
953 234
824 449
992 372
881 304
921 225
989 275
940 240
964 218
856 281
851 340
1008 391
781 551
789 557
940 243
867 287
1002 268
859 434
897 331
971 303
987 314
763 542
919 275
937 412
985 289
900 346
777 547
898 304
988 279
948 248
1016 372
976 328
1002 381
1027 362
897 303
841 332
1019 275
918 263
894 357
865 430
823 526
961 328
860 313
952 333
957 272
894 305
853 342
948 357
886 327
853 522
977 316
816 518
764 541
927 286
919 295
920 417
845 320
797 568
920 276
975 300
982 320
977 332
821 524
951 335
920 255
995 262
903 294
858 346
839 313
949 258
900 351
974 339
988 376
915 232
898 323
1011 376
1034 290
828 541
996 303
1003 267
973 317
1034 289
782 556
900 302
867 367
914 271
983 289
937 245
983 290
950 258
934 264
927 287
942 409
866 285
989 294
820 510
932 412
923 240
1008 275
1042 403
1018 275
1022 281
826 524
860 352
846 317
1000 260
972 320
827 533
932 242
1000 265
993 376
897 316
910 421
919 260
986 338
957 252
958 259
921 410
933 264
807 502
898 356
934 387
855 537
990 285
920 254
924 293
757 539
826 550
968 224
854 545
965 280
933 387
761 537
937 415
1040 395
946 242
960 342
821 552
1016 386
917 224
926 286
934 267
1014 393
847 327
955 342
1030 395
856 434
925 283
987 348
863 286
1008 396
960 335
848 558
849 316
881 303
901 332
983 291
978 357
1019 387
826 538
956 238
923 224
848 335
846 329
823 452
890 320
964 344
887 311
947 332
967 320
925 404
938 394
971 280
890 323
946 243
888 312
845 556
920 225
965 226
1035 383
837 534
846 328
1007 267
865 432
859 442
902 327
937 381
801 566
845 315
822 551
984 369
857 280
960 341
897 333
793 559
842 552
840 311
924 403
912 329
914 234
842 516
992 302
972 327
990 369
1000 266
949 248
827 532
912 305
866 294
1033 289
903 317
1043 290
978 288
873 360
875 427
1025 278
831 479
826 453
801 510
942 240
923 307
954 258
841 330
1036 287
985 255
801 511
853 283
1013 374
795 569
1021 381
920 236
861 433
946 232
946 333
967 325
800 496
908 337
963 272
845 546
998 262
946 338
913 271
945 263
939 271
838 287
1021 379
848 333
994 269
836 286
854 550
880 301
962 273
863 432
852 522
1000 396
982 296
880 471
914 230
958 336
794 573
911 306
897 302
985 352
955 239
843 288
1040 386
1007 261
857 434
819 571
778 556
937 242
920 396
827 541
864 558
844 552
849 319
943 329
935 248
1032 400
1019 268
944 376
788 546
925 401
840 334
898 409
976 362
791 545
898 351
1042 389
1015 359
899 333
918 270
768 551
884 466
905 336
945 264
823 550
987 293
997 270
908 410
983 319
1016 369
850 340
988 320
952 271
792 569
909 413
843 556
1018 375
766 541
859 351
1037 286
940 408
850 563
845 544
918 257
958 273
867 357
903 407
925 385
980 317
1005 378
914 428
837 288
984 306
1021 382
909 338
922 422
924 296
950 244
956 252
780 549
1037 387
877 365
1000 263
854 342
983 286
1001 391
790 556
910 295
844 328
852 283
851 289
915 264
975 299
947 347
949 257
973 307
804 497
902 407
923 397
824 484
945 329
1034 284
912 258
977 360
789 552
964 327
917 265
1021 384
874 296
1009 266
968 325
923 308
856 539
898 294
986 342
1030 282
1018 388
789 551
903 346
840 554
818 532
887 315
964 226
822 572
880 300
987 281
826 483
797 512
980 275
926 235
956 335
846 292
842 494
822 550
867 285
1033 286
1001 382
900 299
926 405
974 277
825 573
986 323
924 409
1004 270
965 309
850 553
948 328
854 557
777 548
858 541
982 259
970 221
824 530
852 552
962 305
842 310
908 406
885 316
887 313
1040 405
852 346
968 282
1048 287
850 554
1004 399
887 312
981 318
982 261
838 554
1034 403
1031 397
991 302
765 541
906 415
929 235
849 312
1020 256
923 417
962 271
855 284
977 371
940 244
832 531
827 531
839 545
935 249
821 521
828 481
944 339
945 356
816 519
925 290
869 440
984 286
869 280
801 565
862 286
772 555
999 395
926 401
1023 385
1040 393
886 313
986 297
927 308
968 280
984 280
931 412
972 316
954 269
803 494
1009 261
854 288
985 248
903 337
995 264
876 293
1041 292
978 338
951 332
912 302
826 539
999 396
854 442
942 378
847 515
926 412
918 232
813 500
859 540
1006 267
979 335
915 310
926 384
1045 409
938 382
1009 376
853 540
977 364
820 504
801 495
866 292
887 327
1005 377
1002 398
991 287
929 412
807 499
989 348
953 343
989 346
996 374
781 549
986 320
849 320
866 295
911 337
1027 282
952 342
803 513
1015 390
976 360
852 555
1042 291
852 515
986 335
985 330
959 259
859 419
971 305
1008 374
1038 286
919 296
846 552
948 244
943 410
905 320
844 556
1022 364
952 232
921 240
904 346
830 532
934 247
901 408
827 486
835 534
1008 376
912 235
933 243
902 289
948 249
831 482
850 557
792 568
974 302
1017 370
957 247
925 288
986 251
826 577
898 295
914 329
972 321
908 298
937 246
976 315
932 263
902 410
1041 385
944 381
904 293
818 451
1010 376
984 289
855 343
824 572
986 372
1016 396
879 365
903 314
999 397
844 288
908 265
993 349
786 550
982 308
976 383
1035 286
1004 265
887 320
924 307
905 348
838 546
965 326
843 501
938 384
1024 282
969 311
810 503
990 371
989 264
1016 371
800 567
976 363
769 544
804 508
984 279
1011 260
977 334
833 484
980 300
979 309
828 550
907 301
868 435
979 276
1032 377
919 652
915 411
846 319
835 487
964 278
838 535
1016 263
1021 383
875 366
902 342
861 307
983 276
841 297
800 511
950 229
978 327
924 224
919 251
978 336
1014 374
877 426
871 444
865 559
914 328
982 277
804 505
839 543
920 398
955 233
936 265
847 326
979 287
976 305
863 311
790 557
999 253
850 316
853 314
917 299
980 336
1030 396
798 569
921 251
900 301
899 316
978 328
912 264
952 250
1046 408
1043 292
857 278
855 434
973 303
844 330
1004 381
938 380
976 331
847 550
967 276
1002 261
928 414
988 293
934 269
856 563
878 299
864 296
1018 257
913 413
909 421
982 368
993 307
949 356
851 347
925 411
933 383
1044 293
925 234
837 445
944 378
950 355
839 329
975 385
864 306
910 410
999 263
926 406
907 234
809 503
1002 269
767 559
923 418
978 300
950 335
901 337
991 371
948 240
973 379
898 302
854 310
881 364
899 355
963 327
857 540
978 329
1027 390
868 360
797 572
914 326
920 223
917 237
820 533
844 516
922 308
854 551
957 256
973 323
1017 390
997 267
1036 407
863 291
916 333
897 324
860 312
1027 364
813 505
918 387
1037 391
994 255
926 307
1036 384
862 280
856 557
861 302
989 267
898 355
829 534
924 282
810 502
990 348
844 540
922 284
844 544
874 438
920 231
967 281
848 544
869 434
867 278
927 303
1022 385
865 301
847 553
837 539
919 274
844 287
917 235
813 502
1032 401
773 555
990 303
962 327
882 467
959 235
1040 291
844 333
950 234
977 337
861 291
871 445
981 276
832 535
843 335
931 385
1019 262
863 285
846 291
983 342
984 255
769 550
1026 395
804 507
841 290
1001 395
976 354
1014 396
900 324
915 335
951 333
1004 388
923 226
870 280
867 441
930 300
973 372
996 371
939 270
889 327
859 433
976 356
858 347
975 375
958 249
900 338
854 313
863 444
931 242
1018 270
922 309
957 236
925 287
930 308
953 272
878 364
773 552
946 247
908 263
1033 288
808 506
1028 396
770 544
975 278
825 449
914 335
968 225
1030 403
919 259
822 528
839 443
981 262
838 539
987 320
973 341
1018 387
937 413
846 339
922 410
885 314
902 344
851 539
943 405
950 241
833 487
975 358
976 375
968 316
811 497
863 442
797 571
885 319
902 348
1020 365
912 261
965 299
951 337
782 555
819 533
913 232
923 384
991 250
1019 365
986 295
949 261
990 273
917 275
955 269
1009 267
914 330
998 379
1027 285
1016 373
1011 370
853 313
807 501
954 257
986 367
847 559
836 287
971 219
1021 285
915 266
978 286
1018 269
886 321
827 540
818 509
937 271
947 263
1025 394
1002 390
849 553
914 231
867 355
1001 385
912 299
844 542
862 560
872 298
1028 364
966 325
1001 261
1002 399
1033 397
766 542
1013 267
938 415
905 346
976 310
949 246
795 570
827 550
875 465
941 357
802 497
860 564
828 525
1011 268
979 286
1017 276
895 323
855 310
872 296
977 365
976 306
993 267
1029 276
902 351
928 286
981 344
850 344
820 532
982 283
899 351
952 234
1031 401
937 243
923 309
822 527
987 265
824 450
869 437
805 511
1002 386
853 341
972 345
1014 390
1043 291
852 535
1019 279
948 348
963 302
921 252
1043 285
902 323
930 242
1006 270
948 351
916 332
1008 267
861 420
786 549
853 541
975 302
840 314
1003 400
950 266
844 539
990 278
1025 285
930 240
934 268
805 512
932 411
989 366
975 335
857 284
1020 377
861 563
1019 376
864 298
837 544
856 276
890 324
974 282
995 378
946 337
901 351
874 428
835 536
842 539
841 443
908 422
908 338
840 313
882 471
903 338
866 364
865 427
944 338
914 325
975 384
1016 400
951 331
763 545
787 578
964 302
921 313
922 250
936 240
841 313
987 282
853 513
886 310
933 247
973 278
825 538
923 284
823 525
952 270
863 422
845 318
943 374
852 326
762 539
953 258
859 306
919 244
949 241
824 560
950 353
981 315
853 514
1012 392
804 493
911 307
902 301
1010 372
1029 364
961 248
905 303
852 339
918 271
850 552
978 372
981 305
1027 377
861 351
867 288
845 292
939 245
915 265
960 274
916 295
872 297
855 311
904 320
1018 271
837 540
888 327
1000 392
1026 381
1020 255
1012 376
874 364
986 307
982 329
930 239
933 385
1000 253
1025 279
857 282
844 337
1027 375
912 269
948 347
830 485
992 305
982 260
1026 282
982 321
890 355
985 257
934 274
984 248
1022 378
851 536
981 296
849 290
824 452
985 317
901 410
817 509
853 287
865 428
855 288
977 377
990 293
1019 371
1003 390
819 453
995 263
943 243
840 292
930 303
978 341
1002 389
877 439
845 542
793 570
920 400
921 253
936 248
884 303
898 299
1026 283
864 442
919 384
1012 265
1001 398
974 373
1027 376
812 503
849 545
1027 286
1011 391
1048 288
832 479
1017 385
965 223
1033 403
869 361
889 309
853 348
951 242
920 408
840 293
771 555
1017 267
931 299
904 340
926 414
788 574
921 238
924 232
844 313
957 270
848 551
848 550
903 318
1015 267
945 369
855 557
971 320
798 566
990 255
863 356
881 363
926 404
931 300
997 269
827 538
923 402
1045 296
827 542
759 541
940 383
890 318
957 335
930 388
980 299
921 422
991 304
861 419
914 425
788 576
847 541
937 393
954 250
997 268
916 334
838 538
972 306
1025 389
925 297
977 354
823 484
897 296
921 254
950 328
1046 413
859 441
965 328
842 288
1041 407
993 371
1016 385
851 323
915 263
823 559
888 317
1006 261
957 341
928 308
918 246
1006 399
1015 361
972 329
829 488
989 371
1038 386
1000 393
977 300
825 550
876 432
977 318
875 432
850 536
906 346
871 432
915 268
868 358
917 308
912 323
988 306
966 276
911 257
928 413
976 384
882 302
896 355
954 273
831 480
984 296
985 318
929 237
822 512
850 314
915 412
1002 266
935 396
861 303
1021 259
896 330
984 370
979 352
844 336
921 310
1015 363
1008 373
917 248
901 333
911 335
765 544
817 506
826 486
920 420
862 442
862 304
1031 398
980 309
921 257
934 270
795 571
915 422
823 572
933 238
986 351
956 254
1006 400
915 297
933 412
846 330
908 301
933 400
1046 296
854 546
1016 398
937 379
846 321
917 386
855 546
853 289
847 499
983 284
932 400
955 255
845 515
998 255
995 374
1006 387
988 334
819 548
866 436
830 534
941 379
790 550
936 410
866 280
854 285
1027 378
917 225
984 288
772 545
971 318
802 515
872 438
968 281
938 239
975 334
884 304
950 333
1050 289
988 373
985 254
988 367
852 551
925 296
899 404
990 251
869 298
979 301
979 356
900 410
934 399
857 546
928 411
1044 391
863 426
860 419
969 222
888 311
910 418
995 380
866 443
909 407
931 386
978 317
980 334
923 278
789 554
916 269
814 500
925 410
1007 393
923 231
964 224
1028 276
760 540
911 418
904 325
951 354
770 550
1021 287
919 223
857 277
789 555
890 328
853 559
1002 385
941 408
917 263
962 270
851 537
865 281
865 279
966 324
847 345
985 273
986 265
838 313
975 318
924 286
895 324
960 329
864 432
983 329
943 332
951 259
918 234
1041 402
846 499
915 423
973 315
767 550
969 345
1018 278
1002 391
967 306
916 232
903 295
946 236
985 338
903 325
770 557
836 288
932 243
890 309
851 550
849 340
874 431
1040 391
902 331
865 429
1045 391
959 247
1016 364
945 410
807 505
959 231
816 522
1037 293
926 407
989 378
945 268
1007 395
941 363
1036 286
943 382
934 272
912 325
904 337
891 355
1006 376
866 287
1037 384
971 304
1014 359
960 247
847 500
859 307
967 305
847 321
864 281
1041 391
845 332
936 411
1034 401
936 412
973 373
815 525
913 259
817 504
1043 293
946 237
918 277
852 325
1029 373
788 552
980 353
863 295
985 293
1040 383
763 543
855 549
811 495
801 508
835 532
1005 265
954 255
990 302
1003 261
1036 397
941 409
974 300
1002 265
773 548
984 330
1002 270
979 329
976 311
849 564
847 325
851 287
1023 257
973 324
859 543
923 406
957 250
1035 395
1010 275
1000 391
851 312
940 381
975 381
1008 257
946 234
917 229
947 268
923 409
987 250
986 355
965 300
1007 394
768 540
842 314
925 309
1023 288
854 326
860 420
888 321
921 419
996 394
796 572
896 331
868 443
907 336
809 504
987 297
897 297
870 434
777 556
987 253
902 328
852 539
1045 413
1020 261
862 310
1019 261
973 308
823 573
903 299
919 398
1045 295
919 224
949 247
995 376
986 345
974 337
1015 268
840 294
988 264
981 368
772 557
950 337
770 540
978 337
971 311
856 277
943 376
940 364
873 365
1022 263
924 228
961 336
927 400
929 400
852 517
958 271
881 362
962 274
871 438
886 311
973 376
994 372
844 335
870 360
977 307
869 358
890 321
920 402
827 549
988 377
918 245
958 274
935 391
837 486
859 310
1035 394
1027 283
902 345
805 513
1045 392
915 332
937 239
868 279
875 364
901 348
950 264
804 510
1039 398
971 317
943 383
941 365
951 234
919 422
861 558
902 333
985 292
1042 391
827 543
861 310
900 340
764 547
927 235
842 333
922 402
868 297
930 412
928 233
957 246
991 305
1035 403
987 317
878 300
881 301
945 239
914 324
822 529
824 563
987 295
968 220
847 338
825 513
825 512
825 511
825 510
826 510
826 509
826 508
827 508
828 508
829 508
828 507
830 508
829 507
831 508
830 509
829 506
831 509
829 505
832 509
830 505
833 509
912 310
833 510
857 441
833 511
822 450
1027 278
832 511
985 296
850 323
957 245
933 265
832 512
849 289
850 290
832 513
1026 279
832 514
1027 284
833 514
887 308
961 247
834 514
833 515
971 324
846 545
846 546
924 292
835 514
834 515
975 380
972 328
974 336
948 353
953 271
835 515
835 513
889 351
1010 261
984 337
987 318
1006 265
836 515
879 364
968 310
964 280
979 343
876 433
837 515
1000 255
873 437
838 515
890 314
975 379
1011 261
839 515
838 516
984 307
839 516
830 504
830 503
831 503
830 502
832 503
831 502
829 502
833 503
832 504
834 503
835 503
835 504
835 502
836 504
835 505
836 502
835 501
837 504
834 505
837 502
834 501
835 500
834 506
838 502
833 501
834 500
850 564
833 506
834 507
838 501
832 501
834 499
838 500
834 498
838 499
833 498
839 499
832 498
840 499
841 499
842 499
841 498
843 499
841 497
844 499
841 496
844 500
844 498
842 496
841 495
844 501
845 498
844 497
842 495
840 495
844 502
847 496
847 495
847 494
848 494
848 493
849 493
848 492
850 493
849 492
847 492
851 493
850 492
847 491
851 494
851 492
852 494
851 495
851 491
941 370
852 491
991 251
852 490
854 495
853 490
855 495
854 496
853 489
856 495
855 494
854 489
853 488
857 495
855 493
855 489
854 488
858 495
857 494
855 492
856 489
855 490
854 487
859 495
858 496
854 492
855 491
857 489
856 488
854 486
859 494
858 497
853 492
855 486
854 485
859 493
857 497
853 485
852 485
853 484
852 486
852 484
853 483
851 484
851 483
850 483
851 482
851 481
851 480
852 480
850 480
853 480
850 479
853 479
850 478
853 478
850 477
849 477
850 476
848 477
847 477
848 476
846 477
848 475
846 478
846 476
845 476
846 475
844 476
845 475
846 474
844 475
845 474
846 473
843 475
844 474
846 472
842 475
845 472
842 476
845 471
841 476
845 470
840 476
845 469
839 476
840 477
845 468
840 478
845 467
839 478
845 466
838 478
846 466
844 466
837 478
838 479
847 466
843 466
837 477
838 480
848 466
843 465
836 477
837 476
839 480
837 480
838 481
848 465
843 464
835 477
840 480
836 480
837 481
849 465
842 464
834 477
835 478
836 481
923 277
849 464
924 281
850 464
849 463
925 281
851 464
849 462
924 284
925 286
851 463
849 461
926 287
926 288
925 289
850 461
848 461
924 291
925 292
850 460
847 461
848 460
927 292
850 459
846 461
847 460
922 291
849 459
845 461
916 263
921 291
924 294
849 458
844 461
845 462
922 294
923 295
926 297
848 458
843 461
845 463
925 298
920 296
916 296
916 297
847 458
844 463
916 300
915 301
917 300
913 301
914 302
912 300
846 458
912 303
911 299
911 305
910 296
912 307
845 458
846 457
908 300
911 295
914 309
831 481
845 459
845 457
832 484
829 484
836 486
844 459
845 456
830 480
843 459
845 455
834 484
842 459
846 455
844 455
832 488
841 459
842 458
846 454
844 454
832 487
837 485
841 460
842 457
847 454
844 453
829 487
842 456
848 454
843 453
844 452
830 483
831 484
843 456
842 455
842 453
845 452
830 487
828 482
842 452
846 452
834 487
832 486
832 482
827 483
842 451
847 452
826 484
830 481
842 450
848 452
829 485
835 484
843 450
841 450
849 452
840 450
841 449
850 452
839 450
851 452
850 453
839 449
852 452
838 449
839 448
853 452
852 453
852 451
837 449
840 448
853 453
852 450
837 448
840 447
854 453
853 450
836 448
841 447
854 454
854 450
835 448
842 447
855 454
854 455
855 450
834 448
842 448
842 446
856 454
855 455
856 450
855 451
833 448
834 449
843 446
842 445
855 456
857 450
833 447
834 450
855 457
858 450
832 447
833 446
834 451
854 457
859 450
858 449
831 447
833 445
835 451
853 457
859 451
858 448
831 448
833 444
836 451
852 457
859 448
858 447
831 449
834 444
833 443
836 452
852 458
857 447
858 446
832 449
830 449
831 450
835 444
832 443
856 447
858 445
829 449
835 445
835 443
856 448
858 444
828 449
836 443
835 442
855 448
859 444
827 449
828 448
837 443
834 442
860 444
826 449
838 443
837 444
837 442
861 444
860 443
818 548
817 548
818 549
817 549
817 550
817 551
816 551
815 551
815 552
815 553
815 554
815 555
814 555
814 556
813 556
812 556
813 557
811 556
812 555
813 558
810 556
813 559
810 555
814 559
812 559
810 554
815 559
811 559
812 560
811 554
809 554
816 559
815 560
815 558
810 559
811 560
811 558
812 561
811 553
808 554
817 559
815 561
815 557
810 560
914 235
813 561
812 562
812 553
811 552
808 553
817 560
816 561
815 562
816 557
811 562
813 562
812 563
813 553
811 551
808 552
816 562
817 557
811 563
812 551
810 551
807 552
817 562
816 563
1040 293
817 556
811 564
812 550
809 551
806 552
807 551
817 563
816 564
813 550
809 550
805 552
807 550
818 563
815 564
805 553
806 550
972 317
814 564
805 554
814 565
814 563
804 554
814 566
803 554
804 555
815 566
814 567
802 554
803 555
804 556
816 566
813 567
934 386
801 554
817 566
812 567
801 555
818 566
817 567
811 567
812 568
800 555
801 556
819 566
799 555
801 557
820 566
799 554
801 558
820 567
798 554
802 558
800 558
820 568
797 554
802 559
821 568
820 569
797 555
797 553
802 560
822 568
820 570
796 555
797 556
797 552
803 560
801 560
822 569
822 567
820 571
795 555
796 552
797 551
804 560
803 561
801 561
822 570
823 567
822 566
985 274
820 572
794 555
795 556
795 552
797 550
805 560
803 562
801 562
823 570
824 567
823 566
822 565
982 367
793 555
798 550
1037 397
805 561
801 563
824 570
823 565
980 276
862 358
792 555
793 556
798 549
1019 364
806 561
805 562
801 564
824 571
824 565
791 555
876 431
877 431
876 430
878 431
877 430
878 432
878 430
879 432
878 433
880 432
878 434
880 433
881 433
882 433
881 434
883 433
881 435
883 434
881 436
884 434
882 436
881 437
885 434
882 437
886 434
885 433
882 438
887 434
886 433
882 439
888 434
886 432
881 439
889 434
888 435
886 431
880 439
890 434
885 431
886 430
880 440
891 434
890 435
890 433
884 431
887 430
886 429
880 441
892 434
890 432
888 430
887 429
885 429
881 441
880 442
892 435
892 433
890 431
887 428
884 429
882 441
879 442
880 443
892 436
887 427
883 429
880 444
892 437
886 427
887 426
883 428
879 444
880 445
892 438
885 427
888 426
887 425
882 428
879 445
880 446
892 439
889 426
887 424
881 446
892 440
890 426
886 424
882 446
881 447
893 440
890 427
890 425
885 424
886 423
882 447
894 440
891 427
890 428
886 422
883 447
882 448
895 440
886 421
884 447
882 449
895 441
887 421
886 420
885 447
884 448
881 449
888 421
885 420
886 447
884 449
889 421
885 419
887 447
886 446
885 449
884 450
890 421
889 422
884 419
887 448
886 445
884 451
891 421
890 422
890 420
883 419
884 418
887 449
885 451
892 421
891 420
883 418
888 449
887 450
885 452
892 420
882 418
888 450
885 453
893 420
889 450
888 451
884 453
885 454
894 420
893 419
889 451
888 452
883 453
886 454
885 455
895 420
893 418
890 451
889 452
882 453
883 454
896 420
894 418
892 418
891 451
882 454
882 452
897 420
896 421
892 417
892 451
881 454
882 455
897 421
892 416
893 451
880 454
882 456
897 422
891 416
894 451
893 450
882 457
898 422
891 415
895 451
883 457
882 458
899 422
890 415
895 452
895 450
881 458
900 422
889 415
890 414
896 450
881 459
901 422
888 415
897 450
881 460
902 422
888 416
888 414
898 450
897 451
897 449
882 460
880 460
902 421
887 416
887 414
899 450
898 449
882 461
879 460
880 461
903 421
902 420
886 416
887 413
900 450
899 449
883 461
882 462
879 461
903 420
902 419
901 450
899 448
884 461
882 463
878 461
904 420
902 450
883 463
882 464
877 461
878 462
905 420
881 464
877 460
878 463
906 420
905 419
877 463
878 464
907 420
905 418
876 463
878 465
907 421
906 418
905 417
875 463
876 464
879 465
908 421
907 418
906 417
904 417
905 416
874 463
875 464
768 560
769 560
768 561
770 560
768 562
771 560
768 563
772 560
769 563
767 563
773 560
769 564
766 563
774 560
770 564
769 565
765 563
766 564
774 561
774 559
765 564
765 562
774 562
774 558
765 565
765 561
774 563
764 565
765 566
766 561
764 561
775 563
763 565
764 566
776 563
762 565
776 564
762 566
776 565
761 566
777 565
776 566
760 566
778 565
759 566
778 566
778 564
759 567
779 564
758 567
780 564
757 567
758 568
781 564
780 565
756 567
781 563
780 566
756 568
756 566
782 563
780 567
755 568
755 566
756 565
783 563
781 567
779 567
780 568
755 569
754 566
757 565
784 563
783 564
783 562
782 567
781 568
780 569
755 570
753 566
783 561
782 566
781 569
756 570
755 571
753 567
753 565
781 570
755 572
752 567
753 564
782 570
781 571
755 573
751 567
782 571
781 572
754 573
755 574
751 566
783 571
781 573
754 574
756 574
750 566
784 571
781 574
753 574
757 574
749 566
750 565
785 571
784 572
784 570
780 574
752 574
753 575
758 574
748 566
786 571
779 574
752 575
752 573
759 574
747 566
787 571
786 572
779 575
752 576
751 573
760 574
746 566
779 576
752 577
751 572
745 566
753 577
752 578
750 572
751 571
745 567
745 565
751 578
749 572
745 568
744 565
750 578
751 579
749 573
744 568
745 569
743 565
749 578
750 579
750 577
751 580
748 573
743 568
743 566
743 564
748 578
750 576
752 580
751 581
747 573
743 569
743 567
743 563
748 579
753 580
752 581
750 581
746 573
747 574
747 572
743 570
742 563
743 562
754 580
752 582
749 581
746 572
741 563
744 562
753 582
749 580
745 572
746 571
741 562
745 562
753 583
744 572
746 570
741 561
746 562
745 561
754 583
753 584
744 573
740 561
747 562
746 563
746 561
745 560
755 583
753 585
744 574
747 563
747 561
746 560
744 560
756 583
755 584
754 585
746 559
743 560
757 583
747 559
742 560
743 559
758 583
748 559
747 558
743 558
759 583
749 559
748 560
742 558
743 557
760 583
759 584
759 582
749 558
744 557
761 583
760 582
759 585
749 557
762 583
760 581
760 585
758 585
750 557
760 580
757 585
751 557
761 580
760 579
752 557
751 558
762 580
752 558
763 580
753 558
764 580
763 581
763 579
763 582
764 582
765 582
765 583
765 581
765 584
766 581
766 584
764 584
765 585
766 580
767 584
766 585
764 585
767 580
766 579
768 584
766 586
764 586
768 583
764 587
769 583
765 587
764 588
769 582
763 588
769 581
763 589
770 581
768 581
763 590
770 580
763 591
770 579
763 592
771 579
769 579
763 593
772 579
764 593
762 593
773 579
765 593
764 594
773 580
773 578
765 592
764 595
774 580
773 577
765 591
763 595
764 596
775 580
764 597
776 580
765 597
764 598
777 580
765 598
763 598
764 599
777 579
762 598
777 578
761 598
778 578
760 598
778 577
760 597
759 597
758 597
759 596
757 597
758 598
756 597
757 596
758 599
755 597
757 595
754 597
755 598
753 597
754 596
755 599
752 597
753 598
756 599
752 596
756 600
756 601
756 602
756 603
757 603
758 603
758 604
758 605
759 605
757 605
760 605
757 606
757 607
758 607
756 607
758 608
755 607
759 608
754 607
759 609
753 607
754 608
754 606
760 609
759 610
752 607
754 605
760 610
758 610
751 607
755 605
754 604
760 611
757 610
751 608
760 612
756 610
757 611
757 609
750 608
761 612
757 612
749 608
762 612
757 613
748 608
762 613
762 611
747 608
748 609
762 614
763 611
747 609
748 610
762 615
763 610
746 609
747 610
749 610
763 615
762 616
764 610
745 609
764 615
762 617
765 610
745 608
765 615
763 617
761 617
762 618
765 611
744 608
765 616
761 618
762 619
765 612
743 608
762 620
766 612
743 609
762 621
767 612
742 609
743 610
761 621
762 622
768 612
767 613
767 611
741 609
742 610
762 623
767 614
767 610
740 609
763 623
762 624
768 614
740 608
761 624
762 625
769 614
768 615
739 608
760 624
762 626
769 615
769 613
738 608
739 607
759 624
762 627
770 615
770 613
737 608
738 609
739 606
763 627
761 627
771 613
736 608
738 610
738 606
739 605
763 628
760 627
771 614
771 612
737 610
737 606
740 605
739 604
764 628
763 629
772 614
771 611
736 610
737 611
736 606
741 605
738 604
765 628
763 630
773 614
772 615
771 610
737 612
735 606
736 605
742 605
741 606
741 604
766 628
765 627
764 630
762 630
773 613
772 616
771 609
738 612
736 612
737 613
734 606
741 603
767 628
766 627
765 626
761 630
773 616
772 609
770 609
739 612
735 612
737 614
733 606
734 607
768 628
767 627
765 625
773 609
770 608
739 613
737 615
732 606
733 607
733 605
769 628
768 627
773 610
773 608
769 608
770 607
740 613
770 628
774 610
773 611
774 608
768 608
769 607
740 614
770 629
770 627
774 611
767 608
769 606
740 615
771 629
770 630
771 627
770 626
768 606
739 615
772 629
772 627
767 606
739 616
772 630
738 616
739 617
772 631
738 617
740 617
773 631
772 632
737 617
740 618
773 632
737 618
740 619
774 632
737 619
739 619
740 620
775 632
774 633
739 620
740 621
776 632
775 633
739 621
777 632
776 633
738 621
778 632
737 621
779 632
778 631
737 622
778 630
736 622
737 623
779 630
778 629
735 622
738 623
780 630
777 629
734 622
735 623
735 621
738 624
781 630
777 628
734 623
734 621
735 624
738 625
782 630
777 627
733 623
733 621
736 624
735 625
737 625
738 626
782 631
782 629
732 623
732 621
733 620
738 627
783 631
783 629
732 620
738 628
784 631
783 632
784 629
731 620
738 629
784 632
785 629
737 629
785 632
786 629
737 630
785 633
787 629
736 630
737 631
785 634
788 629
787 630
735 630
738 631
737 632
786 634
784 634
789 629
734 630
738 632
737 633
786 635
790 629
789 628
734 631
738 633
786 636
790 630
789 627
733 631
738 634
787 636
785 636
786 637
791 630
790 627
788 627
732 631
733 632
739 634
784 636
786 638
792 630
790 626
732 630
733 633
739 635
783 636
787 638
792 629
791 626
790 625
731 630
734 633
733 634
739 636
788 638
787 639
793 629
790 624
730 630
731 629
735 633
788 637
787 640
794 629
790 623
729 630
731 628
789 637
786 640
787 641
795 629
794 628
790 622
728 630
730 628
731 627
790 637
785 640
787 642
795 630
795 628
728 631
791 637
785 641
787 643
795 631
795 627
727 631
792 637
791 636
786 643
795 632
796 627
727 632
793 637
786 644
795 633
796 626
726 632
727 633
793 638
786 645
795 634
797 626
796 625
726 633
728 633
793 639
787 645
785 645
794 634
798 626
795 625
796 624
728 634
788 645
784 645
785 646
799 626
796 623
789 645
784 646
785 647
800 626
797 623
795 623
790 645
789 646
789 644
783 646
786 647
801 626
800 627
797 622
794 623
795 622
791 645
789 647
782 646
802 626
800 628
798 622
797 621
794 624
794 622
792 645
791 644
782 647
782 645
803 626
794 621
792 644
791 643
782 648
782 644
803 627
793 621
794 620
790 643
781 648
804 627
803 628
792 621
780 648
805 627
804 628
803 629
780 649
806 627
803 630
779 649
780 650
804 630
778 649
804 631
777 649
778 648
776 649
775 649
774 649
775 648
774 650
775 647
774 651
774 647
774 652
773 647
775 652
773 652
773 646
776 652
772 652
773 653
773 645
776 651
771 652
773 654
773 644
777 651
772 654
773 655
772 644
778 651
773 656
771 644
779 651
778 652
774 656
770 644
771 643
774 657
770 643
771 642
774 658
769 643
771 641
775 658
773 658
768 643
770 641
776 658
773 659
768 644
768 642
776 659
767 644
768 641
777 659
776 660
766 644
778 659
776 661
765 644
776 662
764 644
765 643
776 663
763 644
764 645
765 642
777 663
775 663
776 664
763 645
764 646
766 642
764 642
778 663
777 664
762 645
763 646
764 641
778 664
778 662
761 645
763 647
763 641
779 664
778 665
779 662
761 644
762 647
763 640
779 665
779 661
761 647
762 640
763 639
779 666
780 661
761 648
763 638
780 666
779 667
780 660
761 649
764 638
762 638
780 667
781 660
762 649
760 649
765 638
762 637
780 668
759 649
765 639
762 636
781 668
780 669
758 649
759 650
766 639
763 636
762 635
782 668
757 649
758 650
764 636
762 634
782 669
782 667
757 650
757 648
758 651
763 634
761 634
783 669
783 667
782 666
757 651
756 648
757 647
758 652
764 634
760 634
783 670
784 667
783 666
755 648
758 647
757 646
759 652
759 634
760 635
783 671
785 667
784 666
757 645
759 633
783 672
785 668
785 666
784 665
759 632
784 672
785 669
758 632
785 672
785 670
757 632
758 631
786 672
757 633
758 630
786 673
756 633
787 673
786 674
755 633
788 673
785 674
754 633
755 634
789 673
788 672
784 674
785 675
753 633
754 634
754 632
790 673
785 676
752 633
754 631
791 673
790 674
785 677
751 633
790 675
786 677
784 677
785 678
751 632
791 675
789 675
784 678
785 679
750 632
751 631
792 675
788 675
786 679
785 680
749 632
751 630
792 676
792 674
787 679
785 681
748 632
751 629
792 677
788 679
784 681
747 632
748 633
750 629
751 628
791 677
783 681
784 682
746 632
747 633
747 631
752 628
751 627
790 677
791 678
782 681
783 680
784 683
747 634
747 630
750 627
781 681
785 683
750 626
781 680
785 684
749 626
750 625
780 680
781 679
786 684
748 626
750 624
779 680
782 679
786 685
747 626
751 624
750 623
778 680
779 681
779 679
782 678
787 685
746 626
751 623
777 680
778 679
779 682
787 686
745 626
752 623
751 622
776 680
777 679
778 678
780 682
778 682
787 687
753 623
751 621
776 681
780 683
778 683
751 620
775 681
781 683
751 619
774 681
775 682
781 684
752 619
751 618
773 681
774 682
774 680
781 685
753 619
752 618
772 681
773 680
774 683
781 686
753 620
752 617
771 681
774 684
781 687
754 620
770 681
771 680
774 685
781 688
755 620
770 682
770 680
771 679
775 685
782 688
755 621
769 680
771 678
776 685
783 688
756 621
755 622
769 679
771 677
777 685
784 688
757 621
768 679
770 677
777 684
784 689
768 678
769 677
784 690
767 678
768 677
785 690
783 690
768 676
786 690
785 691
782 690
767 676
787 690
785 692
781 690
782 691
766 676
767 675
787 689
786 692
780 690
781 691
765 676
766 675
767 674
788 689
786 693
780 691
764 676
768 674
767 673
789 689
779 691
766 673
767 672
779 692
766 672
779 693
765 672
778 693
779 694
764 672
777 693
779 695
763 672
776 693
777 694
777 692
778 695
779 696
762 672
763 671
775 693
777 695
778 696
761 672
762 673
774 693
775 692
778 697
761 671
774 692
775 691
778 698
760 671
761 670
773 692
774 691
779 698
778 699
760 670
761 669
772 692
774 690
778 700
759 670
761 668
772 693
774 689
777 700
778 701
758 670
759 669
762 668
761 667
771 693
772 694
775 689
773 689
778 702
757 670
763 668
761 666
770 693
773 688
777 702
757 671
757 669
764 668
761 665
769 693
772 688
776 702
777 703
756 671
765 668
764 669
764 667
762 665
768 693
772 687
777 704
755 671
756 672
766 668
767 693
772 686
777 705
756 673
767 668
766 667
766 693
767 692
773 686
778 705
776 705
756 674
768 668
766 666
766 694
767 691
778 706
775 705
755 674
769 668
767 666
766 691
767 690
779 706
774 705
775 704
754 674
769 669
769 667
767 689
780 706
773 705
774 706
753 674
769 670
770 667
766 689
767 688
772 705
773 704
774 707
753 675
769 671
770 666
765 689
767 687
772 704
775 707
773 707
752 675
770 671
771 666
764 689
768 687
766 687
772 703
776 707
772 707
751 675
770 672
772 666
771 703
772 702
777 707
771 707
773 666
772 665
770 703
777 708
771 706
773 667
769 703
777 709
770 706
773 668
768 703
776 709
769 706
774 668
772 668
775 709
768 706
775 668
774 669
775 710
768 705
774 670
775 711
774 671
775 712
776 712
774 712
776 713
773 712
776 714
772 712
773 711
776 715
772 713
777 715
772 714
778 715
773 714
772 715
779 715
778 716
774 714
772 716
779 716
778 717
774 715
771 716
780 716
779 717
770 716
781 716
779 718
770 717
781 717
781 715
770 718
782 717
769 718
783 717
768 718
769 719
783 716
768 719
783 715
768 720
767 720
768 721
768 722
767 722
768 723
766 722
769 723
765 722
766 721
770 723
769 724
765 721
770 724
765 720
770 725
764 720
770 726
763 720
770 727
762 720
763 721
771 727
770 728
761 720
762 719
770 729
760 720
761 721
762 718
769 729
770 730
760 719
762 717
768 729
769 730
770 731
760 718
762 716
767 729
768 728
760 717
762 715
767 730
767 728
759 717
763 715
767 731
766 728
767 727
758 717
764 715
763 714
767 732
757 717
764 716
764 714
763 713
767 733
756 717
757 718
757 716
765 714
767 734
757 715
766 734
758 715
756 715
757 714
765 734
755 715
756 714
757 713
764 734
765 735
754 715
764 733
765 736
753 715
766 736
765 737
752 715
753 716
764 737
765 738
751 715
752 716
753 717
763 737
765 739
750 715
762 737
764 739
749 715
750 714
761 737
762 736
764 740
749 716
749 714
750 713
761 738
764 741
748 716
749 717
750 712
765 741
747 716
748 717
749 718
750 711
765 742
750 718
751 711
750 710
765 743
750 719
752 711
765 744
750 720
753 711
752 712
764 744
765 745
750 721
754 711
753 712
753 710
766 745
765 746
751 721
749 721
750 722
755 711
754 712
766 746
765 747
752 721
751 722
750 723
756 711
755 710
766 747
765 748
753 721
751 723
749 723
756 710
755 709
765 749
754 721
751 724
757 710
756 709
765 750
754 720
751 725
758 710
766 750
764 750
765 751
754 719
752 725
750 725
759 710
763 750
765 752
752 726
750 726
759 711
763 751
763 749
765 753
749 726
763 752
762 749
763 748
766 753
764 753
748 726
749 727
762 752
763 753
761 749
766 754
747 726
749 728
762 753
763 754
760 749
761 750
761 748
766 755
746 726
747 725
749 729
763 755
760 748
761 751
746 727
750 729
749 730
764 755
759 748
760 751
746 728
748 730
764 756
758 748
759 751
760 752
747 728
745 728
746 729
748 731
764 757
757 748
758 749
759 752
765 757
763 757
756 748
758 752
766 757
765 758
763 758
756 749
756 747
757 752
758 753
767 757
765 759
762 758
755 749
756 752
757 753
757 751
768 757
767 756
766 759
764 759
765 760
761 758
755 750
757 754
769 757
767 759
766 760
764 760
757 755
769 756
768 759
763 760
758 755
757 756
769 759
762 760
769 760
769 761
770 761
771 761
771 760
772 760
771 759
773 760
774 760
773 761
775 760
773 762
776 760
773 763
777 760
776 759
772 763
773 764
777 759
771 763
773 765
778 759
770 763
772 765
773 766
779 759
778 758
770 764
774 766
780 759
779 760
779 758
769 764
770 765
781 759
780 760
770 766
782 759
781 760
780 761
771 766
769 766
770 767
783 759
771 767
769 767
784 759
783 760
771 768
785 759
783 761
771 769
785 760
770 769
771 770
785 761
770 770
771 771
785 762
770 771
771 772
786 762
770 772
787 762
769 772
788 762
787 763
769 773
789 762
788 763
769 774
788 764
788 765
787 765
788 766
789 766
790 766
790 767
791 767
791 768
792 768
793 768
792 769
794 768
792 770
792 771
792 772
792 773
793 773
791 773
793 774
790 773
793 775
789 773
790 772
794 775
788 773
789 774
790 771
795 775
788 772
789 775
796 775
795 776
788 775
789 776
797 775
796 776
795 777
790 776
798 775
796 777
790 777
799 775
791 777
800 775
791 778
800 776
791 779
801 776
800 777
790 779
791 780
802 776
801 777
800 778
789 779
791 781
803 776
801 778
799 778
788 779
791 782
803 775
801 779
798 778
787 779
792 782
791 783
803 774
802 779
801 780
797 778
786 779
793 782
792 783
803 773
802 780
797 779
786 780
804 773
802 773
803 780
802 781
796 779
797 780
785 780
786 781
804 772
802 772
802 782
795 779
797 781
785 781
786 782
805 772
801 772
802 771
803 782
802 783
797 782
784 781
806 772
800 772
801 783
802 784
796 782
783 781
806 773
799 772
800 771
800 783
803 784
782 781
807 773
799 771
800 770
804 784
781 781
808 773
798 771
800 769
805 784
804 785
780 781
809 773
797 771
800 768
806 784
804 786
779 781
780 780
810 773
809 772
797 772
800 767
806 783
805 786
804 787
779 782
780 779
810 774
810 772
796 772
800 766
803 787
779 783
780 778
810 775
811 772
795 772
801 766
803 788
780 783
779 784
779 778
811 775
812 772
811 771
795 771
802 766
801 765
802 788
803 789
781 783
778 784
779 785
779 777
811 770
801 764
777 784
779 786
779 776
812 770
811 769
802 764
801 763
776 784
780 786
779 787
778 776
813 770
811 768
775 784
778 787
779 788
777 776
814 770
775 783
777 787
779 789
814 771
774 783
776 787
779 790
814 772
774 782
780 790
779 791
814 773
773 782
780 791
778 791
815 773
781 791
780 792
778 792
815 774
781 792
777 792
815 775
777 793
814 775
777 794
814 776
777 795
814 777
778 795
776 795
814 778
779 795
778 796
775 795
815 778
779 796
779 794
775 796
775 794
816 778
815 779
779 797
774 796
816 777
815 780
780 797
773 796
816 776
816 780
781 797
773 797
773 795
817 776
816 781
781 798
773 798
772 795
773 794
818 776
817 781
782 798
781 799
772 798
818 777
818 781
783 798
782 799
780 799
771 798
818 778
819 781
783 799
783 797
770 798
819 778
819 782
784 799
783 800
783 796
769 798
819 783
783 801
769 797
820 783
819 784
784 801
783 802
769 796
821 783
819 785
784 802
782 802
783 803
769 795
822 783
820 785
818 785
783 804
822 784
822 782
820 786
784 804
783 805
823 784
822 781
820 787
785 804
783 806
824 784
823 781
822 780
820 788
785 803
784 806
783 807
825 784
824 785
823 780
821 788
785 806
783 808
826 784
825 783
824 780
823 779
822 788
786 806
827 784
825 782
824 779
822 789
786 807
786 805
828 784
825 779
823 789
822 790
786 808
829 784
828 785
825 778
823 790
822 791
785 808
829 785
825 777
824 790
821 791
822 792
785 809
829 786
824 777
825 776
824 791
820 791
823 792
822 793
785 810
829 787
825 775
825 791
824 792
822 794
785 811
830 787
824 775
826 791
825 792
822 795
784 811
785 812
831 787
830 788
823 775
826 790
821 795
822 796
783 811
786 812
832 787
822 775
823 776
820 795
822 797
782 811
787 812
821 775
822 774
819 795
822 798
781 811
782 810
788 812
820 775
822 773
818 795
819 796
823 798
821 798
781 812
781 810
782 809
788 813
820 776
823 773
817 795
819 797
824 798
820 798
781 813
788 814
820 777
823 772
816 795
817 796
818 797
825 798
824 797
820 799
780 813
789 814
787 814
824 772
823 771
816 794
817 797
818 798
826 798
825 799
820 800
779 813
780 814
790 814
787 815
825 772
824 771
815 794
816 797
818 799
826 799
825 800
821 800
819 800
820 801
779 814
780 815
790 815
790 813
787 816
824 770
814 794
815 797
817 799
818 800
827 799
821 801
819 801
820 802
778 814
780 816
791 815
790 816
788 816
786 816
825 770
824 769
814 793
815 798
815 796
827 800
820 803
777 814
780 817
791 816
785 816
825 769
823 769
824 768
814 798
827 801
819 803
777 813
792 816
784 816
826 769
823 768
824 767
813 798
828 801
819 804
777 812
793 816
784 817
827 769
824 766
812 798
813 799
828 802
818 804
778 812
794 816
793 815
784 818
827 768
825 766
813 800
829 802
818 805
795 816
794 817
793 814
784 819
828 768
825 765
814 800
813 801
830 802
818 806
795 817
795 815
794 818
792 814
785 819
784 820
829 768
825 764
815 800
813 802
831 802
830 803
817 806
796 815
793 818
786 819
784 821
830 768
829 767
824 764
825 763
813 803
831 803
830 804
817 807
796 814
792 818
783 821
784 822
831 768
830 767
823 764
826 763
812 803
832 803
816 807
817 808
782 821
783 822
784 823
832 768
822 764
826 762
811 803
832 804
815 807
817 809
782 822
782 820
783 823
785 823
833 768
832 767
821 764
822 763
827 762
810 803
811 802
833 804
814 807
815 806
817 810
781 822
781 820
786 823
834 768
833 769
832 766
821 765
821 763
809 803
811 801
834 804
833 805
814 806
816 810
781 819
787 823
786 824
835 768
833 770
832 765
821 762
808 803
809 802
811 800
834 805
834 803
833 806
815 810
816 811
788 823
787 824
787 822
786 825
835 769
834 770
833 771
832 764
820 762
821 761
808 804
809 801
834 806
834 802
833 807
789 823
788 822
836 769
831 764
832 763
819 762
822 761
821 760
808 805
809 800
835 806
834 801
833 808
790 823
789 824
837 769
833 763
832 762
819 761
822 760
807 805
808 806
809 799
836 806
834 800
833 809
790 822
789 825
838 769
837 770
834 763
819 760
823 760
809 806
810 799
837 806
835 800
834 799
791 822
790 821
789 826
839 769
837 771
835 763
819 759
809 807
837 807
833 799
834 798
791 821
790 820
790 826
789 827
839 770
836 771
837 772
836 763
835 762
819 758
810 807
809 808
838 807
834 797
792 821
791 820
790 819
791 826
839 771
837 773
837 763
836 764
836 762
819 757
809 809
839 807
835 797
833 797
791 827
791 825
840 771
839 772
837 774
838 763
836 765
819 756
809 810
839 808
839 806
836 797
832 797
791 824
840 772
839 773
837 775
819 755
808 810
809 811
840 808
840 806
839 805
837 797
831 797
792 824
841 772
836 775
837 776
820 755
818 755
819 754
807 810
809 812
841 806
840 805
839 804
838 797
841 773
837 777
821 755
820 754
818 754
819 753
806 810
810 812
808 812
842 806
838 804
839 803
838 798
841 774
838 777
836 777
821 754
818 753
819 752
806 811
811 812
808 813
842 807
842 805
837 804
840 803
839 802
838 799
839 777
838 778
836 778
822 754
821 753
817 753
812 812
808 814
843 805
842 804
836 804
840 802
839 801
839 776
838 779
823 754
813 812
812 813
808 815
844 805
836 803
840 776
839 779
824 754
823 753
814 812
812 814
807 815
844 806
844 804
840 779
839 780
824 755
824 753
823 752
811 814
812 815
806 815
845 806
840 780
840 778
825 755
823 751
810 814
845 807
841 780
826 755
824 751
823 750
810 815
842 780
841 781
827 755
826 754
825 751
824 750
822 750
823 749
810 816
843 780
841 782
827 756
824 749
821 750
811 816
809 816
810 817
844 780
840 782
841 783
825 749
810 818
844 781
844 779
842 783
841 784
825 748
810 819
844 782
844 778
842 784
840 784
826 748
825 747
810 820
844 777
843 784
839 784
827 748
825 746
810 821
845 777
844 776
844 784
838 784
828 748
827 749
826 746
824 746
811 821
846 777
843 776
845 784
844 785
837 784
828 749
828 747
827 746
826 745
823 746
811 822
846 776
842 776
845 783
844 786
837 783
829 749
822 746
823 745
812 822
846 775
845 786
836 783
837 782
829 750
822 745
812 823
845 775
846 774
846 786
845 787
835 783
830 750
829 751
821 745
812 824
847 774
846 773
846 787
846 785
834 783
835 784
835 782
831 750
813 824
848 774
847 773
845 773
847 787
835 785
832 750
831 751
831 749
813 825
849 774
847 772
848 787
836 785
832 751
832 749
813 826
849 775
847 771
849 787
848 788
833 751
832 752
832 748
814 826
849 776
846 771
847 770
850 787
849 786
834 751
833 748
814 827
850 776
848 776
845 771
847 769
851 787
850 786
835 751
834 752
833 747
814 828
851 776
850 777
848 769
846 769
847 768
851 788
836 751
835 750
834 753
833 746
815 828
852 776
851 777
849 769
845 769
847 767
837 751
836 752
835 749
833 753
832 746
816 828
852 777
850 769
849 768
845 768
847 766
837 752
835 748
833 754
832 745
817 828
816 829
850 770
845 767
837 753
836 748
833 755
831 745
818 828
817 829
816 830
851 770
850 771
845 766
838 753
837 754
837 748
833 756
830 745
819 828
818 827
815 830
852 770
849 771
850 772
844 766
839 753
837 755
838 748
837 749
832 756
833 757
829 745
830 744
820 828
819 827
815 831
853 770
852 769
849 772
850 773
843 766
839 752
839 748
838 747
831 756
833 758
829 744
821 828
820 829
815 832
854 770
851 773
842 766
840 752
839 751
840 748
839 747
831 757
834 758
829 743
822 828
816 832
842 765
841 748
839 746
830 757
834 759
829 742
823 828
816 833
842 764
842 748
841 749
841 747
830 758
834 760
830 742
829 741
824 828
823 827
816 834
843 764
842 763
843 748
841 750
841 746
830 759
829 740
825 828
823 826
817 834
844 764
842 762
843 747
840 750
841 751
830 760
830 740
829 739
824 826
822 826
818 834
817 835
845 764
844 763
843 762
842 761
844 747
843 746
842 751
830 761
830 739
825 826
821 826
822 825
818 833
817 836
845 763
844 762
842 760
843 745
842 752
831 739
830 738
825 825
820 826
819 833
818 836
816 836
845 762
842 759
844 745
843 752
831 738
825 824
820 833
818 837
845 745
843 753
832 738
826 824
825 823
821 833
820 832
818 838
845 744
843 754
833 738
827 824
824 823
821 834
820 831
819 838
818 839
845 743
844 754
842 754
843 755
833 737
828 824
822 834
820 838
819 839
818 840
845 742
845 754
843 756
833 736
829 824
828 823
823 834
821 838
818 841
844 742
845 741
846 754
833 735
830 824
829 825
829 823
824 834
823 835
823 833
817 841
818 842
843 742
846 741
846 755
832 735
831 824
825 834
824 835
823 832
816 841
842 742
847 741
846 740
847 755
832 734
832 824
825 835
816 842
842 743
848 741
848 755
832 733
832 825
832 823
825 836
816 843
842 744
848 740
849 755
833 733
833 825
825 837
816 844
849 740
850 755
833 732
825 838
815 844
850 740
850 756
833 731
826 838
814 844
851 740
850 741
850 739
851 756
850 757
833 730
827 838
826 839
814 845
814 843
850 742
850 738
852 756
834 730
828 838
827 839
826 840
814 846
813 843
851 742
850 743
849 738
850 737
853 756
852 757
835 730
834 729
828 839
828 837
827 840
825 840
814 847
812 843
813 842
850 744
851 737
854 756
852 758
836 730
835 731
835 729
829 839
827 841
825 841
815 847
813 847
813 841
851 736
855 756
852 759
836 731
835 728
828 841
825 842
816 847
812 841
813 840
851 735
855 757
837 731
836 732
835 727
825 843
816 848
851 734
856 757
837 732
836 727
835 726
826 843
824 843
825 844
816 849
851 733
857 757
837 727
834 726
824 844
817 849
851 732
857 758
857 756
833 726
834 725
823 844
818 849
817 850
850 732
851 731
857 759
858 756
857 755
834 724
817 851
852 731
858 759
859 756
858 755
834 723
816 851
817 852
852 730
858 760
859 757
859 755
858 754
835 723
833 723
815 851
818 852
817 853
853 730
859 760
858 761
858 753
832 723
833 722
816 853
854 730
860 760
858 762
858 752
831 723
816 854
855 730
860 761
858 751
830 723
816 855
855 729
858 750
829 723
856 729
855 728
858 749
829 724
829 722
857 729
858 748
828 722
858 729
859 748
858 747
827 722
828 721
859 729
858 730
859 747
858 746
827 723
827 721
860 729
859 730
857 746
858 745
826 721
827 720
860 728
859 731
857 745
859 745
825 721
860 727
860 731
859 732
856 745
860 745
824 721
825 720
860 726
860 732
858 732
859 733
861 745
823 721
824 722
825 719
861 726
859 726
860 725
857 732
859 734
861 744
822 721
824 723
826 719
861 725
858 726
860 724
856 732
857 731
860 734
862 744
861 743
822 720
862 725
857 726
858 727
860 723
861 734
861 742
821 720
822 719
863 725
856 726
861 723
860 722
861 741
820 720
821 719
864 725
855 726
856 725
862 723
861 722
860 721
860 741
819 720
820 719
865 725
856 724
862 722
860 720
820 718
866 725
857 724
862 721
860 719
820 717
866 724
862 720
860 718
821 717
820 716
866 723
863 720
862 719
860 717
820 715
867 723
862 718
859 717
820 714
868 723
862 717
858 717
859 716
821 714
819 714
869 723
868 722
857 717
859 715
821 713
818 714
870 723
869 724
869 722
856 717
858 715
859 714
821 712
818 713
869 725
855 717
856 716
857 715
859 713
822 712
820 712
818 712
870 725
854 717
855 718
855 716
857 714
858 713
859 712
823 712
818 711
871 725
853 717
855 719
857 713
858 712
824 712
823 711
817 711
818 710
872 725
871 724
852 717
853 716
854 719
855 720
857 712
825 712
824 711
816 711
817 710
873 725
853 715
856 720
855 721
857 711
825 713
824 710
815 711
874 725
857 710
825 714
825 710
814 711
875 725
856 710
826 710
813 711
875 726
875 724
855 710
812 711
813 712
875 727
876 724
811 711
812 710
874 727
875 728
876 723
810 711
811 712
877 723
876 722
810 710
811 713
878 723
809 710
810 709
810 713
811 714
879 723
808 710
810 708
810 714
811 715
879 722
807 710
809 714
810 715
879 721
807 711
807 709
808 714
810 716
880 721
879 720
807 712
806 709
807 708
809 716
881 721
805 709
808 708
882 721
804 709
808 707
883 721
882 722
803 709
804 708
884 721
882 723
803 710
884 720
883 723
802 710
803 711
884 719
884 723
801 710
802 711
803 712
883 719
884 718
885 723
800 710
804 712
884 717
885 722
799 710
805 712
804 713
885 717
884 716
886 722
798 710
799 711
805 713
884 715
886 721
798 709
799 712
885 715
883 715
887 721
797 709
799 713
882 715
883 714
888 721
887 720
797 708
799 714
883 713
888 722
887 719
796 708
800 714
799 715
884 713
882 713
889 722
796 707
801 714
800 715
798 715
884 712
881 713
890 722
801 713
797 715
884 711
880 713
891 722
797 716
797 714
883 711
879 713
880 714
891 721
797 717
796 714
882 711
878 713
879 714
892 721
891 720
798 717
796 717
795 714
881 711
878 714
879 715
892 720
891 719
798 718
795 715
881 710
877 714
893 720
799 718
798 719
794 715
880 710
876 714
893 719
798 720
793 715
879 710
875 714
799 720
797 720
793 716
793 714
879 709
875 715
875 713
799 721
792 716
793 717
792 714
793 713
878 709
874 715
875 716
874 713
875 712
799 722
791 716
874 716
875 717
873 713
875 711
799 723
790 716
791 717
875 718
873 714
873 712
875 710
800 723
799 724
789 716
790 717
791 718
874 718
872 712
874 710
875 709
801 723
799 725
788 716
789 715
792 718
872 711
875 708
802 723
798 725
787 716
788 715
876 708
802 724
798 726
786 716
787 717
876 707
802 725
786 717
787 718
877 707
876 706
802 726
878 707
803 726
879 707
804 726
879 706
805 726
804 725
880 706
806 726
805 725
881 706
880 705
806 727
805 724
881 707
880 704
805 723
882 707
879 704
880 703
805 722
883 707
879 703
880 702
878 703
879 702
881 702
880 701
878 702
882 702
880 700
882 703
880 699
881 699
882 699
883 699
884 699
884 700
884 698
884 701
885 698
885 701
883 701
884 702
886 698
885 697
884 703
884 704
885 704
886 704
887 704
886 705
888 704
886 706
888 705
888 703
885 706
889 703
888 702
885 707
890 703
885 708
891 703
892 703
891 704
893 703
892 704
892 702
891 705
893 702
891 706
894 702
893 701
890 706
891 707
895 702
894 701
889 706
896 702
894 700
889 707
896 701
895 700
888 707
897 701
895 699
898 701
895 698
899 701
898 702
898 700
896 698
895 697
900 701
898 703
898 699
895 696
901 701
900 700
898 704
899 699
894 696
901 700
898 705
899 698
893 696
894 695
898 706
900 698
892 696
893 695
894 694
898 707
901 698
900 697
891 696
892 695
895 694
898 708
890 696
891 695
895 693
899 708
897 708
890 697
895 692
900 708
899 709
890 698
895 691
901 708
890 699
896 691
894 691
895 690
902 708
889 699
895 689
902 709
894 689
895 688
903 709
895 687
904 709
895 686
905 709
896 686
894 686
895 685
906 709
905 708
896 685
907 709
906 710
905 707
897 685
896 684
908 709
906 711
905 706
896 683
909 709
907 711
905 711
906 706
904 706
896 682
910 709
909 708
908 711
904 711
905 712
906 705
897 682
911 709
910 708
908 712
903 711
904 712
906 704
898 682
897 681
911 710
911 708
910 707
909 712
903 712
905 704
906 703
899 682
898 681
911 711
912 708
910 706
909 713
902 712
904 704
907 703
906 702
900 682
899 683
898 680
912 711
913 708
910 713
909 714
902 713
903 704
908 703
898 679
914 708
911 713
909 715
902 714
902 704
903 705
909 703
899 679
897 679
915 708
912 713
910 715
903 714
901 704
902 703
909 702
900 679
899 678
896 679
897 678
915 709
913 713
912 714
910 716
903 715
902 702
909 701
901 679
896 680
916 709
913 714
913 712
912 715
911 716
910 717
904 715
903 716
908 701
909 700
901 680
901 678
917 709
914 714
913 715
912 716
903 717
908 700
910 700
909 699
901 677
917 710
917 708
914 715
913 716
904 717
907 700
900 677
901 676
918 710
917 711
917 707
914 716
904 718
907 699
902 676
901 675
918 711
917 712
918 707
915 716
905 718
904 719
906 699
903 676
901 674
918 712
917 713
916 716
905 699
904 676
903 677
901 673
918 713
917 716
904 677
902 673
917 717
905 677
904 678
903 673
917 718
906 677
904 679
904 673
903 672
916 718
917 719
906 676
904 680
905 673
903 671
915 718
917 720
907 676
905 680
905 672
904 671
902 671
903 670
914 718
916 720
908 676
904 670
902 670
903 669
914 719
909 676
908 677
901 670
903 668
913 719
914 720
910 676
900 670
904 668
903 667
913 720
914 721
911 676
910 675
900 671
900 669
904 667
902 667
903 666
912 720
915 721
912 676
910 674
900 668
903 665
911 720
913 676
912 677
911 674
909 674
910 673
899 668
900 667
904 665
911 721
913 677
913 675
911 673
908 674
898 668
900 666
905 665
910 721
914 677
913 678
914 675
908 673
906 665
905 664
909 721
910 722
913 679
914 674
908 672
907 665
906 664
913 680
915 674
908 665
907 664
914 680
913 681
916 674
909 665
908 666
907 663
915 680
917 674
910 665
909 664
908 667
911 665
907 667
912 665
911 664
912 666
913 666
912 667
913 667
911 667
913 668
910 667
911 668
913 669
914 669
915 669
914 670
915 670
914 671
916 670
913 671
914 672
917 670
917 671
917 669
918 671
918 669
917 668
919 669
916 668
917 667
918 667
919 667
920 667
919 666
921 667
919 665
921 668
919 664
922 668
921 669
918 664
919 663
923 668
921 670
920 663
924 668
922 670
920 670
921 663
920 662
925 668
920 671
922 663
920 661
926 668
925 669
925 667
920 672
922 664
922 662
921 661
919 661
927 668
926 667
925 666
921 672
919 672
923 664
923 662
918 661
928 668
927 669
924 666
925 665
921 673
924 662
917 661
918 660
929 668
928 669
927 670
921 674
925 662
916 661
930 668
929 669
929 667
928 670
926 670
927 671
921 675
926 662
925 661
915 661
916 660
930 669
930 667
929 666
928 671
926 671
927 672
920 675
921 676
927 662
915 660
931 669
927 673
921 677
927 663
927 661
914 660
932 669
922 677
921 678
927 664
928 661
927 660
913 660
933 669
932 668
929 661
912 660
913 661
913 659
934 669
933 668
929 660
912 659
913 658
935 669
933 667
930 660
912 658
914 658
913 657
936 669
935 668
915 658
914 657
936 670
935 667
916 658
915 657
935 666
917 658
916 657
936 666
935 665
918 658
916 656
937 666
935 664
919 658
917 656
916 655
938 666
937 667
934 664
919 657
917 655
939 666
934 663
920 657
917 654
940 666
921 657
918 654
941 666
921 656
918 653
941 667
918 652
855 443
