522 553
331 383
469 425
476 465
591 383
491 530
439 322
482 373
610 375
585 475
447 434
516 555
609 346
598 415
351 372
604 392
349 370
398 457
491 534
656 365
445 449
489 582
558 451
529 552
576 380
624 386
350 394
598 446
603 437
393 469
396 473
494 500
542 483
493 453
461 407
477 517
591 435
441 397
503 514
383 375
491 576
513 531
485 398
358 368
502 383
404 453
527 394
633 364
427 473
438 448
446 416
644 375
549 452
638 391
453 445
598 375
501 521
331 374
432 469
483 543
467 498
338 381
490 582
416 463
457 424
549 447
602 406
484 532
415 451
502 577
598 413
571 472
514 547
485 501
501 533
451 329
474 418
647 374
479 513
517 546
424 345
478 434
507 548
579 463
652 375
388 452
486 578
521 553
397 442
151 317
496 558
608 365
480 544
480 450
417 465
503 566
513 557
361 360
467 436
444 407
464 410
438 322
567 469
364 392
548 453
351 361
476 368
656 362
474 499
639 372
482 521
512 389
576 465
459 398
411 466
485 402
550 445
429 457
437 437
553 425
551 442
571 463
607 366
434 327
454 391
495 564
589 382
487 392
627 396
471 391
651 374
552 431
359 397
513 387
509 387
492 554
650 372
448 434
462 394
440 371
491 579
476 367
437 379
438 363
477 522
347 372
393 453
461 408
517 548
504 496
647 375
441 382
448 409
565 466
416 449
649 360
501 497
594 382
572 455
602 441
487 395
646 362
441 323
451 427
649 356
529 557
496 559
463 402
567 466
386 373
442 336
378 379
506 566
472 402
479 550
416 464
607 374
642 361
476 541
447 428
432 383
577 461
522 392
649 358
605 436
567 427
619 369
556 438
485 466
452 377
542 425
446 371
545 475
495 453
451 419
485 538
455 452
489 451
564 452
434 380
476 476
598 383
357 396
421 465
473 421
443 430
478 394
439 364
473 502
545 473
612 369
416 465
600 455
483 500
454 394
485 451
540 465
394 425
600 446
651 360
596 414
508 544
487 457
605 409
596 427
475 502
509 384
475 367
474 479
624 388
596 395
565 464
564 422
486 484
412 371
492 530
487 515
420 462
403 461
148 323
603 425
499 524
466 423
454 429
323 295
490 396
396 472
465 402
600 451
425 464
602 431
151 323
446 398
643 353
490 451
472 494
543 426
599 424
525 389
433 446
492 502
611 371
361 381
539 427
498 552
438 323
476 537
592 459
497 557
529 402
377 376
565 415
652 371
545 484
357 360
437 361
477 477
642 370
474 419
431 450
391 451
431 365
424 347
567 418
447 442
541 465
451 377
583 471
487 536
439 397
519 557
396 449
546 441
435 450
439 448
400 454
434 449
427 451
361 389
551 466
533 404
520 552
423 468
592 427
468 424
609 366
635 357
492 394
606 374
455 391
433 326
454 427
357 361
514 557
384 448
487 466
489 583
497 388
402 366
447 435
512 534
471 394
594 427
608 376
392 437
424 348
550 425
485 576
620 381
454 399
483 450
648 373
468 456
150 316
550 443
474 392
472 400
494 451
381 379
375 383
523 551
560 448
470 496
478 468
411 464
401 468
489 558
359 373
592 417
536 420
426 471
477 398
469 435
424 449
571 466
457 450
356 363
609 373
509 544
530 395
649 357
524 388
431 449
602 380
489 496
469 402
502 564
471 453
608 350
396 469
552 453
459 414
414 465
388 363
447 400
627 362
393 425
603 405
151 318
541 464
351 392
525 561
398 458
600 377
445 439
337 368
389 364
521 392
480 369
630 360
642 362
426 451
432 381
498 531
493 463
471 404
549 415
507 382
366 381
526 394
569 428
637 363
489 579
438 332
394 437
542 440
590 430
515 550
399 427
523 392
356 364
481 451
499 575
549 459
551 462
471 474
538 417
585 379
550 471
491 562
466 460
649 361
501 557
411 461
491 505
344 372
322 295
319 292
445 432
569 464
361 394
456 370
495 577
458 402
473 496
503 552
557 459
453 450
576 379
596 413
528 552
414 466
625 394
571 470
341 373
643 384
551 475
617 370
597 378
610 368
469 446
334 380
339 384
601 424
493 521
438 327
445 397
536 413
478 389
452 419
482 452
439 362
437 380
539 483
452 442
636 355
457 453
446 384
541 461
432 365
567 457
600 403
449 388
555 464
534 402
393 429
537 414
599 394
550 454
439 395
469 389
488 525
475 508
486 402
449 407
403 465
375 378
396 433
486 517
548 475
502 387
565 413
356 393
421 467
487 405
452 391
638 368
151 316
475 542
445 410
549 417
438 374
490 520
469 456
504 384
561 459
398 425
473 545
539 422
649 372
545 483
472 507
511 538
433 469
604 393
438 316
396 452
501 551
481 524
545 456
486 457
475 471
602 440
496 554
560 453
488 462
579 376
610 352
622 387
631 361
642 352
525 404
484 394
422 450
456 415
490 519
501 543
481 437
451 421
415 372
466 421
533 412
437 314
438 318
630 359
487 514
342 374
383 373
456 413
495 560
598 410
512 565
461 401
649 359
408 464
447 432
445 382
605 381
635 379
468 405
384 279
595 450
458 454
453 388
472 502
519 555
531 407
439 314
465 411
392 429
479 466
444 436
351 373
561 448
532 411
485 553
435 364
574 471
515 543
364 381
637 377
393 476
640 369
634 388
511 386
502 497
494 499
420 449
493 451
603 381
385 373
476 475
497 553
440 360
492 462
357 370
575 472
486 537
443 433
464 447
502 386
492 452
440 336
481 488
502 575
488 579
451 408
458 397
448 414
556 425
577 377
393 375
451 425
603 433
492 577
547 446
447 323
393 448
349 395
604 435
543 415
603 383
434 467
598 423
463 498
402 371
494 531
432 356
511 546
449 385
542 426
595 430
652 379
478 369
553 424
500 531
390 360
592 464
423 345
513 544
448 452
496 578
475 438
480 486
542 415
518 392
595 464
357 384
497 579
518 391
580 379
603 379
479 394
446 324
549 468
404 373
543 414
448 383
392 448
547 477
554 424
471 393
643 386
396 464
632 393
634 364
350 371
568 426
458 394
624 394
386 447
399 430
503 547
395 474
341 368
636 372
347 374
474 450
638 365
495 559
467 460
579 375
478 390
395 473
372 384
150 325
467 461
442 318
397 426
358 364
630 375
626 381
437 364
559 455
644 357
493 502
488 512
635 364
572 456
488 527
513 546
641 352
398 456
613 368
604 395
596 386
449 383
604 439
351 368
649 379
502 543
644 382
544 464
474 449
597 417
464 404
646 361
467 394
601 381
434 441
588 475
335 381
462 409
466 411
501 519
494 554
485 504
565 459
491 457
639 379
545 410
394 444
498 521
366 395
487 487
392 451
557 455
469 506
578 373
549 422
415 459
512 542
472 390
442 431
456 410
398 424
482 466
600 448
400 457
490 558
405 467
488 456
512 519
474 448
640 362
487 497
550 452
508 550
559 449
517 392
475 454
550 469
416 370
560 426
468 496
497 556
474 507
459 410
434 381
492 557
605 438
628 375
568 461
358 366
599 410
446 386
148 315
350 375
586 469
465 390
529 400
605 433
452 392
429 383
484 484
425 472
556 439
487 452
395 425
504 558
494 467
371 388
490 499
642 388
551 453
632 358
434 444
487 501
474 367
597 446
463 403
551 477
551 427
481 397
482 367
608 377
551 428
412 462
474 445
473 441
596 392
351 376
603 441
512 543
395 444
485 535
597 387
462 442
557 438
624 381
557 458
546 474
482 550
391 452
353 368
396 444
396 451
645 382
563 424
562 424
391 378
495 389
593 433
616 373
575 475
437 367
435 360
539 440
399 457
477 513
340 373
397 440
488 505
358 367
387 371
533 409
513 538
465 407
404 454
479 543
408 465
416 459
388 365
597 453
484 556
479 451
463 505
638 372
544 459
354 373
399 444
452 388
486 524
491 527
598 392
515 555
439 315
494 575
456 452
390 361
452 437
477 395
484 465
390 377
456 419
433 383
467 449
483 451
468 447
418 460
600 404
491 581
538 483
481 396
500 575
596 429
489 456
631 375
392 430
462 398
495 464
538 412
438 380
435 445
439 396
393 445
393 460
439 367
648 356
468 446
393 427
601 394
476 390
594 462
576 471
493 456
595 389
546 413
447 395
568 418
448 432
648 374
475 355
424 458
407 373
636 379
437 448
395 468
460 402
553 464
617 380
598 378
359 370
441 439
510 537
488 522
534 410
439 324
629 375
605 408
381 378
445 319
487 580
486 538
637 371
511 387
463 405
599 377
436 444
482 577
359 358
426 384
418 467
352 374
413 451
357 359
536 418
357 373
490 573
329 378
638 362
508 552
455 449
430 458
462 401
444 336
415 448
468 391
484 501
498 578
360 398
503 565
461 393
593 407
476 547
421 468
480 550
641 362
444 319
600 440
448 416
435 373
455 453
446 449
612 366
485 520
548 455
605 439
436 378
441 321
511 385
152 318
546 415
394 448
151 314
393 423
434 330
494 582
492 555
568 475
643 385
392 357
610 372
527 400
478 521
552 460
612 359
603 446
424 471
448 418
547 458
626 383
491 561
406 466
400 366
569 461
511 565
549 448
638 392
392 375
550 475
416 372
484 550
607 373
509 519
477 366
426 448
470 416
390 372
487 404
463 507
586 380
548 416
599 455
320 295
500 576
493 449
498 529
593 428
146 316
535 418
574 464
515 559
390 364
470 402
609 348
511 519
516 554
627 394
521 552
420 458
458 396
395 454
493 389
522 558
445 451
596 394
514 555
527 398
568 459
577 465
388 374
479 400
417 461
467 412
510 385
515 540
528 400
509 543
479 487
467 458
465 389
548 445
611 375
510 554
327 378
603 438
543 410
455 412
490 530
602 424
412 373
545 482
438 334
431 382
504 532
468 430
154 318
501 500
393 437
503 495
520 555
480 466
359 376
471 437
600 408
631 371
512 518
358 396
478 435
456 438
481 545
506 387
436 450
526 401
543 465
491 533
153 319
610 374
554 439
465 457
471 497
512 554
538 419
589 431
551 438
428 451
553 466
548 417
497 522
445 407
595 383
496 561
595 421
641 383
568 467
482 539
466 415
646 357
567 428
572 471
394 476
459 411
531 551
561 453
453 415
505 385
427 472
597 427
446 407
642 360
444 382
530 401
616 380
643 379
582 379
641 371
520 545
495 552
597 456
449 337
395 462
486 495
597 432
452 429
475 463
362 380
486 523
552 461
424 386
444 426
581 467
436 448
440 448
492 579
472 493
466 452
452 439
475 465
565 418
464 442
351 360
589 467
391 477
388 364
464 394
504 495
477 370
505 518
524 390
482 488
516 548
523 561
493 501
445 372
639 382
588 381
644 385
553 440
587 474
394 447
486 456
494 578
509 554
486 368
539 423
503 571
396 471
332 372
641 387
320 293
454 409
640 388
466 450
572 472
549 420
629 362
468 429
477 500
457 425
471 421
554 437
478 499
451 388
353 372
596 385
487 458
351 367
526 402
627 376
339 382
408 369
360 380
474 509
544 414
478 393
502 553
356 395
450 388
426 472
544 469
474 442
433 445
371 382
487 374
399 428
439 335
448 415
332 381
488 374
597 431
428 471
360 376
570 462
551 452
650 379
596 389
441 322
491 574
493 553
487 398
396 447
483 466
441 366
641 370
557 425
484 553
479 372
518 546
602 432
486 455
584 470
464 444
486 520
487 505
465 416
496 500
353 371
506 544
351 394
473 473
480 522
599 383
499 533
596 407
449 400
446 412
396 426
592 470
598 376
528 397
433 472
439 384
636 371
472 472
487 464
425 473
426 463
535 411
386 369
350 392
492 519
414 468
469 504
389 439
635 382
491 577
434 328
611 370
500 577
400 428
499 500
465 450
593 466
469 507
440 367
599 395
456 395
410 464
464 497
603 382
420 461
403 440
554 436
498 528
450 379
485 500
513 549
491 525
321 294
507 542
577 380
403 366
609 369
538 413
519 391
444 439
510 551
607 409
466 388
437 442
473 439
610 346
362 393
554 448
409 375
405 372
505 550
404 370
601 405
405 366
479 542
608 373
446 411
479 488
569 468
445 384
473 438
609 352
576 462
481 543
421 466
460 416
560 461
149 323
451 452
599 451
419 448
373 383
347 375
539 421
511 543
552 452
652 370
632 359
641 377
457 421
523 543
637 362
566 466
474 471
504 546
466 387
492 562
602 426
497 555
357 393
502 551
463 506
497 564
471 507
344 370
552 471
545 469
504 386
344 385
566 417
549 463
451 455
438 365
493 499
538 425
501 532
451 428
401 461
358 357
583 379
337 381
488 520
638 384
638 364
604 425
471 506
489 500
446 433
472 455
486 374
642 357
429 452
436 446
478 488
355 393
598 430
610 356
442 392
148 316
452 445
630 380
610 351
643 382
600 407
497 577
357 385
472 475
445 434
439 338
442 370
487 525
439 319
445 433
553 471
446 438
516 546
644 356
603 406
458 395
507 549
360 382
576 378
656 364
483 395
501 568
486 527
638 390
501 520
333 380
590 386
500 385
641 385
412 372
450 378
406 372
566 424
550 476
501 548
455 395
560 450
475 500
318 295
413 452
398 443
607 352
371 385
340 384
387 370
554 433
484 494
475 476
499 388
537 483
342 368
494 391
468 504
360 379
503 558
545 443
475 478
151 313
510 553
438 364
500 525
466 459
150 327
637 391
440 381
552 434
594 457
582 471
359 375
537 427
397 474
450 385
581 464
548 432
546 437
582 474
489 459
501 558
367 385
476 516
455 409
448 408
501 553
434 326
491 503
486 525
479 399
502 515
489 502
379 450
489 532
359 371
433 368
486 485
463 409
599 408
358 365
495 465
486 401
573 469
494 520
612 358
424 385
598 374
400 433
570 474
614 352
464 498
554 453
482 465
471 455
478 437
640 370
633 380
586 379
535 482
591 427
428 364
543 483
420 465
387 372
493 530
642 384
444 397
411 364
597 418
432 448
487 406
487 572
393 372
567 464
411 366
395 458
474 546
480 488
621 381
549 466
494 532
440 319
596 416
645 376
557 461
549 421
402 461
645 360
591 434
459 396
586 477
455 417
457 422
456 386
451 426
568 420
485 394
479 467
646 356
444 449
543 411
541 462
609 360
440 364
444 328
515 557
511 547
319 295
358 358
447 385
502 516
476 397
412 464
489 503
569 474
473 419
580 377
556 448
570 455
465 401
474 438
450 439
485 484
547 480
559 427
470 495
442 448
387 363
613 370
582 473
475 515
480 367
489 524
514 542
581 380
446 439
398 444
548 447
533 482
455 428
496 550
571 474
488 521
529 556
338 378
436 376
401 455
386 450
405 371
442 433
491 396
360 356
480 467
452 450
621 374
149 329
543 412
626 396
482 394
442 438
389 431
600 383
460 451
637 374
486 466
566 457
454 372
492 449
469 423
397 456
488 557
400 452
610 361
571 469
535 410
478 362
464 450
569 425
406 464
503 554
373 384
510 543
492 584
548 435
489 375
492 388
361 376
379 451
369 392
441 338
483 523
330 380
442 429
449 420
414 462
428 458
505 564
627 381
618 375
487 579
483 501
545 471
369 390
476 471
548 414
357 382
425 457
553 462
509 564
504 548
509 549
550 439
430 471
532 410
478 500
576 464
510 538
392 449
542 428
601 380
435 376
477 514
472 401
547 479
379 380
468 425
500 521
353 369
430 361
362 355
596 430
523 559
476 485
644 374
424 468
634 372
338 377
486 528
390 451
567 459
542 422
598 412
483 374
437 451
651 379
503 544
595 392
508 541
470 404
550 427
552 432
502 573
490 557
399 432
482 522
640 366
571 455
498 500
521 391
467 413
397 441
400 461
617 378
629 381
615 353
455 410
568 424
612 368
357 363
485 401
479 367
474 480
618 380
347 371
428 449
505 561
398 460
495 585
443 435
469 405
418 465
431 367
476 482
486 536
530 552
509 553
600 380
550 417
442 394
547 475
448 324
466 416
643 376
477 361
631 370
495 519
509 385
336 381
464 392
478 398
570 467
503 570
473 546
479 434
650 374
529 554
386 367
320 398
486 504
402 365
551 463
482 451
566 418
485 373
549 454
588 469
640 391
411 370
480 543
503 533
643 364
449 328
639 384
472 438
634 380
512 549
479 539
493 554
485 468
395 463
520 550
567 468
463 363
425 463
438 360
442 349
405 441
356 383
430 356
600 406
646 380
553 454
436 360
531 550
438 452
414 451
590 382
524 551
478 513
594 464
148 324
636 353
401 428
643 381
627 395
407 369
396 470
643 377
598 372
639 389
443 398
396 439
500 530
360 359
450 383
512 566
475 401
470 504
451 422
502 548
417 460
542 429
378 451
376 382
450 443
395 464
379 376
510 535
572 470
420 459
545 412
550 444
501 518
457 423
613 366
358 363
471 505
632 395
524 394
491 519
566 416
547 437
416 451
421 469
452 408
471 496
388 449
342 383
505 563
397 470
465 409
511 384
463 407
425 461
638 370
609 363
491 395
471 510
479 362
631 374
399 435
635 353
494 449
383 450
588 383
437 439
432 470
425 465
644 383
561 446
492 527
508 533
485 368
573 464
356 371
494 464
438 375
653 360
417 371
622 374
382 373
599 432
443 397
457 426
520 391
556 458
432 446
464 411
447 448
393 455
450 407
480 394
497 563
406 462
472 393
491 517
638 378
633 371
478 538
546 456
540 484
604 383
503 551
595 414
390 431
517 558
345 372
533 408
639 388
593 415
525 400
525 394
445 325
447 413
478 370
351 390
487 528
515 551
443 365
449 354
528 396
448 336
609 372
480 546
478 541
562 425
475 393
601 406
382 450
358 371
603 410
567 424
650 357
443 451
487 461
616 349
408 372
567 470
495 500
468 423
507 563
450 329
350 369
515 558
473 393
353 364
456 450
444 326
492 526
472 473
446 395
568 463
385 448
500 387
394 469
503 384
591 429
594 458
395 440
638 371
592 433
475 499
599 433
457 438
593 461
546 459
487 403
431 356
389 452
599 398
531 401
397 452
476 514
559 456
572 469
449 428
597 407
439 332
351 374
490 556
360 381
400 455
644 355
391 360
421 449
515 545
553 442
591 386
337 380
566 425
485 577
439 320
337 367
604 379
393 426
500 500
439 363
414 467
598 414
595 416
593 414
452 395
435 381
562 458
564 458
548 448
150 323
599 453
601 441
489 457
489 397
500 554
642 391
594 454
544 416
468 495
480 539
499 571
506 545
468 421
443 448
469 392
504 499
373 385
504 551
546 458
487 499
416 462
424 384
542 427
439 316
522 388
401 365
654 360
403 371
485 452
385 378
602 392
323 296
449 405
584 471
553 461
598 424
447 429
436 445
398 433
400 456
257 332
479 541
415 374
456 425
634 362
526 561
636 354
478 466
361 393
401 369
504 518
491 456
430 383
502 569
585 470
648 355
580 374
361 375
501 572
443 394
438 328
599 412
391 374
403 453
550 470
493 450
474 444
484 486
552 426
451 384
508 565
528 394
455 430
392 460
595 406
469 437
571 465
614 367
389 367
547 432
536 403
464 395
504 521
546 480
537 418
494 555
445 386
487 522
557 462
432 443
341 384
574 477
471 401
468 436
566 467
480 545
486 576
455 408
320 292
646 359
357 372
635 389
601 377
453 451
353 365
459 397
447 324
545 474
420 464
477 476
469 495
432 473
483 373
436 315
467 431
470 401
434 371
652 372
533 406
460 409
467 504
509 521
600 424
552 467
540 466
603 436
447 327
513 391
606 439
537 403
544 471
340 374
413 458
558 447
631 360
467 411
395 475
423 449
502 495
610 369
634 381
390 437
635 356
447 443
418 448
478 449
545 472
448 337
477 469
466 456
631 384
535 421
491 502
442 397
448 406
544 412
534 401
406 461
592 415
406 463
643 352
470 506
443 323
522 557
565 458
551 430
339 369
613 371
516 550
485 556
539 416
622 373
339 381
476 438
491 529
537 482
616 370
487 401
600 398
365 392
607 378
566 421
476 393
360 378
475 543
397 459
352 361
406 366
360 396
460 394
488 524
367 382
494 561
599 448
476 499
633 394
395 460
471 425
469 393
356 396
581 470
509 536
481 398
482 395
479 489
495 557
329 376
470 426
484 551
470 505
457 420
526 551
635 388
474 401
506 519
422 465
455 399
416 448
585 477
628 362
463 394
495 561
497 523
392 373
444 337
509 551
609 362
369 391
358 369
490 529
462 387
560 449
438 333
375 379
423 344
579 462
451 383
460 452
496 529
578 381
611 373
635 363
430 470
439 382
397 433
441 373
435 446
374 381
599 406
559 448
631 372
528 401
612 375
466 461
529 558
548 468
575 471
553 467
631 362
542 459
389 378
433 468
495 576
484 552
651 373
407 460
485 511
523 553
545 470
598 431
549 458
567 420
517 543
360 395
486 526
562 459
482 491
442 364
467 423
391 372
465 392
466 451
591 382
430 449
526 400
597 452
446 325
587 470
494 468
540 413
427 457
598 382
476 478
594 416
398 463
447 433
578 382
460 412
447 328
532 401
506 520
567 463
467 421
493 585
624 372
571 464
433 470
405 375
631 381
393 424
600 449
449 387
488 536
431 383
468 415
552 438
394 429
445 408
621 380
448 405
541 440
514 536
614 355
652 377
544 466
360 360
505 562
506 533
358 370
488 509
485 512
467 446
500 388
596 428
653 372
502 496
497 558
361 356
547 468
474 508
499 525
454 415
605 379
437 440
463 401
551 416
546 484
434 379
466 457
554 432
487 498
395 437
480 451
346 375
578 380
628 381
480 540
399 429
148 327
471 403
469 411
398 459
363 357
478 518
445 436
464 448
514 546
498 533
580 463
374 382
407 371
363 381
487 548
476 510
344 369
563 458
358 373
476 501
401 453
485 578
466 431
443 382
408 374
389 374
437 363
484 538
386 363
602 425
450 440
611 356
487 460
551 432
566 423
516 549
339 375
500 555
526 403
386 371
589 385
414 459
488 549
481 546
569 465
466 430
391 358
468 497
474 502
566 464
605 393
578 377
434 440
634 390
446 328
500 571
378 376
633 362
427 383
363 392
455 386
583 467
451 379
456 423
480 487
605 407
547 467
473 449
437 328
453 391
359 383
402 438
592 461
400 432
590 388
548 419
567 458
366 396
583 465
600 402
608 372
444 433
578 374
609 353
366 393
482 396
468 420
477 512
477 450
457 415
475 353
654 362
365 396
470 394
487 397
547 474
483 534
548 459
448 410
590 387
644 352
481 548
449 429
590 383
654 359
484 452
150 319
600 447
397 464
468 411
448 327
503 518
342 387
565 465
440 396
486 373
557 448
439 339
623 385
521 560
329 382
494 562
432 472
642 379
497 529
449 413
539 415
472 436
392 372
427 456
401 427
457 454
558 460
611 367
407 461
454 397
355 359
406 460
492 520
483 394
479 450
441 429
436 451
453 376
481 365
503 562
545 481
323 294
574 476
476 392
499 519
574 475
441 372
634 392
330 381
540 426
390 374
532 407
375 384
549 449
471 508
464 405
589 388
481 521
381 450
590 433
510 564
503 515
541 484
550 453
448 385
601 454
539 413
444 451
458 403
380 377
530 551
501 579
478 436
484 533
471 451
429 362
394 473
580 380
432 384
465 417
474 544
514 554
503 382
421 459
487 459
589 380
450 420
594 407
428 472
413 459
597 375
399 442
424 459
481 547
485 399
573 475
397 444
634 357
372 382
549 469
436 377
480 372
477 541
599 411
473 440
435 449
511 533
387 451
568 456
389 432
606 409
557 460
383 379
479 522
328 382
412 463
433 449
572 474
520 551
631 363
583 468
357 366
587 475
639 377
567 425
544 441
450 452
504 385
649 370
616 350
643 357
475 509
484 534
552 454
633 370
476 480
403 436
439 380
436 374
492 395
503 383
467 415
466 391
557 453
404 441
601 447
468 394
451 451
404 468
494 585
476 448
412 461
391 469
511 549
508 384
515 538
450 428
494 530
428 457
501 571
477 438
653 358
594 451
550 447
358 356
346 372
396 438
633 372
472 399
493 560
495 529
631 364
392 469
393 436
422 345
422 460
496 581
476 538
500 526
433 329
455 418
613 352
468 508
514 541
393 428
481 549
624 395
575 462
339 367
442 439
436 370
367 394
484 495
500 556
602 394
480 521
409 369
498 577
449 327
502 542
449 376
559 453
447 407
534 406
533 405
600 450
469 416
510 563
485 502
556 462
598 373
601 378
474 474
509 386
347 373
642 385
476 477
513 550
514 392
359 356
594 384
592 458
509 534
510 541
429 364
517 557
375 382
478 392
473 420
441 396
563 423
567 423
455 414
484 466
437 374
541 426
353 362
469 475
397 432
415 373
603 426
632 357
548 437
498 520
597 416
454 437
441 428
469 474
464 397
550 422
435 370
465 430
536 427
526 397
480 373
443 434
540 482
487 512
148 322
477 538
590 468
480 396
470 417
651 361
489 522
635 365
612 355
321 293
465 507
391 434
631 357
496 552
638 363
599 427
474 446
330 375
498 519
366 392
486 398
551 461
541 422
558 452
152 319
632 362
470 391
502 381
535 420
473 365
390 365
413 370
538 414
450 418
538 415
473 399
543 422
634 382
539 425
545 480
484 467
340 371
524 389
548 469
488 463
406 468
594 465
392 450
476 435
450 429
153 318
500 518
430 367
357 371
575 463
407 370
404 366
429 366
427 384
590 429
362 376
590 385
477 360
473 509
495 558
485 537
362 392
568 425
479 401
503 500
412 456
424 457
555 440
404 440
592 460
516 391
395 461
460 415
592 428
502 544
598 396
470 510
390 450
598 432
460 411
361 357
550 437
488 547
624 373
388 368
354 360
395 451
434 373
483 538
496 551
625 381
596 393
502 578
340 370
394 453
465 504
342 373
595 407
520 561
402 468
402 370
546 414
492 456
597 445
492 464
545 441
616 368
443 439
642 364
384 373
441 320
487 557
438 321
596 424
505 545
152 323
395 466
646 378
478 467
483 539
601 382
603 393
390 363
611 369
556 454
486 505
619 379
648 376
479 490
485 534
476 509
495 562
505 560
418 371
428 366
338 367
419 464
367 392
362 360
408 370
579 377
417 369
616 375
505 521
477 437
592 468
447 452
600 425
416 450
443 437
568 421
489 460
492 389
476 464
646 376
623 371
340 369
432 467
348 395
419 462
508 535
469 410
455 415
552 464
491 583
555 454
475 391
457 419
501 387
438 367
484 558
481 436
442 382
573 374
480 400
383 376
428 383
510 536
520 557
493 465
488 533
471 456
464 451
361 388
458 414
444 325
387 368
413 374
233 293
557 439
503 563
335 380
470 410
470 508
443 407
368 386
612 374
407 459
643 363
494 529
596 388
550 424
577 374
628 396
388 362
416 371
338 375
551 470
649 373
550 438
490 458
592 462
534 403
625 384
508 549
493 452
419 466
533 402
541 421
501 556
414 371
490 581
508 519
449 389
568 429
554 438
481 539
489 533
436 375
595 422
354 361
489 555
433 379
508 383
418 459
541 416
539 414
444 371
150 326
543 443
474 506
416 460
484 373
435 363
357 398
489 464
491 516
485 499
599 393
328 376
443 324
508 534
331 381
481 368
487 538
429 365
400 434
516 558
349 362
595 451
591 468
555 441
486 375
581 463
422 459
493 464
609 377
370 385
485 494
502 498
608 375
485 550
478 522
451 424
446 396
464 443
456 427
486 397
574 374
596 453
373 382
348 371
492 393
598 448
453 427
578 464
550 416
624 387
362 391
524 393
499 565
636 391
514 543
527 550
531 408
454 396
476 450
443 429
501 570
469 508
444 318
399 366
490 397
149 315
522 545
638 385
390 373
656 363
333 381
477 435
451 437
598 455
493 388
349 394
405 365
443 436
512 388
402 440
332 383
487 520
411 371
586 381
481 371
508 540
541 415
505 558
435 379
582 464
534 482
555 448
438 331
597 422
553 438
537 440
500 523
474 443
612 357
486 394
418 466
573 373
488 572
455 425
626 395
600 400
441 364
464 407
478 516
510 549
454 417
585 476
365 391
508 567
443 336
641 381
502 580
448 386
450 400
488 461
427 450
578 463
562 447
608 361
342 385
600 394
340 372
569 455
584 469
491 465
457 452
425 462
579 374
474 399
455 390
598 421
615 350
544 417
470 451
494 577
438 441
550 467
503 498
384 374
519 546
480 371
488 555
589 383
576 374
535 403
443 393
468 417
555 449
479 437
503 567
651 357
362 377
485 555
486 535
554 452
476 545
148 317
594 463
555 425
152 314
597 455
651 375
394 460
628 379
450 406
481 550
478 520
466 417
490 459
484 523
467 430
400 436
559 450
150 314
387 374
655 362
399 431
461 450
447 412
538 420
359 359
453 429
433 366
486 512
478 517
608 446
505 544
356 372
441 438
432 442
521 555
594 453
417 447
374 379
426 462
441 318
470 503
480 434
605 442
444 384
617 376
611 372
562 448
575 459
350 372
380 378
542 441
450 390
446 428
484 485
493 466
341 367
638 369
424 460
425 384
553 435
513 543
501 517
438 330
544 456
484 468
583 469
511 534
477 393
601 443
435 368
464 396
554 466
599 425
510 387
443 318
476 398
552 427
435 440
615 372
424 469
603 435
497 552
366 382
591 416
479 500
623 370
439 360
436 372
428 452
466 454
527 397
478 448
595 452
570 472
475 541
598 416
358 383
358 360
583 472
514 537
548 454
553 426
455 416
482 495
486 403
476 463
467 456
555 424
465 447
492 451
450 401
504 533
610 371
448 382
489 501
431 451
501 573
485 400
547 419
471 422
488 558
352 392
483 524
448 430
483 537
361 355
481 500
601 383
544 467
544 443
458 422
508 521
475 418
495 520
389 361
600 453
443 449
593 454
540 424
540 416
488 573
462 450
502 576
390 436
641 389
543 480
478 391
639 366
449 399
432 367
368 385
502 518
551 424
469 390
487 555
366 391
491 556
541 483
151 312
485 523
538 427
547 478
623 373
521 545
466 453
407 464
633 357
635 372
510 565
485 453
352 368
469 406
379 379
580 470
617 369
437 329
625 374
635 390
435 328
457 410
590 427
465 498
428 450
329 380
425 460
489 523
413 373
630 396
550 463
374 380
608 366
551 474
533 407
474 473
257 331
474 542
514 391
630 362
646 379
494 453
343 386
396 437
396 474
435 377
504 387
503 553
481 373
468 389
590 428
473 480
515 541
392 358
467 414
405 461
402 465
433 360
486 486
472 449
392 446
458 413
482 543
450 421
493 529
422 449
589 381
602 381
487 500
447 441
491 580
597 410
417 448
482 489
544 480
505 568
521 559
543 416
471 426
484 543
650 361
511 532
402 455
466 422
463 406
590 384
382 378
608 379
483 452
602 379
467 452
521 557
405 468
475 475
554 423
453 446
386 377
614 369
355 366
477 367
565 414
496 521
349 371
394 438
344 386
476 439
492 583
545 466
501 531
398 464
484 453
475 501
383 448
369 385
530 394
387 369
431 452
549 418
357 394
487 513
485 549
645 385
461 399
352 373
149 314
608 371
523 545
489 527
601 398
606 376
598 377
494 466
548 431
634 394
471 449
490 534
502 550
488 464
398 427
472 392
556 456
453 408
417 464
467 497
552 466
495 554
651 372
509 552
403 468
624 382
402 466
546 440
596 383
599 419
450 405
451 418
419 461
450 454
606 393
575 464
568 468
474 454
455 387
473 506
451 429
633 382
362 357
476 546
510 548
484 535
628 376
525 560
386 368
596 423
515 556
593 417
595 390
452 444
600 378
471 423
478 400
329 374
411 373
443 325
426 457
476 357
497 554
529 555
489 580
455 427
585 478
328 380
449 421
601 446
497 562
433 381
442 396
639 364
523 555
635 367
544 410
357 356
502 533
452 389
368 392
491 575
443 431
501 569
396 460
436 438
540 423
388 366
395 439
449 419
436 328
424 463
490 506
438 329
470 447
461 394
361 390
623 372
475 481
396 453
551 431
510 519
369 389
488 554
464 446
583 464
395 447
402 434
434 368
453 425
456 387
523 390
642 363
511 391
455 388
474 452
549 413
513 532
625 373
463 499
490 527
437 452
600 405
487 517
523 558
453 394
457 372
467 395
500 558
596 422
371 386
631 369
437 450
452 438
487 516
504 568
487 375
150 315
581 468
490 505
571 454
404 372
501 578
474 398
487 509
610 353
599 378
585 381
465 387
565 422
593 467
614 353
473 498
481 400
469 429
443 438
546 443
447 399
653 359
556 440
491 528
496 577
599 421
610 348
360 383
462 400
490 399
552 435
620 375
476 522
437 441
483 522
593 462
487 549
504 562
456 449
646 360
474 420
354 366
353 363
653 362
484 368
647 356
372 385
614 372
466 498
473 507
370 388
540 425
638 367
500 564
400 435
398 442
474 475
558 448
472 454
392 445
487 495
467 455
525 551
629 395
570 425
568 428
546 476
550 431
509 541
492 396
449 440
433 327
594 461
480 370
527 552
493 505
440 370
535 413
459 450
438 325
547 456
568 455
357 362
549 431
489 573
494 389
376 376
644 376
582 468
475 354
489 497
388 430
482 500
546 475
338 380
389 436
451 391
599 397
551 471
380 376
487 368
503 381
480 395
568 460
370 389
534 405
614 368
480 437
584 473
510 555
638 389
395 453
436 447
579 380
375 377
350 370
465 386
537 420
642 382
599 420
507 532
350 361
390 378
470 405
478 519
401 434
397 453
553 452
505 387
578 465
454 398
546 485
487 393
390 439
523 544
506 549
614 371
367 383
343 369
489 549
386 448
610 367
604 441
529 553
559 454
501 580
472 391
478 469
524 392
487 400
590 470
441 371
630 369
608 378
432 382
568 423
619 381
613 351
429 361
603 409
455 413
488 519
495 521
439 449
611 347
471 436
595 427
454 364
520 548
351 391
386 430
442 323
493 561
149 327
471 395
486 499
505 549
482 533
654 372
549 445
478 373
473 499
444 317
622 381
430 366
470 448
399 454
499 558
487 486
597 392
379 378
642 358
493 557
515 392
367 396
486 555
602 443
415 466
539 420
609 374
550 477
504 545
640 381
495 575
619 372
447 326
499 572
616 367
465 508
375 376
498 530
486 518
639 380
598 452
488 403
547 465
353 370
498 532
402 364
513 533
423 460
365 381
491 462
611 360
572 464
412 466
482 494
599 446
435 371
569 475
480 500
516 392
449 384
504 565
481 485
441 394
500 553
327 380
525 390
551 473
587 382
483 495
463 451
507 544
509 542
493 584
475 473
470 511
434 360
436 379
456 409
494 392
471 416
512 390
561 447
484 493
421 448
376 377
641 391
434 329
467 435
549 419
337 375
447 325
495 454
505 522
507 533
602 434
512 538
392 444
482 368
442 398
535 412
492 525
645 381
631 396
459 402
464 409
442 371
618 373
445 328
482 547
499 564
494 580
430 456
490 398
460 401
389 379
562 453
505 559
473 453
320 294
355 358
405 466
491 555
479 373
604 442
490 533
430 452
471 438
635 362
486 396
499 574
476 500
548 434
640 383
476 394
489 509
480 523
448 413
523 391
495 455
339 368
629 376
492 533
609 361
342 386
477 399
453 398
626 361
501 564
412 370
594 428
152 315
571 467
489 499
527 399
430 357
500 519
452 398
496 501
484 399
445 398
389 362
597 409
396 436
588 467
634 370
486 554
390 432
438 366
488 510
617 377
513 545
626 384
466 455
486 452
401 452
473 401
603 444
485 498
632 363
483 577
476 469
642 359
412 457
524 558
610 377
394 468
345 385
473 497
541 439
486 395
637 379
390 435
554 463
353 366
507 519
381 374
612 370
494 388
464 449
498 564
599 400
603 432
545 459
416 369
149 328
473 442
488 466
397 469
152 312
495 578
396 467
464 504
490 457
557 456
632 364
462 399
639 362
463 398
604 406
398 434
454 425
148 321
469 436
442 395
350 393
402 369
460 398
488 507
381 373
584 474
448 440
338 379
464 445
474 482
388 451
472 495
454 439
437 360
386 446
477 369
594 417
472 441
488 548
436 371
510 562
603 434
500 386
536 416
402 453
601 376
436 373
318 293
615 373
550 442
448 384
486 519
403 441
503 532
530 402
446 448
477 510
476 517
552 472
533 401
457 395
466 395
652 378
381 375
469 428
566 420
391 362
483 491
394 370
433 369
626 362
641 388
454 449
631 365
642 381
475 514
398 426
542 423
609 364
446 385
510 534
635 355
524 550
564 423
450 398
481 366
517 549
547 473
555 462
480 485
490 504
439 318
331 382
547 476
452 443
560 460
475 482
466 390
467 450
450 424
401 436
403 369
503 387
439 323
560 424
524 400
632 394
590 469
386 451
558 425
608 374
503 534
477 434
371 387
514 538
477 485
596 387
589 469
438 447
367 384
557 454
503 569
542 465
382 379
390 438
606 378
577 378
480 452
549 451
599 426
509 520
601 440
523 560
540 481
396 459
472 450
629 377
462 507
474 356
599 396
343 387
386 378
474 481
489 498
441 393
452 378
481 399
512 546
392 476
586 470
462 388
453 377
401 467
468 503
362 359
452 409
455 429
459 403
448 428
446 452
511 548
584 379
363 376
451 441
638 374
598 427
348 373
424 465
391 454
597 408
554 462
457 414
451 444
565 416
493 577
536 482
341 369
450 389
330 382
520 546
512 539
588 384
414 369
583 473
475 356
409 374
486 550
539 426
568 473
550 432
503 550
552 442
447 386
584 475
632 372
150 324
543 442
469 391
388 367
558 426
495 582
611 366
505 543
538 440
449 398
626 382
463 385
606 380
490 507
445 416
467 387
506 563
446 410
548 418
603 439
452 422
577 460
403 454
452 426
433 471
618 369
593 382
477 466
577 382
383 378
432 366
366 394
496 562
445 429
454 408
357 383
356 370
558 450
550 426
507 550
545 413
396 371
453 389
450 377
544 474
496 519
451 328
508 564
642 383
473 493
179 337
150 313
649 371
481 369
481 367
391 359
621 375
481 401
499 523
568 474
508 563
392 427
421 458
487 485
546 446
418 464
328 378
413 450
437 438
548 446
384 375
475 544
407 374
485 517
492 463
472 503
503 568
389 451
545 444
429 471
567 426
566 459
600 399
608 351
528 554
339 374
520 547
640 384
360 373
476 544
474 447
459 452
471 473
555 438
390 433
506 388
431 381
380 450
455 426
605 378
559 426
480 541
487 506
535 419
409 464
449 418
591 470
425 450
448 411
488 497
520 556
494 393
597 413
396 425
635 391
406 465
489 508
436 364
441 392
469 503
503 545
432 447
593 406
466 458
424 383
445 383
483 550
450 453
529 401
572 473
410 371
494 457
440 323
506 518
533 410
652 361
441 381
610 345
480 374
394 475
473 544
634 389
491 558
390 434
443 440
544 465
452 393
448 387
356 362
646 358
599 431
502 574
501 576
595 449
575 458
445 452
362 361
357 395
434 442
392 447
512 540
597 429
396 440
470 445
453 393
426 449
488 457
398 454
406 375
353 361
415 371
632 396
473 475
491 518
497 500
467 389
415 468
528 395
616 372
147 316
493 500
443 408
505 533
387 430
550 423
391 430
546 439
608 380
452 394
539 417
481 520
557 457
456 418
387 378
392 478
525 559
352 395
516 553
437 373
632 379
482 492
485 533
567 467
486 509
510 383
465 391
554 464
548 466
581 379
524 560
449 379
329 375
600 401
496 575
607 376
413 453
433 371
526 395
383 449
576 459
410 466
530 556
416 466
643 378
588 431
537 413
352 394
493 394
477 478
429 356
412 458
474 451
520 549
638 376
527 551
354 359
432 369
495 581
491 461
464 505
470 418
452 440
652 362
464 393
402 427
596 382
548 422
550 466
538 418
448 417
476 470
638 366
511 383
342 384
476 484
472 451
499 577
541 463
425 471
444 429
474 365
530 407
355 362
470 437
493 520
470 446
458 450
525 392
505 523
474 453
150 328
437 368
413 460
566 422
548 433
507 387
508 566
339 376
638 375
528 398
400 458
606 381
492 586
505 534
487 556
296 356
592 382
439 383
490 503
331 375
361 395
424 470
361 397
515 539
433 444
488 398
115 187
476 449
593 458
478 485
617 379
471 402
610 347
432 451
581 471
434 443
522 559
476 361
464 401
387 373
565 419
487 407
489 519
402 437
417 462
458 410
505 551
609 349
643 380
447 414
592 434
590 380
424 346
601 432
556 437
641 372
451 398
546 438
448 429
496 530
499 389
430 457
399 463
489 507
634 356
563 453
448 407
504 524
521 561
449 377
488 496
509 535
463 404
474 472
432 368
432 444
362 390
454 450
438 326
501 542
386 449
360 397
431 469
566 419
604 433
448 443
599 391
495 390
486 513
470 456
485 526
469 426
581 462
447 383
472 419
413 369
595 455
460 450
495 583
546 469
644 373
487 578
475 451
645 356
544 479
605 435
396 466
439 374
138 286
513 556
395 459
354 358
550 455
507 383
589 430
522 555
552 441
478 361
588 470
468 393
570 464
358 398
468 422
423 465
503 499
590 432
463 397
478 367
436 369
470 494
322 294
384 378
495 563
552 473
380 375
617 375
571 468
600 454
483 485
484 520
345 369
402 436
389 437
511 388
474 393
454 438
404 461
471 424
530 393
478 539
612 367
561 460
418 447
425 449
515 546
493 532
392 477
558 453
464 507
432 449
491 464
497 389
549 436
404 371
573 471
415 369
393 371
609 345
650 362
448 399
492 505
407 372
476 391
449 329
598 449
583 466
629 396
598 429
400 365
616 369
483 368
648 370
401 454
472 496
547 466
593 468
541 420
521 562
484 536
548 415
442 365
472 421
604 394
407 375
479 485
567 456
476 479
514 550
476 466
561 425
604 440
618 374
597 426
498 563
422 468
353 373
390 430
330 383
416 374
503 531
652 376
480 484
542 424
607 380
546 466
525 403
515 549
340 367
598 422
590 434
488 465
391 437
437 362
576 460
415 462
508 387
487 527
491 524
619 371
644 354
617 372
396 468
533 403
482 490
493 393
599 454
397 467
448 441
480 548
413 462
504 547
357 368
469 445
500 578
429 363
598 418
573 372
619 375
454 395
555 453
592 416
331 373
405 453
482 493
491 573
412 465
601 442
459 415
342 375
553 465
643 354
589 387
461 507
512 391
595 453
446 417
487 507
558 462
543 441
464 408
559 460
471 509
534 419
430 454
153 312
464 387
328 383
451 423
457 451
388 431
543 459
485 554
482 546
420 463
547 455
452 451
474 478
430 455
527 553
641 386
489 581
573 474
570 473
569 462
599 392
488 397
597 382
488 495
635 392
354 393
497 578
339 383
485 455
547 457
472 422
499 531
451 443
602 444
439 381
523 388
343 368
468 416
647 370
501 516
482 534
510 561
455 438
565 463
459 409
478 450
393 454
319 293
421 457
481 467
411 365
450 391
401 462
447 440
470 474
489 461
356 359
594 456
401 466
634 393
478 395
605 406
615 369
580 471
444 427
449 452
352 393
523 554
537 415
436 368
652 374
516 543
586 378
342 372
596 384
351 375
392 454
329 377
471 495
518 557
401 463
403 434
476 515
575 374
466 505
189 227
438 449
543 413
461 398
379 375
484 454
594 383
608 364
554 441
387 377
467 448
529 395
327 379
471 503
461 387
502 549
499 554
503 564
447 411
400 431
393 370
547 469
475 398
592 471
599 452
604 409
446 387
150 318
392 459
492 561
551 435
444 335
505 524
577 462
432 360
604 426
388 378
328 384
484 577
469 427
362 381
491 459
426 450
419 449
438 438
639 370
436 440
431 364
450 441
633 388
498 554
589 468
520 553
445 427
489 374
466 389
148 318
491 460
651 358
454 388
608 349
548 458
595 391
390 449
603 445
631 359
589 432
599 382
453 419
431 470
400 463
636 363
486 494
482 538
476 369
618 372
586 475
462 449
440 438
549 437
493 533
475 472
466 418
349 361
494 455
528 402
357 358
537 416
466 504
502 500
339 377
450 423
463 442
630 363
539 439
468 448
553 432
445 428
540 483
544 463
360 377
602 393
477 400
447 416
396 465
491 578
601 455
452 418
553 441
486 393
484 557
499 555
492 585
498 389
423 464
452 441
541 419
463 386
540 415
391 453
391 363
444 381
392 374
505 520
592 463
398 432
608 352
475 448
439 438
577 459
564 453
391 435
601 379
485 454
358 397
600 432
552 433
550 421
396 448
332 373
445 396
492 558
595 424
472 453
436 449
602 446
353 393
474 366
508 554
490 532
390 367
433 467
551 429
587 381
492 459
494 456
344 371
570 463
476 483
472 418
625 395
480 524
618 379
464 412
450 408
441 319
507 566
541 485
450 455
483 465
388 450
560 425
491 451
635 366
468 505
494 390
544 483
594 455
570 468
512 384
490 524
486 549
397 454
359 374
496 389
471 418
644 380
382 376
439 325
396 445
513 554
394 445
526 553
584 472
462 386
549 450
511 554
598 447
482 485
447 439
491 582
453 439
438 314
463 387
430 453
494 469
451 436
497 521
508 542
356 397
482 467
599 418
444 450
540 440
495 580
498 523
623 381
417 451
524 543
548 436
403 373
446 432
353 367
547 414
462 447
549 414
451 392
433 378
437 315
402 439
513 388
533 411
410 366
404 365
410 367
410 368
410 369
410 370
409 370
412 365
412 364
412 363
477 511
543 427
419 450
493 455
463 449
462 448
599 409
439 317
483 454
400 369
399 369
400 370
399 368
400 371
398 368
400 372
397 368
400 373
397 369
397 367
400 374
396 369
397 366
401 374
399 374
494 579
395 369
396 370
398 366
395 370
413 363
414 363
413 362
413 361
413 360
414 360
413 359
415 360
414 359
412 359
415 361
411 359
416 361
417 361
416 362
417 362
417 360
418 362
417 359
418 359
419 359
420 359
421 359
421 360
422 360
423 360
422 361
424 360
422 362
424 361
424 359
424 358
424 357
423 357
424 356
424 355
423 355
424 354
423 354
425 354
423 353
426 354
418 358
423 352
427 354
422 352
423 351
428 354
427 353
421 352
429 354
427 352
421 351
430 354
544 413
428 352
426 352
420 351
431 354
455 371
429 352
428 351
426 351
419 351
432 354
431 355
456 371
426 350
418 351
433 354
461 409
427 350
425 350
418 352
434 354
457 371
427 349
425 349
523 552
434 353
427 348
425 348
434 352
428 348
427 347
425 347
435 352
433 352
429 348
427 346
455 372
435 351
432 352
429 349
427 345
346 396
436 351
431 352
430 349
428 345
427 344
345 395
437 351
427 343
346 395
437 350
427 342
347 395
437 349
426 342
427 341
438 349
425 342
426 341
428 341
427 340
439 349
438 348
425 343
440 349
438 347
424 343
440 350
439 347
437 347
441 350
440 347
442 350
486 459
440 346
443 350
441 352
440 345
443 351
443 349
442 352
440 352
440 344
444 351
443 352
444 349
442 353
441 344
439 344
440 343
445 351
442 354
438 344
446 351
443 354
441 354
437 344
447 351
446 352
444 354
437 343
448 351
446 353
445 354
437 342
448 352
448 350
445 355
436 342
449 352
322 394
449 350
446 355
435 342
450 352
449 353
448 354
449 349
435 343
435 341
451 352
448 355
450 349
449 348
435 340
449 355
451 349
449 347
434 340
435 339
449 356
452 349
449 346
434 339
436 339
449 357
450 346
448 346
449 345
437 339
449 358
451 346
450 345
449 344
450 358
448 358
451 345
448 344
451 358
450 359
447 358
447 344
448 343
451 357
446 358
447 343
448 342
452 357
451 356
445 358
657 365
446 343
449 342
448 341
453 357
446 342
450 342
449 341
447 341
448 340
453 356
451 342
450 343
447 340
454 356
452 342
451 343
451 341
446 340
455 356
448 431
446 339
455 357
445 339
446 338
456 357
444 339
445 338
632 388
456 358
443 339
476 502
609 446
457 358
456 359
443 338
437 335
608 447
458 358
456 360
440 339
609 447
609 448
458 359
455 360
456 361
438 335
447 333
459 359
454 360
456 362
440 338
444 333
460 359
459 360
454 361
454 359
456 363
446 333
440 335
439 336
460 360
460 358
453 361
453 359
457 363
445 333
441 337
445 334
460 361
453 362
457 364
442 335
441 336
445 335
445 337
643 383
461 361
453 363
457 365
637 372
637 373
462 361
454 363
452 363
456 365
639 374
639 376
640 377
463 361
451 363
639 381
609 344
638 377
464 361
463 362
463 360
451 364
637 380
609 367
465 361
463 359
451 365
638 379
466 361
451 366
632 380
635 380
466 360
452 366
450 366
623 387
467 360
466 359
417 467
449 366
623 384
468 360
449 367
449 365
629 379
631 383
468 359
449 368
449 364
632 382
624 385
469 359
468 358
449 369
449 363
630 379
631 382
470 359
512 532
468 357
450 369
448 369
448 363
625 385
593 465
470 360
467 357
450 370
447 369
448 362
611 352
630 381
471 360
466 357
451 370
450 371
446 369
448 361
612 352
615 351
615 352
472 360
465 357
451 371
450 372
446 368
449 361
447 361
616 353
624 383
614 354
614 356
612 354
472 361
472 359
464 357
452 371
450 373
445 368
446 367
446 361
613 355
612 356
624 370
491 572
472 362
473 359
463 357
451 373
449 373
444 368
618 381
611 359
471 362
472 363
474 359
473 358
463 356
452 373
470 475
448 373
449 374
443 368
444 367
611 361
629 372
641 390
471 363
473 363
472 364
474 360
474 358
462 356
463 355
453 373
447 373
441 448
442 368
443 369
444 366
646 377
647 376
474 363
474 361
475 358
463 354
453 374
453 372
447 372
441 368
443 370
631 373
630 372
475 363
474 364
475 361
475 357
453 375
446 399
446 372
441 367
444 370
332 384
332 385
333 385
332 386
334 385
332 387
335 385
334 384
332 388
336 385
335 384
333 388
337 385
335 383
334 388
338 385
337 384
334 389
334 390
335 390
333 390
336 390
333 391
336 391
336 389
333 392
336 392
332 392
333 393
335 392
331 392
333 394
331 393
334 394
330 393
334 395
329 393
328 393
327 393
327 394
327 392
326 394
326 392
326 395
325 392
326 396
325 391
326 397
324 391
434 365
323 391
434 364
322 391
323 392
652 358
323 393
593 384
439 313
323 394
324 395
324 394
325 397
325 398
325 399
326 399
324 399
323 399
323 400
323 398
322 400
323 397
321 400
322 397
320 400
321 397
368 388
320 401
320 397
319 401
318 401
319 402
318 402
319 403
317 402
318 403
319 404
316 402
317 403
320 404
315 402
317 404
314 402
315 403
315 401
316 404
313 402
314 403
315 400
312 402
316 400
315 399
311 402
316 399
315 398
310 402
311 403
315 397
309 402
311 404
314 397
308 402
309 401
312 404
310 404
313 397
308 401
172 243
313 404
310 405
312 397
313 398
313 396
307 401
308 400
310 406
312 396
313 395
308 399
311 406
309 406
311 396
314 395
313 394
307 399
312 406
313 393
312 407
314 393
312 393
313 407
312 408
315 393
311 393
312 392
314 407
311 408
312 409
315 394
315 392
310 393
312 391
310 408
313 409
312 410
316 394
316 392
313 391
312 390
312 411
317 394
316 391
313 390
311 390
313 411
312 412
317 395
317 391
310 390
314 411
313 412
312 413
317 396
309 390
310 389
313 413
316 396
308 390
309 391
310 388
313 414
308 391
309 388
314 414
313 415
308 392
308 388
315 414
314 415
312 415
313 416
308 393
307 388
308 387
315 415
314 416
311 415
307 393
308 394
308 386
314 417
310 415
306 393
307 394
307 386
315 417
314 418
309 415
305 393
307 395
306 386
316 417
315 418
314 419
308 415
304 393
305 392
306 395
306 385
317 417
315 419
313 419
307 415
304 392
305 385
306 384
318 417
317 416
315 420
306 415
307 416
304 391
304 385
305 384
319 417
318 418
318 416
316 420
305 415
303 391
303 385
304 386
320 417
318 419
317 420
304 415
305 416
302 391
302 385
320 416
303 415
305 417
301 385
302 384
320 415
302 415
303 414
305 418
300 385
302 383
321 415
319 415
320 414
302 416
304 418
305 419
300 386
302 382
322 415
319 414
301 416
303 418
306 419
299 386
303 382
322 416
322 414
318 414
319 413
303 417
306 420
298 386
304 382
323 416
322 413
317 414
319 412
298 385
304 381
324 416
320 412
297 385
298 384
304 380
325 416
299 384
305 380
326 416
325 415
305 379
327 416
326 417
326 415
325 414
182 327
305 378
326 418
326 414
325 413
304 378
305 377
327 414
326 413
303 378
328 414
303 379
329 414
302 379
329 415
329 413
301 379
329 416
330 413
300 379
329 417
331 413
299 379
300 380
300 378
329 418
332 413
331 412
299 380
299 378
300 377
330 418
329 419
333 413
332 414
300 376
331 418
328 419
329 420
333 412
332 415
301 376
299 376
329 421
333 411
333 415
331 415
332 416
302 376
298 376
299 375
330 421
328 421
329 422
334 411
333 410
334 415
333 416
297 376
298 375
331 421
329 423
332 410
334 416
334 414
296 376
298 374
332 421
331 420
330 423
329 424
332 409
334 417
296 377
298 373
330 424
329 425
332 408
335 417
296 378
297 373
331 424
329 426
331 408
332 407
336 417
296 379
297 372
330 426
328 426
329 427
330 408
337 417
296 380
296 372
297 371
331 426
327 426
328 427
329 408
330 407
338 417
337 416
297 380
296 371
298 371
297 370
332 426
328 428
329 409
329 407
339 417
297 381
295 371
297 369
328 409
339 416
294 371
297 368
328 410
340 416
294 372
298 368
341 416
293 372
294 373
299 368
298 367
341 417
341 415
292 372
293 373
294 374
298 366
341 414
292 371
299 366
297 366
342 414
291 371
300 366
297 365
343 414
290 371
291 370
301 366
300 365
297 364
344 414
289 371
302 366
297 363
345 414
344 413
303 366
296 363
346 414
344 412
304 366
303 367
295 363
347 414
345 412
344 411
305 366
303 368
346 412
344 410
306 366
305 365
304 368
346 411
345 410
344 409
305 364
304 369
347 411
346 410
345 409
305 363
304 370
347 410
305 362
305 370
305 361
306 370
305 371
304 361
307 370
306 371
306 369
304 360
308 370
306 372
304 359
309 370
306 373
303 359
304 358
309 371
309 369
302 359
305 358
304 357
310 371
309 368
301 359
305 357
304 356
310 372
309 367
305 356
303 356
310 373
308 367
305 355
302 356
303 355
310 374
307 367
306 355
301 356
311 374
307 355
306 354
301 355
311 375
306 353
306 352
307 352
306 351
305 351
306 350
304 351
305 350
307 350
303 351
305 349
303 350
305 348
305 347
306 347
304 347
305 346
303 347
302 347
303 346
301 347
300 347
300 346
299 346
300 345
298 346
301 345
298 345
297 345
296 345
297 344
295 345
295 344
294 344
293 344
292 344
293 345
291 344
291 345
291 343
291 342
291 341
292 341
290 341
291 340
293 341
289 341
291 339
293 342
293 340
288 341
289 342
293 339
287 341
288 340
289 343
293 338
288 339
288 343
294 338
293 337
289 339
288 338
288 344
292 337
293 336
289 338
287 338
287 344
291 337
293 335
289 337
286 338
287 345
289 336
285 338
286 345
289 335
285 345
286 346
289 334
284 345
286 347
290 334
288 334
284 344
285 347
286 348
287 334
288 333
284 343
284 347
286 349
286 334
287 335
288 332
284 342
283 347
286 350
289 332
287 332
288 331
283 342
283 348
287 350
285 350
289 331
282 342
288 350
289 330
281 342
282 343
289 350
288 349
290 330
281 343
282 344
289 351
291 330
280 343
282 345
290 351
289 352
292 330
291 329
279 343
281 345
290 352
288 352
292 329
291 328
279 344
291 352
290 353
288 353
290 328
291 327
278 344
292 352
290 354
287 353
289 328
290 327
292 327
277 344
293 352
289 354
290 355
286 353
288 328
290 326
292 326
277 343
294 352
289 355
286 354
288 327
293 326
276 343
277 342
294 351
285 354
286 355
287 327
293 325
275 343
276 342
278 342
295 351
284 354
287 355
286 356
286 327
294 325
274 343
275 344
275 342
295 350
284 353
287 356
286 357
286 328
295 325
294 324
273 343
275 341
295 349
287 357
285 357
286 358
285 328
286 329
296 325
294 323
272 343
273 342
275 340
296 349
295 348
287 358
284 357
286 359
285 329
286 330
297 325
296 326
296 324
295 323
293 323
271 343
272 342
273 341
276 340
297 349
294 348
287 359
283 357
284 358
284 329
297 326
296 327
295 322
292 323
271 342
273 340
277 340
297 350
293 348
288 359
282 357
283 358
283 356
284 359
283 329
297 327
295 327
296 322
295 321
291 323
292 324
270 342
273 339
298 350
289 359
281 357
284 360
282 329
298 327
297 328
295 328
297 322
291 322
269 342
272 339
289 360
289 358
281 358
285 360
283 360
281 329
299 327
295 329
297 321
290 322
268 342
269 343
269 341
271 339
272 338
290 360
280 358
282 360
281 328
300 327
299 328
299 326
297 320
290 321
268 341
269 344
271 340
271 338
272 337
291 360
290 361
279 358
281 360
301 327
300 326
299 329
299 325
298 320
297 319
290 320
269 345
272 336
291 361
291 359
290 362
279 359
279 357
302 327
300 325
300 329
299 330
297 318
270 345
268 345
273 336
272 335
292 361
291 358
289 362
278 359
279 356
301 325
300 330
298 330
297 317
271 345
267 345
268 346
273 335
271 335
293 361
278 360
302 325
301 324
297 330
272 345
274 335
270 335
271 334
293 360
277 360
303 325
301 323
296 330
272 346
275 335
270 336
271 333
294 360
276 360
277 361
304 325
301 322
273 346
272 347
276 335
269 336
271 332
294 359
276 359
277 362
305 325
302 322
301 321
273 347
272 348
277 335
276 334
268 336
272 332
271 331
295 359
276 358
278 362
277 363
306 325
303 322
301 320
274 347
272 349
278 335
277 336
277 334
267 336
268 337
271 330
295 358
277 358
277 364
307 325
306 324
304 322
303 321
302 320
275 347
279 335
277 337
277 333
272 330
270 330
271 329
296 358
295 357
277 357
278 364
277 365
307 324
306 323
304 321
302 319
276 347
279 334
278 337
273 330
269 330
204 347
296 357
295 356
279 364
276 365
308 324
302 318
276 348
279 333
278 338
274 330
273 331
273 329
269 331
269 329
294 356
309 324
303 318
277 348
276 349
280 333
279 338
275 330
273 328
269 332
268 329
310 324
309 325
304 318
277 349
280 332
280 338
279 339
276 330
267 329
310 325
310 323
305 318
280 331
281 338
279 340
277 330
266 329
311 325
310 322
306 318
305 319
305 317
281 331
279 331
280 340
277 331
265 329
266 330
311 326
311 322
310 321
307 318
305 316
282 331
265 330
312 326
311 327
312 322
307 317
304 316
283 331
282 332
264 330
310 327
313 322
312 321
308 317
304 315
284 331
263 330
264 331
309 327
313 323
313 321
312 320
284 332
263 329
264 332
309 328
314 323
314 321
311 320
284 333
263 328
263 332
264 333
308 328
309 329
315 323
314 324
314 320
263 327
264 334
308 329
316 323
315 322
314 325
314 319
264 327
262 327
264 335
307 329
308 330
317 323
315 319
314 318
265 327
264 326
262 326
263 335
317 324
317 322
315 318
313 318
265 326
262 325
262 335
317 325
318 322
315 317
312 318
266 326
262 324
262 336
317 326
319 322
316 317
312 317
266 325
261 324
262 323
261 336
318 326
316 326
317 317
312 316
267 325
266 324
260 324
262 322
260 336
318 327
316 327
317 318
317 316
311 316
312 315
265 324
259 324
262 321
319 327
317 319
317 315
311 315
313 315
259 325
259 323
261 321
320 327
318 319
318 315
316 315
310 315
314 315
258 325
259 326
259 322
261 320
320 328
320 326
319 319
318 320
315 315
309 315
314 314
258 326
259 327
260 322
258 322
260 320
261 319
320 329
321 326
319 320
309 314
257 326
259 328
257 322
261 318
320 330
322 326
320 320
309 313
257 327
260 328
256 322
261 317
321 330
322 327
322 325
321 320
310 313
309 312
256 327
257 328
260 329
255 322
261 316
322 330
322 328
322 324
322 320
321 319
309 311
255 327
257 329
255 323
255 321
262 316
323 330
322 331
323 324
322 323
309 310
254 327
256 329
257 330
255 324
254 321
263 316
262 315
323 331
323 329
322 332
324 324
310 310
254 328
254 326
258 330
202 227
254 324
253 321
263 315
192 239
323 332
322 333
325 324
324 325
311 310
254 329
404 439
319 291
253 324
252 321
264 315
324 332
321 333
326 324
311 309
254 330
251 321
252 320
265 315
264 314
320 333
321 334
327 324
326 323
311 308
253 330
250 321
251 322
251 320
252 319
266 315
264 313
321 335
328 324
326 322
310 308
311 307
253 331
249 321
250 322
251 319
252 318
266 316
263 313
264 312
322 335
321 336
328 323
325 322
326 321
309 308
311 306
249 322
251 318
266 317
262 313
263 312
322 336
321 337
329 323
324 322
326 320
308 308
310 306
251 317
267 317
266 318
262 312
321 338
329 322
323 322
325 320
326 319
404 426
310 305
251 316
268 317
262 311
322 338
330 322
326 318
404 427
309 305
250 316
251 315
269 317
262 310
323 338
331 322
327 318
326 317
403 427
447 337
309 304
249 316
251 314
270 317
269 316
262 309
332 322
331 323
331 321
328 318
327 317
325 317
447 338
611 447
318 291
309 303
249 317
251 313
270 318
270 316
263 309
261 309
333 322
331 320
328 317
324 317
325 316
610 448
309 302
248 317
252 313
250 313
270 319
264 309
263 308
261 308
334 322
333 321
329 317
323 317
325 315
613 449
247 317
253 313
269 319
270 320
265 309
261 307
335 322
330 317
329 316
323 318
323 316
324 315
325 314
609 457
611 448
247 318
247 316
254 313
268 319
269 320
271 320
265 308
260 307
261 306
336 322
323 315
326 314
325 313
612 449
246 316
247 315
254 312
267 319
266 308
261 305
336 321
245 316
247 314
255 312
267 308
266 307
261 304
336 320
245 315
247 313
256 312
255 311
268 308
267 307
266 306
335 320
244 315
247 312
257 312
256 311
255 310
266 305
335 319
243 315
246 312
258 312
257 311
256 310
254 310
255 309
334 319
335 318
243 316
246 311
259 312
257 310
333 319
336 318
335 317
242 316
245 311
246 310
257 309
333 318
337 318
334 317
241 316
242 317
245 310
247 310
258 309
257 308
333 317
338 318
240 316
241 317
241 315
244 310
248 310
259 309
256 308
257 307
333 316
239 316
241 318
241 314
243 310
248 309
332 316
238 316
241 319
242 310
331 316
238 315
240 319
241 320
241 310
242 309
331 315
237 315
240 310
242 308
331 314
236 315
239 310
242 307
331 313
235 315
236 314
238 310
239 311
243 307
241 307
332 313
330 313
234 315
235 316
236 313
238 311
238 309
244 307
240 307
333 313
330 312
233 315
237 313
237 311
237 309
244 306
240 306
333 314
333 312
330 311
233 316
236 311
236 309
237 308
244 305
239 306
334 314
334 312
333 311
329 311
330 310
232 316
235 309
236 308
243 305
239 305
335 312
332 311
333 310
328 311
329 310
231 316
234 309
236 307
238 305
239 304
335 311
332 310
333 309
328 310
230 316
231 315
235 307
237 305
239 303
332 309
334 309
333 308
327 310
229 316
230 317
230 315
234 307
235 306
237 304
239 302
333 307
327 309
230 318
230 314
233 307
237 303
239 301
334 307
332 307
333 306
327 308
230 319
233 306
236 303
237 302
238 301
332 306
333 305
326 308
230 320
235 303
237 301
238 300
333 304
326 307
229 320
234 303
238 299
334 304
332 304
333 303
228 320
229 321
233 303
238 298
334 303
228 321
228 319
229 322
237 298
238 297
334 302
228 322
227 319
230 322
239 297
238 296
335 302
227 318
231 322
230 323
239 296
237 296
335 301
226 318
230 324
239 295
236 296
335 300
225 318
226 317
231 324
229 324
230 325
235 296
236 295
336 300
226 316
232 324
230 326
234 296
235 295
336 299
225 316
233 324
231 326
230 327
234 295
337 299
224 316
234 324
233 323
230 328
233 295
338 299
337 298
223 316
224 315
235 324
233 322
230 329
232 295
233 294
339 299
337 297
223 317
224 314
236 324
235 325
233 321
229 329
231 295
232 296
232 294
340 299
339 300
338 297
336 297
223 318
225 314
223 314
224 313
236 325
235 326
232 321
233 320
228 329
229 330
231 296
231 294
341 299
339 297
335 297
225 313
222 314
236 326
235 327
232 320
228 330
229 331
230 296
231 293
342 299
341 300
334 297
335 296
226 313
225 312
221 314
222 313
228 331
230 331
231 292
342 300
342 298
341 301
333 297
334 298
225 311
220 314
228 332
231 331
230 332
231 291
343 300
342 301
342 297
341 302
332 297
333 298
333 296
225 310
219 314
220 315
220 313
227 332
231 332
231 290
344 300
343 297
331 297
226 310
225 309
220 312
226 332
231 289
344 301
344 297
330 297
226 309
226 333
232 289
231 288
345 297
344 296
329 297
227 309
226 308
225 333
233 289
230 288
643 387
345 296
328 297
329 298
228 309
226 307
224 333
225 334
234 289
346 296
345 295
327 297
329 299
225 307
225 335
235 289
234 290
346 295
327 298
327 296
330 299
328 299
225 306
226 335
224 335
236 289
234 291
346 294
327 295
331 299
224 306
224 336
233 291
347 294
346 293
326 295
327 294
223 306
224 305
223 336
224 337
348 294
345 293
325 295
327 293
222 306
224 338
349 294
345 292
324 295
326 293
222 305
225 338
223 338
349 295
349 293
344 292
345 291
356 366
326 292
222 304
225 339
223 339
349 296
349 292
343 292
151 333
152 332
147 332
222 303
225 340
222 339
350 296
350 292
342 292
343 293
151 332
222 302
226 340
222 340
351 296
350 297
350 291
342 293
342 291
149 333
223 302
221 302
226 341
221 340
351 297
351 291
341 293
148 332
151 331
223 301
227 341
221 341
352 297
352 291
351 290
340 293
149 332
150 331
223 300
228 341
220 341
221 342
352 290
339 293
149 331
148 330
150 330
224 300
222 300
228 340
219 341
222 342
353 290
338 293
153 320
154 319
149 330
225 300
221 300
229 340
218 341
353 289
338 292
150 320
226 300
225 301
221 299
217 341
353 288
337 292
153 317
488 503
221 298
216 341
353 287
336 292
337 291
222 298
220 298
215 341
353 286
335 292
222 297
219 298
220 297
354 286
334 292
335 293
223 297
218 298
220 296
354 285
334 291
335 294
220 295
355 285
334 290
220 294
356 285
335 290
221 294
220 293
357 285
356 284
222 294
219 293
358 285
356 283
223 294
222 295
218 293
359 285
357 283
355 283
356 282
224 294
223 295
217 293
360 285
357 282
355 282
356 281
224 295
217 294
354 282
355 281
356 280
225 295
216 294
356 279
226 295
215 294
356 278
226 296
214 294
215 295
215 293
355 278
356 277
227 296
214 295
215 296
215 292
356 276
227 297
214 296
355 276
356 275
228 297
213 296
355 275
357 275
229 297
228 298
212 296
358 275
228 299
211 296
358 274
229 299
210 296
359 274
358 273
229 300
210 297
210 295
360 274
357 273
230 300
209 297
209 295
210 294
361 274
357 272
231 300
230 301
208 297
209 298
210 293
362 274
361 275
361 273
357 271
232 300
207 297
208 298
209 299
209 293
210 292
363 274
362 275
361 276
357 270
233 300
210 299
209 300
209 292
211 292
363 273
357 269
234 300
209 301
208 292
209 291
211 291
357 268
210 301
208 301
207 292
356 268
357 267
210 302
207 301
207 291
356 267
357 266
211 302
210 303
207 300
206 291
357 265
212 302
210 304
206 300
205 291
357 264
210 305
205 300
205 290
596 415
209 305
204 300
205 299
205 289
304 309
203 300
204 301
206 289
205 288
303 308
202 300
203 301
203 299
206 288
205 287
304 308
305 308
306 306
201 300
203 302
203 298
207 288
305 307
307 306
200 300
203 303
207 287
306 307
307 307
307 308
610 457
199 300
204 303
203 304
207 286
605 447
603 449
199 301
205 303
203 305
208 286
611 449
612 450
610 456
198 301
206 303
205 304
203 306
209 286
612 454
606 447
604 449
198 302
206 302
203 307
210 286
611 450
610 455
611 454
606 448
605 449
611 451
198 303
204 307
202 307
203 308
610 454
606 449
605 450
610 451
610 453
606 450
205 307
204 308
203 309
609 451
609 453
610 452
606 451
608 451
609 452
606 452
202 309
608 452
607 452
604 459
606 459
607 453
604 458
606 458
202 310
602 451
601 452
607 454
605 458
602 452
201 310
202 311
606 454
605 457
602 453
605 454
605 456
603 453
201 311
639 385
202 312
604 454
604 456
603 454
603 456
602 456
200 311
201 312
203 312
603 455
602 455
148 320
147 318
147 320
201 313
204 312
145 317
146 318
146 320
145 318
146 319
145 319
144 319
200 313
204 313
143 319
126 191
128 190
127 191
199 219
199 207
197 207
128 191
199 218
199 313
200 314
198 207
197 208
128 192
200 218
198 313
200 315
198 208
128 193
200 217
205 214
198 209
198 211
200 316
127 193
200 216
204 214
199 209
198 210
201 316
127 194
469 447
141 204
142 203
201 216
202 316
201 317
204 215
199 210
127 195
140 202
141 203
201 318
202 216
203 215
200 210
128 195
140 203
202 318
200 318
202 215
200 211
129 195
139 203
202 214
201 213
200 212
202 319
199 318
200 319
130 195
138 203
202 213
201 212
130 196
137 203
202 212
130 197
202 320
200 320
137 202
203 212
130 198
132 198
136 202
202 321
200 321
204 212
131 198
132 199
135 202
204 211
203 321
200 322
131 199
133 201
134 202
207 205
204 321
203 322
201 322
199 322
207 213
204 210
131 200
204 322
204 320
203 323
201 323
198 322
199 323
133 202
207 206
207 212
206 209
205 210
131 201
201 324
198 323
198 321
132 202
207 207
207 211
206 210
131 202
207 208
202 324
197 323
198 320
207 210
131 203
208 208
208 210
202 325
197 324
197 320
131 204
130 205
132 205
208 209
213 208
214 209
125 203
203 325
197 325
131 205
209 209
213 209
126 203
125 204
124 205
203 326
198 325
196 325
131 206
210 209
212 209
126 204
125 205
203 327
198 326
195 325
131 207
211 209
126 205
130 207
131 208
211 210
537 484
204 327
202 327
199 326
194 325
195 324
127 205
128 206
126 206
130 208
211 211
127 206
126 207
205 327
204 328
201 327
202 328
193 325
194 326
195 323
129 208
211 212
127 207
128 208
211 213
127 208
211 214
205 326
204 329
201 328
193 324
194 323
195 322
224 225
127 209
213 213
212 214
203 329
192 324
195 321
224 224
126 209
127 210
213 214
191 324
195 320
224 223
126 210
218 216
214 214
191 325
195 319
224 222
125 210
126 211
217 216
190 325
214 215
222 223
223 222
125 211
217 217
214 216
189 325
213 217
220 224
221 221
222 222
124 211
123 212
188 325
189 324
188 227
216 217
214 217
220 223
221 222
124 212
187 325
189 323
220 228
216 218
214 218
220 222
124 213
187 326
187 324
190 323
189 322
190 225
190 227
219 228
220 229
215 218
214 219
186 326
190 322
219 222
125 213
190 226
219 229
215 219
218 222
125 214
185 326
190 321
124 215
191 226
218 229
215 220
185 327
185 325
216 221
218 223
125 215
185 328
184 325
192 226
216 228
217 229
186 328
184 328
184 324
215 221
217 223
125 216
183 328
194 227
193 226
216 229
215 222
182 328
183 329
214 223
216 223
181 328
126 220
125 217
181 329
181 327
194 226
216 230
180 329
181 326
179 329
182 326
180 326
178 329
180 325
178 330
179 325
178 331
178 325
179 324
177 331
178 332
177 325
179 323
178 333
176 325
179 333
177 333
178 334
176 326
176 324
176 333
178 335
175 324
176 323
178 336
176 322
179 336
177 336
177 322
176 321
180 336
177 337
176 320
181 336
180 337
176 337
175 320
181 337
180 338
174 320
175 319
181 338
180 339
173 320
182 338
181 339
180 340
173 319
183 338
181 340
173 318
183 339
181 341
174 318
172 318
183 340
181 342
174 317
180 342
181 343
174 316
182 343
181 344
175 316
174 315
181 345
174 314
182 345
174 313
183 345
173 313
184 345
172 313
173 312
184 346
184 344
171 313
172 314
185 346
185 344
184 343
172 315
186 346
185 347
171 315
187 346
186 345
185 348
170 315
187 345
185 349
169 315
187 344
186 349
168 315
169 316
187 343
187 349
167 315
187 350
166 315
188 350
187 351
166 316
166 314
189 350
186 351
165 316
165 314
190 350
185 351
186 352
164 316
165 313
191 350
190 351
190 349
163 316
164 315
164 313
165 312
191 349
163 317
164 312
165 311
192 349
163 318
163 312
165 310
193 349
162 318
165 309
193 350
162 319
164 309
165 308
194 350
161 319
162 320
163 309
164 308
166 308
195 350
160 319
162 321
163 310
166 307
196 350
195 351
195 349
159 319
160 318
162 322
162 310
166 306
197 350
158 319
162 323
161 310
162 311
166 305
197 351
197 349
162 324
160 310
167 305
165 305
198 351
198 349
197 348
161 324
162 325
160 311
160 309
168 305
167 304
199 351
199 349
197 347
160 324
161 325
163 325
159 309
169 305
200 349
199 348
196 347
197 346
159 324
161 326
158 309
159 308
199 347
197 345
157 309
158 310
200 347
199 346
196 345
156 309
157 308
201 347
200 346
196 344
156 310
201 346
479 438
195 344
155 310
202 346
195 343
154 310
203 346
195 342
153 310
154 311
154 309
203 347
196 342
194 342
152 310
153 309
154 308
154 307
155 307
154 306
154 305
155 305
153 305
154 304
155 304
152 305
156 304
151 305
157 304
150 305
151 306
149 305
150 306
148 305
149 306
148 306
148 304
149 307
148 303
148 302
149 302
147 302
146 302
147 301
146 303
146 301
145 301
146 300
144 301
146 299
143 301
147 299
146 298
143 302
146 297
142 302
146 296
142 303
141 303
142 304
140 303
142 305
140 304
141 305
139 304
140 305
138 304
139 305
140 306
137 304
140 307
137 303
141 307
139 307
136 303
137 302
139 308
135 303
138 302
139 309
134 303
135 304
138 301
138 309
133 303
134 304
139 301
137 309
138 310
132 303
134 305
139 300
138 311
131 303
133 305
140 300
137 311
138 312
130 303
131 302
132 305
141 300
139 312
138 313
130 304
130 302
137 313
138 314
129 304
130 301
136 313
139 314
138 315
128 304
129 301
130 300
135 313
139 315
127 304
134 313
135 312
140 315
127 303
133 313
134 314
135 311
140 316
127 302
132 313
135 310
140 317
126 302
131 313
132 314
132 312
134 310
135 309
141 317
126 301
130 313
132 315
134 309
142 317
125 301
130 312
132 316
133 309
142 318
124 301
130 311
131 316
132 309
142 319
124 300
130 316
132 310
132 308
212 291
124 299
129 316
130 317
131 310
115 188
125 299
123 299
128 316
113 190
126 299
122 299
123 298
127 316
115 189
114 190
127 299
122 300
123 297
127 317
127 315
115 190
116 190
117 190
122 301
123 296
126 317
117 191
117 192
122 302
124 296
123 295
126 318
121 197
121 199
121 302
123 294
125 318
116 192
119 200
120 302
124 294
123 293
125 319
121 198
116 193
120 303
120 301
124 293
123 292
124 319
125 320
115 194
119 199
120 198
119 303
120 304
120 300
123 291
123 319
125 321
116 194
118 199
119 198
117 194
121 304
120 305
119 300
123 290
122 319
126 321
118 198
117 195
118 197
121 305
119 305
120 306
118 300
124 290
122 290
121 319
122 318
127 321
126 322
117 196
118 196
128 183
119 196
122 305
117 300
118 299
124 289
121 290
120 319
121 318
127 320
126 323
127 183
119 195
125 182
126 183
127 184
122 306
117 301
117 299
118 298
124 288
120 290
121 291
121 289
119 319
120 320
121 317
125 323
126 324
119 194
125 183
124 184
126 184
122 307
116 301
118 297
124 287
120 289
121 292
118 319
119 320
120 317
121 195
120 194
125 184
121 194
115 301
117 297
124 286
119 289
121 293
117 319
119 321
125 185
121 193
125 186
131 186
122 193
114 301
115 302
115 300
116 297
125 286
124 285
119 288
117 320
119 322
125 187
131 187
122 192
125 188
130 187
130 193
113 301
115 297
126 286
124 284
118 288
117 321
120 322
119 323
132 191
122 191
126 188
125 189
130 188
113 300
114 297
115 296
126 287
126 285
125 284
118 287
117 322
121 322
119 324
130 192
132 190
124 190
112 300
113 297
127 287
126 288
125 283
117 287
118 286
116 322
117 323
119 325
123 191
126 189
130 189
112 297
113 296
128 287
117 286
115 322
130 191
131 190
112 296
113 295
129 287
116 286
117 285
115 321
124 191
127 189
129 189
112 295
130 287
115 286
117 284
114 321
130 190
126 192
112 294
131 287
130 288
130 286
114 286
115 285
117 283
113 321
125 191
128 189
111 294
112 293
131 286
130 289
113 286
117 282
112 321
129 190
110 294
111 293
132 286
131 285
130 290
112 286
113 287
117 281
111 321
112 322
112 320
109 294
110 295
132 285
131 284
129 290
117 280
110 321
111 322
112 323
112 319
108 294
109 295
110 296
133 285
130 284
128 290
118 280
117 279
110 322
110 320
112 324
113 319
112 318
107 294
108 295
110 297
134 285
129 284
116 279
117 278
109 322
110 323
110 319
112 325
114 319
113 318
106 294
107 293
135 285
129 285
115 279
108 322
110 318
112 326
105 294
107 292
136 285
135 286
135 284
128 285
115 280
108 321
109 318
113 326
111 326
107 291
137 285
136 284
114 280
115 281
107 321
108 318
111 327
106 291
138 285
113 280
115 282
108 317
110 327
106 290
138 284
112 280
113 281
107 317
108 316
109 327
110 328
106 289
138 283
112 279
109 316
108 315
108 327
110 329
111 279
112 278
108 314
108 326
109 329
110 330
111 278
113 278
109 314
107 314
108 313
108 325
108 329
111 330
111 277
113 277
107 325
107 329
108 330
112 330
111 276
113 276
107 324
203 210
107 328
108 331
111 275
113 275
106 324
107 331
106 328
108 332
111 274
105 324
106 331
109 332
108 333
111 273
105 325
105 323
110 332
109 333
107 333
108 334
110 273
111 272
104 325
105 322
106 333
108 335
109 273
110 272
112 272
103 325
104 322
106 334
108 336
108 273
109 274
112 271
102 325
103 326
103 322
106 335
108 337
108 274
112 270
102 322
103 323
105 335
109 337
107 274
111 270
112 269
101 322
104 335
105 336
106 274
107 275
112 268
103 335
105 337
106 273
113 268
103 336
106 337
105 273
114 268
103 337
104 273
115 268
114 269
103 338
103 273
116 268
115 267
114 270
102 338
103 339
103 274
117 268
115 266
115 270
103 340
103 275
114 266
115 265
116 270
103 341
103 276
114 265
115 264
116 271
104 341
103 342
104 276
102 276
115 263
117 271
105 341
104 342
102 342
105 276
101 276
116 263
114 263
118 271
117 272
106 341
105 342
102 343
105 277
105 275
101 277
116 262
113 263
118 272
107 341
106 342
106 340
101 343
102 344
105 278
100 277
117 262
112 263
118 273
108 341
106 339
105 279
99 277
100 278
118 262
117 261
111 263
119 273
108 342
105 339
106 279
98 277
381 276
100 279
119 262
118 263
118 261
117 260
111 264
120 273
119 274
109 342
97 277
98 276
99 275
120 262
118 264
118 260
116 260
117 259
111 265
119 275
110 342
96 277
97 278
98 275
99 274
121 262
119 260
115 260
117 258
111 266
118 275
110 343
110 341
95 277
97 275
114 260
117 275
118 276
111 343
94 277
95 278
96 275
97 274
114 261
114 259
116 275
118 277
93 277
94 276
95 279
97 273
113 261
113 259
119 277
92 277
93 276
96 279
94 279
95 280
97 272
112 259
113 258
119 278
91 277
93 275
95 281
96 272
97 271
113 257
119 279
91 278
91 276
96 281
95 282
95 272
97 270
114 257
96 282
94 272
95 273
95 271
98 270
97 269
114 256
93 272
94 273
98 269
114 255
115 255
113 255
116 255
115 254
112 255
115 253
111 255
115 252
110 255
116 252
109 255
116 251
108 255
109 256
117 251
107 255
108 254
109 257
118 251
117 250
109 258
118 252
118 250
109 259
118 253
118 249
110 259
109 260
119 249
118 248
108 260
118 247
107 260
108 261
119 247
117 247
106 260
108 262
120 247
116 247
106 261
106 259
107 262
121 247
120 248
120 246
115 247
116 246
105 261
105 259
122 247
121 246
120 245
114 247
115 246
116 245
105 262
104 259
105 258
123 247
121 245
114 248
116 244
105 263
104 258
124 247
113 248
115 244
116 243
104 263
105 264
125 247
112 248
114 244
115 243
103 263
105 265
126 247
125 248
112 249
102 263
103 264
104 265
127 247
111 249
102 262
128 247
127 248
110 249
102 261
129 247
109 249
129 246
108 249
109 248
129 245
107 249
130 245
129 244
106 249
128 244
129 243
106 250
106 248
128 243
130 243
129 242
106 251
105 248
106 247
127 243
131 243
107 247
132 243
108 247
107 246
133 243
108 246
133 244
108 245
134 244
108 244
135 244
134 245
109 244
108 243
135 245
135 243
134 246
110 244
108 242
136 245
136 243
133 246
111 244
109 242
107 242
137 245
136 242
111 245
107 241
137 246
137 242
112 245
111 246
106 241
138 246
137 247
138 242
105 241
106 240
139 246
137 248
139 242
106 239
139 247
139 245
138 248
137 249
139 241
107 239
140 245
136 249
137 250
108 239
140 244
135 249
138 250
109 239
108 238
134 249
138 251
133 249
134 250
138 252
139 252
137 252
139 253
137 253
136 253
137 254
136 254
137 255
136 255
138 255
137 256
136 256
138 256
139 256
139 257
140 257
141 257
140 258
140 259
141 259
142 259
141 260
143 259
144 259
143 260
143 258
145 259
144 260
145 260
145 261
145 262
146 262
144 262
147 262
143 262
147 261
142 262
148 261
147 260
141 262
148 260
140 262
148 259
149 259
150 259
150 260
150 258
151 260
151 258
150 257
152 260
152 258
150 256
153 260
152 259
153 258
152 257
150 255
153 261
153 259
153 257
149 255
153 262
154 259
153 256
154 262
152 262
155 259
154 256
154 263
151 262
155 258
154 255
154 264
151 263
156 258
155 257
155 255
155 264
154 265
157 258
156 255
158 258
157 257
156 256
159 258
159 257
159 256
160 256
159 255
161 256
159 254
161 257
159 253
162 257
161 258
158 253
163 257
161 259
157 253
164 257
163 256
162 259
161 260
157 252
163 259
160 260
157 251
164 259
160 261
158 251
157 250
164 260
159 261
157 249
164 261
158 261
158 249
156 249
163 261
164 262
159 249
156 248
162 261
165 262
164 263
160 249
159 248
155 248
166 262
165 263
164 264
161 249
159 247
155 247
166 263
164 265
162 249
160 247
159 246
154 247
163 265
162 248
159 245
154 246
163 248
162 247
159 244
153 246
164 248
160 244
159 243
152 246
165 248
164 247
161 244
159 242
152 247
164 246
162 244
151 247
165 246
163 246
164 245
166 246
165 245
164 244
167 246
168 246
168 245
169 245
168 244
170 245
167 244
171 245
167 243
172 245
171 244
167 242
172 246
171 243
167 241
173 246
172 247
171 242
167 240
172 248
172 242
167 239
171 248
166 239
167 238
171 249
165 239
167 237
171 250
164 239
165 240
168 237
172 250
163 239
169 237
168 236
173 250
162 239
163 240
170 237
168 235
173 251
162 240
162 238
163 241
171 237
304 310
174 251
161 240
164 241
172 237
175 251
160 240
161 241
173 237
176 251
160 241
160 239
173 236
177 251
176 252
176 250
160 238
173 235
177 252
176 253
176 249
159 238
174 235
177 253
177 249
158 238
174 234
177 254
178 249
157 238
158 239
158 237
174 233
177 255
179 249
158 240
158 236
174 232
178 255
158 235
173 232
174 231
178 256
157 235
158 234
173 231
175 231
178 257
156 235
158 233
173 230
175 230
179 257
177 257
155 235
157 233
173 229
176 230
180 257
154 235
155 236
172 229
177 230
176 229
181 257
153 235
154 236
172 228
177 229
182 257
171 228
178 229
183 257
170 228
184 257
169 228
170 229
153 332
184 258
184 256
168 228
169 227
185 256
184 259
184 255
168 229
168 227
169 226
185 255
184 260
183 255
168 230
167 227
168 226
169 225
186 255
185 260
183 260
182 255
169 230
167 230
167 226
170 225
169 224
187 255
185 261
181 255
182 254
169 231
167 231
166 226
167 225
168 224
188 255
187 256
187 254
186 261
185 262
169 232
166 231
166 225
168 223
189 255
187 257
187 253
187 261
185 263
168 232
166 232
165 225
167 223
168 222
190 255
186 253
187 252
186 263
184 263
164 225
169 222
168 221
190 254
186 264
183 263
164 226
191 254
186 265
182 263
183 264
164 227
192 254
191 253
186 266
181 263
164 228
191 252
187 266
186 267
180 263
181 262
163 228
190 252
191 251
186 268
179 263
162 228
191 250
186 269
179 264
179 262
161 228
162 227
191 249
187 269
179 265
160 228
161 229
162 226
192 249
190 249
191 248
187 270
179 266
159 228
161 230
161 226
162 225
193 249
187 271
180 266
178 266
159 227
161 225
193 248
187 272
178 267
158 227
161 224
193 247
187 273
178 268
158 226
194 247
193 246
188 273
186 273
177 268
157 226
192 246
193 245
156 226
191 246
194 245
155 226
195 245
155 227
155 225
196 245
195 246
195 244
154 227
155 228
154 225
155 224
196 246
196 244
195 243
155 229
154 224
156 224
155 223
196 247
196 243
194 243
154 229
157 224
155 222
196 248
197 243
193 243
194 242
158 224
157 223
156 222
154 222
197 248
195 248
198 243
193 242
159 224
158 223
157 222
156 221
153 222
154 221
197 249
195 249
199 243
198 242
193 241
159 223
156 220
152 222
195 250
200 243
193 240
160 223
151 222
152 221
194 250
200 242
192 240
193 239
160 222
150 222
151 223
151 221
194 251
191 240
193 238
151 220
191 241
194 238
192 238
150 220
190 241
195 238
149 220
150 219
196 238
148 220
197 238
147 220
198 238
147 221
147 219
198 239
198 237
146 219
198 236
145 219
199 236
197 236
144 219
200 236
196 236
197 235
144 220
200 237
200 235
197 234
143 220
201 237
200 238
200 234
142 220
200 233
141 220
200 232
140 220
201 232
200 231
140 221
140 219
202 232
201 231
200 230
140 222
140 218
203 232
202 231
201 230
200 229
139 222
139 218
204 232
200 228
138 222
139 217
205 232
204 231
138 221
139 216
205 233
205 231
204 230
138 220
205 234
204 229
137 220
206 234
203 229
204 228
136 220
137 219
206 235
203 228
205 228
204 227
136 221
204 226
135 221
136 222
205 226
203 226
134 221
136 223
206 226
202 226
203 225
134 222
136 224
207 226
206 225
201 226
202 225
203 224
133 222
135 224
208 226
200 226
201 227
203 223
132 222
135 225
208 227
199 226
200 225
203 222
132 221
135 226
209 227
208 228
200 224
204 222
132 220
135 227
210 227
201 224
199 224
133 220
132 219
135 228
211 227
199 223
133 219
131 219
135 229
212 227
211 226
198 223
134 219
130 219
135 230
213 227
197 223
134 218
129 219
130 218
136 230
135 231
214 227
213 228
197 224
134 217
129 218
137 230
215 227
214 226
213 229
196 224
135 217
134 216
128 218
137 231
137 229
214 225
213 230
195 224
133 216
127 218
138 231
137 232
215 225
214 230
194 224
195 225
195 223
126 218
127 219
139 231
215 224
215 230
195 226
125 218
126 219
139 230
215 223
358 264
358 263
358 262
359 262
357 262
358 261
356 262
358 260
356 263
356 261
359 260
357 260
355 261
360 260
354 261
355 260
361 260
353 261
354 260
362 260
352 261
353 262
353 260
354 259
362 261
362 259
351 261
352 262
353 263
354 258
362 262
363 259
350 261
351 260
354 263
355 258
354 257
363 262
363 258
349 261
351 259
355 257
353 257
364 262
363 263
363 257
348 261
352 257
365 262
362 257
363 256
348 262
351 257
366 262
365 263
361 257
364 256
351 256
366 261
365 264
361 256
364 255
351 255
365 265
360 256
361 255
364 254
350 255
351 254
364 265
365 266
359 256
365 254
363 254
350 254
352 254
351 253
364 266
366 266
358 256
359 257
366 254
362 254
363 266
366 267
357 256
366 255
362 266
367 267
366 268
357 255
367 255
366 256
362 267
368 267
356 255
368 255
366 257
369 267
368 266
356 254
368 254
365 257
369 268
369 266
356 253
369 254
368 253
369 269
370 266
356 252
370 254
368 252
370 269
368 269
370 265
356 251
370 255
370 253
368 251
371 269
368 270
355 251
356 250
371 255
370 256
371 253
367 251
372 269
357 250
356 249
369 256
372 253
373 269
358 250
356 248
369 257
372 252
373 270
373 268
356 247
372 251
373 271
374 268
355 247
374 271
372 271
373 272
375 268
354 247
355 246
374 272
371 271
373 273
375 267
353 247
355 245
372 273
375 266
352 247
355 244
372 274
376 266
374 266
375 265
351 247
356 244
354 244
371 274
377 266
373 266
351 248
357 244
353 244
370 274
371 275
378 266
358 244
353 243
369 274
371 276
378 265
359 244
358 245
352 243
353 242
368 274
369 275
372 276
378 264
359 243
358 246
351 243
367 274
368 273
373 276
378 263
359 246
358 247
351 242
366 274
373 277
360 246
350 242
366 275
373 278
360 247
349 242
366 276
373 279
349 243
349 241
366 277
374 279
373 280
348 243
367 277
366 278
375 279
372 280
373 281
347 243
368 277
367 278
365 278
366 279
375 278
371 280
369 277
368 278
364 278
365 279
366 280
376 278
375 277
368 279
363 278
364 279
365 280
377 278
368 280
363 277
364 280
365 281
378 278
377 279
363 280
364 281
365 282
379 278
378 279
378 277
377 280
365 283
378 280
378 276
377 281
365 284
379 280
376 281
366 284
365 285
380 280
365 286
381 280
380 281
366 286
365 287
382 280
381 279
383 280
381 278
383 279
381 277
368 389
166 248
