117 92
88 86
119 90
117 87
117 103
114 99
56 44
38 49
78 91
68 97
116 102
123 140
36 56
37 56
97 73
76 53
68 91
98 77
59 98
65 100
37 62
83 85
74 89
118 127
67 99
122 112
66 47
67 38
115 90
119 146
78 57
122 134
48 48
102 84
38 57
31 56
130 102
123 88
72 85
65 101
120 119
29 54
76 90
62 50
61 54
114 93
64 92
72 66
44 47
119 128
53 47
132 160
36 47
122 111
51 47
81 93
112 85
121 124
65 97
127 148
36 44
78 84
71 53
65 43
111 101
68 27
49 47
103 85
82 87
36 58
66 87
101 94
64 94
106 83
74 84
67 97
128 158
82 90
67 69
115 94
122 89
61 47
37 61
125 127
74 66
116 106
104 79
39 67
131 163
127 147
70 53
74 87
66 42
97 86
90 81
115 95
67 93
120 121
60 97
130 162
112 88
62 63
119 121
64 82
42 49
57 42
76 88
76 84
67 43
36 69
67 89
127 153
116 96
66 68
38 45
103 86
63 100
125 118
130 103
69 82
55 45
73 93
59 42
36 60
59 45
124 110
117 127
67 70
125 152
120 87
63 92
118 103
54 44
65 54
126 147
120 90
124 132
123 138
128 161
55 48
62 58
67 51
60 58
67 96
109 84
44 50
116 101
128 104
67 95
72 94
92 80
76 86
74 92
91 78
125 147
130 100
52 49
63 102
67 44
119 144
119 118
73 81
30 53
104 82
58 44
107 76
62 96
133 158
89 79
124 136
123 142
130 163
124 109
79 56
115 98
119 108
122 88
123 129
114 94
80 91
66 75
130 106
122 128
73 66
74 78
117 90
68 96
66 86
104 88
59 97
127 138
63 57
100 83
114 95
65 42
49 51
127 118
75 90
122 123
120 122
66 44
62 102
32 58
124 108
65 74
88 87
126 129
123 121
121 118
67 34
128 139
98 75
65 91
64 30
65 94
69 51
71 87
66 82
123 145
119 116
124 150
66 85
119 114
68 101
37 49
74 90
67 48
73 82
113 97
81 95
38 68
105 88
40 52
64 53
123 141
122 109
104 86
94 76
89 82
58 96
64 79
62 92
106 82
73 84
74 93
125 146
106 75
75 54
61 55
64 77
69 94
69 96
34 53
114 98
120 129
54 48
130 101
98 78
70 82
111 99
66 37
49 52
125 153
124 142
33 54
61 105
42 47
127 154
72 54
103 77
110 99
65 52
72 53
128 108
104 85
86 83
98 92
63 103
121 120
67 27
98 86
125 131
56 47
64 39
123 106
76 61
57 40
99 75
118 96
123 132
81 58
66 84
112 95
104 89
69 103
67 100
81 57
118 97
120 89
70 68
63 43
124 106
74 80
113 98
36 70
59 61
37 55
122 138
115 106
120 115
111 85
131 102
119 115
125 126
68 69
73 54
34 54
132 158
53 45
37 51
70 94
75 91
105 79
61 102
100 84
106 74
128 163
124 119
117 101
122 106
60 49
38 59
79 91
102 79
62 101
65 29
116 104
54 46
102 82
84 85
127 137
123 143
69 69
96 77
73 88
67 45
76 85
102 81
103 89
65 69
37 63
126 119
90 82
88 85
31 54
78 56
112 94
76 76
120 145
126 107
78 59
117 125
61 50
88 88
63 62
104 87
118 98
71 68
63 61
121 90
76 65
101 82
108 75
107 74
127 158
68 102
124 151
77 84
88 83
96 86
67 91
93 80
103 84
63 96
87 83
54 47
119 107
78 77
122 110
74 82
57 97
37 60
120 120
75 62
72 84
55 40
63 98
95 73
122 124
119 145
41 48
61 103
70 83
35 70
68 51
65 44
66 30
120 128
36 48
129 102
125 107
124 145
124 141
69 43
118 99
66 33
123 135
89 78
103 90
101 91
61 49
66 88
79 77
65 35
107 83
125 138
60 42
103 82
102 96
40 49
59 62
98 74
37 65
65 82
131 160
71 32
128 162
120 144
63 52
67 47
101 85
86 84
129 100
70 43
88 78
113 94
58 40
77 86
85 85
49 48
93 86
63 53
37 47
110 98
122 90
62 62
101 84
81 60
80 60
35 44
30 54
61 51
123 117
65 96
105 86
123 90
63 80
125 132
121 119
128 160
48 50
40 50
107 75
72 55
121 144
124 149
107 100
93 77
67 32
92 77
123 118
61 104
32 57
66 71
34 70
61 58
75 61
56 39
122 135
50 52
67 98
109 83
66 80
79 58
120 123
61 40
36 65
65 84
65 76
97 88
37 52
108 98
60 61
52 39
78 83
94 77
66 32
71 67
126 127
70 31
38 52
101 95
72 32
116 94
43 49
37 48
74 54
113 93
60 40
96 73
127 157
100 82
89 87
81 59
88 82
112 102
55 46
78 60
66 51
129 107
122 152
123 139
123 112
67 101
101 93
56 43
128 106
67 37
62 61
66 96
67 71
92 76
68 104
115 89
105 82
69 55
62 97
72 88
75 78
37 50
120 106
69 32
124 126
133 160
65 60
111 102
78 58
120 118
103 78
65 53
69 56
108 100
76 63
113 100
83 87
56 40
60 41
65 95
124 134
69 83
34 44
101 79
69 86
119 106
120 88
118 87
124 107
74 88
118 90
121 145
121 152
112 86
62 52
55 50
68 44
70 54
79 60
74 83
52 50
102 78
100 91
115 101
79 55
42 48
67 46
90 80
121 115
123 151
126 138
28 54
65 72
68 43
77 61
126 128
82 94
82 85
79 61
130 160
62 40
116 93
110 85
86 85
63 59
119 99
68 85
83 92
68 103
36 66
66 35
38 53
131 159
109 85
56 41
69 52
95 77
123 113
124 113
64 102
110 86
56 48
66 89
62 57
121 129
117 93
66 91
63 60
32 56
123 120
130 104
68 56
125 148
108 84
32 54
83 86
56 50
121 133
132 157
61 52
58 45
123 103
78 55
81 85
35 60
114 100
118 126
38 65
125 141
68 32
66 101
66 83
113 95
75 63
72 86
129 105
47 47
115 102
117 97
72 93
98 84
118 88
67 50
52 47
32 55
118 125
101 90
77 90
68 92
65 75
66 72
67 49
119 152
126 118
118 106
103 87
76 89
61 56
75 64
108 99
78 90
82 88
60 48
69 87
125 119
123 119
101 86
81 91
126 108
76 77
38 58
57 44
62 39
128 155
64 80
35 54
37 64
46 47
115 87
125 130
67 84
56 38
61 62
72 81
114 89
105 81
134 159
37 58
127 155
75 85
97 78
65 34
115 96
61 57
123 128
65 93
60 62
74 91
56 45
63 42
67 94
106 81
54 39
91 80
131 164
119 127
62 95
52 48
74 79
105 87
111 100
128 159
66 28
101 77
51 52
123 126
64 42
28 55
38 66
82 89
125 149
102 80
56 42
63 39
99 84
126 153
64 40
49 50
74 65
99 86
80 77
116 87
49 49
112 97
99 92
77 77
61 95
70 52
124 138
68 94
72 33
75 77
83 88
122 151
127 156
102 93
122 129
81 94
122 127
61 96
122 133
113 89
68 86
36 53
125 109
75 65
125 128
116 95
118 114
123 105
97 74
59 99
63 77
121 134
36 61
129 104
65 31
101 92
107 77
129 162
61 48
71 83
77 60
67 90
83 60
80 59
101 96
64 78
99 77
83 91
54 40
121 98
112 96
64 96
65 30
100 77
53 39
56 37
114 87
64 41
116 97
117 91
82 91
94 86
35 71
72 31
92 78
116 92
123 137
37 68
62 56
54 50
96 78
112 87
39 66
122 125
36 54
81 88
124 135
65 32
122 120
66 69
134 160
121 143
38 50
103 79
39 52
74 64
119 88
65 80
127 108
97 84
45 47
77 91
64 81
125 145
61 53
99 93
66 52
44 48
65 28
112 89
117 106
123 110
65 37
70 69
132 159
120 108
68 48
90 79
65 92
36 68
99 85
71 84
36 67
128 147
124 133
28 56
59 40
65 102
61 97
102 90
36 46
77 78
109 75
124 148
64 100
70 32
123 115
66 34
69 97
61 101
77 54
112 100
107 78
123 152
82 93
123 144
69 44
71 94
121 122
123 136
55 49
88 84
81 92
126 130
73 79
122 145
123 114
99 87
99 91
127 159
64 76
119 98
98 76
50 47
41 49
54 45
65 39
65 36
125 117
127 139
76 60
67 28
90 78
34 69
94 80
50 46
74 81
121 123
44 49
63 58
121 88
116 90
48 47
102 77
72 67
120 152
109 98
103 93
62 98
129 139
105 78
125 144
68 95
118 146
108 83
69 91
116 105
123 104
106 78
64 60
76 54
69 54
95 86
38 54
128 107
36 45
82 60
95 74
71 55
117 96
118 152
69 90
36 57
122 126
123 116
106 79
38 44
120 98
75 84
97 87
37 46
129 108
114 101
69 84
65 38
58 97
37 54
68 68
57 50
121 106
84 86
80 93
37 45
70 87
124 152
38 60
129 106
77 55
77 88
130 161
65 73
72 68
116 103
119 117
34 71
68 84
40 51
64 98
79 84
105 77
