455 473
451 474
396 358
480 502
513 440
345 569
496 622
441 496
405 413
502 628
491 446
394 351
303 556
358 398
500 449
444 501
334 473
317 516
453 530
312 522
335 471
474 718
420 610
466 541
309 485
363 424
461 544
520 452
474 483
423 577
305 564
425 560
487 700
460 488
409 556
324 498
483 480
323 489
424 584
479 649
308 561
447 547
293 551
411 611
430 365
398 409
454 483
443 462
366 500
446 632
310 515
437 579
434 438
303 564
298 544
477 673
312 549
488 708
442 533
448 492
394 349
485 450
376 440
442 532
453 623
494 666
433 610
304 557
358 383
358 503
395 375
412 352
493 674
435 557
260 555
314 546
372 416
498 630
418 428
433 571
333 544
447 440
407 566
359 414
332 474
451 538
472 679
402 419
498 682
288 529
434 377
466 484
359 383
320 570
399 421
503 630
296 540
296 523
363 491
315 519
297 566
486 480
421 562
300 566
313 545
490 446
519 442
437 461
439 575
472 481
318 538
413 615
505 438
404 420
331 454
345 495
422 567
460 630
437 363
400 409
456 627
484 512
482 512
493 450
309 574
401 376
489 629
432 426
327 502
420 565
411 558
271 549
396 424
309 483
459 544
459 524
473 714
495 675
470 675
431 569
319 482
272 557
430 375
404 357
309 504
503 613
421 566
451 537
391 354
330 473
487 449
327 486
366 501
342 501
486 705
269 552
397 417
286 542
397 388
411 353
493 487
528 444
330 483
449 538
478 641
404 429
398 433
293 550
487 696
404 381
439 366
444 467
423 426
503 483
324 507
371 416
399 400
340 549
467 536
393 403
428 532
431 538
292 525
360 398
333 472
359 386
315 541
441 632
377 588
495 691
423 587
359 420
362 422
468 522
455 486
457 524
425 603
493 498
467 484
458 537
395 406
412 615
402 406
415 532
394 406
422 431
398 350
390 555
363 407
400 356
444 442
455 624
476 656
444 463
317 575
432 576
437 623
430 467
363 493
316 524
445 472
365 499
356 421
483 513
513 463
415 611
473 651
366 419
467 482
429 605
310 576
501 497
392 429
307 550
316 515
407 414
470 516
471 641
385 589
473 666
401 381
473 715
444 475
311 511
390 410
491 661
316 523
408 375
497 446
406 422
474 659
419 431
331 457
429 374
441 570
443 553
400 392
299 553
500 500
385 437
506 482
444 555
431 368
359 503
288 542
448 542
437 379
280 538
470 714
431 462
406 361
264 564
390 354
507 466
397 405
413 434
423 556
396 360
333 497
379 426
421 535
308 575
399 356
504 473
440 621
451 531
323 491
423 578
435 561
443 546
474 651
492 432
431 586
268 559
425 565
485 503
528 443
497 680
403 420
439 457
431 537
434 571
496 689
346 501
452 490
502 439
500 666
441 568
307 502
472 663
437 436
436 426
400 387
401 382
269 554
457 637
444 553
348 570
471 474
403 377
405 427
279 560
488 630
433 469
419 604
514 437
411 428
269 553
454 532
441 530
498 690
411 617
503 472
441 564
383 436
409 562
504 614
461 518
432 378
446 500
481 505
499 497
453 487
518 451
443 558
435 574
473 672
473 515
278 540
359 399
508 441
480 648
425 610
314 515
359 417
500 631
411 557
479 635
498 432
501 502
361 416
503 471
415 348
399 433
521 444
313 502
406 420
358 399
355 427
397 393
404 397
308 515
361 391
320 517
441 497
508 443
358 415
499 499
368 408
404 401
482 503
474 635
438 457
501 618
403 419
418 601
467 541
315 533
441 587
424 532
511 478
460 547
501 705
485 456
434 462
345 497
510 462
322 508
410 370
444 540
427 605
342 495
495 688
437 454
308 572
424 595
307 559
468 535
314 550
411 352
430 371
334 499
445 358
400 398
474 643
493 661
471 534
499 464
493 631
332 462
442 622
448 623
405 376
280 557
402 356
442 497
362 397
294 550
394 423
403 375
433 556
478 643
379 591
297 550
437 550
419 595
324 442
436 562
503 480
313 484
499 459
428 531
490 636
378 590
294 523
432 571
459 632
442 449
445 484
487 447
468 655
453 537
429 531
320 472
488 710
321 510
429 364
468 664
509 460
361 507
486 659
297 527
398 560
422 577
271 555
437 553
501 615
392 355
392 555
417 592
365 495
362 409
394 398
407 397
487 450
474 714
323 483
502 685
479 714
422 602
414 359
482 507
462 654
421 590
466 660
389 407
405 362
319 469
461 479
398 349
504 455
502 674
423 432
481 668
337 466
434 583
401 423
468 519
480 713
443 628
431 564
292 541
497 436
501 491
492 663
333 498
410 351
463 487
451 473
321 538
431 377
462 485
454 537
452 479
423 606
400 395
440 577
360 508
405 414
468 515
324 505
454 539
321 474
314 503
438 435
367 488
361 423
358 504
513 462
319 565
414 564
503 467
315 534
438 574
320 482
311 505
413 359
294 529
493 669
360 417
497 678
505 479
478 513
407 358
410 347
363 406
396 404
401 360
389 362
343 568
404 427
412 618
440 579
295 523
314 548
391 355
484 664
469 534
423 602
501 484
322 468
459 522
422 365
424 426
497 448
389 356
403 415
432 584
424 427
392 553
396 372
295 565
411 431
496 490
476 485
420 591
524 446
486 634
436 440
358 397
488 503
440 627
491 671
458 632
317 544
499 455
520 442
430 624
432 561
434 380
411 366
356 428
447 552
486 706
322 533
387 585
396 405
440 447
433 557
485 485
503 666
335 489
419 347
520 443
354 425
471 683
423 610
493 623
461 538
411 615
415 431
404 399
424 597
502 629
498 663
503 487
387 587
474 636
482 511
438 436
325 489
443 471
294 537
398 400
397 349
263 563
302 552
471 472
480 653
357 430
489 499
434 437
452 529
360 516
472 485
432 381
495 631
431 626
423 619
454 638
446 488
401 357
475 674
505 616
456 518
364 410
501 685
401 385
437 442
497 675
327 496
406 371
265 551
520 446
475 509
361 398
422 584
444 627
516 456
441 362
488 497
345 571
395 401
398 427
341 487
437 534
479 636
280 550
413 428
313 486
498 613
316 500
503 470
268 554
327 499
492 487
412 346
338 487
364 494
456 475
489 691
400 565
423 428
427 552
494 706
446 545
479 675
329 506
442 459
501 443
509 652
458 480
289 542
429 623
430 527
369 421
404 563
497 613
305 549
484 662
397 387
488 659
428 374
474 485
395 352
440 459
264 561
485 670
271 558
482 450
497 447
310 563
441 567
412 365
401 402
456 624
447 441
393 345
421 618
383 437
500 677
320 468
464 480
501 467
366 488
475 642
305 548
337 502
300 525
465 661
422 342
423 567
396 403
426 365
507 456
290 537
498 436
430 372
485 453
489 702
472 668
267 556
429 619
403 406
456 526
310 503
489 435
299 566
318 532
363 419
488 435
491 659
438 626
427 555
493 672
294 530
403 383
431 527
432 538
454 530
411 618
469 660
441 621
322 497
389 364
438 461
321 536
520 449
421 603
308 573
416 591
488 434
435 376
356 507
452 471
437 560
395 422
437 359
493 663
428 623
308 483
376 426
475 650
360 389
451 490
500 620
485 448
431 623
301 565
505 631
362 499
488 639
326 483
439 627
315 517
408 396
361 431
391 432
336 479
442 632
318 510
431 565
362 394
490 708
404 370
401 378
312 512
344 568
390 431
312 566
485 504
298 547
443 620
436 454
515 463
348 573
333 499
432 569
385 438
335 467
463 537
441 364
509 659
330 485
430 603
361 435
302 555
510 436
523 445
428 603
330 462
497 437
446 621
435 570
336 464
364 411
451 489
337 500
445 552
418 532
433 368
270 549
439 441
437 457
414 614
440 619
460 483
279 555
360 432
441 531
330 459
474 672
431 528
423 605
312 487
369 408
461 489
430 373
381 437
403 399
496 676
474 482
404 398
522 441
422 534
496 675
435 432
356 425
414 358
315 566
290 540
338 505
319 538
468 635
425 608
298 526
308 501
493 693
392 362
440 356
488 692
505 633
440 631
500 686
490 435
475 485
336 505
391 394
432 568
445 376
418 533
397 409
476 650
438 537
489 634
406 375
498 629
430 614
263 565
488 694
310 572
385 366
394 428
296 543
460 631
504 631
433 536
469 482
310 574
345 568
493 437
336 501
433 378
485 668
476 651
506 614
500 673
294 538
426 579
314 521
425 561
411 368
515 465
415 430
455 625
323 488
436 457
452 621
416 590
330 496
403 407
427 579
495 496
504 454
410 369
409 557
446 634
434 557
513 438
269 560
463 519
438 584
315 537
453 484
340 550
435 446
410 354
307 563
328 490
399 415
430 617
463 547
350 571
340 486
360 503
494 500
486 482
444 498
518 452
435 569
442 538
324 495
443 539
409 427
359 412
440 578
453 527
401 401
485 452
319 517
498 611
281 543
374 589
305 560
490 436
422 585
348 572
402 404
437 583
472 486
476 514
484 635
435 380
497 450
450 541
433 572
432 583
506 663
502 666
395 407
425 558
484 707
476 666
422 569
299 526
389 408
390 430
264 551
429 621
418 363
424 619
484 481
309 561
426 580
474 670
504 630
489 708
431 567
390 432
297 528
431 561
482 483
264 552
496 494
393 356
414 366
339 503
280 541
500 463
505 660
414 347
393 428
329 462
470 656
358 425
411 430
337 508
469 658
450 552
501 613
364 434
408 565
434 368
475 658
452 622
491 502
422 582
334 463
319 524
465 477
397 374
482 489
467 542
491 504
497 631
479 640
426 577
424 431
449 486
396 429
512 441
268 551
296 566
499 631
503 485
349 572
424 592
280 542
463 485
324 488
491 629
444 376
479 650
480 656
486 636
396 396
466 651
435 457
427 603
419 531
433 621
500 435
437 360
406 413
326 501
484 486
492 434
448 553
444 377
289 528
276 558
398 360
430 588
425 593
440 617
325 488
365 496
358 432
504 476
520 448
410 355
332 489
409 358
376 439
326 499
308 563
506 466
483 711
389 556
478 508
360 430
364 419
508 457
486 450
418 364
263 564
432 564
485 700
432 575
461 483
362 504
363 403
422 425
399 417
408 358
436 438
401 399
424 611
400 424
431 581
472 670
437 536
361 494
268 556
396 395
283 542
329 463
442 456
332 452
501 501
471 473
326 505
400 364
432 374
366 410
457 476
480 635
311 512
433 609
484 484
433 580
413 365
450 622
434 435
414 360
429 557
399 358
401 356
379 437
328 493
475 468
472 682
480 507
503 657
403 409
459 539
484 712
503 490
310 514
335 478
459 521
484 457
429 427
472 674
505 632
434 430
492 509
392 396
521 438
500 443
319 532
270 556
438 452
296 567
391 435
455 535
448 620
473 477
488 631
506 476
510 478
364 491
501 617
395 355
501 680
406 427
279 541
489 631
325 491
503 462
415 349
394 413
396 387
422 422
490 447
314 552
426 606
498 688
398 347
398 387
500 628
501 462
363 402
488 691
315 571
261 550
438 434
308 500
377 424
333 507
511 436
466 662
453 621
475 662
445 537
425 597
330 460
470 521
317 542
498 459
357 398
300 546
280 552
490 621
474 512
499 615
416 428
389 409
442 361
467 658
449 541
428 569
478 658
435 622
430 370
293 529
446 631
505 454
502 438
495 690
484 669
439 460
435 427
443 485
436 456
457 525
419 349
321 568
295 524
432 608
314 566
446 530
334 489
263 554
485 707
316 572
444 468
399 425
414 361
421 583
489 494
328 494
491 435
441 382
361 510
472 515
399 426
334 475
476 659
456 520
449 470
492 450
422 608
424 365
434 612
461 545
499 450
435 444
499 458
331 461
389 554
398 345
503 468
492 637
491 437
362 506
498 667
338 463
393 346
491 622
400 355
298 542
491 706
494 431
402 415
485 703
426 555
413 560
363 397
439 576
392 344
312 546
422 586
422 423
440 586
410 612
478 652
309 541
314 544
324 486
434 537
501 684
457 478
496 666
419 346
492 437
503 665
314 567
425 430
390 433
266 549
487 502
449 531
438 551
494 625
370 423
332 483
422 583
449 622
403 396
339 466
399 355
319 476
508 440
309 484
356 504
298 528
433 561
463 542
392 343
442 552
293 549
484 487
435 621
311 485
389 366
448 493
344 494
479 637
502 621
470 639
310 571
499 461
496 674
431 369
292 526
433 529
495 706
408 370
496 495
509 478
490 449
475 669
436 450
394 402
301 525
321 473
318 535
450 464
400 357
486 637
441 498
399 399
313 508
343 504
477 640
483 714
420 431
395 556
422 597
423 589
389 430
485 486
396 344
297 564
364 493
511 659
463 655
454 527
432 609
322 496
413 433
414 430
481 504
494 626
308 491
307 548
521 443
360 510
312 544
397 378
503 479
498 458
505 477
423 579
448 531
470 640
457 536
343 495
528 445
512 440
330 506
387 438
466 656
486 486
424 564
337 505
415 565
499 704
448 490
515 464
502 625
414 346
348 571
389 437
323 499
502 451
472 671
391 555
458 626
314 511
473 635
271 557
467 522
447 554
504 659
333 462
461 477
476 477
396 361
486 703
481 503
476 655
309 514
308 541
472 475
430 556
483 489
436 536
360 512
501 677
422 432
405 358
513 457
307 514
363 420
458 634
461 656
362 438
433 574
472 474
484 665
394 348
443 443
427 365
355 508
327 497
440 582
434 376
393 404
439 461
311 516
443 357
358 416
263 566
480 655
486 699
426 561
459 540
364 435
502 448
474 466
398 361
482 496
265 559
431 372
361 498
423 533
478 666
401 406
473 667
319 569
362 391
481 711
306 502
516 454
446 546
385 432
420 593
444 378
281 544
437 580
522 442
309 564
476 715
490 626
491 449
423 582
315 522
446 628
483 713
272 551
478 478
446 461
360 429
336 462
496 436
313 485
456 636
264 562
480 645
280 546
473 662
469 714
363 422
497 490
433 462
479 480
335 475
313 549
324 504
358 512
322 509
496 488
464 632
482 666
309 482
404 372
486 502
454 529
477 651
457 486
411 350
409 563
288 526
314 483
339 489
390 434
279 557
424 596
397 428
432 567
315 500
500 448
487 494
433 578
465 485
424 345
320 518
442 621
433 381
495 438
402 384
345 570
409 567
510 461
443 459
437 620
291 541
331 459
423 532
322 565
331 548
481 506
427 620
400 381
421 349
479 647
495 487
419 592
456 521
308 567
490 445
330 487
317 566
497 449
453 531
488 635
412 557
482 482
308 547
441 589
494 673
511 435
413 345
437 624
414 437
397 346
361 396
498 494
320 480
405 371
406 563
502 631
465 635
485 664
480 503
498 435
441 443
298 548
435 462
335 462
405 399
432 380
491 708
504 482
474 468
491 632
391 406
314 543
443 630
503 664
505 461
455 623
322 467
291 528
422 617
464 478
442 458
469 664
363 426
331 474
401 387
434 442
398 430
399 558
316 538
503 621
447 473
421 345
422 426
464 660
462 548
489 700
437 563
433 445
342 505
409 370
491 637
484 504
423 597
373 589
427 557
492 506
476 714
422 616
306 544
324 483
418 431
355 420
389 363
312 513
270 551
429 530
364 408
401 384
403 408
497 658
466 485
493 496
260 564
521 440
472 681
497 614
422 614
396 343
321 564
471 470
479 665
426 620
421 567
317 511
425 532
513 480
431 444
446 498
361 389
357 511
436 361
281 563
394 414
429 616
480 654
437 555
369 418
301 564
473 643
493 458
493 705
290 538
393 422
410 428
445 491
394 411
478 645
454 485
440 581
438 441
510 457
432 582
504 487
396 414
444 379
449 489
503 489
501 683
374 588
338 503
363 401
458 489
336 469
426 608
430 427
370 418
468 658
445 633
389 438
289 543
394 395
398 377
477 678
301 547
471 636
493 666
464 635
523 449
414 615
441 365
430 426
425 431
431 374
443 499
432 530
456 524
489 620
394 361
404 395
509 653
411 365
519 446
479 509
480 646
488 502
474 662
338 491
362 500
424 432
365 434
434 434
341 505
453 488
360 399
424 433
437 556
395 402
458 524
492 705
441 627
479 713
314 568
440 531
430 569
394 404
505 488
417 565
361 514
396 352
410 366
396 393
476 466
270 550
340 466
411 564
451 621
500 450
488 628
365 433
281 561
382 436
300 565
491 628
394 405
500 464
459 487
478 481
482 509
371 500
448 541
487 485
261 554
461 625
403 418
444 628
403 379
439 433
304 547
402 397
429 527
442 442
486 494
488 446
445 541
393 429
415 350
424 429
315 535
389 365
365 490
359 413
399 397
295 542
435 443
450 473
493 446
345 572
471 684
405 378
452 487
520 447
434 428
430 445
343 505
473 670
395 361
478 510
453 622
331 471
470 676
440 576
312 547
419 364
463 634
391 362
458 488
264 560
483 490
474 650
281 556
458 635
356 396
363 495
496 667
501 448
394 396
425 618
491 638
312 518
430 444
368 415
502 620
454 637
493 486
437 441
362 395
446 543
337 479
362 493
441 573
328 506
396 430
335 469
319 468
300 567
461 654
398 557
363 425
478 511
422 615
416 589
477 480
496 678
484 479
360 392
476 640
444 554
329 499
444 358
400 419
307 489
361 503
311 571
416 429
423 557
473 475
431 371
413 435
471 482
315 482
462 518
334 470
400 391
310 567
454 480
492 500
493 664
438 572
504 493
462 522
420 598
434 431
445 463
480 657
417 428
443 358
439 628
411 357
431 589
424 591
497 705
477 635
439 442
483 486
357 428
440 584
335 498
426 532
496 706
404 430
464 634
409 395
327 495
499 675
490 500
491 458
433 465
463 516
289 527
459 626
292 527
444 461
334 477
298 543
331 497
444 560
369 409
391 411
360 396
295 566
512 439
312 539
438 534
458 478
302 564
314 500
281 560
441 588
420 345
409 355
421 429
280 551
268 557
332 482
290 529
324 496
500 491
438 363
465 653
433 427
520 451
468 636
409 396
419 363
494 438
491 501
282 542
457 535
419 600
389 431
470 474
441 461
391 405
431 588
462 517
364 492
498 664
328 460
457 628
448 469
370 426
502 627
322 475
428 622
315 524
407 426
399 344
317 532
435 571
292 528
463 654
423 345
358 509
432 573
318 566
409 561
469 675
415 561
401 404
454 484
444 465
428 530
425 425
338 465
441 378
432 537
441 571
446 496
406 421
317 543
503 482
436 471
480 637
494 661
358 384
497 445
422 533
422 366
361 509
430 571
495 459
421 564
313 509
422 568
445 462
435 449
271 556
506 460
357 431
313 567
478 667
414 616
334 471
463 518
262 567
420 348
437 378
503 450
358 514
359 396
362 435
401 424
432 581
281 550
497 667
424 585
504 464
463 621
487 641
294 541
459 538
443 492
504 619
444 500
388 361
333 463
435 434
307 542
439 440
455 489
317 500
446 501
355 397
431 627
503 465
485 634
313 550
450 486
474 511
436 368
497 495
355 428
367 419
412 428
475 515
399 424
441 448
391 410
397 358
436 583
309 512
504 685
430 462
369 410
477 637
499 665
301 552
447 470
441 500
378 424
436 472
438 453
371 424
494 685
368 416
317 517
280 537
465 540
399 359
454 486
493 706
446 494
505 439
323 495
482 635
461 487
431 376
483 508
267 558
436 437
409 564
410 356
430 608
438 559
426 578
443 498
429 366
478 640
327 506
340 505
459 629
497 679
445 490
500 499
266 564
266 560
444 477
486 641
432 385
415 610
337 503
308 504
437 377
458 521
327 503
445 485
499 435
366 489
384 366
463 522
293 541
435 469
494 497
494 693
444 476
386 365
473 717
483 712
442 462
404 400
455 527
394 375
472 484
441 499
426 607
398 559
487 634
463 544
444 620
334 476
422 618
401 355
356 426
502 452
433 434
453 480
485 484
338 488
484 714
411 346
447 542
449 463
362 509
490 707
367 489
430 586
502 484
482 712
448 486
411 612
261 552
403 416
319 509
447 483
391 430
312 548
420 600
419 602
447 471
380 590
512 458
417 533
423 365
306 514
479 654
489 672
401 426
450 538
399 434
388 407
310 505
306 567
448 463
445 442
421 342
362 501
388 410
502 663
501 436
495 430
467 659
313 541
472 659
425 556
421 597
429 618
485 455
463 481
340 467
263 562
495 693
448 622
495 620
279 540
316 511
397 416
529 443
312 550
405 415
488 641
463 623
398 375
479 660
509 655
367 411
445 634
469 522
494 488
433 377
507 659
486 697
442 461
365 424
407 377
475 666
414 431
441 572
368 499
469 713
510 437
402 382
505 465
437 557
404 360
411 619
469 643
434 621
399 427
268 558
497 620
312 508
311 549
414 560
300 526
504 453
520 450
445 486
502 441
423 584
504 662
320 471
417 591
355 503
472 480
474 484
488 643
305 566
309 567
475 668
480 477
442 531
408 557
334 478
493 707
432 623
404 415
502 470
337 481
494 432
471 714
455 534
408 397
261 565
290 544
440 360
414 429
345 573
479 664
313 511
503 460
315 536
494 672
407 372
441 456
405 420
298 545
367 412
506 465
434 569
325 497
477 478
398 562
442 629
466 661
437 554
494 675
403 378
338 500
406 376
392 554
331 455
382 437
498 433
327 493
494 621
447 530
406 561
473 663
482 667
404 378
403 359
361 508
281 562
456 476
435 382
371 423
369 414
378 425
356 422
305 559
440 558
435 367
434 426
332 545
279 539
313 506
327 487
437 456
459 627
494 687
494 660
294 540
406 358
424 593
401 422
438 562
502 497
470 636
467 636
452 474
399 395
370 416
328 498
453 536
331 479
448 485
447 634
470 638
471 519
424 610
304 561
479 657
422 570
448 487
500 675
305 487
499 491
336 498
471 633
395 356
362 399
302 566
451 486
411 562
484 710
394 557
326 493
344 497
391 396
312 517
396 407
482 669
471 675
458 636
321 483
279 542
445 473
457 521
452 469
494 669
514 438
498 461
486 704
435 433
314 557
427 424
460 522
452 481
510 463
390 396
477 633
415 612
443 535
496 491
301 542
327 488
458 487
316 551
359 397
469 711
428 556
398 397
296 550
485 457
458 476
303 562
349 571
400 404
478 516
443 627
409 359
268 555
430 616
407 371
444 492
420 597
285 542
474 667
497 676
447 555
369 487
478 631
475 643
274 557
472 675
469 636
513 464
461 522
338 504
473 468
507 653
458 625
396 375
335 488
400 390
436 380
429 622
391 404
362 498
473 716
431 624
471 485
333 474
490 632
322 518
522 445
324 497
478 515
500 681
273 552
424 561
423 603
468 713
436 451
442 377
430 461
310 568
491 668
427 425
494 708
368 488
365 426
429 556
364 436
363 390
490 623
329 495
337 498
436 469
394 556
438 533
454 481
518 453
395 374
359 385
429 603
504 485
430 374
487 708
424 565
290 541
330 548
330 472
464 633
411 354
478 519
305 488
405 563
492 660
486 662
390 361
364 500
502 613
502 657
435 365
315 501
502 440
426 552
360 427
477 631
498 456
362 406
495 431
498 445
418 530
423 586
485 501
362 502
336 480
372 425
499 438
397 372
488 483
511 439
399 376
431 536
417 364
372 418
503 466
435 573
421 565
417 349
491 450
443 355
361 405
486 710
318 531
470 674
470 469
412 564
361 425
509 457
268 550
312 483
492 703
447 463
312 567
476 467
276 556
494 657
490 627
431 585
363 421
336 466
445 622
445 375
318 480
359 510
323 565
424 620
432 379
446 554
299 551
486 695
294 536
502 467
466 477
416 610
434 432
364 409
506 659
475 677
430 533
425 559
493 508
460 544
473 482
319 510
475 636
317 541
417 432
310 577
478 663
494 622
463 540
316 514
515 456
444 535
442 359
422 593
445 487
282 550
332 469
440 626
377 440
403 563
477 477
311 562
503 491
337 490
494 448
321 472
456 529
327 489
498 612
451 480
445 546
413 362
385 436
439 581
501 631
458 525
411 351
440 365
349 501
424 602
336 463
313 500
400 423
448 621
287 529
310 541
472 636
505 487
436 461
315 483
388 554
401 389
331 483
394 555
304 558
499 682
367 409
471 679
327 484
397 407
321 468
492 629
475 665
439 625
430 605
355 421
417 431
362 505
498 620
354 426
414 435
476 678
359 395
472 716
490 638
407 416
451 487
445 500
376 591
466 480
425 365
479 712
328 495
455 481
434 575
440 364
492 707
330 463
437 368
498 460
507 652
477 666
304 549
455 476
307 483
492 622
505 480
445 441
361 506
446 377
438 583
436 559
395 557
502 630
388 365
470 641
360 387
471 517
480 664
465 537
320 479
357 509
460 538
313 504
483 450
330 484
293 537
304 570
463 659
501 675
422 591
483 494
483 636
471 638
393 350
438 625
333 489
475 511
267 551
510 464
433 463
442 620
335 466
429 376
487 639
341 502
296 565
318 572
406 369
452 480
398 357
395 346
401 386
483 666
427 604
438 437
294 539
280 548
314 553
470 679
286 541
356 398
430 623
491 508
368 487
469 659
400 376
367 423
462 544
323 494
320 567
410 431
424 605
422 587
425 602
308 550
492 446
314 520
310 575
486 708
322 510
503 658
500 444
396 416
469 638
505 459
501 682
331 456
510 439
367 416
505 482
435 578
419 348
467 656
433 385
498 706
504 479
484 492
445 540
300 551
422 343
500 615
366 411
310 506
287 542
478 518
431 562
421 426
470 517
314 535
431 587
392 422
487 709
447 495
414 612
409 372
321 480
431 526
495 495
305 501
389 433
308 574
451 620
416 362
313 546
479 639
477 658
483 709
398 556
447 622
432 589
300 524
454 528
441 558
432 586
461 624
491 620
336 490
465 659
409 348
341 488
444 485
410 357
436 436
311 539
396 415
367 408
448 440
490 671
458 633
439 367
482 478
475 469
438 627
442 557
445 377
397 430
496 621
489 632
453 533
503 463
504 465
364 426
331 546
457 635
394 352
298 550
422 613
406 559
439 459
402 377
445 488
440 572
351 502
489 449
471 672
394 347
309 563
437 622
517 454
495 458
441 562
481 713
522 449
399 394
307 488
502 626
492 671
307 543
440 456
416 562
376 590
469 639
476 517
334 497
425 557
278 557
498 493
478 517
319 525
441 623
444 529
415 560
409 369
469 483
416 365
472 678
392 403
280 560
431 568
446 484
512 659
327 490
396 400
333 478
323 482
444 551
479 643
316 566
314 509
466 659
440 445
361 512
307 503
467 535
521 449
444 478
452 468
435 379
333 508
493 708
444 633
419 428
476 512
470 533
298 549
492 669
425 623
463 483
443 468
458 536
471 666
299 555
437 572
453 474
441 559
478 642
440 560
476 518
505 489
363 405
487 632
474 477
299 554
438 443
448 552
403 358
403 417
305 568
523 447
441 566
470 470
475 714
491 693
412 359
491 503
326 502
440 580
445 635
414 363
441 355
476 661
471 667
516 457
437 621
496 610
339 505
359 512
438 433
402 426
425 578
269 547
432 382
335 490
427 366
395 397
479 667
508 439
304 546
472 521
400 380
307 568
280 553
387 365
389 354
484 498
511 460
503 469
368 490
326 506
504 615
403 381
432 462
415 432
385 433
462 624
441 360
397 395
401 421
307 515
430 618
417 429
431 379
429 569
413 348
484 505
281 546
362 503
450 531
399 560
406 398
494 498
319 572
498 495
504 663
481 648
435 470
489 633
510 479
379 590
427 622
393 349
477 652
493 432
499 453
408 377
393 556
445 492
490 487
505 615
368 500
471 682
452 473
498 486
477 511
315 551
414 352
329 460
429 426
389 410
419 591
445 482
497 689
431 533
494 670
321 471
322 479
390 356
425 426
440 618
432 383
398 376
466 655
459 630
478 649
485 635
397 396
396 431
362 507
473 634
443 538
435 445
478 520
353 500
329 490
390 437
353 502
527 446
488 693
317 573
362 437
482 513
465 541
444 622
462 480
377 590
329 441
360 435
440 443
394 343
498 487
331 453
314 556
493 624
359 388
435 366
271 551
430 367
330 488
450 540
479 651
421 534
334 462
486 661
298 541
371 421
421 343
392 346
360 513
443 356
494 674
440 573
436 571
429 529
449 471
492 672
446 544
503 464
491 438
477 661
363 435
311 515
499 683
313 536
326 436
319 570
306 488
440 353
413 564
503 685
430 581
428 618
335 473
506 652
378 426
481 635
415 563
291 537
313 573
431 467
402 360
446 542
360 431
498 492
448 491
484 489
313 538
437 380
262 564
410 557
388 363
399 408
426 425
495 448
444 490
497 682
358 501
365 491
490 702
444 471
485 669
504 616
399 386
498 434
398 432
397 361
358 389
434 440
491 710
486 700
284 550
424 424
443 624
330 490
437 537
486 664
360 411
283 550
491 709
362 426
474 674
505 491
358 502
296 564
427 554
328 503
331 496
398 431
403 395
478 509
458 482
463 486
502 491
311 575
408 562
508 442
434 561
441 586
455 482
472 714
437 551
438 451
299 528
317 551
314 508
457 526
424 570
498 705
356 509
449 487
317 574
401 380
342 493
313 552
487 484
487 664
526 444
316 537
321 533
388 587
460 625
419 343
438 450
481 658
313 572
331 458
475 477
262 566
364 421
443 632
498 687
441 449
457 626
424 556
499 454
461 548
419 590
404 358
440 620
317 572
469 642
348 501
431 530
502 466
422 429
469 712
434 535
453 532
476 642
487 479
391 403
394 421
453 535
507 478
366 497
475 718
421 423
392 356
489 627
437 625
398 416
432 376
464 537
316 533
389 355
464 522
464 540
502 673
437 433
510 460
431 426
488 499
326 500
401 407
468 710
432 626
487 446
405 429
423 427
486 481
337 501
439 561
400 564
392 354
433 530
474 515
433 369
356 423
331 452
466 654
341 550
435 381
435 583
380 437
426 563
475 514
312 505
480 501
505 462
457 480
475 634
361 427
443 540
500 706
370 421
307 549
443 626
497 457
445 476
499 686
319 534
465 484
294 549
406 368
476 665
513 479
420 589
503 625
512 457
403 397
443 533
358 427
306 563
479 663
490 639
521 439
371 426
280 558
483 492
410 359
488 709
461 539
470 664
319 535
488 629
304 545
301 555
433 470
416 364
474 634
527 443
452 476
427 556
355 399
473 669
420 604
469 514
478 634
439 587
457 624
498 488
434 579
498 689
499 681
432 580
429 604
336 478
429 466
511 459
301 567
452 475
471 634
375 589
297 563
455 636
514 457
400 359
459 482
519 443
476 511
368 426
439 586
488 495
393 352
395 398
440 448
503 659
336 507
365 497
445 373
269 556
485 454
333 509
508 659
331 478
435 623
469 674
334 465
400 393
494 686
425 580
313 503
444 487
402 429
445 497
398 561
260 554
447 492
444 357
434 574
419 350
364 418
398 399
390 407
335 480
406 560
484 506
323 508
356 508
489 446
467 521
502 623
425 569
432 627
454 538
428 621
423 608
311 517
399 419
512 438
414 434
320 470
305 565
421 610
474 471
357 422
504 661
295 525
482 668
473 466
425 619
336 503
465 481
502 460
505 634
384 438
471 518
401 390
460 632
476 641
490 458
267 557
294 533
260 563
503 682
499 666
307 544
413 349
262 554
398 395
444 474
414 362
409 558
313 483
500 498
488 664
342 500
502 496
469 710
313 544
399 406
440 552
342 502
408 373
314 551
458 627
472 660
438 573
396 423
261 564
477 662
510 659
479 662
361 422
430 570
365 500
307 504
299 524
413 432
500 617
317 510
499 673
419 601
501 435
507 439
290 536
362 393
488 658
352 502
468 518
435 584
485 502
443 530
505 476
463 520
399 396
509 477
431 563
475 482
492 704
266 550
504 492
432 446
500 685
361 406
397 556
499 621
366 409
434 429
408 376
496 688
436 572
475 667
401 344
399 422
426 623
404 402
452 530
491 633
367 497
347 567
433 562
446 462
273 557
495 490
264 559
421 608
441 455
412 427
359 515
298 546
469 661
363 423
343 487
414 364
323 503
454 474
424 569
512 479
482 508
416 565
275 557
407 427
317 522
442 560
449 490
457 488
513 437
394 412
409 612
480 660
438 367
377 425
476 674
367 418
456 527
445 470
314 516
291 544
317 483
335 499
465 651
501 500
405 360
328 505
401 377
313 540
398 564
508 456
505 458
434 367
446 622
415 352
395 428
442 498
512 437
311 572
488 500
520 453
280 540
428 580
372 424
438 620
488 642
442 487
485 451
446 492
368 413
312 501
494 446
327 483
325 487
436 623
428 602
343 498
332 490
474 660
501 438
312 571
487 493
370 424
521 445
464 652
427 569
363 391
407 562
310 504
292 529
401 400
358 513
434 445
429 620
495 437
399 416
420 564
490 629
298 527
295 541
504 477
395 358
310 573
498 453
444 538
401 388
387 586
404 412
406 562
436 359
498 489
504 459
501 673
474 472
442 486
401 379
429 615
440 587
495 622
282 554
418 591
496 438
446 476
435 368
315 511
389 361
423 607
389 359
337 499
487 448
475 510
265 557
498 497
489 621
263 553
397 429
496 693
403 427
315 540
363 500
418 605
511 462
471 663
500 497
502 450
358 510
460 656
320 481
374 425
357 508
398 359
443 633
439 443
465 652
365 423
453 534
496 611
494 458
492 666
443 560
430 609
496 435
506 615
373 425
502 485
277 558
443 622
360 434
459 633
434 365
457 481
470 515
333 465
387 361
473 661
488 700
469 535
490 622
430 466
465 654
304 569
409 367
413 616
497 688
330 505
304 568
465 522
340 502
414 348
330 494
432 621
509 658
484 450
435 450
462 546
454 624
344 495
408 347
325 486
502 662
335 503
411 359
484 497
485 495
457 477
436 557
475 517
397 401
462 631
319 471
265 549
401 563
483 481
509 459
436 427
412 354
314 542
323 500
530 443
315 553
409 349
492 662
343 497
445 496
430 561
450 472
419 429
346 573
422 562
405 398
484 663
424 583
475 644
440 354
462 621
419 599
326 498
445 499
319 567
354 502
390 395
357 514
396 427
488 494
462 487
360 515
435 442
297 524
471 486
528 447
418 534
428 624
444 621
338 489
398 344
467 481
438 621
496 707
522 438
478 662
376 592
439 582
484 708
461 476
313 522
497 453
356 431
492 706
363 503
448 530
495 661
324 506
330 452
479 638
500 451
485 667
439 363
297 523
407 565
280 555
293 539
437 367
314 547
435 555
417 350
421 607
427 553
359 384
441 380
399 387
411 614
306 483
314 536
396 386
410 358
449 532
340 487
310 560
309 515
296 542
399 398
502 442
402 405
306 559
432 368
439 574
502 500
326 507
290 527
321 470
459 655
501 628
500 495
280 547
272 552
313 571
360 419
497 683
462 537
507 651
423 534
433 387
402 394
318 517
479 634
444 466
452 531
472 664
304 564
438 462
477 632
342 494
423 594
455 485
422 430
492 449
414 353
502 664
486 696
343 486
294 531
494 688
503 473
323 511
415 351
437 559
322 511
436 622
347 573
433 527
397 357
391 407
426 622
349 502
281 548
500 621
423 569
444 537
416 363
489 660
440 530
509 656
507 477
413 437
435 361
453 485
488 481
422 563
312 545
497 610
499 444
392 407
498 496
280 549
394 344
487 659
460 489
393 394
361 390
488 707
336 506
419 351
312 538
358 430
519 453
417 363
359 387
473 470
515 438
436 439
493 449
502 488
441 353
315 516
434 611
491 621
357 512
308 548
307 562
443 623
422 561
418 350
402 380
439 458
444 443
396 556
511 437
325 441
452 533
520 454
372 500
477 653
311 547
478 479
361 492
428 425
322 482
335 465
430 528
433 426
339 502
452 470
323 498
441 629
399 418
375 425
489 639
332 481
420 590
338 479
503 484
456 535
467 523
316 516
446 477
404 359
444 530
499 614
418 610
421 604
450 471
495 432
395 414
298 540
493 499
454 535
406 557
481 657
359 411
489 500
437 538
481 710
485 481
360 428
440 440
461 478
418 565
421 613
298 551
356 432
263 567
458 481
328 500
462 625
359 389
516 438
494 659
311 506
523 448
484 713
477 675
336 461
483 663
385 429
369 500
469 517
462 542
426 603
377 423
444 469
483 634
399 350
387 430
407 373
490 693
416 533
473 485
309 560
495 457
269 549
430 376
438 554
443 377
433 386
419 594
470 482
395 353
441 446
296 568
310 517
479 507
432 369
464 484
347 501
316 482
402 388
436 561
475 659
453 489
434 441
338 464
389 587
355 425
509 439
498 621
467 519
440 632
464 477
503 461
445 483
328 504
281 545
424 563
472 479
396 349
468 657
481 712
394 403
486 487
435 468
415 562
400 426
429 606
495 433
483 635
494 496
425 577
451 471
429 373
490 660
266 559
445 498
498 675
307 501
488 444
325 442
464 538
305 567
488 484
325 496
500 616
489 671
360 414
496 631
284 542
528 446
333 479
405 361
498 438
406 370
495 489
429 608
357 427
288 527
380 592
480 675
329 493
402 344
316 532
468 520
445 551
331 462
376 589
431 556
471 471
317 481
411 429
466 522
478 480
487 695
330 486
404 403
492 451
396 346
492 665
309 513
398 346
380 438
330 491
310 512
440 574
502 486
290 543
422 424
499 705
405 412
496 430
393 344
463 517
459 537
435 536
463 548
415 566
326 490
500 674
436 446
471 660
489 701
273 551
356 427
477 516
318 536
428 581
487 661
507 482
449 539
321 482
318 500
313 501
303 544
344 486
313 518
332 547
456 534
425 609
442 619
405 368
488 695
441 379
451 485
365 409
436 579
486 663
392 394
499 445
457 625
326 491
414 357
406 558
310 485
262 552
485 449
421 563
469 663
432 384
409 428
315 521
305 558
424 601
301 531
445 636
332 497
328 497
335 474
472 673
501 619
328 487
508 477
506 439
303 563
447 469
460 487
388 367
356 399
434 427
477 714
300 547
429 532
307 561
393 347
305 547
409 357
360 514
449 552
439 456
470 662
383 429
463 479
525 447
499 462
463 541
361 421
401 429
434 449
496 453
320 475
440 446
381 429
438 582
318 524
300 552
469 662
438 454
278 558
441 361
280 554
445 374
289 526
445 494
393 411
355 419
342 498
356 424
502 705
416 432
329 507
290 539
423 581
505 483
307 485
334 474
361 426
466 536
442 561
492 435
477 674
442 356
421 592
320 565
414 613
342 499
316 481
401 362
491 487
306 560
500 705
319 533
350 502
438 377
392 556
514 436
414 432
510 652
307 487
488 501
299 542
442 443
294 548
455 635
424 608
321 565
310 561
446 470
356 506
440 585
394 362
313 566
332 458
421 611
504 478
444 528
399 407
261 549
475 661
470 678
405 561
431 583
399 409
443 629
392 430
324 493
499 684
402 381
344 501
324 491
305 570
445 542
459 479
456 634
450 463
461 546
426 430
329 497
481 667
306 504
450 488
472 713
472 470
450 489
504 618
321 517
455 490
468 542
314 519
312 562
420 596
376 423
452 478
413 436
439 432
275 556
421 365
521 452
479 711
363 404
365 419
407 413
445 628
402 376
426 569
402 408
499 492
306 501
307 486
265 558
431 365
410 563
343 501
331 460
409 566
498 450
265 564
475 670
433 583
297 549
429 581
489 458
329 474
398 407
363 409
442 570
334 472
498 455
508 653
498 457
299 547
424 580
442 457
302 565
479 646
358 395
394 394
425 563
439 377
341 499
334 507
323 507
490 706
486 707
405 428
439 626
300 568
498 631
369 420
445 629
492 488
431 534
312 511
321 496
399 564
506 477
521 437
289 529
362 436
456 623
429 425
497 452
315 572
478 712
319 523
306 548
500 671
368 421
438 560
400 394
497 438
494 499
332 546
322 507
464 654
422 589
483 507
428 620
500 670
332 548
496 659
299 550
295 538
432 556
309 517
318 481
436 445
338 499
400 406
321 532
315 518
411 367
411 563
318 530
505 659
434 468
432 536
312 543
297 540
320 535
450 485
473 642
441 381
498 707
361 392
526 446
321 479
423 344
346 574
355 504
316 513
499 707
362 400
439 619
522 440
504 491
307 491
476 513
447 485
463 536
409 347
491 669
336 481
471 521
394 422
440 363
442 492
472 661
498 446
371 422
435 568
501 437
492 507
444 499
430 532
458 479
459 628
423 343
391 409
497 707
431 445
494 487
493 625
500 672
475 655
525 446
475 656
443 360
454 489
429 614
492 661
482 665
439 629
488 640
439 577
503 453
496 690
447 551
445 469
413 352
447 623
474 469
396 350
359 430
494 667
447 548
504 660
436 470
425 555
318 544
327 485
444 464
401 359
492 510
436 381
433 468
393 396
321 475
442 460
307 505
398 563
432 463
403 429
316 522
420 346
455 484
487 693
434 578
451 478
496 620
333 549
304 543
320 532
495 692
492 505
438 587
422 367
330 504
360 433
262 553
485 701
503 663
409 613
332 480
455 483
423 618
471 520
413 438
305 500
489 498
392 352
394 424
442 553
463 622
313 542
464 659
483 496
307 484
443 625
335 468
500 676
503 438
282 553
497 669
461 543
313 539
493 703
505 663
420 599
325 504
453 529
401 364
424 562
467 480
496 448
375 426
472 672
460 655
504 622
494 671
398 424
466 636
358 417
481 507
493 438
419 565
291 545
443 493
354 503
345 567
326 492
414 365
296 528
443 555
442 558
302 547
398 351
527 444
388 366
461 631
298 524
487 451
357 510
280 559
403 384
396 428
474 677
469 656
473 659
430 368
359 427
487 660
445 554
328 486
317 524
334 469
400 421
405 377
470 665
432 466
504 438
304 562
449 464
403 376
324 494
360 416
499 613
319 475
281 553
483 708
447 439
476 516
314 565
408 371
513 458
407 557
491 635
496 431
413 346
460 654
428 366
442 623
460 479
338 466
432 429
492 632
445 530
365 501
452 477
486 698
446 441
496 669
440 532
435 441
493 622
432 445
385 365
399 343
497 433
429 365
472 680
424 534
487 452
361 493
368 412
387 432
367 500
483 669
303 545
320 477
482 709
431 370
396 392
493 702
288 543
403 402
367 417
415 428
420 343
367 490
327 494
361 420
321 469
437 361
437 562
439 552
263 552
422 609
395 387
460 626
430 580
289 536
427 532
320 478
329 486
486 456
503 481
436 555
439 449
487 705
379 438
452 485
369 499
365 498
370 417
475 516
401 383
395 396
325 506
266 551
456 474
463 632
441 560
502 449
502 443
396 401
504 475
319 511
415 564
331 472
470 660
441 565
450 487
356 400
452 537
487 635
432 570
529 442
298 566
506 653
445 461
444 460
389 360
474 673
498 490
483 491
490 488
441 377
322 517
431 606
489 623
423 592
434 436
322 498
503 622
473 678
419 605
478 521
500 613
360 420
299 552
333 469
384 436
487 628
327 491
423 588
401 403
364 424
399 385
431 529
428 557
473 486
438 556
300 555
337 561
433 579
433 464
392 353
509 654
304 565
426 619
428 424
502 501
482 510
509 456
440 442
364 495
332 463
445 471
397 427
505 460
500 462
370 500
423 422
447 501
309 542
456 519
337 467
439 584
464 623
320 568
459 483
414 438
415 533
444 552
419 534
488 660
307 567
502 619
438 623
438 558
485 702
421 602
479 659
434 620
280 556
462 538
356 505
441 628
458 655
492 627
435 461
503 624
476 677
492 693
422 592
324 484
440 366
492 438
358 414
328 461
451 491
476 637
314 522
319 477
421 612
315 542
307 560
343 488
501 681
330 474
410 345
313 510
398 393
409 373
386 432
484 666
479 520
403 426
529 444
314 554
522 452
512 480
395 362
447 550
481 653
446 495
442 530
468 517
419 365
408 378
431 566
498 686
442 562
472 635
335 497
320 569
269 559
296 541
394 407
339 487
427 580
336 499
300 542
313 505
365 489
497 451
335 507
411 613
342 487
411 616
314 518
472 476
328 499
435 451
397 394
356 397
433 429
456 486
438 555
369 426
433 528
439 448
431 625
529 448
317 538
385 430
423 424
437 535
479 502
400 563
362 495
390 362
466 635
512 660
474 653
490 437
484 513
509 657
447 635
472 651
481 496
373 424
498 691
468 656
432 574
431 466
443 631
326 496
462 479
400 402
453 486
509 458
408 374
477 514
457 636
474 652
489 496
495 659
503 683
504 489
472 477
401 419
404 380
266 557
495 669
470 642
436 441
480 478
438 366
397 377
488 633
377 589
446 499
276 557
433 449
445 553
476 679
404 371
417 610
423 611
485 714
478 714
491 636
492 702
496 612
422 590
431 577
479 644
446 633
319 571
429 367
472 482
486 658
324 503
313 537
306 564
494 501
501 666
454 620
391 431
479 478
439 560
400 396
498 665
329 494
459 635
420 365
441 552
328 491
369 417
484 478
486 657
433 467
324 443
521 447
336 465
431 607
434 536
504 474
481 478
440 571
431 576
493 660
499 490
291 529
500 436
336 508
314 572
309 481
478 657
471 637
304 556
314 555
363 438
309 547
492 458
289 541
457 487
366 423
441 359
446 471
476 634
495 488
303 549
432 585
429 528
359 432
397 425
445 474
314 499
318 565
483 710
455 634
419 589
495 666
516 455
489 670
434 439
421 616
398 558
321 537
387 588
311 567
492 508
472 667
443 463
463 480
436 580
468 661
488 634
494 631
488 690
390 435
489 695
459 523
446 463
361 395
389 555
295 550
465 480
308 540
407 415
326 441
400 345
409 565
410 367
345 501
458 540
420 595
463 484
474 476
395 357
508 460
327 505
487 483
361 393
489 693
497 677
362 398
281 542
422 594
355 506
371 418
315 523
437 362
422 610
432 555
487 710
464 479
471 515
320 510
478 675
463 630
337 497
469 516
464 542
479 648
316 541
347 500
261 551
472 478
332 496
343 496
491 505
497 681
393 362
469 532
504 623
493 632
462 623
452 535
314 486
331 490
329 496
400 385
388 356
503 661
265 563
394 350
305 550
438 458
423 429
499 495
313 507
502 462
502 487
318 471
478 507
338 490
400 399
432 428
435 467
423 562
441 563
408 427
463 653
447 484
501 621
472 634
390 436
503 620
441 354
311 486
319 480
446 551
487 495
397 424
507 460
273 556
421 348
395 360
368 418
472 467
477 659
491 634
433 466
358 412
369 501
420 429
468 484
475 657
409 368
436 455
333 545
384 429
294 524
320 534
475 637
310 547
401 361
487 633
427 606
478 659
436 578
453 620
440 460
457 627
326 486
339 499
477 634
331 562
401 420
376 425
380 591
443 359
471 665
434 610
421 619
420 534
393 361
279 538
400 344
316 574
369 423
431 608
397 373
440 444
496 487
493 448
317 550
395 349
441 363
497 668
512 462
474 678
492 452
395 347
403 360
401 394
479 653
418 531
368 423
491 627
437 587
419 610
439 533
302 556
482 484
511 479
470 514
503 452
399 357
402 563
429 607
396 422
415 362
312 486
463 631
359 425
363 400
303 547
423 580
498 622
416 350
528 448
392 411
431 378
359 418
496 433
480 667
468 521
442 354
468 634
421 586
346 567
444 619
438 553
443 378
522 443
390 366
508 438
395 354
432 572
479 652
436 558
269 548
325 483
506 616
474 676
455 637
406 397
504 462
449 469
304 544
310 562
318 567
326 440
485 636
436 574
409 611
414 428
524 447
419 603
450 491
397 406
483 707
353 501
370 425
306 543
459 636
499 667
358 426
316 483
490 448
497 611
436 553
436 453
437 578
446 493
440 355
359 419
479 645
496 457
401 363
446 460
321 478
368 414
332 479
422 345
307 490
447 472
269 551
462 547
460 548
504 469
497 663
478 512
468 482
511 458
442 485
393 407
438 552
321 535
363 408
437 450
514 463
424 586
268 547
419 593
453 477
509 482
410 346
439 450
408 564
491 660
432 622
312 523
312 524
313 524
311 524
503 614
310 524
309 524
308 524
307 524
308 523
307 525
307 523
307 526
306 523
307 522
308 526
431 535
307 527
305 523
308 527
305 526
304 523
308 528
304 526
305 525
303 523
304 524
304 522
309 528
304 527
304 525
304 521
309 529
303 525
304 520
309 530
304 519
310 530
308 530
305 519
303 519
304 518
308 531
305 518
304 517
307 531
306 518
305 517
303 517
306 531
307 532
305 516
302 517
305 531
307 533
302 518
304 531
305 532
304 532
304 530
303 532
303 533
303 534
302 534
303 535
301 534
302 535
304 535
300 534
304 536
299 534
300 533
305 536
304 537
299 535
300 532
305 537
298 535
299 536
301 532
299 532
305 538
297 535
299 537
405 426
298 532
305 539
297 536
297 532
298 531
305 540
297 537
296 532
298 530
305 541
296 537
295 532
296 533
299 530
306 541
296 538
294 532
296 534
299 529
307 541
361 491
361 490
362 490
360 490
361 489
361 488
360 488
361 487
360 487
361 486
473 718
361 485
362 485
362 484
363 484
363 483
364 483
365 483
365 484
365 482
365 481
364 481
364 480
364 479
364 478
365 478
364 477
366 478
363 477
367 478
366 477
362 477
368 478
367 479
361 477
362 478
362 476
368 477
367 480
360 477
361 476
362 475
369 477
359 477
360 478
363 475
369 476
358 477
363 474
369 475
357 477
358 478
363 473
368 475
357 478
357 476
364 473
363 472
368 474
356 478
357 479
356 476
364 472
362 472
368 473
355 478
357 480
355 476
356 475
361 472
367 473
368 472
355 479
358 480
354 476
361 471
367 472
368 471
355 480
359 480
353 476
354 475
361 470
368 470
355 481
352 476
354 474
360 470
368 469
355 482
352 477
352 475
359 470
351 475
358 470
359 469
357 470
358 471
359 468
357 471
358 472
358 468
359 467
357 468
359 466
356 468
359 465
356 467
358 465
355 467
358 464
355 466
357 464
358 463
354 466
357 463
353 466
354 465
357 462
352 466
356 462
357 461
351 466
352 467
352 465
356 461
358 461
351 465
356 460
359 461
350 465
351 464
355 460
360 461
359 460
349 465
351 463
354 460
355 459
361 461
360 460
359 459
349 466
355 458
362 461
361 462
348 466
356 458
362 462
362 460
347 466
357 458
356 457
363 462
346 466
347 465
356 456
364 462
363 463
345 466
346 467
347 464
357 456
356 455
365 462
364 463
346 468
348 464
347 463
357 455
356 454
366 462
365 463
346 463
358 455
356 453
366 461
346 462
357 453
366 460
357 452
367 460
366 459
357 451
368 460
366 458
356 451
357 450
369 460
368 461
367 458
365 458
358 450
357 449
369 461
368 462
368 458
359 450
358 449
356 449
369 462
368 463
368 457
356 448
368 464
368 456
356 447
369 464
369 456
367 456
368 455
355 447
356 446
369 465
370 456
367 455
354 447
357 446
402 402
366 455
353 447
358 446
336 562
366 454
352 447
358 445
336 560
333 563
366 453
351 447
352 448
352 446
359 445
334 558
367 453
366 452
350 447
352 449
360 445
470 534
367 452
366 451
349 447
353 449
361 445
322 573
366 450
348 447
349 448
349 446
353 450
361 446
325 574
367 450
348 446
349 449
349 445
354 450
361 447
324 575
337 562
348 445
349 450
349 444
362 447
361 448
336 559
334 557
348 444
349 443
363 447
361 449
461 542
322 572
350 443
349 442
364 447
363 448
323 575
337 563
336 558
351 443
348 442
364 448
335 557
447 549
322 571
352 443
347 442
365 448
338 563
337 558
336 557
352 442
346 442
347 443
365 449
335 556
442 539
352 441
345 442
339 563
353 441
352 440
344 442
345 441
335 555
354 441
351 440
352 439
344 443
345 440
445 547
354 442
354 440
343 443
345 439
444 546
354 443
354 439
342 443
343 444
346 439
345 438
340 563
354 444
354 438
342 444
342 442
343 445
347 439
345 437
339 564
334 555
355 444
353 444
354 445
355 438
342 445
341 442
343 446
348 439
346 437
335 554
446 547
353 445
355 437
341 445
341 441
343 447
348 438
341 563
340 562
356 437
355 436
341 440
344 447
342 447
349 438
339 565
334 554
355 435
340 440
341 439
345 447
341 447
336 554
447 545
356 435
355 434
339 440
341 438
340 447
342 563
340 561
339 566
357 435
354 434
338 440
340 438
334 553
337 554
358 435
353 434
337 440
338 439
336 553
444 541
342 564
359 435
358 434
352 434
353 435
336 440
338 438
342 562
339 561
333 553
455 474
335 440
338 437
337 553
464 539
444 618
450 621
338 436
465 536
343 564
342 561
453 624
457 623
337 436
332 553
333 552
338 553
484 507
382 429
493 497
336 436
518 454
446 541
344 564
389 429
492 499
503 623
492 501
335 436
342 560
332 552
339 553
338 552
490 501
387 429
388 430
493 665
497 659
433 380
334 436
335 437
335 435
443 534
344 565
487 499
488 498
490 496
386 430
333 436
344 563
331 552
386 431
494 658
392 342
333 437
333 435
332 551
340 553
470 673
488 496
332 437
338 551
439 532
490 494
506 481
484 496
331 437
515 457
483 495
470 677
441 356
330 437
331 436
344 566
440 377
484 495
485 494
485 493
485 492
329 437
330 438
330 436
331 435
344 562
439 376
397 344
398 343
481 489
328 437
331 434
332 550
502 684
484 488
483 484
386 438
385 434
503 684
327 437
328 438
340 552
339 551
487 486
486 485
489 484
326 437
327 438
328 439
449 540
455 529
385 435
488 482
486 479
487 482
327 439
328 440
345 566
332 549
339 550
397 375
398 378
406 377
473 467
326 439
328 441
456 528
463 521
508 482
468 516
472 468
476 468
484 480
483 478
474 470
324 565
325 565
326 565
325 566
325 564
327 565
326 564
325 567
327 566
326 563
327 567
326 562
327 568
327 562
325 562
326 561
327 569
328 562
325 561
328 569
327 570
329 562
328 563
324 561
325 560
328 570
329 561
323 561
325 559
329 570
328 571
330 561
323 562
325 558
330 570
329 571
328 572
331 561
330 560
322 562
326 558
324 558
330 571
330 569
327 572
332 561
321 562
322 563
327 558
324 557
488 445
330 568
326 572
327 573
333 561
332 562
321 561
328 558
327 557
324 556
501 441
325 572
334 561
320 561
328 557
327 556
325 556
323 556
521 446
468 543
324 572
335 561
334 562
334 560
320 560
328 556
323 555
469 542
324 573
324 571
336 561
335 560
334 563
334 559
322 555
469 533
323 573
324 574
370 465
371 465
372 465
371 464
371 463
372 463
373 463
374 463
374 464
374 462
374 465
375 462
375 465
376 462
376 465
377 462
376 463
377 465
376 466
377 461
377 464
376 467
378 461
375 467
378 460
378 459
377 459
377 458
377 457
377 456
378 456
376 456
379 456
375 456
380 456
379 457
380 457
380 455
380 458
380 454
380 459
379 454
380 453
381 459
380 452
382 459
381 452
380 451
382 460
382 458
380 450
382 461
379 450
383 461
382 462
378 450
384 461
382 463
377 450
385 461
384 460
376 450
386 461
384 459
376 451
376 449
375 451
376 448
375 452
377 448
375 453
377 447
378 447
377 446
379 447
379 446
379 445
379 444
378 444
379 443
377 444
380 443
376 444
377 443
380 442
375 444
376 443
377 442
380 441
374 444
380 440
381 440
379 440
381 439
378 440
379 439
382 439
331 571
332 571
332 572
332 570
332 573
332 574
333 574
333 575
333 576
333 577
334 577
332 577
334 578
335 578
336 578
336 579
336 577
337 579
336 580
337 580
338 580
337 581
339 580
337 582
339 579
338 582
336 582
337 583
340 579
338 583
335 582
340 578
339 583
340 577
340 583
339 584
341 583
339 585
342 583
339 586
343 583
342 584
342 582
339 587
344 583
342 585
340 587
339 588
345 583
344 584
344 582
341 585
339 589
345 584
344 581
339 590
345 585
340 590
339 591
345 586
340 591
338 591
346 586
341 591
340 592
347 586
342 591
348 586
343 591
349 586
344 591
343 592
345 591
344 592
344 590
346 591
344 589
347 591
345 589
343 589
348 591
348 592
349 592
349 593
349 594
350 594
349 595
351 594
349 596
352 594
350 596
349 597
353 594
352 593
349 598
353 593
349 599
349 600
350 600
348 600
347 600
347 601
347 599
346 601
347 602
346 602
346 603
346 604
346 605
347 605
348 605
349 605
348 606
350 605
349 606
349 604
348 607
350 604
349 607
349 603
347 607
348 608
351 604
349 602
346 607
348 609
352 604
351 603
345 607
348 610
353 604
351 602
344 607
349 610
347 610
354 604
353 603
352 602
343 607
344 608
350 610
349 611
347 611
355 604
354 605
353 602
351 610
350 611
350 609
349 612
346 611
356 604
355 603
350 612
349 613
345 611
357 604
356 605
356 603
348 613
344 611
345 612
357 605
356 602
348 614
343 611
344 612
358 605
356 601
348 615
342 611
343 612
358 606
357 601
355 601
348 616
342 612
342 610
343 613
358 607
358 601
355 600
347 616
348 617
342 613
342 609
359 607
357 607
358 608
359 601
354 600
355 599
347 617
348 618
342 614
343 609
341 609
356 607
359 600
347 618
349 618
348 619
342 615
340 609
355 607
356 608
360 600
359 599
347 619
349 619
348 620
340 610
355 606
356 609
361 600
358 599
350 619
348 621
355 609
362 600
361 599
357 599
347 621
348 622
354 609
362 601
362 599
361 598
357 598
346 621
347 622
349 622
354 608
362 602
363 599
357 597
346 622
346 620
364 599
345 620
365 599
364 600
364 598
344 620
366 599
365 598
364 601
364 597
343 620
344 619
366 600
366 598
363 597
364 596
342 620
367 600
366 601
363 596
365 596
341 620
342 621
367 601
366 602
342 622
503 619
366 603
343 622
341 622
367 603
343 623
340 622
341 623
368 603
339 622
369 603
368 604
339 623
370 603
369 604
338 623
370 604
370 602
369 605
338 624
370 605
370 601
369 606
337 624
338 625
371 601
370 600
369 607
338 626
371 600
370 607
368 607
337 626
371 607
367 607
368 608
336 626
372 607
371 606
368 609
336 627
372 606
369 609
335 627
336 628
373 606
372 605
370 609
334 627
337 628
336 629
374 606
370 610
333 627
337 629
374 605
370 611
333 628
333 626
375 605
374 604
370 612
333 629
333 625
376 605
373 604
374 603
371 612
370 613
334 629
334 625
376 606
376 604
370 614
334 630
376 607
377 604
334 631
375 607
376 608
378 604
377 603
335 631
333 631
334 632
379 604
378 605
378 603
332 631
379 603
332 632
380 603
379 602
331 632
332 633
381 603
330 632
332 634
382 603
381 604
330 633
330 631
331 634
332 635
383 603
382 604
330 634
329 631
330 630
332 636
384 603
382 605
329 634
328 631
329 630
331 630
331 636
384 604
384 602
382 606
328 634
327 631
328 632
328 630
331 637
384 605
384 601
382 607
327 634
328 633
327 630
328 629
331 638
385 605
384 600
382 608
326 634
327 635
326 630
328 628
330 638
331 639
385 600
383 600
384 599
383 608
382 609
326 635
325 630
329 638
331 640
382 600
383 599
384 608
325 635
326 636
329 637
332 640
331 641
382 599
383 598
384 609
324 635
325 636
326 637
329 636
333 640
332 641
383 597
324 636
327 637
326 638
328 636
334 640
333 639
384 597
382 597
383 596
323 636
324 637
326 639
334 641
334 639
333 638
385 597
381 597
383 595
323 637
325 639
326 640
510 621
335 639
334 638
386 597
385 596
384 595
383 594
322 637
323 638
326 641
512 619
386 596
384 594
383 593
321 637
513 618
508 622
387 596
382 593
383 592
320 637
509 621
512 618
508 621
510 619
384 592
320 638
320 636
511 618
508 620
385 592
384 591
320 635
507 619
510 618
508 619
385 593
385 591
384 590
320 634
509 618
508 618
386 591
383 590
319 634
509 617
508 617
509 616
387 591
386 590
382 590
318 634
508 616
386 589
381 590
507 616
387 589
334 642
335 642
336 642
335 643
337 642
336 643
336 641
335 644
336 640
335 645
337 640
336 645
334 645
336 646
333 645
337 646
336 647
333 644
335 647
335 648
335 649
335 650
335 651
336 651
337 651
338 651
337 650
338 652
338 650
338 653
339 650
339 653
338 654
340 653
337 654
338 655
341 653
340 654
340 652
337 655
342 653
341 652
336 655
343 653
342 654
335 655
344 653
334 655
345 653
344 652
333 655
346 653
345 654
344 651
332 655
347 653
346 654
331 655
348 653
347 652
346 655
330 655
331 656
331 654
348 654
348 652
347 655
346 656
331 657
331 653
349 652
346 657
332 657
330 657
331 658
331 652
350 652
346 658
332 658
331 659
332 652
330 652
351 652
346 659
333 658
331 660
330 651
352 652
351 653
351 651
347 659
345 659
334 658
333 659
332 660
330 660
353 652
352 653
351 654
351 650
344 659
335 658
334 659
330 661
353 653
353 651
352 654
351 655
343 659
336 658
334 660
329 661
354 653
354 651
353 650
352 655
343 660
343 658
336 657
328 661
353 655
352 656
343 661
328 662
352 657
342 661
328 663
351 657
341 661
327 663
328 664
351 658
341 662
327 664
329 664
350 658
351 659
340 662
327 665
329 665
349 658
350 659
351 660
326 665
348 658
351 661
325 665
326 666
352 661
350 661
351 662
325 666
326 667
353 661
351 663
325 667
354 661
353 662
353 660
324 667
325 668
355 661
354 662
354 660
353 659
323 667
325 669
356 661
355 662
323 668
326 669
324 669
357 661
356 662
322 668
323 669
327 669
326 670
356 663
321 668
323 670
328 669
327 668
326 671
320 668
321 667
323 671
328 670
328 668
326 672
319 668
321 666
322 671
328 671
329 668
327 672
319 669
319 667
322 666
320 666
322 672
329 671
329 667
318 669
319 666
322 673
329 672
317 669
319 665
321 673
322 674
329 673
316 669
317 670
318 665
319 664
320 673
323 674
316 670
320 664
319 663
320 674
324 674
316 671
321 664
318 663
325 674
324 675
315 671
316 672
317 663
318 662
326 674
324 676
314 671
315 672
317 662
327 674
326 675
324 677
313 671
315 673
317 661
328 674
327 675
323 677
312 671
313 672
313 670
315 674
322 677
323 678
311 671
312 670
313 669
322 678
323 679
312 669
313 668
321 678
323 680
313 667
320 678
324 680
322 680
323 681
312 667
313 666
322 681
311 667
313 665
321 681
310 667
311 668
314 665
321 682
309 667
310 666
315 665
314 664
321 683
308 667
320 683
307 667
320 684
307 666
320 685
306 666
307 665
321 685
319 685
305 666
318 685
319 686
305 667
305 665
317 685
318 684
319 687
304 665
316 685
317 684
318 687
319 688
303 665
304 664
315 685
317 683
319 689
302 665
304 663
314 685
318 689
301 665
305 663
314 686
314 684
318 690
300 665
301 666
301 664
313 686
313 684
314 683
317 690
318 691
300 664
312 686
313 683
315 683
318 692
300 663
311 686
312 685
317 692
299 663
311 685
316 692
317 693
298 663
315 692
316 691
317 694
298 664
298 662
315 691
318 694
297 664
298 661
315 690
319 694
297 665
299 661
297 661
314 690
319 695
319 693
297 666
299 660
296 661
313 690
320 695
298 666
296 666
297 667
300 660
295 661
313 691
321 695
299 666
296 667
297 668
301 660
294 661
295 660
312 691
322 695
297 669
293 661
294 662
311 691
312 692
323 695
298 669
292 661
294 663
311 690
312 693
324 695
299 669
291 661
292 662
293 663
294 664
311 689
325 695
324 694
290 661
310 689
325 694
324 693
309 689
324 692
309 690
309 688
323 692
308 690
309 691
309 687
322 692
323 691
309 692
309 686
321 692
308 692
309 693
307 692
308 693
309 694
306 692
308 694
310 694
306 691
308 695
311 694
310 695
306 690
308 696
305 690
306 689
307 696
308 697
306 696
309 697
310 697
311 697
312 697
313 697
313 698
313 699
314 699
313 700
315 699
313 701
315 700
313 702
314 702
313 703
313 704
314 704
312 704
315 704
312 705
312 706
313 706
311 706
313 707
311 707
313 708
310 707
313 709
309 707
310 708
313 710
309 708
310 709
310 710
309 710
308 710
309 711
308 711
308 709
308 712
307 709
308 713
307 708
309 713
307 713
306 708
309 714
307 714
305 708
309 715
306 714
304 708
310 715
303 708
304 707
310 716
302 708
303 709
304 706
301 708
303 710
304 705
301 709
305 705
303 705
301 710
306 705
303 704
300 710
302 704
299 710
300 711
299 711
298 711
299 712
297 711
299 713
297 710
300 713
299 714
296 710
300 714
295 710
296 709
300 715
294 710
296 708
301 715
300 716
294 709
302 715
299 716
300 717
293 709
302 714
298 716
300 718
293 708
298 715
300 719
292 708
297 715
301 719
291 708
302 719
301 720
290 708
291 707
303 719
301 721
289 708
303 720
301 722
288 708
289 709
302 722
300 722
301 723
288 707
289 710
303 722
302 723
299 722
301 724
287 707
289 711
304 722
300 724
286 707
289 712
305 722
304 721
300 725
285 707
290 712
305 723
305 721
300 726
284 707
285 706
290 713
306 723
305 724
283 707
284 708
284 706
307 723
305 725
282 707
284 709
284 705
308 723
307 722
304 725
305 726
281 707
284 710
284 704
309 723
308 722
304 726
281 708
281 706
284 711
285 704
310 723
309 722
303 726
281 705
283 711
285 703
311 723
310 724
282 705
281 704
282 711
283 712
286 703
285 702
312 723
310 725
282 710
283 713
287 703
313 723
312 724
281 710
283 714
288 703
287 702
314 723
313 722
312 725
280 710
283 715
289 703
287 701
315 723
314 724
313 721
312 726
284 715
283 716
287 700
316 723
315 724
314 721
312 727
285 715
282 716
283 717
287 699
316 724
316 722
314 720
313 727
282 717
283 718
286 699
287 698
316 725
316 721
314 719
281 717
284 718
286 698
287 697
317 725
317 721
315 719
280 717
284 719
287 696
317 726
318 721
279 717
280 718
280 716
284 720
288 696
286 696
318 726
318 720
278 717
283 720
284 721
288 695
285 696
286 695
319 726
318 727
277 717
278 716
285 721
288 694
319 725
276 717
286 721
288 693
276 718
276 716
286 722
286 720
289 693
288 692
276 719
287 722
287 720
289 692
275 719
276 720
287 723
274 719
276 721
287 724
274 720
276 722
288 724
286 724
273 720
274 721
277 722
289 724
288 725
272 720
278 722
277 723
290 724
289 725
271 720
272 721
272 719
290 725
290 723
270 720
272 722
290 726
269 720
270 721
272 723
290 727
268 720
272 724
289 727
290 728
268 721
268 719
272 725
291 728
290 729
267 721
268 722
268 718
273 725
271 725
292 728
291 729
266 721
269 718
267 718
273 726
271 726
292 729
291 730
266 722
266 720
270 718
273 727
292 730
291 731
265 722
266 723
270 717
274 727
292 731
290 731
266 724
271 717
275 727
293 731
267 724
265 724
271 716
276 727
275 726
294 731
293 732
265 725
272 716
271 715
276 728
275 725
293 733
264 725
270 715
276 729
293 734
264 726
270 714
277 729
294 734
292 734
293 735
264 727
270 713
277 730
295 734
291 734
293 736
264 728
271 713
269 713
278 730
277 731
296 734
291 735
294 736
292 736
293 737
264 729
272 713
268 713
269 712
279 730
278 731
276 731
293 738
265 729
273 713
267 713
293 739
265 730
274 713
273 714
267 712
294 739
265 731
274 712
267 711
295 739
275 712
267 710
295 740
276 712
275 711
266 710
267 709
296 740
295 741
275 710
265 710
297 740
296 741
295 742
275 709
264 710
265 709
298 740
297 739
296 742
295 743
264 709
265 708
299 740
298 741
297 738
296 743
294 743
295 744
264 708
266 708
298 742
296 738
297 743
293 743
295 745
263 708
266 707
298 743
292 743
293 744
295 746
262 708
267 707
299 743
298 744
291 743
261 708
262 709
298 745
290 743
291 742
260 708
261 709
262 710
299 745
298 746
289 743
290 744
291 741
259 708
260 707
300 745
297 746
298 747
288 743
291 740
258 708
259 709
259 707
260 706
300 746
297 747
288 744
288 742
258 709
261 706
260 705
301 746
300 747
287 744
288 745
288 741
257 709
262 706
260 704
302 746
300 748
289 745
288 746
287 741
256 709
257 710
263 706
259 704
302 745
300 749
289 746
287 746
255 709
256 708
257 711
263 705
258 704
302 744
300 750
289 747
287 747
254 709
258 711
256 711
263 704
257 704
303 744
301 744
300 751
287 748
253 709
254 710
259 711
264 704
256 704
257 703
303 743
300 752
288 748
286 748
287 749
253 710
259 712
264 703
256 705
257 702
304 743
300 753
288 749
286 749
287 750
252 710
260 712
259 713
258 702
256 702
305 743
304 742
299 753
300 754
289 749
285 749
251 710
252 711
259 714
259 702
255 702
305 744
305 742
304 741
298 753
289 750
285 750
251 709
252 712
259 701
305 745
305 741
297 753
290 750
289 751
285 751
253 712
251 712
259 700
306 741
297 754
291 750
284 751
285 752
254 712
250 712
251 713
260 700
306 740
297 755
292 750
255 712
249 712
251 714
261 700
260 699
307 740
298 755
292 751
292 749
255 713
252 714
251 715
262 700
261 699
260 698
308 740
292 748
250 715
251 716
263 700
260 697
309 740
249 715
263 699
261 697
310 740
248 715
262 697
311 740
247 715
248 716
262 696
312 740
246 715
247 716
247 714
263 696
262 695
313 740
246 714
247 717
264 696
263 695
313 741
313 739
245 714
247 718
265 696
263 694
313 742
314 739
245 713
248 718
246 718
264 694
263 693
312 742
313 743
315 739
314 738
244 713
249 718
246 719
265 694
262 693
312 743
316 739
314 737
244 712
250 718
246 720
265 693
261 693
311 743
312 744
317 739
314 736
243 712
251 718
250 719
250 717
246 721
265 692
261 694
261 692
310 743
317 740
315 736
242 712
252 718
251 719
247 721
245 721
265 691
260 694
261 691
318 740
316 736
253 718
252 719
247 722
244 721
265 690
259 694
260 691
261 690
319 740
317 736
253 719
253 717
248 722
247 723
244 720
264 690
259 693
260 690
261 689
320 740
319 739
317 735
254 717
253 716
246 723
264 689
258 693
260 689
261 688
320 741
318 735
254 716
246 724
264 688
258 692
262 688
261 687
320 742
319 735
245 724
265 688
258 691
262 687
260 687
261 686
321 742
319 742
320 735
319 736
244 724
261 685
322 742
320 736
320 734
243 724
244 725
261 684
322 741
321 734
320 733
242 724
244 726
262 684
323 741
322 734
321 733
319 733
320 732
241 724
245 726
262 683
324 741
320 731
241 723
246 726
262 682
324 742
319 731
320 730
241 722
247 726
246 727
261 682
325 742
324 743
241 721
248 726
247 725
246 728
260 682
325 743
240 721
259 682
326 743
325 744
239 721
258 682
259 681
327 743
326 744
325 745
238 721
239 720
258 681
259 680
327 744
327 742
326 745
324 745
325 746
237 721
238 720
239 719
257 681
260 680
327 745
327 741
325 747
237 722
238 719
239 718
256 681
260 679
327 746
327 740
324 747
325 748
237 723
237 719
238 718
240 718
256 682
260 678
328 740
327 739
325 749
237 724
236 719
237 718
240 717
255 682
260 677
329 740
328 739
326 749
324 749
238 724
236 724
237 717
254 682
261 677
259 677
330 740
329 741
327 749
324 750
238 725
235 724
236 717
253 682
262 677
259 676
331 740
330 741
328 749
324 751
238 726
234 724
235 717
252 682
262 678
262 676
258 676
331 741
328 748
325 751
324 752
237 726
238 727
233 724
251 682
252 683
263 676
258 675
323 752
236 726
238 728
232 724
233 725
250 682
251 681
264 676
258 674
322 752
323 753
236 727
237 728
231 724
232 723
233 726
249 682
250 683
264 675
258 673
322 753
323 754
235 727
237 729
231 723
232 726
249 681
250 684
265 675
259 673
322 754
323 755
237 730
230 723
231 726
248 681
249 684
250 685
266 675
321 754
324 755
237 731
229 723
230 726
247 681
248 684
249 685
266 676
266 674
321 755
325 755
324 756
238 731
236 731
228 723
229 724
229 726
230 725
246 681
247 682
247 680
247 684
266 677
321 756
325 756
236 732
227 723
229 725
228 726
247 679
246 684
267 677
321 757
236 733
226 723
228 727
247 678
245 684
246 685
268 677
320 757
236 734
225 723
226 724
226 722
228 728
247 677
244 684
245 685
269 677
268 676
319 757
237 734
235 734
224 723
225 722
226 725
226 721
227 728
228 729
248 677
246 677
243 684
244 685
270 677
269 678
318 757
319 758
238 734
234 734
223 723
224 722
227 725
226 726
226 720
228 730
248 676
245 677
243 683
244 686
270 678
270 676
318 756
238 735
233 734
234 733
222 723
226 727
227 720
225 720
228 731
249 676
248 675
245 676
243 682
243 686
244 687
270 679
270 675
317 756
238 736
232 734
221 723
227 719
225 719
250 676
249 675
247 675
243 681
245 687
244 688
271 679
317 755
232 735
232 733
220 723
227 718
225 718
250 677
247 674
244 681
246 687
243 688
244 689
272 679
317 754
232 736
232 732
220 722
224 718
244 680
243 689
244 690
273 679
318 754
316 754
317 753
231 736
232 737
233 732
220 721
245 680
244 679
242 689
243 690
245 690
273 680
273 678
318 753
232 738
221 721
220 720
245 679
244 678
243 691
245 691
274 680
273 681
319 753
318 752
232 739
222 721
219 720
243 692
246 691
275 680
274 681
273 682
319 752
318 751
232 740
222 720
218 720
219 719
242 692
247 691
276 680
275 681
272 682
317 751
231 740
232 741
222 719
217 720
219 718
242 693
248 691
247 690
276 679
275 682
272 683
316 751
317 750
231 741
233 741
223 719
216 720
217 719
218 718
241 693
242 694
249 691
248 692
247 689
277 679
272 684
315 751
231 742
234 741
215 720
218 717
240 693
243 694
250 691
249 690
248 693
247 688
278 679
277 678
272 685
314 751
230 742
234 742
215 721
215 719
218 716
239 693
240 694
243 695
248 694
279 679
277 677
273 685
272 686
313 751
314 752
234 743
215 722
219 716
217 716
218 715
238 693
239 692
240 695
244 695
247 694
280 679
278 677
276 677
272 687
312 751
313 752
235 743
234 744
216 722
214 722
219 715
239 695
245 695
246 694
280 680
276 676
273 687
271 687
312 752
312 750
236 743
233 744
217 722
213 722
214 723
219 714
239 696
246 695
245 696
246 693
281 680
280 681
276 675
273 688
312 753
311 750
232 744
233 745
212 722
214 724
219 713
238 696
245 697
245 693
282 680
281 681
279 681
275 675
276 674
274 688
311 753
310 750
232 745
233 746
215 724
214 725
220 713
238 697
244 697
283 680
281 682
278 681
277 674
276 673
275 688
309 750
310 749
231 745
234 746
233 747
216 724
220 712
238 698
244 698
283 681
283 679
278 674
275 673
276 688
275 687
309 749
310 748
230 745
234 747
216 725
220 711
238 699
243 698
284 681
283 682
284 679
279 674
274 673
275 672
309 748
311 748
229 745
230 746
235 747
219 711
220 710
239 699
238 700
242 698
283 683
285 679
284 678
279 675
279 673
273 673
274 674
275 671
308 748
311 747
228 745
229 746
230 747
236 747
218 711
220 709
240 699
239 700
242 699
283 684
285 680
284 677
279 676
273 672
275 670
307 748
229 747
231 747
237 747
236 746
217 711
219 709
242 700
284 684
282 684
286 680
283 677
284 676
272 672
275 669
307 749
228 747
229 748
238 747
237 748
236 745
217 712
217 710
219 708
242 701
285 684
284 685
281 684
282 685
287 680
285 676
284 675
271 672
275 668
307 750
227 747
229 749
238 746
237 749
216 712
216 710
219 707
243 701
281 685
282 686
288 680
270 672
276 668
274 668
275 667
306 750
227 746
228 749
229 750
238 745
237 750
216 713
215 710
216 709
219 706
244 701
243 702
282 687
288 679
269 672
277 668
273 668
275 666
305 750
306 751
227 749
229 751
239 745
237 751
215 709
216 708
220 706
219 705
245 701
244 700
243 703
283 687
281 687
282 688
288 678
268 672
278 668
277 669
277 667
272 668
273 667
275 665
305 749
306 752
227 750
228 751
240 745
238 751
214 709
215 708
221 706
245 702
245 700
284 687
281 688
289 678
267 672
271 668
272 667
274 665
305 748
306 753
227 751
240 744
239 751
238 752
213 709
222 706
221 707
246 702
246 700
245 699
281 689
266 672
270 668
271 669
273 665
274 664
307 753
305 753
226 751
241 744
240 751
238 753
213 710
213 708
223 706
222 705
247 702
247 700
281 690
266 671
270 669
270 667
273 664
274 663
307 754
304 753
225 751
242 744
241 751
240 752
240 750
239 753
212 710
212 708
223 707
222 704
247 699
281 691
265 671
270 670
269 667
274 662
307 755
303 753
304 752
224 751
225 750
243 744
241 752
212 707
223 708
221 704
282 691
280 691
264 671
274 661
307 756
303 752
223 751
224 752
244 744
243 745
241 753
211 707
224 708
221 703
279 691
263 671
275 661
274 660
222 751
223 752
223 750
224 753
244 743
243 746
242 753
241 754
210 707
211 706
225 708
220 703
221 702
278 691
263 670
274 659
222 752
223 749
224 754
245 743
244 742
244 746
243 753
210 708
210 706
222 702
277 691
262 670
263 669
273 659
274 658
223 748
225 754
224 755
245 746
244 747
243 754
209 708
222 701
277 692
261 670
263 668
274 657
222 748
224 756
245 747
244 754
243 755
208 708
209 709
223 701
222 700
276 692
277 693
260 670
262 668
275 657
273 657
221 748
245 748
245 754
244 755
243 756
207 708
209 710
224 701
275 692
260 671
260 669
262 667
276 657
272 657
220 748
246 748
245 749
245 755
244 756
242 756
206 708
207 709
207 707
210 710
224 700
274 692
259 671
260 668
277 657
272 656
220 747
247 748
245 750
246 755
244 757
242 757
205 708
210 711
225 700
273 692
274 691
277 656
272 655
219 747
247 747
247 755
246 756
204 708
205 707
210 712
226 700
225 699
272 692
273 693
274 690
278 656
277 655
271 655
272 654
218 747
248 747
247 754
203 708
204 709
204 707
210 713
227 700
226 701
272 693
272 691
273 694
279 656
278 655
276 655
271 654
217 747
218 748
249 747
248 754
247 753
202 708
203 707
204 710
209 713
210 714
228 700
272 694
271 691
280 656
275 655
276 654
271 653
216 747
217 746
218 749
249 748
249 746
249 754
248 753
246 753
201 708
203 706
205 710
211 714
210 715
228 699
271 694
270 691
271 652
217 745
218 750
249 749
250 754
200 708
201 709
201 707
203 705
212 714
210 716
228 698
270 694
269 691
270 652
218 745
219 750
217 750
250 749
249 750
200 707
203 704
211 716
209 716
269 694
270 695
270 693
269 690
269 652
270 651
218 744
251 749
199 707
200 706
203 703
212 716
208 716
269 695
270 696
269 689
268 652
270 650
218 743
252 749
251 750
198 707
199 706
200 705
204 703
207 716
208 715
268 695
269 696
270 697
268 689
267 652
269 650
219 743
218 742
253 749
252 750
251 751
198 708
204 702
206 716
207 715
208 714
269 697
268 688
267 653
220 743
217 742
218 741
254 749
253 750
250 751
198 709
204 701
205 716
206 717
206 715
268 697
266 653
267 654
221 743
220 742
216 742
218 740
254 750
197 709
198 710
205 701
203 701
204 700
205 715
206 718
265 653
222 743
220 741
215 742
219 740
218 739
254 751
198 711
206 701
203 700
204 715
206 719
264 653
265 654
265 652
221 741
214 742
217 739
218 738
255 751
207 701
203 715
204 714
205 719
206 720
263 653
265 651
213 742
214 743
216 739
218 737
255 752
208 701
207 702
207 700
203 714
207 720
262 653
264 651
214 744
215 739
216 738
219 737
255 753
209 701
208 702
207 699
202 714
203 713
207 721
261 653
262 654
214 745
214 739
216 737
220 737
255 754
209 702
206 699
207 698
201 714
202 713
260 653
262 655
213 745
216 736
221 737
220 736
256 754
254 754
206 698
208 698
201 715
260 652
263 655
262 656
212 745
221 736
257 754
254 755
209 698
200 715
259 652
260 651
262 657
212 744
222 736
258 754
257 753
253 755
210 698
199 715
258 652
259 651
262 658
211 744
212 743
222 735
259 754
257 752
253 756
210 697
199 714
258 653
258 651
262 659
210 744
211 743
222 734
260 754
258 752
252 756
253 757
210 696
198 714
199 713
257 653
258 650
261 659
209 744
210 745
223 734
222 733
261 754
259 752
258 751
253 758
210 695
197 714
256 653
257 654
258 649
260 659
208 744
209 743
210 746
224 734
223 733
221 733
222 732
262 754
254 758
253 759
211 695
209 695
210 694
197 715
255 653
256 654
256 652
257 649
258 648
259 659
207 744
209 742
211 746
210 747
223 732
220 733
222 731
253 760
208 695
196 715
197 716
254 653
256 651
256 649
257 648
259 648
259 660
259 658
207 745
207 743
208 742
219 733
220 732
221 731
252 760
253 761
208 696
208 694
195 715
197 717
253 653
254 654
256 648
257 647
259 661
206 743
218 733
219 734
220 731
251 760
254 761
207 694
195 714
197 718
253 654
257 646
259 662
217 733
218 732
251 761
251 759
255 761
207 693
198 718
252 654
257 645
260 662
216 733
217 734
217 732
251 762
251 758
255 760
206 693
198 719
252 655
258 645
256 645
257 644
261 662
260 663
215 733
250 762
251 763
256 760
205 693
206 692
198 720
251 655
252 656
258 644
256 644
249 762
251 764
257 760
204 693
206 691
250 655
258 643
256 643
249 761
252 764
257 761
203 693
204 694
204 692
207 691
249 655
250 656
250 654
255 643
256 642
249 760
252 765
202 693
203 694
204 691
208 691
248 655
250 657
250 653
256 641
248 760
252 766
201 693
204 690
208 692
208 690
247 655
248 656
250 658
249 653
250 652
257 641
255 641
256 640
247 760
253 766
251 766
200 693
201 692
204 689
209 692
209 690
208 689
246 655
247 656
251 658
249 658
250 659
248 653
250 651
258 641
256 639
247 761
253 767
200 694
200 692
205 689
203 689
204 688
210 692
210 690
207 689
245 655
246 656
251 659
248 658
250 660
251 651
258 640
255 639
256 638
247 762
200 695
200 691
206 689
210 689
245 656
252 659
248 659
250 661
258 639
254 639
255 638
257 638
256 637
247 763
200 696
199 691
206 688
210 688
245 657
250 662
258 638
256 636
247 764
199 696
206 687
211 688
210 687
245 658
251 662
250 663
258 637
257 636
255 636
247 765
199 697
205 687
212 688
209 687
244 658
245 659
251 663
250 664
258 636
257 635
254 636
247 766
198 697
205 686
209 686
243 658
244 659
252 663
249 664
250 665
259 636
253 636
198 698
205 685
209 685
242 658
244 660
253 663
248 664
251 665
250 666
252 636
197 698
209 684
241 658
242 657
244 661
254 663
248 665
252 665
249 666
250 667
251 636
196 698
197 699
210 684
209 683
240 658
245 661
243 661
255 663
247 665
249 667
251 635
195 698
197 700
208 683
239 658
240 659
240 657
247 666
249 668
251 634
195 697
196 700
197 701
238 658
239 657
240 660
246 666
247 667
250 634
251 633
195 696
196 701
197 702
238 657
239 660
246 667
249 634
252 633
195 701
238 656
238 660
248 634
249 635
194 701
238 655
247 634
194 702
194 700
239 655
237 655
246 634
247 633
193 702
193 700
194 699
239 654
236 655
247 632
192 702
193 699
235 655
248 632
247 631
192 703
192 699
193 698
234 655
235 656
235 654
248 631
246 631
247 630
191 703
191 699
192 698
233 655
235 653
246 630
247 629
191 704
190 699
192 697
232 655
235 652
246 629
248 629
191 705
192 696
231 655
232 656
232 654
236 652
234 652
235 651
246 628
249 629
192 705
192 695
232 657
232 653
237 652
235 650
245 628
246 627
249 628
192 694
233 657
231 657
231 653
237 651
244 628
247 627
246 626
250 628
249 627
192 693
231 658
230 653
238 651
244 629
244 627
249 626
191 693
230 658
229 653
239 651
243 629
244 630
244 626
250 626
190 693
229 658
230 659
228 653
229 654
240 651
239 652
242 629
243 630
244 625
251 626
189 693
190 694
190 692
228 658
230 660
228 654
228 652
240 652
240 650
241 629
243 631
243 625
244 624
252 626
251 627
251 625
188 693
190 691
227 658
228 659
231 660
230 661
240 649
240 629
242 625
243 624
253 626
252 627
188 694
190 690
226 658
232 660
231 661
229 661
240 648
239 629
241 625
242 626
243 623
253 627
253 625
187 694
189 690
190 689
233 660
231 662
228 661
241 648
240 647
239 630
242 623
243 622
253 628
253 624
187 695
189 689
190 688
234 660
233 661
231 663
227 661
240 646
238 630
241 623
244 622
253 623
187 696
188 689
190 687
235 660
234 659
232 663
226 661
240 645
237 630
241 622
252 623
187 697
190 686
236 660
235 659
234 658
232 664
226 660
241 645
239 645
237 631
241 621
186 697
190 685
233 664
232 665
225 660
242 645
238 645
239 644
237 632
186 698
234 664
232 666
224 660
242 646
238 646
239 643
237 633
185 698
234 665
231 666
224 661
243 646
238 647
238 643
239 642
238 633
184 698
234 666
223 661
244 646
237 643
239 633
183 698
184 699
234 667
222 661
236 643
182 698
183 699
184 700
235 667
234 668
222 662
222 660
235 643
181 698
182 697
183 700
184 701
236 667
235 668
234 669
221 662
221 660
222 659
234 643
235 644
180 698
182 696
182 700
183 701
235 669
234 670
221 663
220 660
233 643
234 642
235 645
179 698
181 696
182 695
236 669
219 660
220 659
232 643
234 641
178 698
179 699
179 697
180 696
181 695
183 695
182 694
237 669
219 659
231 643
178 699
178 697
181 694
183 694
237 670
237 668
219 658
230 643
178 700
177 697
180 694
183 693
229 643
178 701
177 696
183 692
229 644
229 642
178 702
177 695
229 645
229 641
177 702
178 703
178 695
177 694
230 645
228 645
229 640
176 702
177 703
179 703
178 704
176 694
227 645
229 639
175 702
180 703
179 704
176 693
227 646
230 639
228 639
229 638
175 703
181 703
176 692
226 646
229 637
175 704
181 704
177 692
175 692
225 646
175 705
182 704
181 705
177 691
175 691
224 646
225 647
176 705
174 705
181 706
177 690
174 691
223 646
224 645
225 648
176 706
173 705
180 706
181 707
177 689
174 690
222 646
226 648
177 706
172 705
173 706
173 704
179 706
181 708
174 689
221 646
222 647
226 649
171 705
173 703
182 708
174 688
221 647
222 648
171 704
183 708
174 687
222 649
170 704
183 709
183 707
174 686
221 649
222 650
169 704
170 703
184 709
183 710
184 707
173 686
174 685
220 649
170 702
185 707
184 706
172 686
174 684
220 650
220 648
186 707
185 708
185 706
171 686
220 651
219 648
187 707
186 708
185 705
171 685
219 651
218 648
186 705
171 684
218 651
218 647
187 705
171 683
218 652
217 647
188 705
187 704
171 682
217 652
217 646
188 704
170 682
171 681
216 652
217 645
216 651
217 644
215 651
218 644
217 643
214 651
219 644
217 642
213 651
218 642
217 641
213 652
213 650
217 640
212 652
213 649
218 640
216 640
211 652
212 653
219 640
215 640
210 652
211 651
219 639
215 639
209 652
220 639
219 638
208 652
221 639
218 638
219 637
207 652
208 653
208 651
222 639
221 640
217 638
220 637
206 652
208 654
223 639
217 637
220 636
205 652
206 653
207 654
208 655
224 639
223 638
217 636
220 635
204 652
209 655
208 656
224 640
223 637
216 636
217 635
204 653
210 655
209 656
208 657
225 640
222 637
223 636
216 635
218 635
203 653
211 655
226 640
224 636
218 634
202 653
203 654
211 656
227 640
224 635
218 633
201 653
202 652
203 655
211 657
224 634
219 633
218 632
200 653
202 655
211 658
225 634
224 633
218 631
199 653
201 655
202 656
212 658
226 634
224 632
217 631
198 653
199 654
202 657
213 658
223 632
224 631
217 630
198 652
201 657
202 658
213 659
213 657
223 631
225 631
224 630
198 651
201 658
214 659
223 630
226 631
224 629
198 650
200 658
214 660
223 629
226 630
224 628
199 650
199 658
214 661
222 629
226 629
224 627
198 658
199 659
213 661
214 662
221 629
222 628
227 629
226 628
225 627
224 626
198 657
199 660
212 661
213 662
227 628
226 627
225 626
224 625
198 660
199 661
211 661
212 662
227 627
224 624
197 660
199 662
210 661
212 663
228 627
223 624
196 660
197 659
198 662
199 663
209 661
210 662
229 627
228 626
223 623
195 660
196 661
196 659
198 663
200 663
208 661
209 660
229 628
229 626
222 623
223 622
196 658
197 663
208 662
230 628
230 626
221 623
223 621
208 663
231 626
220 623
221 622
224 621
222 621
223 620
207 663
208 664
232 626
219 623
220 622
224 620
206 663
209 664
233 626
232 627
219 622
220 621
224 619
205 663
234 626
220 620
225 619
224 618
204 663
205 664
205 662
235 626
220 619
226 619
223 618
204 664
204 662
236 626
235 627
235 625
226 620
223 617
204 665
235 628
235 624
226 621
223 616
204 666
234 628
235 629
235 623
226 622
222 616
205 666
203 666
204 667
236 629
235 630
236 623
227 622
225 622
226 623
222 615
206 666
202 666
204 668
235 631
237 623
222 614
205 668
203 668
204 669
238 623
237 624
223 614
221 614
204 670
238 622
224 614
223 613
220 614
221 613
203 670
204 671
239 622
225 614
223 612
219 614
220 615
205 671
204 672
224 612
223 611
218 614
220 616
206 671
204 673
225 612
223 610
217 614
218 613
220 617
206 672
206 670
204 674
218 612
206 669
205 674
203 674
204 675
217 612
202 674
203 675
216 612
201 674
215 612
200 674
215 613
215 611
199 674
214 613
215 610
198 674
215 609
198 675
198 673
216 609
215 608
198 676
197 673
198 672
217 609
216 608
214 608
215 607
197 676
196 673
198 671
218 609
195 673
199 671
198 670
194 673
200 671
198 669
194 674
197 669
198 668
193 674
194 675
197 668
198 667
192 674
197 667
191 674
192 673
196 667
190 674
191 675
192 672
189 674
191 676
191 672
188 674
191 677
190 672
191 671
191 678
191 670
192 678
190 678
192 670
193 678
189 678
193 670
189 679
194 670
193 669
188 679
189 680
195 670
193 668
188 680
189 681
194 668
187 680
189 682
194 667
187 681
194 666
195 666
195 665
