589 618
498 592
650 471
652 588
802 440
818 460
609 620
691 476
491 432
440 540
535 441
511 620
682 380
494 432
427 541
475 557
538 606
733 437
474 480
672 407
751 418
623 623
690 510
652 594
663 595
770 418
455 575
451 543
435 477
460 550
456 556
684 412
538 441
698 416
490 478
682 403
499 571
557 605
686 402
770 405
427 477
567 600
803 434
545 402
573 597
550 445
534 451
789 400
656 593
535 607
511 607
421 528
702 397
530 443
742 453
577 598
470 473
485 587
812 460
486 560
584 618
444 492
487 560
802 445
632 608
477 504
693 379
519 603
692 473
538 610
664 411
469 483
631 612
654 595
640 606
591 583
832 456
807 449
737 453
492 587
692 417
424 539
636 613
440 480
692 480
533 403
685 482
800 453
467 512
743 427
426 543
774 409
701 385
549 418
547 444
493 587
804 437
492 437
552 603
534 409
642 606
484 547
791 433
585 593
621 617
551 616
515 603
562 600
551 407
572 599
776 416
742 427
537 446
546 411
543 449
696 486
476 560
794 437
661 593
487 459
443 549
524 454
456 581
825 443
767 452
525 612
783 400
648 592
755 403
511 427
524 591
695 508
666 409
732 453
810 441
494 497
675 407
445 485
660 606
527 457
743 429
798 450
832 439
497 557
669 594
792 396
747 415
499 486
787 401
511 609
606 625
463 474
428 529
416 528
579 589
478 447
554 616
643 587
677 421
636 601
477 491
459 562
545 449
488 589
446 569
530 453
596 585
651 609
809 445
550 407
494 587
443 558
652 609
527 599
654 604
632 604
835 460
751 419
609 611
524 604
480 442
535 458
797 400
708 401
596 583
679 411
487 587
694 386
487 490
648 608
771 408
439 555
599 623
659 601
480 479
576 596
456 578
788 402
781 406
682 410
477 447
540 457
803 456
595 616
536 457
773 400
546 616
730 430
628 619
684 478
778 449
653 606
644 599
588 627
691 368
437 466
548 444
730 437
757 426
706 398
679 379
446 483
661 596
769 398
528 586
697 398
586 618
656 592
837 459
509 596
750 415
505 567
774 455
495 589
672 421
489 432
533 455
692 367
810 443
423 529
608 605
458 559
764 416
578 586
796 400
466 475
446 559
522 617
578 583
779 403
508 591
692 379
797 399
774 406
691 479
497 558
652 589
478 488
655 610
539 404
700 373
680 411
511 438
460 559
716 407
791 441
444 546
426 549
539 435
556 610
608 610
536 405
432 460
805 441
479 458
686 415
530 613
447 568
779 406
569 594
692 505
456 563
630 619
802 441
588 613
582 630
539 407
704 409
444 548
634 610
636 617
442 482
467 516
459 559
523 730
790 429
648 470
697 489
509 593
783 412
747 427
544 408
687 382
789 435
593 617
582 631
783 410
445 540
820 444
801 400
835 459
617 615
432 479
513 424
540 611
612 620
772 411
692 418
610 621
523 600
830 448
749 453
550 606
678 421
783 417
640 614
674 414
779 416
659 605
741 436
578 600
495 497
830 444
438 555
838 459
699 485
701 379
562 598
573 605
545 412
826 462
588 628
439 482
520 604
763 451
483 453
779 412
660 596
635 601
647 592
747 428
829 446
497 578
508 605
544 433
535 453
697 485
583 622
750 448
699 399
488 443
665 520
774 401
698 369
783 445
440 478
431 542
769 394
498 571
439 478
454 541
649 607
799 453
547 616
431 470
818 461
776 409
481 554
679 484
699 423
528 437
547 453
767 408
714 410
557 609
595 593
799 435
806 431
719 407
583 621
584 636
496 490
442 542
673 408
699 487
550 405
476 450
545 608
610 605
610 604
727 431
662 520
627 623
583 634
470 484
448 554
697 470
478 480
508 590
607 623
450 570
808 451
525 589
743 430
639 620
663 605
793 397
488 459
636 603
661 523
446 489
591 615
490 491
458 579
822 446
660 522
690 369
642 597
532 401
492 490
635 608
445 548
415 540
692 371
507 591
428 545
809 450
668 594
544 429
539 442
790 423
665 418
437 465
780 404
601 624
578 602
422 529
691 507
689 370
544 606
457 566
477 462
486 460
780 418
525 591
432 542
634 613
452 540
454 547
795 436
443 559
494 566
452 565
827 451
515 425
539 397
563 598
830 439
744 426
550 605
601 615
456 579
764 418
721 409
632 616
741 428
480 446
747 451
503 593
697 384
798 399
772 453
835 449
433 539
701 399
499 485
523 454
530 442
777 420
518 600
803 432
454 546
579 587
485 457
559 605
481 451
461 559
537 737
444 565
518 596
439 481
793 437
742 449
719 430
455 549
478 459
531 453
533 456
606 622
684 406
703 424
453 545
826 446
521 619
758 426
762 441
492 435
514 624
701 377
805 450
791 399
622 619
536 453
577 604
480 454
829 448
783 420
497 445
685 380
581 594
794 397
674 514
709 404
775 416
445 576
536 450
591 581
515 604
752 448
782 446
695 423
587 621
694 510
648 471
454 573
828 439
790 403
794 436
438 469
543 397
433 536
799 449
670 593
432 459
482 560
498 478
772 451
640 604
660 598
499 575
772 400
421 532
603 586
663 607
696 421
479 508
553 616
545 434
653 603
480 447
607 616
497 556
578 594
475 451
452 571
666 417
524 606
491 491
436 466
552 407
589 583
767 397
550 602
696 422
429 474
558 612
470 558
479 451
686 474
768 397
784 407
658 595
541 394
444 557
522 437
578 634
721 414
705 409
736 425
692 374
831 452
782 412
759 420
497 592
671 411
508 596
758 420
722 428
798 449
811 445
705 481
688 483
697 412
685 497
489 587
696 419
421 537
516 625
469 513
706 406
434 538
487 461
713 427
789 441
539 445
545 419
835 455
744 427
808 458
473 516
480 485
683 395
424 536
641 589
496 567
570 598
699 424
686 498
450 540
761 402
784 420
726 425
739 450
822 447
691 500
682 381
652 595
540 738
481 509
646 593
803 458
802 446
439 467
659 522
458 550
486 442
541 392
684 411
709 402
511 430
545 423
496 556
739 431
804 447
497 443
709 412
663 520
691 415
675 410
825 444
443 556
559 609
520 623
695 421
798 453
596 586
444 494
472 509
696 374
816 456
769 418
677 422
699 486
785 442
662 526
538 454
585 624
684 472
644 590
700 490
526 441
609 605
445 569
829 443
807 450
473 551
818 457
686 400
573 586
829 460
476 558
761 426
444 570
488 461
770 449
685 405
483 549
554 617
693 507
508 604
804 435
808 431
685 411
428 549
629 619
567 599
587 578
805 442
479 480
516 425
576 595
620 618
660 595
476 451
447 575
638 607
472 510
610 607
549 406
478 555
530 605
572 604
788 404
525 449
509 441
481 492
512 432
688 475
634 603
818 455
601 625
683 417
435 466
508 563
688 382
498 445
539 457
525 610
451 539
451 553
696 384
438 473
480 560
444 580
446 579
524 439
785 407
520 605
729 431
516 597
496 571
805 433
774 417
702 424
484 559
689 388
816 460
686 384
453 566
427 549
553 615
491 488
535 608
648 590
751 424
550 444
683 405
787 416
711 401
698 371
586 594
687 490
531 450
437 540
456 558
554 602
495 557
784 441
774 410
431 473
577 595
513 623
521 595
673 514
736 461
637 605
455 558
443 567
701 412
507 602
477 487
632 619
825 460
781 417
658 593
696 378
696 373
595 615
580 608
530 452
444 480
493 438
532 594
782 411
644 598
553 419
771 401
543 457
494 558
616 615
761 398
510 602
810 445
827 441
488 431
733 432
522 435
478 503
561 605
475 478
446 493
835 435
547 446
494 581
522 433
423 523
632 600
524 449
739 432
431 466
703 486
837 452
468 560
784 414
665 604
695 419
495 478
672 411
799 440
482 552
745 451
771 393
687 405
738 431
661 600
599 622
645 607
589 582
678 482
691 505
612 613
479 449
697 372
666 605
680 418
693 385
491 557
828 448
588 579
477 503
690 380
685 511
721 411
699 365
642 604
792 400
545 457
691 481
544 607
710 401
477 507
426 522
811 467
585 622
583 593
757 427
657 605
792 435
689 377
428 551
739 458
582 593
793 434
706 401
498 441
644 606
420 539
662 602
546 406
706 411
490 560
667 595
430 540
543 398
822 461
555 610
545 432
534 455
560 598
493 583
657 593
482 485
482 490
435 469
429 548
687 411
574 591
636 604
471 482
428 528
441 556
809 432
675 421
486 461
836 455
672 420
503 568
697 383
469 514
530 451
543 433
443 541
601 586
550 414
785 441
682 412
438 477
689 416
542 434
475 513
522 445
528 438
575 595
708 483
558 610
518 624
825 451
584 615
708 408
695 370
609 621
829 442
744 435
456 557
476 494
696 364
683 482
449 493
688 400
465 560
527 441
491 492
772 404
589 615
537 607
644 593
678 377
534 408
491 437
477 495
804 438
513 436
558 611
457 565
449 568
450 493
433 541
539 453
536 745
789 427
683 408
757 430
764 448
466 469
770 415
432 470
698 413
544 604
722 410
476 502
670 408
583 635
495 566
685 399
544 437
543 456
446 485
735 461
753 424
772 413
748 416
827 446
719 422
490 558
599 612
568 596
444 563
508 587
679 380
781 411
773 455
590 617
470 512
770 402
442 556
748 425
836 458
734 452
522 438
556 617
514 425
569 595
516 598
686 475
490 432
444 551
499 441
528 457
732 429
496 444
521 629
443 574
512 433
687 400
422 538
474 558
443 553
692 416
543 417
795 401
496 555
541 433
699 379
691 384
688 385
538 605
743 442
592 615
737 431
498 486
523 603
545 459
623 618
675 420
701 372
686 393
555 604
505 591
539 443
645 591
506 592
785 416
800 456
641 606
713 411
585 615
524 440
533 407
510 595
449 554
736 455
494 491
432 539
696 365
448 544
511 623
665 411
429 467
552 419
721 454
458 552
521 618
764 417
591 584
520 431
428 477
485 458
641 593
524 594
593 618
447 494
651 593
490 455
713 406
442 477
535 746
670 410
700 489
802 432
706 483
648 469
432 458
594 593
791 432
545 443
468 468
622 623
589 593
519 596
589 581
535 443
537 450
688 392
722 455
622 621
793 400
546 425
691 411
773 409
691 480
582 629
467 475
697 382
475 459
547 407
699 385
496 445
493 437
467 477
521 433
590 589
459 578
511 426
507 564
543 450
632 609
467 473
795 400
747 425
458 578
451 544
475 450
495 577
583 630
545 604
533 418
692 385
611 607
644 589
561 598
442 570
724 427
443 543
480 487
481 511
581 591
516 610
431 478
466 557
640 588
544 428
542 414
577 602
551 444
825 449
699 488
506 568
830 437
534 460
819 446
574 593
443 563
622 618
443 561
582 633
482 553
570 596
575 586
624 622
767 398
696 423
522 436
686 388
782 408
777 400
444 540
576 598
580 607
705 406
474 476
698 381
510 594
793 401
477 506
462 474
643 595
482 558
780 403
698 485
662 524
470 556
729 435
796 398
441 538
546 444
789 433
584 497
725 423
740 450
481 512
841 460
735 457
520 618
628 620
828 438
635 610
821 445
545 410
479 555
683 413
607 615
725 424
518 611
702 489
470 483
630 618
586 627
444 571
643 596
830 462
479 456
653 604
482 551
625 622
477 493
632 617
680 480
469 472
695 377
470 482
804 399
466 560
696 489
761 416
526 456
449 570
721 430
791 429
757 424
591 618
745 427
699 418
687 393
814 461
575 607
445 547
477 458
454 548
826 445
537 608
687 384
601 613
709 409
788 419
480 444
691 372
674 421
491 442
737 425
454 576
598 586
510 426
816 457
756 402
688 480
545 614
432 478
547 614
422 527
680 398
480 452
804 449
778 400
441 481
545 404
420 537
519 431
448 571
435 537
726 424
426 548
576 597
499 576
690 403
464 474
752 423
556 605
457 563
416 530
487 455
552 404
449 540
780 448
767 416
690 483
439 484
443 560
775 450
474 513
806 449
496 566
685 510
787 403
685 415
700 416
455 548
487 456
492 432
483 551
658 604
682 408
590 592
687 481
660 594
487 453
810 449
544 436
539 403
547 455
721 416
455 573
548 449
477 460
541 404
772 399
715 408
422 539
580 637
775 406
570 597
432 457
541 398
520 606
474 515
448 558
698 379
523 612
692 476
602 585
478 440
524 451
482 557
704 410
450 554
459 531
693 506
471 483
683 472
632 613
566 599
770 450
547 615
654 606
627 621
738 432
794 435
552 616
541 395
719 408
571 597
434 464
738 449
532 443
481 443
791 400
779 448
684 488
783 444
510 427
454 539
794 393
825 445
473 552
512 602
771 415
758 424
722 409
831 455
497 574
537 443
768 408
448 568
448 559
647 608
690 370
632 610
823 446
480 559
663 606
544 411
638 605
684 400
789 426
707 400
583 616
635 604
700 372
775 420
520 442
441 546
828 461
603 623
473 553
520 622
640 615
541 403
690 488
538 452
700 421
586 623
545 424
445 541
510 601
824 461
592 617
490 561
535 610
685 394
522 613
836 460
784 401
802 400
454 559
798 435
795 435
580 587
710 411
681 481
469 474
609 612
565 604
503 442
433 461
525 608
653 591
447 571
720 415
572 600
544 451
649 601
443 547
740 429
526 583
498 497
773 420
506 591
801 399
497 441
473 508
489 489
615 613
438 471
727 432
582 632
521 617
483 550
606 611
661 598
421 523
685 475
654 593
452 559
630 617
498 483
765 448
790 404
510 443
584 592
429 476
587 627
662 521
438 468
832 455
756 423
709 411
481 491
589 629
707 408
541 611
722 430
801 433
808 450
819 458
758 422
653 608
714 427
428 544
689 386
772 452
727 436
480 509
470 485
697 378
745 444
579 611
548 448
421 531
461 578
427 545
770 397
673 409
432 473
774 450
542 401
582 637
635 609
647 609
697 387
766 415
490 440
439 473
751 423
601 584
759 418
431 460
425 523
633 601
666 408
600 586
592 590
534 406
474 484
768 416
521 620
690 416
719 424
544 417
479 561
500 590
481 461
662 525
641 603
662 603
507 566
700 376
562 613
540 397
811 464
763 401
572 597
652 591
473 507
499 487
570 604
521 598
421 539
431 480
832 453
465 476
806 456
697 389
834 459
529 436
747 422
537 442
562 604
477 494
530 455
626 622
715 410
585 616
645 598
771 447
806 448
512 594
759 445
726 428
662 594
471 479
700 374
443 557
579 584
776 420
501 486
686 497
535 410
689 389
671 410
447 486
529 441
445 574
536 611
805 435
495 491
808 448
727 424
590 614
458 562
515 608
476 449
589 620
801 458
445 558
668 604
574 589
708 485
520 433
529 593
490 586
644 607
442 562
538 457
431 465
505 566
811 462
839 461
644 597
480 561
832 462
578 597
707 407
575 584
476 559
515 625
728 435
733 430
445 492
691 420
832 461
724 428
687 380
713 402
498 572
500 571
591 631
720 430
666 607
419 535
550 451
575 601
749 449
690 368
482 555
682 511
685 406
645 608
545 448
697 388
688 412
806 439
782 445
555 601
691 378
501 569
546 456
533 452
599 586
660 523
598 614
514 595
490 442
545 433
692 509
557 612
653 609
783 443
512 609
708 411
754 423
608 621
520 455
553 445
805 440
690 382
699 489
760 398
434 477
485 555
677 423
457 574
585 629
707 484
449 480
696 467
784 421
767 404
536 458
535 758
748 417
508 588
814 459
436 471
445 566
694 371
546 434
424 538
549 414
511 605
632 615
789 425
496 492
420 533
612 606
572 601
683 382
746 427
739 457
510 593
430 457
576 599
702 487
574 601
497 575
748 421
679 399
533 460
439 472
524 615
792 437
535 460
526 586
648 604
748 450
443 568
474 479
669 593
798 452
419 529
475 484
478 554
471 478
421 526
503 592
686 407
545 455
840 458
494 490
790 402
472 513
484 554
584 630
714 409
791 403
694 511
602 584
536 608
456 577
809 441
445 571
775 421
525 445
435 480
806 452
543 606
650 607
542 438
519 455
523 607
467 513
733 453
832 435
537 444
834 447
778 399
765 450
741 450
548 420
679 483
548 421
475 558
534 443
584 622
586 593
604 623
828 443
550 603
513 609
643 606
600 612
579 610
728 427
772 419
436 469
524 453
486 489
433 464
499 592
681 482
581 621
690 481
699 376
424 540
415 539
443 478
483 490
452 570
685 488
492 581
508 599
477 486
478 508
641 613
786 419
706 399
777 416
516 604
491 562
439 556
777 399
589 630
685 414
581 590
740 430
446 548
561 597
718 422
485 588
445 572
493 585
598 612
651 588
504 443
501 485
678 483
453 559
747 417
638 593
548 450
705 486
675 408
679 377
453 543
644 608
559 607
477 461
540 403
481 454
666 421
729 433
805 453
678 419
491 561
649 598
474 458
787 441
437 467
466 478
785 443
695 420
647 600
786 410
441 472
706 482
694 422
420 536
630 612
546 443
608 615
768 404
800 440
662 598
440 539
701 423
797 450
684 414
501 590
519 601
578 598
416 538
647 605
742 448
551 405
520 621
790 421
758 421
437 536
767 402
785 404
538 745
669 595
769 402
512 439
731 430
473 460
477 489
735 427
471 476
455 574
693 477
746 425
477 448
704 398
499 572
476 488
645 605
432 540
786 448
475 511
550 616
496 442
455 563
516 600
431 475
695 371
689 403
542 444
583 619
452 493
732 437
782 410
743 444
540 433
492 441
687 407
654 610
821 446
447 557
578 612
792 393
799 457
498 573
803 436
497 573
631 611
588 593
533 594
682 382
495 443
551 617
688 405
531 456
574 592
469 515
701 378
583 631
646 590
768 405
687 390
472 479
804 444
513 433
447 487
765 447
746 426
700 415
484 454
472 552
540 452
464 476
436 540
563 600
632 601
491 486
685 472
590 630
549 604
697 484
493 490
511 463
741 452
671 421
529 586
548 446
641 612
445 551
595 614
798 451
645 596
603 622
480 440
434 461
606 614
748 451
701 488
451 541
616 612
541 402
429 549
732 436
494 557
678 378
427 476
448 557
733 429
647 598
698 366
664 609
724 426
521 615
469 562
750 424
532 744
547 613
681 410
583 615
649 593
715 421
536 737
767 403
437 471
663 601
438 537
786 444
694 421
744 452
585 618
784 417
517 611
465 513
547 413
478 478
491 440
831 463
548 414
595 617
479 440
507 601
426 529
684 396
724 424
668 603
645 595
764 447
739 451
712 427
686 387
487 561
584 614
505 605
520 619
476 561
654 594
786 441
768 417
458 554
603 615
665 607
540 395
445 560
743 435
770 401
683 388
481 481
698 484
494 563
537 738
672 422
508 601
443 479
485 442
614 614
831 450
711 405
779 400
493 442
698 398
765 402
469 482
480 486
508 589
763 417
667 414
784 416
487 452
561 614
722 456
769 411
781 412
451 554
460 560
793 392
458 567
681 402
703 409
779 415
637 609
673 421
470 560
433 460
689 476
687 389
459 555
579 600
477 446
438 474
681 408
524 435
546 415
792 430
472 474
574 597
491 435
839 459
486 587
506 602
658 526
713 407
465 561
442 568
743 443
793 403
434 537
765 415
504 591
608 614
701 375
547 412
460 578
693 509
664 520
460 551
713 412
490 475
646 598
742 436
742 442
418 528
497 588
679 409
803 448
521 444
487 444
684 418
487 589
666 422
683 401
579 612
486 541
832 437
472 556
577 601
698 368
774 421
831 465
470 514
683 412
524 593
543 431
635 618
689 483
469 559
803 446
719 410
479 491
688 404
652 593
442 563
556 615
490 581
668 595
420 540
446 580
490 441
421 530
544 458
445 539
769 409
656 605
576 583
532 456
521 455
578 605
461 550
806 453
745 453
455 565
497 479
700 424
771 399
546 412
702 377
743 446
640 612
664 421
638 620
542 399
555 619
498 575
764 401
543 429
512 437
525 438
509 601
563 613
784 404
497 480
550 453
455 541
520 629
498 498
839 462
618 616
791 423
771 450
806 438
491 433
699 422
441 569
636 615
538 405
685 397
684 394
772 405
468 470
529 457
540 396
501 570
540 451
837 453
511 594
574 588
723 428
466 513
685 483
694 471
803 399
657 607
699 373
685 412
502 590
460 473
707 401
446 551
706 410
691 509
465 562
696 470
588 620
736 427
441 540
701 434
482 491
539 436
433 537
705 483
804 432
473 515
480 481
520 446
768 453
471 555
556 618
468 559
677 379
609 609
546 614
804 457
471 554
778 403
720 408
788 405
631 622
694 385
545 437
481 557
587 577
834 453
478 506
686 380
494 583
444 567
549 449
514 594
476 452
547 604
808 441
807 452
544 403
441 542
536 603
472 484
760 430
426 520
680 416
446 539
721 422
649 470
809 466
771 418
529 450
539 458
619 615
528 597
445 487
485 456
689 379
452 553
506 593
637 620
546 449
494 559
798 448
520 595
581 629
649 603
691 419
450 538
553 417
657 525
809 457
788 420
512 440
482 556
703 410
780 405
694 372
489 478
482 453
491 563
678 380
620 619
800 449
700 379
426 546
829 439
543 432
754 401
473 558
512 595
611 605
559 610
777 417
533 744
685 473
578 607
690 411
475 516
708 428
425 529
828 447
532 407
736 457
496 497
446 482
499 589
683 419
710 435
703 488
526 605
453 567
547 452
791 437
581 595
556 614
804 440
471 474
689 484
784 443
548 604
809 433
761 417
679 419
800 450
530 614
441 471
792 403
706 407
767 400
444 545
571 604
547 421
648 601
684 415
696 363
508 598
531 593
807 460
789 428
574 587
511 622
728 428
476 479
696 372
553 601
825 461
446 492
809 430
803 447
522 733
591 589
769 395
459 550
804 445
701 376
477 479
571 603
600 611
432 462
764 450
500 558
654 609
549 419
470 559
823 461
468 474
789 424
502 557
524 729
657 594
441 482
577 607
833 461
793 396
786 423
750 449
475 487
584 593
792 394
827 447
431 471
804 443
587 593
461 474
702 409
525 592
809 459
485 560
686 381
645 606
803 401
525 586
491 586
649 604
743 431
453 560
581 607
500 483
756 425
578 599
636 619
590 618
779 414
587 622
658 523
651 599
700 425
660 605
822 460
472 516
605 624
468 472
467 560
555 602
507 604
583 633
557 608
638 616
767 453
791 440
705 482
646 609
436 539
732 454
558 606
747 416
680 402
788 422
546 455
766 416
604 613
491 439
606 624
490 435
452 560
742 435
488 433
636 618
527 597
479 447
758 423
487 441
446 554
702 428
662 605
579 635
451 494
478 456
449 543
776 449
698 378
685 509
803 450
600 623
654 611
723 427
775 422
484 490
418 539
589 619
746 422
712 406
582 592
694 361
582 614
775 448
473 480
698 385
803 457
535 612
551 615
713 426
483 454
539 402
580 588
807 459
548 615
455 582
574 605
534 758
656 604
524 730
791 436
485 460
693 387
633 607
590 586
706 404
520 443
737 458
444 556
514 596
769 406
736 432
538 611
583 623
497 486
666 410
783 442
550 420
426 545
434 479
702 429
531 613
547 405
506 590
797 434
545 407
815 458
477 480
457 550
480 443
681 407
690 501
480 445
757 402
770 393
664 598
418 529
668 410
814 460
540 739
589 586
533 404
560 605
706 405
473 484
520 601
821 444
544 442
788 443
704 486
811 443
708 410
682 411
597 615
738 456
748 424
458 551
633 604
539 441
681 419
684 481
720 425
476 459
840 460
578 606
522 439
692 387
498 484
700 423
523 731
801 440
757 428
573 583
662 523
477 508
726 431
701 426
678 410
493 564
803 400
527 605
716 419
523 613
520 441
442 567
449 541
542 400
665 605
478 450
787 423
730 433
524 445
773 456
607 622
691 385
766 401
782 406
815 457
683 384
542 613
803 445
733 431
680 400
693 367
632 611
492 440
451 557
491 487
445 573
556 604
829 444
696 370
425 530
694 362
525 607
496 495
743 453
514 699
815 460
649 599
545 458
646 605
495 564
693 479
819 459
430 474
609 607
664 610
538 442
696 487
534 407
824 447
703 429
800 459
820 446
475 476
592 592
513 601
590 619
444 478
508 593
501 440
672 408
650 593
827 442
770 394
473 512
742 433
464 560
684 383
767 450
549 616
606 619
759 427
514 603
712 405
580 614
492 557
422 525
708 484
493 441
800 454
744 453
583 620
778 411
551 602
697 486
558 613
453 546
836 452
544 424
434 539
728 431
591 587
761 401
470 513
590 581
597 614
784 415
601 614
497 571
729 437
631 620
588 580
770 421
520 628
574 590
535 459
522 444
521 733
758 402
766 400
466 471
444 564
500 591
544 613
694 504
755 424
471 553
697 419
557 620
580 594
763 442
455 581
735 426
474 553
642 587
447 569
680 417
731 439
495 563
748 414
466 476
541 414
663 602
457 558
481 471
414 537
827 461
561 602
428 540
833 460
529 442
690 388
779 413
554 618
478 491
501 442
770 447
665 603
526 593
683 420
482 454
599 614
431 540
445 480
414 529
524 607
516 607
687 482
745 428
620 616
530 441
425 521
606 615
427 521
463 475
795 433
710 412
699 384
774 456
681 483
481 510
479 554
451 559
769 450
699 417
744 434
543 438
485 488
757 425
475 479
522 629
684 416
618 615
543 440
707 404
521 454
520 440
709 428
639 617
706 400
559 606
441 477
703 398
539 405
475 559
817 460
486 589
425 522
515 446
480 491
641 480
690 476
532 743
557 610
561 613
710 437
477 449
728 433
436 472
577 603
693 508
528 441
580 616
729 430
445 570
786 416
587 615
548 616
520 627
683 416
470 474
581 632
834 435
756 427
831 448
457 556
739 452
502 589
475 509
455 539
526 457
468 515
525 611
809 461
533 405
544 449
424 529
641 614
690 503
689 378
702 427
574 606
417 538
497 484
810 432
685 389
526 592
580 612
578 595
743 437
689 485
437 555
455 577
686 411
552 602
517 624
663 519
649 600
832 446
541 396
837 458
429 478
634 618
537 458
470 511
474 485
522 451
722 425
826 461
520 430
438 554
541 612
481 540
719 423
448 570
689 411
493 579
602 586
492 488
545 408
539 433
809 447
535 615
519 440
436 541
666 418
546 424
599 613
803 437
429 540
487 454
539 437
512 441
831 462
790 405
535 611
591 630
662 604
778 448
497 497
550 421
440 477
703 406
533 402
516 609
572 598
815 461
484 550
652 604
833 458
736 459
551 451
667 594
492 478
776 455
653 607
485 489
615 615
590 615
600 613
494 441
437 537
743 439
445 552
535 405
513 622
757 401
593 588
534 757
552 444
633 616
824 446
700 370
552 420
703 412
431 469
544 410
632 607
514 607
723 455
818 456
717 422
424 537
748 423
608 624
736 460
642 594
550 615
804 434
481 485
805 456
556 620
530 450
784 408
600 618
483 456
451 570
543 415
699 421
508 567
507 567
471 477
561 604
689 385
630 613
654 597
648 610
789 436
749 448
791 431
526 612
790 422
782 417
420 534
511 595
537 453
421 536
580 609
684 403
507 603
435 465
811 465
442 478
833 457
539 444
804 442
527 598
543 443
714 411
784 405
652 590
696 371
830 459
488 555
768 452
510 596
477 464
630 616
632 620
477 450
672 613
543 442
605 615
446 552
496 588
651 605
600 617
512 603
723 411
576 600
698 468
789 421
592 631
724 425
572 603
694 377
536 441
534 613
801 445
697 381
839 460
753 401
783 401
830 438
696 362
584 627
496 579
771 417
553 602
579 585
720 424
792 434
467 468
543 416
737 456
455 550
698 419
698 376
663 594
683 407
821 457
639 616
790 434
801 446
520 596
698 421
692 503
786 420
442 569
454 557
501 560
660 604
587 579
521 603
696 369
430 477
759 431
685 496
495 488
701 489
655 605
611 620
492 585
623 622
495 495
751 447
469 512
630 603
542 398
504 566
811 444
779 447
638 601
591 580
510 605
446 568
758 400
805 432
517 600
567 598
600 616
491 564
679 407
489 581
533 442
709 401
755 402
830 461
764 449
687 483
475 503
439 483
667 413
663 526
773 411
538 407
800 399
779 417
784 448
459 553
484 560
643 589
469 476
446 479
695 378
689 415
658 596
509 599
734 429
770 448
683 389
761 430
439 471
489 443
807 458
445 486
494 577
755 404
761 431
804 456
608 607
455 576
494 565
809 446
526 610
661 601
673 413
547 448
702 412
537 606
667 412
639 603
783 418
637 606
820 458
538 456
431 467
490 559
493 584
687 385
491 478
695 362
453 572
827 449
470 475
488 587
771 391
691 503
593 619
547 454
441 541
427 530
605 623
560 599
731 435
573 606
699 371
543 414
756 404
541 415
787 447
682 409
544 612
487 550
467 472
417 528
661 594
512 623
574 607
695 364
480 451
443 492
434 540
447 480
802 450
475 486
638 609
822 457
497 488
432 465
443 551
826 452
715 422
735 456
809 448
696 413
522 598
646 606
698 470
624 618
534 405
804 402
492 564
771 413
519 602
783 406
457 559
487 458
545 420
513 430
679 400
546 405
451 556
690 419
748 422
462 579
468 558
552 445
580 589
497 478
613 613
585 627
438 476
693 471
510 592
693 476
504 442
708 400
642 588
766 451
544 608
781 410
748 420
790 441
510 441
439 476
511 596
542 451
452 558
575 583
661 602
750 417
475 512
519 442
636 605
534 759
809 462
521 446
686 385
430 476
694 363
490 556
468 469
527 592
605 611
530 596
641 594
501 571
534 458
581 589
527 458
447 560
529 585
769 393
522 602
547 449
426 544
800 435
673 412
698 399
636 620
727 433
803 435
798 434
442 483
549 446
638 604
761 428
774 408
666 419
423 539
523 604
647 610
543 410
534 442
706 428
719 409
582 607
445 559
648 605
542 413
494 444
704 406
438 480
528 592
808 462
806 450
523 449
677 409
731 429
592 579
500 440
496 488
446 484
685 396
537 457
446 574
602 583
737 460
532 402
759 416
770 409
773 447
750 421
772 406
699 374
520 607
834 434
746 452
485 490
489 442
759 430
591 582
759 401
610 620
611 613
743 447
699 378
427 540
677 514
579 607
667 604
801 434
679 398
479 478
551 442
782 447
760 399
543 451
532 613
795 398
533 593
560 609
691 501
589 585
582 621
636 609
684 482
523 445
686 394
740 449
618 614
836 435
531 597
499 590
528 436
432 463
444 544
690 482
610 613
680 408
444 543
827 443
444 574
487 555
527 613
688 476
691 379
495 578
722 408
414 528
454 572
778 450
600 615
769 417
775 417
666 515
494 488
785 449
548 451
444 541
469 477
481 493
437 469
787 419
721 413
791 430
692 475
537 405
542 415
684 480
427 532
479 558
460 562
586 622
445 488
763 400
772 407
469 475
636 616
639 593
803 441
547 457
707 405
621 618
639 602
560 613
645 590
537 451
654 605
535 617
510 438
503 591
490 557
530 597
431 477
469 481
778 412
497 576
607 618
529 455
522 599
794 400
488 489
602 623
784 402
718 424
427 543
803 402
655 606
687 391
516 595
630 620
705 398
445 578
437 468
479 455
441 539
430 467
790 400
758 403
785 420
761 427
468 473
802 403
607 625
536 451
692 386
690 386
785 410
809 444
495 588
680 380
427 520
519 434
690 381
543 444
522 446
734 432
453 554
445 580
749 420
654 596
439 479
427 551
772 408
569 599
699 470
570 599
743 432
535 454
507 563
547 406
833 441
783 448
459 579
759 419
496 493
667 410
579 637
553 418
550 442
532 442
506 605
455 583
512 425
607 619
489 444
443 562
737 455
648 591
509 598
443 550
593 587
448 493
547 447
768 454
750 422
543 434
743 433
711 411
510 597
595 588
792 438
538 437
544 457
445 489
487 443
524 456
744 454
579 636
456 573
760 427
754 424
679 482
790 442
615 614
447 488
444 554
609 614
641 588
638 603
633 619
496 484
802 457
749 452
500 442
511 598
647 597
478 457
743 441
544 435
415 529
432 469
476 508
738 452
730 439
829 445
483 548
700 487
788 442
529 594
686 389
817 446
479 509
569 596
585 621
800 458
522 595
751 448
462 578
475 488
438 478
524 438
779 397
415 538
750 451
657 595
526 584
536 449
789 402
695 384
799 399
792 391
638 608
582 620
523 447
578 604
444 493
694 505
523 452
809 451
606 620
700 412
808 463
689 368
653 597
508 592
544 456
494 443
771 410
579 634
691 370
546 416
566 603
428 541
586 579
547 612
453 541
834 457
543 439
735 432
653 611
592 588
803 404
513 624
476 462
538 453
681 416
772 401
627 622
467 515
540 398
456 565
735 452
706 485
479 559
703 487
549 407
750 423
634 619
772 455
452 554
509 425
471 558
582 636
523 438
689 380
779 399
745 452
786 445
789 429
534 441
493 443
824 445
612 605
487 489
681 403
706 402
471 512
591 588
493 478
542 412
717 420
466 470
496 443
699 420
700 413
829 459
454 566
665 519
797 398
776 401
692 474
551 601
740 431
687 475
517 598
418 538
564 600
838 462
743 436
540 402
604 615
838 460
445 577
535 606
530 457
538 604
638 606
832 452
467 558
788 429
766 450
681 384
426 523
687 510
544 409
688 411
760 401
585 625
757 404
656 606
512 438
726 427
697 468
456 564
656 590
604 614
544 425
449 560
780 406
477 492
694 508
565 600
773 452
832 440
768 395
666 416
621 615
546 421
743 445
579 606
687 480
663 608
683 394
486 462
582 613
786 402
440 555
703 411
537 604
427 531
513 610
498 557
807 431
751 417
711 436
699 388
833 448
700 388
522 454
511 606
695 418
588 592
539 406
505 442
613 614
428 550
710 436
683 402
583 613
770 420
642 586
809 452
711 423
648 607
777 401
491 477
576 586
601 618
545 405
478 504
457 555
491 489
492 565
749 451
480 453
422 523
478 505
479 557
420 529
547 414
742 441
742 447
692 472
768 451
684 395
517 625
546 404
451 572
637 616
552 405
474 516
745 423
678 411
556 619
430 469
447 554
659 602
699 387
543 425
458 563
507 599
548 611
472 485
631 621
508 600
734 428
829 441
447 493
697 365
597 587
482 554
652 592
752 424
593 592
743 428
473 513
691 508
735 454
698 380
574 603
533 756
426 521
519 433
833 459
424 523
475 508
700 369
524 455
721 431
690 485
726 430
572 602
666 411
829 440
661 524
590 590
521 616
725 427
482 455
607 624
832 450
528 613
593 615
480 480
643 608
689 400
677 420
811 466
574 586
576 604
762 417
776 400
460 561
516 608
747 424
671 408
693 505
696 375
649 471
694 470
478 449
456 580
522 616
700 399
429 527
810 451
425 547
721 408
699 412
681 383
757 405
581 588
700 485
522 603
524 605
538 603
805 455
520 444
578 582
697 413
499 558
682 394
660 601
469 561
801 435
455 566
756 424
609 610
687 507
675 409
759 417
491 434
829 461
666 597
591 590
631 601
496 573
492 586
544 422
539 452
830 440
446 553
518 623
737 454
749 415
491 438
533 614
667 607
646 608
777 421
741 427
476 504
525 457
521 596
765 416
497 485
439 480
552 604
803 403
524 452
431 457
476 510
719 414
481 559
494 489
486 458
686 408
742 434
451 493
462 559
629 613
652 606
537 745
468 513
826 447
680 485
611 429
835 448
690 489
784 419
478 455
786 447
758 431
432 461
835 452
523 599
785 448
664 607
588 615
491 476
786 406
659 521
432 464
557 607
645 592
466 477
791 428
421 540
540 453
435 539
622 622
712 423
472 557
519 623
692 368
483 484
697 467
697 390
430 475
664 602
804 441
473 459
551 443
668 414
521 597
708 407
777 415
716 405
649 610
691 477
768 410
494 478
466 516
791 396
530 595
837 460
708 404
526 442
636 602
581 637
503 590
693 470
632 618
771 409
577 583
792 392
536 614
770 422
833 456
809 442
731 437
564 603
414 540
498 442
525 605
499 560
486 550
754 402
786 407
502 569
493 565
658 605
640 593
771 419
497 572
815 459
780 411
680 382
489 455
833 434
485 550
595 592
738 458
478 490
662 596
775 419
700 371
557 619
809 458
555 603
768 406
655 593
692 471
421 529
588 577
674 413
639 615
701 384
485 559
700 386
714 402
515 626
683 399
650 588
431 481
657 606
583 618
720 429
450 559
806 458
634 604
460 472
548 455
585 630
683 418
482 484
578 584
741 429
701 398
537 452
682 482
456 550
667 596
696 469
496 570
755 427
443 480
782 443
831 461
444 553
591 586
757 423
491 580
527 443
554 619
650 609
527 586
544 438
580 610
513 603
433 477
482 559
458 566
549 421
677 378
517 596
676 514
445 561
743 440
513 425
523 732
646 596
465 559
795 434
614 615
693 372
801 403
606 621
444 566
439 557
618 612
684 389
722 412
447 559
548 407
455 564
447 574
686 386
431 456
496 569
493 432
805 431
667 605
585 626
466 558
790 436
543 403
694 418
453 542
700 411
666 415
468 561
676 420
549 453
695 385
517 623
749 417
653 588
832 441
457 573
825 450
473 511
607 610
478 458
770 419
421 533
669 410
496 491
759 421
653 593
513 608
805 449
532 612
631 604
503 566
442 472
585 628
563 604
716 408
526 440
527 438
678 420
689 369
692 506
693 510
545 442
477 457
727 428
458 555
501 557
649 609
768 407
779 398
710 405
573 582
593 593
781 448
633 613
773 448
498 556
720 422
663 598
682 417
475 485
682 413
684 397
810 466
573 584
699 413
595 587
741 453
781 443
520 434
449 569
636 614
759 400
832 436
830 451
686 510
656 589
581 613
718 414
531 594
500 484
664 594
808 457
488 463
541 445
425 540
478 494
683 488
786 404
488 464
648 611
615 612
524 450
833 442
826 451
718 410
500 441
686 398
777 402
517 610
471 552
476 505
610 606
768 450
803 398
434 465
771 452
686 483
726 429
695 467
704 487
467 474
775 418
769 397
535 614
550 604
543 613
563 601
685 400
658 524
438 540
729 434
643 594
700 385
498 589
809 449
452 566
416 529
721 412
544 419
494 564
574 584
785 409
582 594
463 561
811 460
793 394
539 604
691 510
488 432
513 595
494 442
426 540
682 513
832 438
459 554
484 455
685 474
436 480
700 426
460 474
769 396
510 604
430 480
722 429
528 440
769 404
466 561
666 516
511 431
471 556
493 580
442 481
582 623
445 575
744 431
708 409
547 451
529 452
528 593
831 451
512 426
525 590
590 593
787 402
760 400
590 591
434 480
527 442
806 440
545 406
544 427
682 419
534 410
744 439
535 451
431 468
792 395
524 612
682 514
703 407
487 432
691 416
510 442
759 426
563 603
665 597
735 425
631 603
511 432
687 415
470 481
476 503
477 558
658 525
597 586
514 625
520 625
831 464
524 595
698 386
603 585
633 610
689 382
717 407
659 524
576 585
525 442
534 411
696 385
716 422
439 540
454 558
419 539
452 494
674 409
541 401
453 539
541 444
647 599
775 401
559 613
590 594
800 457
591 592
535 616
710 402
745 439
810 460
831 438
737 461
446 541
440 476
490 582
530 456
453 540
717 423
762 401
692 372
557 606
817 457
478 489
619 616
647 596
545 436
499 591
534 610
667 418
529 597
791 439
723 425
594 617
434 481
742 432
648 599
485 459
513 435
473 556
641 590
589 580
698 372
496 565
792 439
771 451
440 482
577 612
773 410
488 561
500 560
831 441
820 461
666 420
686 401
445 490
514 623
722 454
459 561
542 612
688 474
833 447
440 471
523 617
687 392
525 441
736 458
563 602
528 439
692 370
721 425
589 584
474 459
758 430
523 435
697 469
769 403
545 447
631 608
508 586
748 453
785 402
472 512
483 560
501 484
683 406
508 566
667 593
542 397
580 613
525 440
664 597
498 480
432 541
697 380
791 421
785 421
493 578
650 592
785 408
777 449
804 446
604 624
510 429
519 606
818 446
500 589
471 480
443 542
442 564
780 417
443 548
772 412
549 452
467 478
781 408
684 479
433 459
504 567
723 424
693 384
729 438
448 543
484 536
465 470
689 404
772 409
787 404
445 491
698 370
536 443
552 406
778 417
473 517
762 442
430 539
789 423
698 365
537 736
495 556
521 627
695 470
594 615
757 429
445 564
750 420
697 366
686 382
594 587
736 431
522 615
440 556
578 596
438 475
538 455
635 616
530 454
698 375
649 592
472 508
443 544
566 602
801 450
813 459
575 590
523 446
698 384
525 609
814 457
687 406
628 621
771 392
512 430
543 424
720 414
475 510
662 522
498 443
789 420
488 455
732 435
562 602
520 620
700 434
735 455
414 538
681 516
498 588
573 604
483 558
663 609
720 428
479 450
638 602
743 449
544 412
596 587
448 480
538 609
552 617
678 379
714 408
486 555
807 451
452 564
788 401
770 406
452 556
605 613
436 555
574 598
631 602
449 559
782 448
519 432
504 592
712 401
786 443
547 445
755 428
804 439
494 477
781 407
666 596
511 602
479 454
773 406
507 565
709 403
631 613
742 430
565 603
832 448
535 452
771 390
540 442
485 462
449 553
781 442
788 423
596 584
574 596
715 407
521 613
802 433
733 452
757 403
546 604
579 594
790 433
514 608
476 476
479 479
526 589
545 403
819 461
833 435
803 449
478 502
642 605
480 554
413 528
706 486
520 624
828 449
421 527
550 413
693 418
493 561
531 443
498 558
685 390
450 543
574 600
457 579
541 451
644 594
716 420
574 582
735 453
609 613
691 478
692 373
446 564
702 398
686 383
445 546
650 599
493 577
558 619
693 377
698 367
574 602
457 567
607 617
705 410
681 382
449 539
491 490
680 419
741 449
748 449
478 487
688 415
831 449
796 434
773 419
494 582
523 611
474 514
818 458
511 441
484 555
540 444
607 611
520 733
743 438
509 588
574 599
579 586
618 613
539 459
811 463
429 528
511 608
530 594
566 600
583 624
835 456
463 559
446 481
583 617
794 392
540 399
431 482
667 415
738 453
699 490
534 452
583 627
537 445
539 611
759 402
637 592
543 412
485 589
686 405
543 402
452 544
599 615
523 451
688 485
497 591
575 585
810 442
584 626
452 572
697 368
827 462
665 421
516 596
546 457
690 378
638 592
795 397
659 595
789 430
592 591
535 609
704 407
712 402
537 603
592 618
527 612
722 411
594 588
767 395
556 616
710 404
475 477
522 434
466 514
746 453
544 605
746 451
446 480
477 488
525 729
492 561
678 409
681 380
501 572
559 612
771 420
793 435
479 487
744 444
555 613
510 603
544 426
656 591
779 411
586 615
539 609
642 589
467 470
768 400
779 449
427 529
697 370
543 441
489 561
771 416
513 602
523 615
477 455
496 496
680 482
516 605
479 443
695 413
417 527
647 604
451 558
442 547
478 558
661 599
475 505
586 624
521 447
721 415
596 615
496 578
745 443
434 478
487 442
761 418
507 605
650 587
699 419
791 434
607 621
589 628
687 414
820 457
519 600
433 478
672 412
688 389
422 524
538 608
473 479
691 386
699 375
576 601
678 481
827 450
449 538
420 538
428 476
781 413
788 441
463 560
645 593
692 378
702 423
582 591
495 489
575 602
821 461
478 553
833 446
775 409
497 577
683 383
509 426
776 419
685 383
477 490
501 558
561 609
513 439
430 473
552 451
473 509
544 614
539 434
647 593
703 489
676 409
622 620
544 441
461 579
769 447
809 460
616 611
438 470
675 514
547 611
511 429
443 573
640 603
718 420
464 475
473 504
496 568
452 555
441 547
590 584
680 484
630 615
700 377
545 421
664 605
451 540
521 441
774 448
683 400
506 567
635 605
495 587
728 437
735 428
774 419
562 599
718 407
523 448
835 450
651 606
467 471
427 547
480 441
640 605
484 456
700 414
515 595
803 433
500 486
459 552
779 402
600 585
502 568
765 401
583 636
453 544
602 615
573 592
830 446
516 601
445 543
716 406
800 455
513 437
754 404
769 410
675 513
535 613
490 587
835 453
541 434
532 441
585 636
623 620
805 446
491 436
503 567
734 454
568 599
809 431
839 458
750 414
532 440
470 477
474 451
544 420
426 547
537 746
490 489
517 599
540 737
550 446
728 436
588 576
684 413
703 408
670 592
520 626
508 585
746 423
694 413
545 422
834 448
601 623
698 387
526 588
435 468
621 616
533 613
439 468
683 404
556 603
691 502
784 418
584 613
526 585
510 598
529 613
431 479
421 525
446 487
436 537
793 402
657 592
549 451
543 435
511 621
496 494
699 416
682 388
592 630
650 603
443 570
591 579
455 542
676 379
471 485
692 504
651 598
692 479
493 581
513 604
813 460
836 450
679 408
524 592
581 620
784 406
806 457
685 398
825 447
534 454
828 445
467 467
556 613
681 480
499 559
680 401
775 449
643 597
739 449
738 461
763 450
829 447
695 412
488 462
775 455
432 537
476 458
810 462
642 607
550 450
493 557
729 439
694 419
722 424
523 595
670 409
477 459
567 596
690 505
526 587
429 477
541 400
628 613
525 456
692 419
472 458
771 414
543 430
470 480
767 401
779 401
544 418
536 444
483 555
769 408
666 412
437 480
836 451
706 484
580 615
662 597
609 608
832 454
542 404
541 393
539 460
556 612
651 587
596 592
444 559
521 432
472 558
801 457
452 569
501 483
477 463
513 434
497 487
496 478
632 614
460 471
774 452
648 606
551 420
639 609
649 602
427 542
484 462
483 462
482 462
483 463
481 462
482 463
483 464
480 462
528 605
482 464
483 465
483 466
483 467
484 467
482 467
485 467
481 467
485 468
481 468
481 466
486 468
485 469
480 468
481 469
487 468
484 469
485 470
479 468
543 404
488 468
484 470
479 469
714 407
489 468
488 469
488 467
750 419
489 469
488 470
444 555
446 578
489 470
488 471
466 479
772 447
490 470
488 472
588 614
547 415
490 471
494 763
805 451
741 451
491 471
772 454
510 428
492 471
491 472
439 477
659 523
492 472
491 473
760 417
520 603
491 474
434 466
711 427
491 475
481 470
481 472
481 473
480 472
481 474
479 472
479 473
478 472
479 474
478 471
477 472
477 471
477 473
477 470
476 473
477 469
475 473
476 469
474 473
476 468
474 474
476 467
474 475
473 474
475 467
489 461
490 461
491 461
491 462
491 460
491 459
492 459
491 458
493 459
492 458
491 457
494 459
493 458
492 457
495 459
492 456
495 460
492 455
496 460
495 461
492 454
497 460
492 453
748 415
497 459
493 453
491 453
529 605
497 458
490 453
491 452
782 409
420 535
489 453
490 454
491 451
523 614
767 399
489 452
497 461
498 461
499 461
498 462
499 462
499 460
500 462
500 460
500 463
501 460
500 464
501 459
501 464
501 458
501 465
502 458
501 457
501 466
503 458
491 581
502 466
500 466
533 412
503 457
502 467
500 467
498 585
503 456
503 467
500 468
500 584
499 585
504 456
503 455
504 467
503 468
499 468
500 469
501 585
505 456
504 466
503 469
500 585
500 586
505 455
503 470
500 587
767 409
505 454
504 470
503 471
500 588
721 453
505 453
502 471
762 443
506 453
505 452
721 452
507 453
508 453
509 453
509 454
509 452
509 455
510 452
509 451
510 455
508 455
510 451
511 455
510 456
511 451
510 450
512 455
510 457
512 451
837 435
510 449
716 421
510 458
509 449
509 458
510 459
508 449
509 459
511 459
507 449
512 459
511 460
507 448
513 459
512 460
512 458
511 461
506 448
513 460
511 462
505 448
514 460
512 462
510 462
505 449
505 447
515 460
512 463
510 463
505 446
515 459
513 463
506 446
504 446
516 459
507 446
506 445
503 446
504 445
517 459
516 458
507 445
506 444
503 445
516 457
508 445
502 445
516 456
509 445
502 444
517 456
515 456
509 444
501 444
502 443
518 456
514 456
510 444
509 443
502 442
519 456
518 457
514 457
465 479
464 479
463 479
462 479
461 479
462 480
460 479
461 480
461 478
459 479
460 478
461 481
461 477
458 479
460 481
461 482
457 479
458 478
461 483
457 480
457 478
458 477
462 483
456 480
457 477
462 484
455 480
462 485
454 480
463 485
461 485
453 480
454 479
464 485
460 485
454 478
465 485
464 486
464 484
459 485
453 478
454 477
464 487
464 483
458 485
465 487
463 487
464 488
465 483
464 482
457 485
458 484
465 488
463 488
464 489
466 483
465 482
463 482
456 485
457 484
458 483
465 489
462 488
463 489
464 490
455 485
456 486
458 482
466 489
465 490
461 488
462 489
463 490
456 487
457 482
458 481
465 491
461 489
457 487
455 487
466 491
465 492
460 489
461 490
457 488
467 491
464 492
459 489
458 488
467 490
464 493
458 489
468 490
458 490
457 490
456 490
455 490
455 491
455 492
455 493
454 493
454 494
453 494
454 495
683 403
455 495
454 496
514 447
515 447
456 495
455 496
473 458
454 497
515 448
456 496
456 494
454 498
514 449
453 498
515 449
453 499
516 449
453 500
516 450
454 500
517 450
518 450
455 500
519 450
521 449
456 500
455 501
455 499
519 451
457 500
455 502
521 450
520 451
457 501
456 502
454 502
521 451
712 436
710 434
456 503
454 503
685 495
678 514
457 503
456 504
453 503
677 513
673 515
458 503
457 504
456 505
711 434
457 505
710 433
685 494
458 505
679 514
678 515
458 506
673 516
710 432
684 494
458 507
685 493
459 507
679 515
459 508
679 513
460 508
678 516
460 509
672 516
460 510
673 517
711 432
709 432
459 510
683 494
686 493
458 510
680 513
678 517
458 511
671 516
457 511
458 512
674 517
457 512
459 512
458 513
709 431
682 494
456 512
458 514
683 495
455 512
459 514
683 493
454 512
459 515
687 493
454 511
460 515
459 516
686 492
680 512
678 518
453 511
454 510
461 515
460 516
670 516
709 430
683 492
452 511
454 509
461 514
460 517
688 493
686 491
681 512
452 512
462 514
460 518
680 511
679 518
451 512
463 514
459 518
670 515
710 430
708 430
682 492
451 513
463 513
458 518
686 490
682 512
681 511
450 513
451 514
464 513
457 518
680 518
549 420
669 515
711 430
451 515
504 460
464 512
456 518
710 429
683 512
668 607
667 608
450 515
504 461
464 511
455 518
456 519
680 517
668 515
712 430
710 428
450 516
505 461
507 461
463 511
464 510
456 520
687 489
684 512
669 603
681 517
668 516
713 430
449 516
506 461
506 460
465 510
464 509
455 520
456 521
712 431
711 428
669 607
688 489
507 459
465 509
464 508
497 585
456 522
687 488
685 512
668 608
667 516
668 517
506 459
505 459
506 458
466 509
455 522
456 523
668 606
670 603
689 489
686 488
687 487
670 607
668 609
505 458
504 458
762 444
454 522
455 523
456 524
670 604
711 426
707 428
671 607
669 609
721 451
761 444
723 450
453 522
457 524
456 525
670 605
665 516
670 609
669 610
710 426
722 451
761 445
452 522
453 523
458 524
456 526
670 610
669 611
670 611
685 487
723 451
760 445
725 450
452 523
458 525
456 527
669 612
671 611
665 517
666 514
669 613
671 612
724 451
725 451
459 525
455 527
456 528
706 427
691 488
671 613
685 486
834 456
759 444
460 525
454 527
456 529
686 509
665 518
665 514
713 425
706 426
692 488
726 451
758 444
460 526
453 527
454 528
454 526
457 529
687 511
687 509
686 508
664 518
726 452
757 442
461 526
452 527
454 529
652 470
664 514
757 444
727 452
755 441
462 526
461 527
714 425
705 426
757 443
727 453
729 453
461 528
693 488
755 442
756 443
728 453
727 458
462 528
461 529
692 487
687 512
754 442
463 528
460 529
461 530
688 509
651 472
755 443
463 529
459 529
460 530
461 531
663 514
714 424
757 449
464 529
463 530
459 530
460 531
704 426
694 488
692 486
728 454
727 455
460 532
689 509
688 508
652 471
663 515
714 423
703 426
728 458
727 457
459 532
695 488
694 489
691 486
692 485
754 443
756 449
458 532
459 533
690 509
688 507
651 471
713 423
728 455
728 457
459 534
714 422
702 426
696 488
752 442
753 443
458 534
459 535
695 489
690 486
755 449
728 456
752 443
458 535
460 535
459 536
754 449
730 457
729 456
751 443
461 535
754 448
755 447
730 456
462 535
751 444
754 447
730 455
462 534
739 462
463 534
740 461
464 534
751 445
753 447
464 535
730 454
465 535
739 461
466 535
751 446
752 447
467 535
466 536
466 534
731 454
468 535
467 534
466 537
735 462
469 535
468 536
467 533
470 535
469 534
468 537
467 532
470 536
470 534
470 537
470 538
470 539
471 539
470 540
471 540
472 540
473 540
472 541
472 542
471 542
472 543
472 544
473 544
474 544
473 545
474 545
474 543
475 545
475 543
474 542
475 546
476 543
476 546
475 547
476 542
475 548
477 542
612 433
478 542
479 542
480 542
481 542
482 542
481 543
481 541
483 542
481 544
637 591
484 542
483 541
482 544
480 544
485 542
484 543
483 540
484 544
484 540
485 544
484 545
484 539
486 544
483 545
485 539
484 538
486 545
483 546
486 539
484 537
483 547
486 540
485 537
552 442
553 442
552 441
554 442
552 440
555 442
553 440
551 440
554 440
550 440
554 439
550 439
555 439
556 439
555 438
557 439
556 438
558 439
559 439
558 438
559 440
559 438
560 438
561 438
562 438
561 437
563 438
561 436
564 438
560 436
565 438
565 437
566 437
565 436
567 437
566 436
567 438
566 435
567 439
567 435
566 434
566 439
565 434
566 433
564 434
565 433
567 433
564 433
568 433
567 432
564 432
568 432
567 431
564 431
568 431
566 431
569 431
566 430
570 431
571 431
572 431
571 432
573 431
572 432
571 433
574 431
573 432
572 433
571 434
574 430
571 435
575 430
572 435
571 436
573 435
570 436
571 437
573 436
569 436
574 436
575 436
575 437
575 435
575 438
575 439
576 439
575 440
577 439
576 440
574 440
575 441
578 439
577 440
577 438
573 440
578 440
578 438
578 441
578 437
579 441
578 442
580 441
580 440
581 440
581 439
582 439
581 438
583 439
581 437
584 439
583 440
584 438
585 438
585 437
586 437
585 436
587 437
585 435
587 438
587 436
585 434
588 438
588 436
585 433
589 438
588 439
586 433
589 437
588 440
587 433
590 437
588 441
587 432
587 431
588 431
586 431
589 431
588 430
586 430
589 430
585 430
590 430
591 430
591 431
591 429
592 431
592 429
591 428
593 431
592 428
594 431
593 432
595 431
594 432
593 433
596 431
595 432
597 431
596 432
598 431
597 430
599 431
600 431
601 431
600 432
602 431
600 433
603 431
602 432
601 433
600 434
604 431
603 430
601 434
605 431
604 432
602 434
606 431
604 433
607 431
606 432
605 433
604 434
608 431
605 434
604 435
609 431
608 432
605 435
603 435
610 431
603 436
611 431
610 432
602 436
603 437
612 431
610 433
603 438
613 431
611 433
603 439
614 431
613 430
611 434
604 439
603 440
615 431
613 429
612 434
611 435
605 439
604 440
602 440
615 432
612 429
613 428
606 439
602 441
724 455
612 428
613 427
606 440
613 426
607 440
614 426
613 425
608 440
607 441
615 426
613 424
609 440
608 441
608 439
607 442
616 426
613 423
609 439
608 442
608 438
606 442
617 426
612 423
606 443
618 426
611 423
605 443
619 426
618 425
611 422
604 443
618 424
610 422
603 443
617 424
618 423
609 422
603 444
616 424
618 422
608 422
609 421
603 445
619 422
607 422
608 423
608 421
603 446
620 422
619 421
606 422
608 424
608 420
603 447
621 422
605 422
608 419
604 447
602 447
622 422
604 422
605 421
608 418
605 447
602 448
622 423
622 421
605 420
608 417
606 447
605 448
601 448
602 449
623 423
605 419
609 417
606 448
600 448
602 450
624 423
604 419
606 449
599 448
603 450
602 451
624 424
604 418
607 449
599 449
599 447
603 451
625 424
624 425
603 418
604 417
608 449
599 450
603 452
626 424
625 425
602 418
605 417
608 450
600 450
598 450
604 452
626 423
625 426
601 418
605 416
608 451
598 451
604 453
626 422
626 426
625 427
601 419
601 417
605 415
609 451
598 452
626 421
626 427
625 428
600 419
604 415
605 414
599 452
597 452
627 427
625 429
605 413
599 453
596 452
628 427
626 429
624 429
604 413
599 454
596 453
627 429
623 429
604 412
598 454
599 455
595 453
628 429
622 429
603 412
600 455
599 456
595 454
628 430
621 429
603 411
598 456
594 454
629 430
621 428
603 410
598 457
593 454
594 455
630 430
620 428
602 410
593 453
594 456
630 431
630 429
601 410
602 409
592 453
595 456
631 431
630 432
631 429
600 410
601 409
602 408
591 453
595 457
632 431
629 432
630 433
631 428
602 407
590 453
633 431
632 432
628 432
630 434
632 428
603 407
601 407
602 406
590 454
633 432
633 430
628 433
631 434
632 427
602 405
590 455
627 433
628 434
631 435
633 427
603 405
590 456
626 433
631 436
634 427
603 404
590 457
632 436
630 436
634 426
604 404
589 457
633 436
632 437
634 425
605 404
589 458
634 436
633 437
632 438
635 425
634 424
606 404
588 458
589 459
634 435
632 439
633 424
607 404
606 405
589 460
635 435
633 439
633 423
607 405
606 406
590 460
589 461
636 435
635 434
634 439
632 423
588 461
589 462
637 435
636 434
634 440
634 438
587 461
588 462
637 436
636 433
588 463
638 436
637 437
636 432
588 464
639 436
638 437
637 438
636 431
587 464
588 465
639 437
639 435
638 438
587 465
589 465
588 466
640 435
638 439
586 465
588 467
641 435
638 440
587 467
588 468
641 436
639 440
588 469
639 441
587 469
588 470
640 441
639 442
588 471
641 441
638 442
589 471
587 471
642 441
638 443
590 471
586 471
642 442
642 440
637 443
590 472
590 470
585 471
586 472
643 440
636 443
591 472
591 470
585 470
586 473
644 440
636 444
592 472
591 469
585 473
645 440
644 441
636 445
593 472
592 473
645 439
644 442
635 445
594 472
593 471
646 439
645 438
645 442
644 443
634 445
635 446
595 472
593 470
647 439
644 438
645 443
643 443
634 444
635 447
596 472
595 473
595 471
648 439
645 444
635 448
597 472
596 471
595 474
595 470
649 439
646 444
645 445
636 448
635 449
598 472
597 471
595 475
649 440
645 446
637 448
635 450
597 470
594 475
595 476
644 446
645 447
637 449
637 447
636 450
598 470
597 469
593 475
596 476
646 447
636 451
597 468
592 475
593 474
597 476
647 447
646 448
636 452
598 468
596 468
597 467
591 475
597 477
648 447
646 449
637 452
635 452
636 453
598 467
596 467
590 475
598 477
597 478
649 447
648 448
648 446
645 449
638 452
635 453
599 467
595 467
596 466
599 477
597 479
648 449
645 450
638 451
634 453
600 467
595 466
600 477
599 476
596 479
597 480
648 450
645 451
634 454
601 467
595 465
600 478
600 476
599 475
596 480
597 481
647 450
645 452
633 454
634 455
595 464
601 478
600 479
597 482
647 451
645 453
634 456
596 464
594 464
602 478
597 483
644 453
645 454
635 456
633 456
597 464
596 463
603 478
597 484
643 453
646 454
645 455
636 456
632 456
633 457
598 464
597 465
596 462
604 478
598 484
596 484
642 453
643 454
645 456
633 458
599 464
598 465
604 479
604 477
599 484
596 485
642 452
645 457
632 458
604 480
605 477
600 484
599 485
596 486
645 458
632 459
605 480
603 480
606 477
605 476
600 483
596 487
645 459
632 460
606 480
605 481
602 480
603 481
605 475
597 487
595 487
646 459
645 460
633 460
632 461
607 480
602 481
606 475
604 475
595 488
647 459
645 461
633 461
632 462
608 480
601 481
607 475
595 489
644 461
645 462
634 461
633 462
631 462
632 463
609 480
608 481
608 475
594 489
595 490
645 463
635 461
634 462
630 462
632 464
608 482
609 475
594 490
596 490
646 463
645 464
636 461
630 461
631 464
632 465
609 474
596 491
647 463
630 460
632 466
610 474
609 473
596 492
648 463
647 464
629 460
608 473
596 493
649 463
648 462
647 465
629 459
597 493
596 494
650 463
649 464
649 462
646 465
629 458
598 493
596 495
650 464
650 462
649 465
649 461
646 466
598 492
596 496
651 464
650 461
649 460
645 466
646 467
599 492
595 496
652 464
651 461
650 460
646 468
600 492
594 496
652 465
652 463
650 459
647 468
645 468
646 469
601 492
600 493
593 496
650 458
648 468
646 470
601 493
601 491
592 496
593 497
650 457
541 391
646 471
602 491
591 496
593 498
650 456
531 401
645 471
602 490
591 495
593 499
649 456
650 455
539 752
538 753
644 471
645 472
603 490
602 489
590 495
651 455
539 748
643 471
645 473
604 490
601 489
589 495
652 455
651 454
537 748
642 471
646 473
644 473
604 491
604 489
600 489
588 495
652 456
651 453
535 756
647 473
643 473
605 491
588 496
588 494
653 456
652 453
473 506
473 505
648 473
647 472
642 473
643 474
606 491
587 496
588 497
587 494
588 493
654 456
653 457
653 453
652 452
474 505
648 474
641 473
606 492
586 496
587 497
589 497
586 494
589 493
655 456
654 453
653 452
648 475
640 473
641 474
606 493
585 496
589 498
585 494
586 493
590 493
589 492
656 456
655 455
655 453
653 451
649 475
648 476
639 473
640 474
640 472
641 475
607 493
606 494
584 496
589 499
584 494
656 455
656 453
654 451
653 450
650 475
648 477
638 473
641 476
607 494
605 494
606 495
590 499
588 499
589 500
584 493
656 454
657 453
654 450
652 450
653 449
650 476
650 474
648 478
637 473
638 474
638 472
642 476
608 494
591 499
588 500
589 501
584 492
658 453
657 452
651 450
653 448
651 474
649 478
647 478
636 473
637 472
609 494
589 502
585 492
583 492
659 453
653 447
652 474
650 478
647 479
635 473
637 471
610 494
609 495
589 503
582 492
583 491
660 453
659 452
654 447
653 446
653 474
652 475
651 478
646 479
634 473
635 474
611 494
610 493
609 496
589 504
581 492
660 454
654 446
653 445
654 474
651 477
645 479
633 473
609 497
588 504
589 505
580 492
661 454
654 445
652 445
655 474
644 479
645 480
633 472
610 497
588 505
590 505
579 492
662 454
655 445
652 444
656 474
655 473
643 479
644 480
644 478
645 481
632 472
633 471
611 497
588 506
590 506
578 492
663 454
662 455
657 474
656 475
656 473
655 472
642 479
643 480
644 477
645 482
631 472
612 497
591 506
577 492
663 453
662 456
657 473
654 472
641 479
643 481
646 482
645 483
630 472
631 471
613 497
592 506
591 507
576 492
577 491
664 453
663 456
661 456
662 457
658 473
642 481
647 482
646 483
645 484
629 472
630 473
631 470
614 497
613 496
592 507
591 508
575 492
576 491
577 490
665 453
664 452
664 456
663 457
661 457
658 472
641 481
648 482
646 484
644 484
629 473
615 497
591 509
574 492
578 490
665 452
664 451
664 457
660 457
659 472
658 471
649 482
647 484
644 485
629 474
615 498
615 496
590 509
591 510
573 492
579 490
666 452
665 451
664 450
665 457
664 458
660 458
660 472
658 470
650 482
648 484
647 485
628 474
616 498
615 499
615 495
589 509
590 510
592 510
573 493
580 490
579 489
666 451
660 459
661 472
658 469
627 474
615 494
589 510
589 508
573 494
580 489
666 450
661 459
659 459
660 460
662 472
659 469
657 469
626 474
616 494
615 493
588 510
589 511
572 494
667 450
666 449
662 459
658 459
662 473
660 469
656 469
625 474
626 473
587 510
589 512
572 495
667 449
657 459
658 460
663 473
661 469
655 469
656 470
625 475
625 473
587 509
572 496
668 449
656 459
658 461
664 473
663 474
662 469
661 468
654 469
625 476
624 473
625 472
586 509
587 508
573 496
571 496
572 497
669 449
668 448
655 459
656 460
658 462
665 473
663 475
662 468
661 467
654 468
624 476
625 477
623 473
585 509
586 508
574 496
572 498
669 450
669 448
654 459
655 458
659 462
666 473
661 466
654 467
623 476
625 478
585 510
574 497
574 495
573 498
571 498
572 499
670 450
669 447
666 474
666 472
662 466
660 466
653 467
625 479
584 510
574 498
570 498
571 499
670 451
667 474
666 475
667 472
662 465
659 466
660 465
653 466
626 479
624 479
583 510
575 498
570 499
570 497
671 451
665 475
668 472
667 471
660 464
626 480
623 479
583 511
583 509
570 500
672 451
668 473
667 470
626 481
623 480
583 512
582 509
569 500
570 501
672 450
668 470
666 470
627 481
622 480
583 513
581 509
582 508
568 500
673 450
672 449
669 470
668 469
628 481
621 480
584 513
583 514
580 509
582 507
567 500
568 499
674 450
673 449
672 448
670 470
669 471
669 469
668 468
628 482
579 509
582 506
566 500
674 451
673 448
671 470
670 471
669 468
629 482
628 483
578 509
579 508
583 506
582 505
565 500
674 448
672 470
671 469
630 482
628 484
577 509
582 504
565 501
565 499
675 448
673 470
672 469
671 468
630 483
629 484
627 484
576 509
577 510
581 504
582 503
565 502
565 498
676 448
675 449
673 471
673 469
671 467
629 485
626 484
627 485
576 510
577 511
580 504
583 503
565 503
564 498
677 448
676 447
673 472
674 469
630 485
629 486
625 484
626 485
626 483
575 510
578 511
577 512
580 505
583 502
566 503
564 503
678 448
677 449
674 472
673 473
674 468
629 487
576 512
579 505
584 502
563 503
679 448
677 450
672 473
674 467
630 487
628 487
575 512
584 501
562 503
563 502
679 449
679 447
672 474
631 487
628 488
574 512
562 502
679 446
672 475
632 487
628 489
574 513
574 511
561 502
679 445
673 475
672 476
633 487
629 489
628 490
574 514
560 502
678 445
673 476
672 477
634 487
630 489
629 490
628 491
574 515
559 502
560 503
677 445
674 476
671 477
635 487
634 486
629 491
627 491
574 516
558 502
676 445
671 478
635 488
635 486
634 485
626 491
627 492
575 516
573 516
574 517
557 502
558 503
676 444
671 479
636 488
635 489
636 486
634 484
625 491
626 492
627 493
575 517
574 518
557 503
557 501
676 443
672 479
670 479
635 490
636 485
624 491
626 493
628 493
627 494
575 518
574 519
557 504
556 501
557 500
677 443
673 479
669 479
670 480
636 490
635 491
637 485
636 484
623 491
624 490
625 493
576 518
575 519
573 519
574 520
555 501
558 500
557 499
678 443
674 479
673 480
669 478
670 481
637 490
636 491
638 485
623 490
625 494
576 519
574 521
555 502
558 499
557 498
678 442
674 480
673 481
668 478
670 482
638 490
637 489
639 485
638 486
638 484
623 489
624 494
625 495
577 519
573 521
555 503
558 498
556 498
557 497
678 441
675 480
673 482
667 478
669 482
639 490
639 486
639 484
578 519
573 522
554 503
557 496
679 441
676 480
675 481
674 482
673 483
666 478
668 482
640 490
640 484
578 520
572 522
553 503
558 496
557 495
680 441
676 479
675 482
673 484
666 479
666 477
667 482
668 481
640 491
578 521
571 522
572 523
558 495
557 494
680 442
680 440
665 477
667 483
640 492
570 522
572 524
556 494
557 493
681 442
680 439
666 483
667 484
640 493
569 522
555 494
558 493
682 442
681 439
665 483
667 485
641 493
639 493
640 494
568 522
554 494
559 493
683 442
682 439
681 438
664 483
665 484
665 482
668 485
666 485
641 494
640 495
567 522
553 494
559 494
684 442
683 443
682 440
682 438
663 483
664 484
669 485
666 486
642 494
641 495
566 522
567 523
552 494
685 442
663 484
663 482
664 485
670 485
666 487
642 495
551 494
686 442
685 441
662 482
664 486
670 486
667 487
665 487
643 495
551 495
687 442
686 443
661 482
662 481
663 486
670 487
668 487
665 488
643 496
550 495
686 444
660 482
662 486
671 487
670 488
643 497
687 444
686 445
659 482
662 485
672 487
642 497
688 444
686 446
658 482
659 483
659 481
661 485
672 488
672 486
641 497
642 498
689 444
688 443
686 447
657 482
659 480
672 489
673 486
640 497
642 499
690 444
685 447
656 482
658 480
673 489
672 490
639 497
643 499
641 499
690 443
684 447
656 481
657 480
674 489
638 497
644 499
643 500
640 499
690 442
683 447
674 490
638 498
644 498
691 442
682 447
683 448
674 491
637 498
645 498
692 442
691 441
681 447
683 449
675 491
673 491
674 492
636 498
692 443
681 446
682 449
683 450
674 493
635 498
636 497
693 443
692 444
684 450
683 451
674 494
635 499
694 443
693 444
692 445
683 452
675 494
673 494
634 499
635 500
694 442
691 445
692 446
684 452
682 452
676 494
673 495
633 499
635 501
694 441
691 446
693 446
681 452
673 496
632 499
634 501
635 502
694 440
690 446
691 447
694 446
681 453
674 496
673 497
631 499
636 502
694 439
689 446
690 447
695 446
681 454
672 497
630 499
637 502
694 438
688 446
690 448
696 446
681 455
672 498
629 499
650 525
693 438
697 446
682 455
671 498
628 499
629 500
629 498
653 527
652 524
692 438
698 446
683 455
671 499
629 497
651 525
692 437
698 445
684 455
671 500
630 497
628 497
660 529
653 526
691 437
699 445
685 455
684 456
684 454
671 501
627 497
652 525
660 528
690 437
691 436
699 444
685 454
684 457
672 501
653 525
660 527
699 443
685 457
684 458
673 501
654 525
659 527
700 443
699 442
686 457
683 458
674 501
673 500
656 524
655 525
701 443
698 442
699 441
687 457
686 458
682 458
683 459
675 501
674 500
658 527
702 443
701 444
697 442
700 441
687 458
687 456
681 458
682 459
676 501
675 502
674 499
656 525
703 443
696 442
697 441
687 459
688 456
680 458
681 457
677 501
675 499
704 443
703 442
696 443
697 440
688 459
688 455
679 458
680 459
677 502
676 499
675 498
704 444
704 442
703 441
688 460
678 458
679 457
680 460
678 502
677 503
676 498
705 444
705 442
702 441
688 461
677 458
679 502
677 504
677 498
676 497
706 442
702 440
688 462
676 458
680 502
679 503
676 504
677 497
706 443
706 441
702 439
689 462
687 462
675 458
681 502
675 504
678 497
707 443
701 439
689 463
686 462
682 502
674 504
675 505
679 497
678 496
708 443
700 439
689 464
686 461
683 502
674 505
675 506
680 497
708 442
700 438
689 465
685 461
683 503
683 501
676 506
675 507
680 498
680 496
708 441
699 438
688 465
684 461
683 504
684 501
675 508
681 498
681 496
680 495
708 440
699 437
687 465
683 461
684 504
682 504
685 501
684 500
675 509
682 496
709 440
699 436
687 464
682 461
684 505
686 501
685 502
676 509
675 510
710 440
700 436
699 435
686 464
687 501
686 500
685 503
677 509
676 510
675 511
711 440
710 439
701 436
700 435
685 464
687 500
686 499
675 512
710 438
702 436
522 630
522 631
522 632
523 632
521 632
523 633
520 632
521 633
524 633
523 634
520 633
525 633
524 634
522 634
523 635
525 634
525 632
523 636
526 634
526 632
524 636
526 631
524 637
526 630
524 638
523 638
524 639
525 639
524 640
525 640
524 641
526 640
523 641
524 642
522 641
525 642
524 643
522 640
523 643
524 644
521 640
522 643
524 645
521 639
521 643
523 645
524 646
521 642
525 646
524 647
526 646
525 647
525 648
525 649
525 650
525 651
526 651
525 652
525 653
526 653
525 654
524 654
525 655
523 654
525 656
522 654
524 656
525 657
521 654
522 653
526 657
525 658
520 654
522 652
525 659
519 654
526 659
525 660
527 659
525 661
528 659
525 662
529 659
524 662
525 663
530 659
523 662
524 663
525 664
531 659
530 658
523 663
523 661
524 664
525 665
531 660
522 661
525 666
532 660
522 660
524 666
525 667
533 660
521 660
522 659
523 666
525 668
534 660
533 661
520 660
521 659
526 668
524 668
525 669
534 659
520 661
526 669
524 669
525 670
534 658
519 661
527 669
523 669
525 671
535 658
533 658
534 657
518 661
527 670
522 669
536 658
533 657
534 656
518 662
528 670
522 670
522 668
537 658
532 657
517 662
529 670
528 671
521 670
522 671
521 668
532 656
516 662
530 670
529 671
528 672
520 670
516 663
516 661
531 670
529 672
520 671
515 663
516 660
531 671
529 673
519 671
514 663
516 659
531 672
529 674
519 672
513 663
517 659
531 673
530 674
528 674
519 673
518 659
517 658
532 673
531 674
530 675
519 674
517 657
533 673
530 676
520 674
517 656
534 673
530 677
521 674
520 675
517 655
535 673
534 672
530 678
521 675
520 676
518 655
517 654
535 674
534 671
531 678
529 678
516 654
536 674
534 670
528 678
529 679
515 654
537 674
534 669
528 679
515 655
515 653
538 674
537 675
534 668
527 679
514 655
515 656
515 652
538 673
537 676
535 668
533 668
526 679
514 656
514 652
515 651
538 672
536 676
537 677
536 668
532 668
525 679
526 680
513 656
513 652
515 650
538 671
535 676
537 678
532 667
525 678
526 681
513 657
514 650
515 649
534 676
538 678
525 677
526 682
513 658
513 650
516 649
515 648
533 676
534 677
539 678
538 679
526 677
526 683
512 650
513 649
514 648
540 678
539 679
539 677
525 683
511 650
512 649
541 678
540 677
539 680
539 676
525 684
510 650
512 648
542 678
540 680
524 684
525 685
510 651
510 649
512 647
543 678
542 677
540 681
526 685
525 686
511 647
544 678
540 682
527 685
526 686
524 686
510 647
545 678
541 682
540 683
528 685
526 687
523 686
524 687
510 646
546 678
545 679
540 684
529 685
524 688
546 679
546 677
540 685
529 684
525 688
524 689
546 680
547 677
539 685
529 683
525 689
523 689
547 680
546 681
548 677
538 685
523 690
548 680
547 681
545 681
548 676
538 686
522 690
548 681
548 679
544 681
545 682
538 687
521 690
522 691
548 682
544 680
545 683
538 688
521 689
522 692
548 683
544 683
545 684
539 688
521 688
523 692
522 693
549 683
545 685
540 688
539 689
520 688
522 694
550 683
549 684
545 686
519 688
522 695
551 683
550 684
544 686
519 689
519 687
521 695
522 696
552 683
550 685
543 686
544 687
518 689
518 687
519 686
520 695
521 696
523 696
553 683
552 684
542 686
544 688
517 689
519 685
520 696
524 696
554 683
541 686
545 688
516 689
517 690
518 685
519 684
519 696
525 696
554 682
545 689
516 688
517 691
518 684
519 683
519 697
525 697
554 681
546 689
517 692
517 684
518 697
526 697
555 681
553 681
546 690
517 693
516 684
526 698
556 681
553 680
547 690
516 693
516 685
516 683
527 698
526 699
557 681
515 693
515 683
527 699
515 694
514 683
527 700
514 694
515 695
514 684
514 682
528 700
527 701
513 694
515 696
514 685
514 681
529 700
528 701
526 701
515 697
513 685
515 681
530 700
526 702
514 697
512 685
515 680
531 700
530 701
525 702
514 698
511 685
515 679
532 700
530 702
524 702
513 698
514 679
515 678
532 701
532 699
531 702
524 701
512 698
515 677
533 699
531 703
523 701
512 699
512 697
514 677
515 676
533 698
531 704
522 701
523 700
512 700
513 677
514 676
515 675
532 704
531 705
521 701
522 702
523 699
511 700
512 701
512 677
513 676
514 675
516 675
515 674
533 704
530 705
522 703
510 700
512 702
511 677
582 638
514 674
517 675
516 674
515 673
534 704
529 705
521 703
509 700
513 702
511 702
510 677
511 678
511 676
518 675
516 673
535 704
528 705
508 700
514 702
510 702
509 677
511 675
516 672
535 705
528 706
528 704
508 701
508 699
515 702
514 701
508 677
509 678
527 706
528 707
507 701
507 699
516 702
515 703
515 701
507 677
508 676
509 679
526 706
529 707
528 708
507 702
507 698
517 702
506 677
507 676
508 675
510 679
508 679
525 706
526 705
530 707
529 708
527 708
506 702
517 703
517 701
505 677
506 676
507 675
509 675
524 706
531 707
530 708
526 708
505 702
518 703
517 700
505 678
509 674
523 706
524 707
532 707
530 709
526 709
505 701
519 703
517 699
505 679
530 710
525 709
504 701
519 702
516 699
504 679
505 680
531 710
530 711
524 709
503 701
504 700
515 699
503 679
504 680
532 710
529 711
530 712
524 710
502 701
504 699
503 678
528 711
530 713
524 711
503 699
502 678
503 677
527 711
531 713
523 711
502 699
526 711
532 713
531 714
522 711
523 712
501 699
502 698
526 712
532 714
523 713
500 699
501 698
502 697
526 713
532 715
524 713
499 699
503 697
527 713
532 716
524 714
498 699
499 698
504 697
527 714
531 716
497 699
499 697
505 697
527 715
531 717
497 700
500 697
498 697
505 698
505 696
526 715
530 717
531 718
496 700
500 696
506 696
526 716
529 717
531 719
496 701
507 696
526 717
530 719
531 720
496 702
508 696
525 717
526 718
531 721
495 702
496 703
508 695
525 718
530 721
531 722
494 702
497 703
509 695
529 721
531 723
493 702
494 701
498 703
509 694
529 722
532 723
530 723
531 724
493 703
499 703
510 694
528 722
533 723
532 724
530 724
493 704
499 704
499 702
511 694
527 722
533 722
532 725
529 724
492 704
493 705
500 704
500 702
511 695
526 722
527 723
534 722
533 725
493 706
501 704
500 705
525 722
527 724
534 725
533 726
492 706
493 707
501 705
500 706
527 725
534 726
533 727
500 707
527 726
535 726
501 707
500 708
528 726
536 726
502 707
501 708
528 727
536 727
536 725
501 709
528 728
536 728
502 709
527 728
537 728
536 729
503 709
526 728
527 729
536 730
503 710
526 727
527 730
537 730
535 730
503 711
525 727
537 731
535 731
504 711
502 711
538 731
534 731
505 711
501 711
539 731
533 731
506 711
500 711
540 731
507 711
506 712
500 712
541 731
540 730
508 711
507 712
499 712
500 713
542 731
541 730
540 729
509 711
507 713
501 713
500 714
543 731
540 728
509 710
499 714
544 731
543 732
510 710
498 714
545 731
544 730
543 733
511 710
498 715
546 731
545 730
544 729
544 733
511 711
511 709
497 715
498 716
546 732
545 729
544 734
512 709
511 708
496 715
547 732
512 708
510 708
495 715
496 714
548 732
513 708
509 708
494 715
496 713
548 733
548 731
514 708
509 707
494 716
497 713
548 734
515 708
514 707
509 706
549 734
516 708
515 709
515 707
509 705
550 734
509 704
551 734
510 704
551 735
551 733
551 736
551 732
552 736
550 732
553 736
554 736
554 737
554 735
554 738
555 738
553 738
556 738
552 738
553 739
557 738
552 739
553 740
558 738
557 737
552 740
552 741
551 741
552 742
550 741
552 743
550 740
551 743
552 744
549 740
553 744
548 740
549 739
554 744
548 741
548 739
549 738
554 745
554 743
547 741
555 745
554 746
555 743
554 747
556 743
555 747
554 748
557 743
556 744
553 748
554 749
558 743
552 748
553 749
558 744
558 742
552 749
553 750
559 744
558 745
558 741
551 749
552 750
553 751
560 744
557 745
557 741
550 749
554 751
553 752
560 745
560 743
557 746
557 740
550 750
550 748
552 752
561 745
551 752
552 753
562 745
550 752
552 754
562 746
562 744
549 752
551 754
552 755
562 747
562 743
548 752
553 755
552 756
562 748
547 752
553 756
552 757
563 748
561 748
562 749
546 752
547 753
551 757
552 758
564 748
561 749
562 750
545 752
550 757
552 759
565 748
564 747
562 751
545 753
545 751
550 758
551 759
552 760
565 749
565 747
549 758
550 759
551 760
553 760
565 750
566 747
550 760
554 760
566 750
567 747
566 746
549 760
555 760
554 761
567 750
566 745
549 761
556 760
555 759
554 762
568 750
565 745
566 744
549 762
554 763
569 750
566 743
549 763
555 763
569 751
569 749
567 743
566 742
548 763
549 764
556 763
570 751
570 749
565 742
549 765
571 751
564 742
565 741
550 765
548 765
572 751
571 752
563 742
564 741
565 740
550 766
548 766
573 751
571 753
566 740
565 739
547 766
572 753
570 753
565 738
547 767
572 754
569 753
565 737
547 768
573 754
572 755
568 753
565 736
548 768
547 769
573 755
572 756
565 735
549 768
547 770
574 755
572 757
565 734
549 769
546 770
547 771
575 755
571 757
572 758
566 734
564 734
549 770
545 770
548 771
572 759
566 733
563 734
564 733
550 770
544 770
572 760
567 733
566 732
562 734
543 770
544 771
573 760
571 760
572 761
567 732
565 732
561 734
562 735
543 771
543 769
574 760
573 761
572 762
567 731
565 731
560 734
562 736
543 772
543 768
575 760
567 730
559 734
560 735
542 772
543 767
575 761
567 729
559 733
541 772
542 773
543 766
576 761
566 729
567 728
559 732
541 771
542 774
543 765
577 761
566 728
567 727
560 732
559 731
541 770
541 774
542 775
544 765
543 764
578 761
565 728
561 732
559 730
540 770
541 769
540 774
541 775
543 775
542 776
544 764
578 762
578 760
565 727
562 732
558 730
559 729
541 768
539 774
544 775
544 763
578 763
579 760
564 727
565 726
540 768
539 775
539 773
545 775
544 776
579 763
577 763
579 759
565 725
539 768
538 775
546 775
544 777
580 763
538 768
539 767
537 775
547 775
545 777
544 778
581 763
537 776
537 774
547 776
546 777
545 778
543 778
582 763
536 776
537 777
536 774
548 776
546 778
542 778
583 763
582 764
582 762
535 776
536 777
538 777
537 778
536 773
549 776
546 779
541 778
584 763
582 765
582 761
539 777
535 773
536 772
550 776
547 779
546 780
585 763
583 765
581 765
583 761
581 761
539 778
535 772
536 771
550 777
545 780
546 781
585 764
585 762
584 761
534 772
536 770
551 777
550 778
545 781
546 782
586 764
584 760
534 771
537 770
536 769
550 779
546 783
587 764
585 760
533 771
545 783
588 764
587 763
586 760
585 759
532 771
545 784
589 764
588 763
587 760
585 758
531 771
545 785
590 764
588 760
587 759
586 758
585 757
530 771
545 786
590 765
588 761
588 759
585 756
530 772
530 770
544 786
545 787
591 765
590 766
588 758
584 756
529 772
546 787
592 765
589 766
588 757
583 756
584 755
528 772
547 787
546 788
592 766
589 767
588 756
582 756
584 754
528 773
548 787
547 788
546 789
592 767
588 767
589 756
588 755
582 755
584 753
527 773
548 786
546 790
591 767
587 767
588 768
588 754
582 754
583 753
526 773
527 774
545 790
546 791
586 767
588 769
589 754
587 754
526 772
544 790
546 792
585 767
588 770
590 754
589 753
586 754
526 771
544 791
544 789
547 792
545 792
585 768
588 771
591 754
590 753
589 752
526 770
543 791
548 792
584 768
585 769
588 772
591 753
588 752
527 770
525 770
543 792
549 792
584 769
588 773
591 752
588 751
524 770
543 793
550 792
583 769
589 773
587 751
524 769
544 793
542 793
543 794
551 792
582 769
590 773
589 774
586 751
587 750
524 768
544 794
541 793
552 792
551 791
582 768
591 773
589 775
585 751
586 752
587 749
523 768
524 767
544 795
540 793
553 792
552 793
551 790
744 442
591 774
591 772
589 776
584 751
588 749
587 748
522 768
523 767
539 793
554 792
553 793
552 794
551 789
591 775
591 771
584 750
586 748
523 766
538 793
555 792
554 793
554 791
552 795
592 775
591 776
591 770
583 750
584 749
586 747
523 765
537 793
538 794
556 792
555 793
554 794
554 790
593 775
592 776
592 770
590 770
582 750
585 747
524 765
522 765
537 792
557 792
555 794
554 795
554 789
593 774
592 777
593 770
581 750
584 747
524 764
521 765
536 792
558 792
557 793
555 795
554 788
592 778
593 771
580 750
584 746
525 764
520 765
535 792
536 791
559 792
558 791
556 795
555 788
553 788
592 779
594 771
579 750
526 764
520 766
535 791
536 790
560 792
558 790
556 796
556 788
555 787
592 780
595 771
594 772
579 751
579 749
526 765
526 763
519 766
520 767
534 791
536 789
561 792
560 793
556 797
557 788
592 781
596 771
594 773
578 751
579 748
526 766
527 763
526 762
518 766
521 767
520 768
533 791
537 789
561 791
560 794
557 797
556 798
558 788
557 789
592 782
596 770
577 751
578 748
527 766
525 766
526 767
527 762
526 761
517 766
518 767
520 769
532 791
538 789
537 788
562 791
560 795
558 797
556 799
559 788
591 782
592 783
597 770
596 769
576 751
577 752
578 747
528 766
528 762
526 760
517 765
520 770
539 789
537 787
562 790
559 797
558 798
558 796
557 799
556 800
590 782
592 784
597 769
596 768
575 751
578 746
529 762
526 759
517 764
519 770
539 790
539 788
563 790
555 800
556 801
590 783
593 784
591 784
592 785
597 768
595 768
575 752
578 745
527 759
525 759
518 770
519 771
539 791
540 788
564 790
554 800
557 801
556 802
646 607
594 784
591 785
597 767
594 768
575 753
578 744
524 759
518 771
519 772
540 791
554 801
554 799
558 801
557 802
594 785
594 783
590 785
591 786
594 767
579 744
523 759
524 760
524 758
520 772
519 773
553 799
554 798
559 801
557 803
595 785
589 785
591 787
580 744
579 743
524 757
521 772
518 773
560 801
559 800
557 804
588 785
589 786
592 787
590 787
581 744
580 745
579 742
524 756
522 772
521 773
518 774
560 802
559 799
558 804
557 805
587 785
593 787
592 788
582 744
580 746
580 742
523 756
524 755
523 772
521 774
517 774
558 805
586 785
587 786
593 788
593 786
583 744
582 743
581 746
580 741
522 756
523 755
524 754
524 772
520 774
559 805
587 787
594 788
521 756
522 757
523 754
524 753
559 806
588 787
595 788
594 789
520 756
522 754
523 753
525 753
524 752
559 807
594 790
519 756
520 757
522 753
526 753
524 751
559 808
593 790
519 755
520 758
521 753
525 751
523 751
524 750
593 791
518 755
519 754
519 758
520 759
526 751
522 751
592 791
518 754
518 758
519 759
521 759
527 751
517 754
518 753
517 758
518 757
521 760
527 750
516 754
517 753
518 752
516 758
527 749
515 754
518 751
515 758
516 759
526 749
514 754
519 751
517 751
518 750
514 758
516 760
525 749
526 748
513 754
514 755
514 753
518 749
517 760
525 748
526 747
514 752
519 749
518 748
518 760
525 747
526 746
514 751
519 748
518 747
525 746
526 745
513 751
514 750
525 745
527 745
514 749
527 744
513 749
514 748
528 744
513 748
529 744
528 743
512 748
530 744
528 742
511 748
530 745
529 742
527 742
510 748
530 746
530 742
529 741
526 742
509 748
529 746
530 747
531 742
530 741
526 743
526 741
508 748
528 746
531 747
530 748
531 741
525 741
526 740
507 748
529 748
530 749
532 741
531 740
526 739
506 748
507 747
531 749
533 741
527 739
454 567
532 749
533 740
527 738
532 418
530 416
533 749
532 750
533 739
527 737
532 417
531 416
532 416
534 749
532 751
534 739
528 737
527 736
533 416
535 416
534 750
534 748
533 751
531 751
535 739
529 737
528 736
526 736
532 415
535 750
534 751
534 747
535 740
526 735
534 416
536 750
535 751
534 752
533 747
536 740
535 741
526 734
532 414
534 415
537 750
535 752
534 753
533 746
537 740
535 742
525 734
533 414
538 750
536 752
533 753
534 754
538 740
537 741
534 742
535 743
524 734
534 414
535 413
534 413
538 751
538 749
535 754
534 755
538 741
538 739
535 744
523 734
535 412
538 752
538 748
534 756
538 742
539 739
538 738
534 744
535 745
522 734
523 733
534 412
505 748
504 748
505 747
503 748
504 749
505 746
502 748
504 750
504 751
505 751
506 751
505 752
505 753
506 753
504 753
505 754
504 754
505 755
504 755
506 755
505 756
503 755
507 755
502 755
507 756
502 756
508 756
501 756
502 757
509 756
500 756
501 757
509 755
500 757
509 754
500 758
508 754
500 759
499 759
500 760
498 759
501 760
500 761
497 759
498 758
502 760
501 761
500 762
503 760
502 761
499 762
500 763
504 760
498 762
500 764
497 762
500 765
496 762
501 765
499 765
502 765
498 765
499 766
502 766
502 764
498 764
502 767
497 764
496 764
495 764
491 805
495 765
491 804
495 766
494 766
495 767
493 766
494 767
495 768
493 765
494 768
496 768
493 768
497 768
493 769
498 768
492 769
493 770
499 768
492 770
493 771
500 768
491 770
493 772
500 769
500 767
494 772
494 773
494 774
494 775
494 776
495 776
493 776
496 776
495 777
492 776
497 776
491 776
497 777
497 775
490 776
491 777
491 775
498 775
490 777
490 775
499 775
498 774
489 777
499 774
498 773
489 778
497 773
488 778
489 779
487 778
486 778
487 779
487 777
486 777
487 780
485 777
487 781
484 777
488 781
487 782
484 776
489 781
486 782
483 776
486 783
482 776
485 783
486 784
481 776
486 785
481 775
487 785
486 786
480 775
485 786
486 787
479 775
486 788
478 775
487 788
486 789
478 776
478 774
487 789
485 789
478 777
477 774
484 789
479 777
477 777
477 773
484 790
476 777
477 772
483 790
475 777
476 776
477 771
482 790
483 791
475 778
478 771
476 771
481 790
482 789
483 792
479 771
476 770
480 790
483 793
475 770
480 791
480 789
483 794
474 770
479 789
480 788
484 794
482 794
483 795
473 770
478 789
479 788
481 788
485 794
481 794
483 796
472 770
473 771
478 788
479 787
485 793
481 795
483 797
477 788
486 793
485 792
480 795
482 797
476 788
487 793
485 791
479 795
482 798
475 788
488 793
478 795
481 798
482 799
474 788
475 789
475 787
489 793
488 794
477 795
480 798
481 799
473 788
474 789
475 786
490 793
488 795
477 794
480 799
481 800
474 790
474 786
491 793
490 794
489 795
487 795
476 794
477 793
479 799
481 801
474 785
492 793
489 796
475 794
476 793
478 793
478 799
480 801
493 793
492 792
490 796
478 792
477 799
479 801
494 793
492 791
491 796
490 797
478 791
477 800
495 793
493 791
490 798
477 801
495 792
493 790
491 798
477 802
496 792
493 789
491 799
496 791
492 799
491 800
497 791
491 801
490 801
490 802
489 802
490 803
490 804
494 764
532 770
