73 84
69 75
108 66
151 25
116 38
110 38
67 75
76 74
84 101
117 38
104 57
114 55
71 83
87 84
106 50
109 67
108 92
62 84
107 42
146 25
87 80
65 75
72 85
152 26
80 84
102 60
101 54
71 67
83 86
130 39
69 87
69 56
148 21
68 58
121 54
134 39
144 24
111 69
82 84
61 88
105 34
102 40
151 40
98 101
88 109
81 83
71 73
75 81
152 25
94 103
95 82
149 41
154 25
111 84
138 27
106 33
65 88
102 52
77 80
98 82
105 42
102 88
115 51
155 33
118 71
96 97
101 80
155 22
120 36
91 100
113 54
88 106
110 67
77 76
123 37
77 78
94 84
70 86
97 102
68 66
79 87
121 50
148 27
70 62
106 84
150 25
141 32
125 51
106 85
73 83
111 64
112 70
115 45
101 91
97 105
159 16
84 86
154 28
137 22
56 88
99 97
104 48
102 90
62 85
68 59
95 111
72 92
153 15
123 53
91 73
111 62
70 75
140 38
107 92
92 98
125 37
113 40
109 64
70 85
116 45
68 61
123 46
103 52
60 84
116 80
123 36
87 76
146 23
113 67
116 74
141 25
86 79
109 86
101 57
115 50
114 69
128 51
107 50
154 36
98 97
84 88
150 24
154 16
116 81
72 70
156 37
134 25
114 52
149 45
114 50
147 26
112 63
70 70
80 86
96 93
69 90
88 83
74 67
60 86
106 44
147 46
73 61
117 40
94 100
70 57
114 48
115 78
85 78
79 88
133 39
71 87
120 69
138 21
70 69
103 44
108 38
89 102
129 40
73 74
118 70
86 102
96 96
110 85
104 80
105 45
108 61
74 66
105 46
143 22
106 92
118 54
67 66
116 40
144 22
96 105
112 40
96 91
123 44
104 91
67 89
133 38
96 83
152 40
117 43
113 52
106 36
119 40
104 52
102 94
103 40
71 61
77 79
78 79
108 42
146 26
89 74
114 42
111 60
114 49
70 80
137 40
68 63
127 52
87 82
67 64
111 65
83 83
111 61
153 39
121 35
70 82
108 33
106 38
123 42
144 32
138 26
116 50
111 38
80 79
102 93
70 88
108 86
108 69
116 37
117 45
117 83
70 79
150 41
141 29
116 82
105 33
108 41
72 62
101 53
136 27
113 64
159 15
151 41
122 34
104 96
71 75
145 40
85 75
115 83
87 86
64 87
94 82
97 100
132 26
100 97
92 94
156 16
70 67
99 58
87 85
128 52
87 83
72 86
148 43
95 110
146 45
95 93
147 38
150 26
88 80
73 72
104 46
72 60
120 43
129 41
104 81
89 82
102 47
116 72
94 105
155 37
73 70
67 78
148 37
68 74
98 83
59 86
87 74
147 37
120 70
107 90
116 83
87 106
81 89
119 37
116 76
103 87
90 83
79 89
123 45
121 45
154 34
124 51
123 51
115 55
115 84
144 33
108 37
119 50
115 73
121 55
152 19
147 27
139 34
79 83
90 105
129 26
122 36
103 80
104 93
104 86
118 40
132 39
105 79
106 83
67 77
151 31
122 42
155 29
98 56
149 26
71 76
140 20
96 95
112 67
88 78
129 38
107 84
109 41
128 26
103 95
136 22
95 94
123 54
137 21
122 56
119 36
109 66
145 45
106 41
89 80
77 88
154 21
139 27
116 54
86 103
107 49
62 83
76 83
147 40
102 57
111 66
127 43
88 74
107 59
99 82
116 73
62 82
75 67
102 46
91 82
75 87
124 37
106 42
112 65
94 81
101 94
76 76
107 41
91 101
157 16
121 34
98 80
110 82
105 47
121 67
140 29
77 81
148 46
77 87
140 35
73 92
104 50
74 83
123 58
107 44
99 81
105 61
67 88
153 34
96 84
66 89
101 55
82 77
67 83
121 44
102 97
135 40
128 43
76 85
87 105
68 84
153 27
148 26
107 43
76 81
101 79
93 85
150 23
72 84
126 53
89 84
75 86
107 47
110 81
140 21
122 46
153 30
118 69
69 79
154 38
94 85
108 84
90 72
138 25
115 80
68 89
125 43
155 24
62 88
67 84
138 35
67 65
108 46
86 75
106 61
154 26
107 89
110 84
92 95
138 40
153 31
137 24
105 49
112 62
155 21
103 88
92 73
120 35
77 89
67 60
70 81
141 27
149 22
92 82
107 82
129 39
104 60
68 79
143 23
85 88
90 95
66 78
70 90
153 32
56 91
154 19
118 38
156 19
113 65
71 88
139 38
56 89
143 32
77 75
66 88
90 82
104 44
117 78
115 38
112 84
108 39
57 87
71 60
153 16
139 39
147 45
74 70
106 93
104 49
108 44
90 73
115 46
98 98
141 24
94 97
116 79
104 51
155 23
87 104
94 95
88 107
72 91
143 24
97 103
135 25
90 71
154 39
87 107
130 26
109 69
119 41
106 35
93 94
97 83
105 41
71 66
118 51
67 81
68 60
75 83
80 85
128 40
103 42
104 85
61 85
103 41
132 25
86 86
141 28
152 29
58 87
134 41
151 45
157 37
124 55
115 48
109 62
84 105
71 89
140 27
109 68
109 38
64 85
151 29
98 100
109 70
116 55
149 40
104 99
94 94
123 39
71 90
107 45
152 32
103 96
117 54
68 78
75 85
146 24
86 80
104 59
100 79
138 38
69 65
87 108
74 68
69 58
101 56
84 104
85 104
100 92
89 106
94 93
155 14
115 42
71 62
72 67
82 86
107 46
146 40
107 91
145 46
154 33
142 24
116 78
79 79
136 40
65 85
93 104
123 57
90 74
147 39
74 87
125 49
88 81
119 42
109 36
147 47
154 37
137 25
131 39
74 75
152 17
93 82
150 31
58 84
153 26
98 58
93 110
107 51
114 39
120 51
141 33
119 51
110 83
108 88
113 51
116 77
137 23
86 104
96 103
129 42
77 86
62 87
117 44
132 40
87 78
98 102
59 84
72 83
104 42
121 56
105 96
141 30
140 36
149 46
110 61
73 62
92 105
142 30
100 56
115 70
86 88
71 74
105 84
71 70
153 40
56 87
68 88
71 81
128 50
100 47
143 29
122 44
105 82
137 38
77 83
145 24
117 71
105 80
72 90
114 68
69 67
66 75
66 60
109 34
145 25
101 92
118 52
79 80
105 91
107 36
99 79
154 27
68 64
64 75
104 98
102 54
124 38
62 89
137 39
103 60
119 44
79 86
87 109
93 99
85 101
72 73
108 36
126 43
151 47
116 71
156 14
122 45
107 38
105 44
128 42
95 83
149 37
97 58
117 39
91 97
153 19
102 92
64 86
83 78
93 98
141 26
138 34
133 25
154 24
68 62
121 51
94 108
81 86
147 41
141 34
107 60
113 84
144 25
97 56
102 53
107 81
152 18
123 52
88 76
107 48
76 75
114 64
155 20
114 51
66 83
123 56
91 98
60 83
67 82
69 57
84 78
67 62
89 83
102 89
104 90
93 105
97 98
103 98
75 74
147 43
150 46
103 58
78 86
108 62
106 82
86 78
130 25
124 54
61 83
66 85
138 28
80 89
107 61
90 102
152 39
140 34
112 69
74 81
102 81
152 16
101 47
108 34
74 88
105 92
150 21
113 69
82 83
111 81
103 97
114 38
80 83
125 54
78 83
87 75
108 85
112 81
91 95
117 74
73 69
78 78
68 82
71 59
87 77
95 97
90 106
59 87
73 71
86 87
142 29
139 24
72 81
136 26
63 85
66 84
103 57
109 87
91 105
106 34
155 36
143 30
95 84
78 85
90 104
99 56
139 40
139 21
82 76
136 25
149 21
101 90
94 110
114 41
95 108
120 52
122 35
119 38
93 97
74 74
96 106
121 70
85 102
102 48
115 79
114 84
151 32
142 33
89 81
112 68
60 85
102 41
110 35
155 16
143 31
75 70
68 75
106 96
122 51
65 84
112 39
114 85
116 75
69 62
104 84
123 34
113 55
88 86
69 80
125 48
148 41
111 39
67 76
126 52
96 108
148 42
156 15
56 90
114 40
118 53
98 99
124 45
94 80
86 106
82 78
66 90
124 42
154 29
150 29
90 103
108 89
102 95
104 58
131 25
125 50
105 81
110 86
92 100
105 48
153 29
154 35
76 86
140 37
63 89
95 105
115 71
67 63
97 104
69 63
95 103
105 60
147 23
151 39
123 38
95 109
123 55
121 69
108 49
73 75
108 40
102 87
79 81
153 33
120 44
123 43
77 90
69 66
103 93
139 25
68 81
115 47
101 81
119 70
97 101
73 68
73 81
109 35
149 23
65 87
115 85
99 80
73 73
103 99
82 87
104 88
121 53
103 46
96 107
142 32
109 65
94 96
95 98
155 19
147 44
101 97
114 83
98 57
84 87
119 43
62 86
96 92
134 40
72 82
102 80
132 24
69 88
115 69
110 62
96 85
111 67
94 98
113 63
71 86
91 102
113 53
104 89
70 68
121 68
103 45
105 32
158 16
136 28
125 52
109 88
118 44
151 46
93 100
124 43
105 57
