422 406
496 458
373 345
420 392
620 395
525 437
460 398
613 438
355 288
344 377
591 436
430 504
597 412
397 385
603 455
414 291
504 464
584 404
448 444
369 317
352 299
407 414
391 385
484 411
362 380
433 554
413 351
407 325
321 380
414 310
248 319
556 397
524 439
577 402
610 434
622 402
334 369
480 476
355 368
550 400
606 444
579 436
475 399
366 372
615 419
629 399
465 429
496 415
347 373
413 414
409 518
481 467
498 465
334 335
463 362
188 369
466 475
402 400
602 405
251 341
390 392
214 364
208 366
395 386
554 377
477 406
483 411
212 382
337 377
518 432
584 468
385 329
365 339
580 460
432 556
472 397
593 463
548 414
387 341
468 456
183 336
632 404
446 539
187 367
447 365
592 417
464 455
353 294
525 438
527 434
518 414
354 371
268 416
535 379
266 417
414 430
416 299
582 461
414 536
416 335
411 413
371 312
405 376
333 381
409 361
359 377
474 443
446 548
351 373
470 387
436 516
601 442
575 449
412 311
435 516
563 417
323 374
637 398
618 396
416 430
422 394
608 410
366 367
548 409
258 314
344 296
435 529
438 322
411 460
419 322
417 299
215 387
566 416
461 489
451 346
249 331
535 385
583 400
625 402
359 296
413 317
408 442
459 451
598 404
373 315
354 339
254 314
420 347
519 412
613 396
605 441
592 405
412 306
421 511
534 408
457 352
460 495
553 412
249 322
556 377
551 377
409 375
529 434
375 368
598 411
413 295
416 350
601 416
366 302
412 409
571 408
367 345
432 529
605 412
625 444
443 453
632 405
253 339
325 400
572 424
541 383
635 395
367 369
404 322
435 528
393 382
413 360
341 376
495 460
249 335
432 328
539 374
505 462
249 320
318 332
602 437
457 477
547 387
451 348
455 451
619 394
316 414
522 425
473 365
414 441
470 414
553 390
432 531
212 386
478 436
419 454
572 412
638 402
455 475
371 313
412 374
458 496
195 364
433 522
414 518
457 455
253 312
616 444
190 331
380 354
436 541
409 413
472 421
486 475
455 480
468 401
312 326
492 383
414 520
493 383
458 485
375 363
420 395
412 320
469 387
400 327
409 443
457 339
218 359
437 527
468 484
420 410
410 457
209 390
605 452
462 503
464 470
637 395
448 543
417 441
430 551
415 507
372 344
473 432
531 406
359 376
463 477
443 335
416 459
416 436
467 365
453 451
502 466
439 543
405 323
437 321
609 443
527 441
576 421
410 308
597 418
570 437
465 499
548 386
409 300
496 390
377 317
582 433
347 297
449 365
560 392
420 324
559 407
482 445
474 455
432 550
601 441
414 433
450 471
332 370
465 361
315 413
601 452
403 519
323 333
609 448
419 457
430 333
412 459
446 476
311 322
436 551
567 405
478 477
402 383
202 377
551 420
249 337
409 371
462 496
408 363
344 378
610 406
461 403
475 426
530 410
367 307
579 401
526 426
549 410
571 413
317 383
404 329
464 422
628 402
214 361
181 338
331 406
412 351
411 457
430 534
209 376
203 371
583 398
459 361
446 344
256 322
398 388
522 397
451 351
416 445
417 452
424 408
407 330
418 394
338 310
442 431
512 410
475 411
424 338
446 444
584 398
446 433
476 475
418 522
495 392
328 332
188 360
424 409
244 338
602 452
411 344
417 510
462 455
447 342
406 408
583 396
416 513
378 321
561 415
516 419
474 440
465 364
537 374
366 347
359 292
423 343
476 397
349 299
477 454
256 316
533 407
493 410
577 438
213 391
397 529
536 412
178 338
397 523
436 322
570 424
569 439
600 440
491 401
420 411
554 399
458 480
618 442
422 345
473 421
627 399
416 392
404 330
445 338
357 355
392 382
453 480
468 420
561 393
396 388
357 365
316 332
351 299
245 340
618 418
420 408
623 394
423 417
364 368
194 302
495 413
347 298
573 412
525 427
476 428
413 433
499 472
410 390
368 345
380 349
208 369
345 384
500 412
349 336
474 408
473 368
477 427
466 363
421 389
195 303
471 455
624 399
207 368
524 442
395 389
469 419
358 299
412 398
431 542
368 372
457 448
204 374
552 410
201 372
426 335
374 316
403 467
427 479
377 334
605 418
613 417
188 361
612 402
573 411
206 389
484 480
356 369
598 452
193 360
447 442
342 299
462 483
386 390
450 354
639 398
439 339
611 433
189 370
417 511
365 371
403 397
470 421
435 332
516 432
417 521
192 295
421 393
430 506
460 482
347 294
488 406
601 402
595 401
379 445
409 357
452 361
413 306
605 405
430 542
421 326
361 295
586 396
462 491
341 375
469 369
515 413
474 454
582 450
358 323
565 408
412 305
627 398
461 364
356 361
599 452
471 395
378 318
491 400
538 414
442 333
615 393
434 551
220 396
573 405
491 398
476 409
372 343
462 486
483 472
436 538
578 402
589 395
445 453
539 371
417 446
596 420
360 298
556 394
377 342
572 445
599 437
495 459
497 388
360 299
426 321
539 379
446 452
610 400
326 374
390 322
414 318
480 469
466 361
488 470
607 416
250 322
549 387
408 410
409 328
624 398
532 387
413 385
356 327
538 410
330 382
416 440
405 324
556 419
452 362
409 516
575 420
488 403
419 522
624 397
462 494
373 330
598 403
372 370
403 466
419 381
449 344
415 447
417 508
340 335
430 553
461 444
421 440
458 455
400 386
455 481
478 425
481 415
191 324
372 348
402 327
383 329
580 437
447 477
199 365
392 331
426 550
561 416
364 365
460 446
409 410
598 451
425 513
328 330
408 357
406 409
558 398
596 434
212 377
603 437
376 334
379 358
617 443
451 364
468 458
449 363
542 378
443 450
524 435
372 349
530 408
358 327
410 421
579 395
599 453
467 471
501 415
413 301
447 364
609 432
448 474
605 401
215 394
314 326
418 347
492 413
496 459
522 422
447 479
406 463
454 337
603 416
436 324
522 442
249 338
405 518
547 382
413 435
474 407
204 377
569 433
547 404
427 537
574 467
589 397
336 383
615 420
412 397
603 444
611 445
213 392
504 410
592 413
433 529
477 399
492 415
431 505
417 522
422 447
270 417
406 366
452 451
530 436
390 333
475 423
344 303
318 328
411 516
413 536
625 398
413 382
483 410
334 430
412 430
526 406
593 413
487 467
411 410
571 426
597 455
469 414
467 425
474 449
605 402
274 417
356 288
411 522
249 341
401 542
473 398
460 452
401 325
391 330
450 353
356 294
456 341
505 465
447 546
387 336
552 414
595 422
468 414
432 515
411 445
214 360
366 374
387 323
349 374
343 432
515 432
413 299
549 378
616 395
461 482
432 520
418 325
445 454
525 440
587 435
441 523
432 518
497 395
500 409
573 430
324 335
578 398
445 549
358 289
497 470
574 449
378 352
375 343
428 331
521 402
426 332
322 338
578 431
542 385
424 321
421 388
408 541
448 442
519 422
405 409
483 480
353 295
414 412
414 411
346 378
481 445
590 395
599 413
390 334
624 448
437 526
412 403
378 445
465 456
620 418
486 476
405 525
194 299
454 356
422 343
479 444
593 461
348 299
469 431
483 470
556 418
460 483
610 416
414 319
417 520
527 442
458 497
405 536
591 415
582 401
511 412
494 396
599 438
390 385
478 424
376 354
346 334
473 415
467 420
440 424
580 427
401 392
415 387
335 383
467 416
349 335
353 301
197 364
614 399
466 466
412 375
406 368
417 397
199 325
367 297
245 338
443 426
476 412
409 326
384 324
609 446
454 450
399 386
595 424
379 357
451 480
624 449
417 401
441 524
518 413
206 390
254 324
465 360
569 431
590 397
477 398
572 467
624 445
574 409
606 442
462 495
347 380
364 339
365 338
186 370
444 426
572 436
393 381
397 386
368 333
455 342
554 401
403 322
347 375
389 394
597 434
621 394
474 425
447 355
437 516
426 322
375 350
455 335
409 458
309 322
417 399
213 376
407 324
396 326
600 415
372 314
475 440
416 435
608 443
405 405
399 539
475 449
390 326
364 345
411 381
514 416
562 406
468 464
428 477
469 402
486 405
568 403
609 415
525 411
605 455
451 347
467 430
465 495
366 335
418 393
403 538
216 360
574 464
376 333
221 397
481 448
189 362
611 403
491 415
400 390
468 415
197 365
525 415
428 541
444 444
474 406
629 404
583 401
396 389
502 407
458 427
613 419
456 338
209 393
468 368
216 359
623 396
460 448
459 454
414 344
462 362
419 382
504 409
432 517
615 396
431 327
470 407
412 367
214 376
451 470
466 367
342 375
381 342
612 400
527 430
461 495
628 403
400 381
634 393
405 299
585 396
479 450
411 304
473 455
483 486
616 431
367 312
482 409
325 333
443 445
413 413
463 491
450 470
454 452
356 360
445 328
376 352
480 445
276 417
413 324
437 544
550 389
418 343
195 324
572 433
433 547
500 410
475 391
403 395
388 389
407 404
463 422
415 292
363 303
413 406
418 318
482 399
637 402
527 431
456 502
462 403
421 327
214 384
457 361
531 437
380 353
594 403
390 336
544 405
429 507
410 306
572 435
411 361
441 419
548 387
366 303
346 375
464 483
472 368
412 426
418 538
573 466
569 422
566 406
375 351
445 450
446 544
410 329
362 302
442 430
411 314
421 343
200 324
455 460
476 405
618 394
468 416
537 410
519 415
611 417
407 357
191 364
572 426
216 372
498 396
449 444
444 431
630 403
359 329
410 423
474 431
212 369
400 531
451 365
324 334
418 336
366 304
447 544
331 371
547 402
531 408
219 395
408 537
482 412
477 390
429 331
404 524
542 406
500 474
409 416
550 414
634 398
361 382
626 439
459 424
572 421
536 407
598 413
476 398
352 354
555 386
623 403
359 293
428 324
494 399
365 372
390 335
616 420
478 445
456 337
554 400
309 329
416 356
596 404
257 314
412 380
246 342
192 330
423 333
611 438
420 325
440 334
191 366
446 540
359 288
433 548
536 411
520 433
317 385
440 330
356 295
622 394
581 428
455 448
586 435
530 391
549 404
214 373
412 342
573 431
433 528
378 357
413 293
417 336
573 408
456 343
571 437
331 375
413 325
414 383
495 456
557 377
497 469
366 370
552 375
463 482
639 401
416 376
614 433
193 295
417 395
315 335
607 431
470 363
407 517
477 431
253 341
444 437
463 480
321 376
457 450
578 436
464 468
366 312
519 399
473 470
402 540
499 408
444 323
373 333
332 429
520 422
255 322
461 457
410 391
591 433
214 369
461 500
612 399
594 417
478 401
418 412
404 397
415 381
218 393
405 513
620 394
487 470
377 341
475 441
473 370
352 338
470 435
391 337
462 422
212 368
325 379
411 535
366 342
368 367
439 324
181 340
544 407
437 427
438 324
419 399
607 440
409 457
417 443
413 310
390 386
487 414
417 349
212 384
475 427
459 478
475 413
543 381
409 541
547 406
545 400
320 375
419 333
430 508
475 486
398 530
446 443
531 438
443 341
200 366
329 379
484 477
605 454
562 404
543 384
513 416
457 403
325 374
421 394
412 436
394 330
397 326
406 371
385 389
460 480
469 395
369 315
368 331
214 362
523 435
591 404
624 400
429 550
602 440
619 397
364 328
432 519
399 325
422 347
407 363
200 371
452 360
214 391
338 384
418 455
197 324
602 438
579 393
469 362
406 367
418 413
415 508
527 406
529 406
360 363
379 334
618 419
412 299
540 418
366 343
364 372
438 524
244 340
463 507
413 431
198 366
479 401
602 424
369 343
408 538
532 407
471 414
344 372
442 543
467 357
515 435
361 300
543 401
597 450
421 333
561 404
480 408
604 454
215 391
591 399
378 342
526 414
428 337
575 403
204 370
456 423
255 318
407 405
481 470
548 400
351 337
409 418
422 346
353 356
342 303
581 460
427 477
498 387
502 414
614 398
409 372
460 506
398 531
546 385
251 332
394 383
415 433
405 364
465 423
348 297
455 361
604 453
353 339
440 548
488 417
470 485
473 439
574 422
601 423
383 341
468 433
466 429
520 411
478 474
404 541
451 442
307 322
411 359
412 387
189 330
622 401
386 336
179 338
460 451
617 439
403 383
551 382
186 372
425 332
199 368
315 401
444 490
477 425
191 363
464 475
544 381
456 335
380 348
404 376
504 411
443 365
479 452
500 476
475 487
411 312
523 412
330 373
369 321
524 440
478 434
420 438
390 384
354 297
218 396
475 484
330 336
410 381
504 460
314 337
578 437
480 435
576 409
458 361
606 447
431 324
415 319
195 304
584 402
606 418
535 384
359 368
365 336
607 418
411 423
520 395
192 362
414 376
440 332
466 422
258 316
407 514
524 433
551 399
470 364
447 480
510 412
626 403
416 294
449 540
418 321
479 438
461 488
486 471
342 371
373 331
445 437
340 374
429 325
407 516
474 471
567 430
421 332
400 534
444 450
366 328
220 397
581 401
479 443
579 400
581 426
524 399
569 419
541 407
207 369
319 380
640 402
567 421
308 326
484 410
449 343
414 521
520 432
467 367
268 417
414 434
457 457
435 327
410 368
577 403
596 413
413 538
214 383
561 394
380 339
465 464
453 352
444 326
366 299
591 435
524 434
593 416
418 341
412 296
399 390
460 497
416 538
559 418
435 541
628 400
604 412
552 400
459 507
378 351
368 337
469 465
608 399
456 476
441 339
540 371
529 399
534 387
450 350
398 536
365 304
393 380
551 400
444 338
463 474
545 406
569 403
482 450
618 440
467 359
606 457
549 389
411 458
420 447
558 396
253 337
408 408
479 406
420 339
191 330
615 431
410 343
368 329
475 400
474 401
347 293
463 424
511 414
354 367
601 439
469 471
408 323
537 404
377 354
537 377
574 400
474 452
433 549
381 350
444 429
580 394
203 372
576 404
331 332
189 367
392 328
397 388
525 414
420 437
521 412
488 404
408 516
355 298
383 343
500 467
374 371
417 433
215 375
416 298
373 329
416 460
328 331
609 418
212 373
445 550
410 422
407 524
530 438
480 470
580 436
492 399
454 446
211 391
402 321
470 432
412 525
584 469
427 478
202 376
245 343
215 369
477 479
373 347
451 441
368 335
319 377
478 438
429 553
519 400
442 544
450 446
368 306
358 324
201 370
486 404
439 425
418 514
190 363
455 355
376 341
436 321
577 393
456 446
344 375
578 394
483 401
408 330
493 471
416 353
467 424
475 454
414 497
200 368
539 384
415 458
352 350
418 537
443 541
433 550
205 388
559 406
431 515
445 364
415 497
531 404
478 440
571 421
389 390
517 422
543 383
604 452
557 407
552 417
495 412
465 475
339 334
383 328
519 413
615 400
466 465
450 367
412 345
429 508
367 374
441 420
209 383
537 406
570 421
362 379
376 340
473 397
410 445
493 466
554 375
414 519
399 385
366 322
455 508
565 407
450 542
421 340
418 506
547 414
378 320
546 386
420 509
317 327
376 312
415 290
357 368
451 363
360 288
509 412
571 424
587 397
553 410
572 447
458 424
458 451
492 461
479 424
479 408
496 414
493 399
331 336
543 382
415 351
603 435
357 294
574 408
450 445
527 433
367 372
332 427
362 338
479 447
368 336
350 334
481 475
444 432
349 342
598 450
382 342
391 322
421 339
424 411
540 380
219 371
190 295
463 493
555 398
202 370
397 536
410 443
340 307
330 378
363 339
217 373
332 376
407 416
594 463
552 411
455 354
411 523
408 406
492 462
486 470
491 466
366 330
545 383
341 385
188 366
424 342
438 424
409 414
451 359
581 434
410 316
366 327
439 523
424 412
381 331
322 403
626 450
405 322
420 346
326 332
420 439
547 398
471 471
444 475
398 524
481 449
591 417
490 470
603 414
471 388
378 335
219 396
588 435
406 369
528 434
539 372
414 388
424 327
473 454
445 435
427 331
397 530
579 394
367 301
600 420
412 404
579 396
572 434
411 358
338 311
403 382
553 419
195 302
499 474
450 366
356 289
444 446
192 333
441 421
592 407
626 449
369 369
461 361
197 292
607 421
411 343
412 376
387 338
435 333
428 530
421 501
407 408
529 435
471 367
479 440
425 328
384 323
440 429
543 405
504 417
368 334
601 415
477 365
252 315
343 381
520 425
189 368
597 420
323 402
431 538
411 370
449 445
421 347
538 377
418 326
603 423
423 347
412 373
448 363
478 449
443 364
425 329
412 439
448 471
376 313
255 343
412 344
575 400
455 483
404 468
366 308
314 335
568 408
374 348
190 330
634 403
621 400
557 418
485 470
315 333
476 400
419 439
403 514
546 406
459 496
530 387
463 404
375 349
409 373
590 398
317 326
437 528
395 327
376 317
556 407
404 379
505 411
456 361
387 331
411 325
456 507
445 342
470 360
337 335
367 298
468 354
597 400
420 335
400 380
469 388
452 480
489 470
361 327
318 327
460 401
591 437
467 485
472 422
608 431
412 540
333 382
605 411
411 369
463 423
583 432
575 437
441 329
551 376
355 295
582 400
572 405
200 369
208 373
455 340
430 515
484 471
483 414
601 421
411 427
436 525
458 426
547 400
209 369
449 467
600 417
216 392
466 467
453 358
376 314
608 418
540 417
454 447
485 411
361 302
203 375
358 337
387 330
629 403
374 372
441 323
481 474
429 542
441 321
516 401
460 496
345 375
324 377
517 419
416 393
435 523
412 527
413 371
521 400
416 441
411 342
453 542
402 536
481 473
562 403
603 424
414 394
445 334
211 382
451 349
443 542
344 334
525 441
355 300
409 404
412 516
494 392
598 400
464 474
187 368
430 550
485 475
593 402
615 433
323 375
465 362
333 431
413 442
270 418
403 465
462 504
465 401
358 286
443 342
418 319
195 325
191 333
413 377
421 344
444 436
526 437
569 432
533 384
465 497
364 344
529 408
315 400
336 376
441 334
402 535
620 422
631 398
208 368
347 296
456 451
388 383
464 490
406 513
635 400
551 384
592 403
425 321
579 450
330 374
544 382
409 460
635 397
466 499
463 425
186 371
472 414
472 372
622 399
412 410
467 353
496 392
396 327
476 444
541 378
386 339
451 472
351 350
402 465
604 406
200 367
322 337
619 440
465 455
409 329
252 321
323 379
482 433
578 430
617 403
430 516
429 477
617 395
610 401
399 327
410 300
351 343
473 390
373 346
528 441
395 328
457 501
608 421
616 439
464 472
359 337
504 416
611 411
416 447
491 410
554 381
354 337
194 360
430 538
420 508
408 327
479 432
584 395
502 464
407 540
247 332
616 438
475 367
418 324
434 531
412 391
487 413
578 420
369 329
475 472
467 423
608 459
539 407
418 439
434 530
343 380
477 401
431 326
417 442
554 389
194 300
529 386
417 509
480 406
604 405
420 415
354 298
453 357
419 321
575 394
465 400
411 320
416 434
579 449
333 377
446 547
545 382
451 352
386 340
427 509
464 491
411 429
477 477
217 375
367 306
404 325
419 410
522 412
530 407
433 329
200 372
380 329
350 292
421 342
594 423
409 537
493 459
445 439
612 418
625 448
392 334
350 342
426 479
407 403
571 467
338 308
412 325
190 294
369 370
447 344
316 333
467 356
410 444
313 326
611 404
478 432
577 394
370 374
217 393
433 533
351 331
448 479
522 399
403 524
530 443
477 428
579 434
445 427
430 519
348 337
491 411
366 301
410 303
463 402
359 325
322 373
431 325
211 384
469 470
442 542
367 343
489 466
384 322
610 411
444 324
323 335
439 340
621 391
381 332
447 433
469 464
604 442
546 402
344 376
415 360
412 360
379 352
618 420
428 550
542 405
448 538
320 380
471 397
477 432
420 338
526 407
431 531
468 360
371 329
475 483
215 367
630 399
480 401
471 470
425 510
329 376
466 490
419 395
455 458
468 482
216 373
536 374
445 547
448 473
432 541
458 476
198 323
472 407
589 434
354 351
352 339
454 542
389 386
476 433
357 327
441 427
249 339
444 428
208 365
206 373
408 308
631 399
475 481
387 389
215 388
444 449
204 369
561 405
511 411
452 542
512 414
618 401
575 464
369 374
620 438
591 400
210 378
218 370
411 421
625 397
353 300
258 317
414 322
376 316
402 399
468 432
414 399
407 298
552 382
355 357
570 439
384 343
606 437
442 490
371 347
194 295
454 338
601 438
459 455
331 430
369 322
399 524
467 418
484 484
617 400
409 406
409 327
503 408
482 468
484 405
498 470
418 438
430 334
520 396
366 331
456 344
465 399
557 386
448 443
250 320
404 377
473 388
401 331
476 402
420 333
272 416
389 337
555 378
550 391
444 476
481 471
446 339
365 380
524 401
517 432
414 507
331 338
601 405
415 358
513 414
215 366
477 448
423 344
445 366
467 421
498 412
568 406
515 431
413 443
363 337
408 307
408 536
568 402
448 365
433 545
322 374
479 446
466 366
423 322
476 486
459 423
519 414
368 343
437 322
634 401
552 398
483 405
405 380
387 339
330 333
409 412
624 396
565 417
354 341
420 452
369 372
484 446
346 379
412 392
350 293
470 402
385 343
453 446
493 465
360 303
215 376
364 381
417 451
525 409
620 403
383 345
449 354
326 330
597 422
483 412
537 407
362 365
416 349
455 353
409 360
384 333
377 321
418 536
192 324
408 412
365 366
379 360
321 379
530 441
411 518
448 466
560 417
350 291
579 435
373 332
483 415
500 414
592 436
442 424
535 381
200 370
385 340
523 399
475 396
437 428
386 389
410 313
418 381
317 384
355 350
608 444
595 450
411 306
603 436
212 387
357 291
551 414
491 416
592 423
429 535
479 448
404 378
435 515
318 375
443 334
484 476
500 470
401 541
376 342
370 321
358 363
413 378
202 374
449 466
557 397
417 438
418 414
411 461
460 498
442 541
416 458
434 544
352 294
488 405
209 377
521 422
431 540
496 457
458 484
577 420
387 332
591 408
366 344
597 459
413 291
579 432
418 345
459 486
435 542
598 437
604 416
417 512
492 411
409 400
630 405
573 410
610 407
603 434
456 449
367 309
421 322
579 461
456 448
594 433
429 506
410 315
579 397
511 410
515 418
374 329
411 424
449 359
607 409
542 380
365 328
205 371
424 346
474 367
613 418
591 412
409 322
410 524
411 313
208 386
621 398
410 518
433 541
623 395
569 420
553 391
413 319
415 513
410 405
379 343
529 391
438 327
467 360
580 397
481 450
310 330
523 433
440 323
417 393
402 542
389 391
449 447
319 325
348 373
446 448
542 386
379 356
480 432
416 355
417 523
356 371
603 442
428 537
402 326
367 296
617 396
541 379
354 358
417 412
374 347
359 295
466 495
495 390
417 334
596 408
411 341
572 404
476 474
530 442
468 370
458 483
199 366
420 383
608 442
367 308
407 402
354 295
365 375
415 317
578 429
550 392
527 400
452 442
540 381
569 425
404 538
546 380
488 415
420 414
451 471
368 314
446 337
373 344
417 456
389 393
405 541
367 325
324 403
481 401
458 507
410 384
458 486
595 407
460 503
366 337
477 429
256 317
450 444
452 365
365 303
402 517
476 392
570 404
461 490
453 346
252 332
488 418
539 417
377 316
497 392
421 446
545 401
463 464
463 489
457 458
601 419
564 417
436 521
474 364
445 438
206 366
344 380
442 330
367 340
268 419
410 426
398 523
472 402
515 416
571 448
339 310
542 404
434 502
526 405
455 343
475 414
610 398
365 344
418 454
413 376
461 451
347 292
494 411
579 459
612 433
429 530
408 381
481 409
471 473
356 363
342 384
433 531
493 396
593 462
574 404
592 400
405 325
530 406
453 353
410 541
427 335
421 341
411 425
411 428
464 469
389 389
334 427
431 539
609 437
379 354
562 417
380 445
363 347
412 458
587 399
420 389
556 395
620 391
357 324
622 444
192 364
504 415
452 352
411 525
409 358
622 398
343 302
577 429
380 351
466 491
603 401
253 340
413 458
493 409
472 361
504 414
446 442
444 443
413 412
519 423
479 439
345 298
429 536
424 410
351 341
418 456
595 413
598 405
609 416
380 333
500 472
385 341
468 400
537 375
366 310
369 320
251 321
383 326
608 400
412 541
560 406
585 391
442 547
466 402
444 427
412 429
634 400
472 413
461 477
372 347
407 463
469 370
358 367
460 477
368 374
455 457
520 415
510 414
485 412
411 371
637 403
407 410
412 378
493 402
460 424
447 356
342 300
470 433
619 399
476 365
481 476
411 426
633 405
465 474
190 333
476 454
451 360
555 377
414 295
368 328
461 454
421 392
200 376
573 422
419 507
468 430
468 463
570 410
424 332
437 324
460 499
571 420
415 498
403 542
271 416
414 384
365 330
425 331
319 383
442 341
485 474
432 554
209 380
209 374
473 406
419 447
592 401
446 342
408 524
451 362
623 446
572 414
358 368
412 314
534 382
450 358
449 472
603 402
541 410
408 523
341 335
474 418
576 394
534 409
350 299
496 413
191 295
601 403
379 359
374 349
544 409
437 424
597 410
483 413
255 340
339 374
370 370
638 398
428 513
474 395
440 339
378 334
417 294
544 379
419 396
318 376
460 453
600 418
575 430
384 325
194 328
412 310
420 336
412 535
411 324
459 447
382 329
319 384
492 460
456 356
414 293
342 376
548 383
409 304
476 411
259 314
550 390
463 499
514 415
410 525
547 410
462 482
474 472
413 393
273 417
419 324
615 437
464 465
528 399
434 328
462 456
433 555
434 516
611 399
593 436
546 409
550 382
189 361
441 335
479 404
636 398
583 389
579 433
413 387
440 543
485 480
401 399
353 341
611 408
427 543
354 296
553 420
530 390
368 332
603 405
349 373
413 459
400 541
205 373
414 398
359 291
409 422
411 527
382 444
602 414
459 483
190 324
255 321
389 382
358 293
497 413
450 443
552 412
492 402
514 433
554 379
194 359
461 452
596 421
376 321
375 333
188 334
473 457
552 374
415 298
416 396
445 542
409 442
530 434
474 420
555 419
380 444
387 329
411 368
628 399
580 428
444 542
463 505
581 435
603 400
443 448
369 319
415 441
634 402
558 395
595 408
605 416
473 456
440 321
444 549
211 369
357 325
332 338
413 405
476 406
442 546
526 424
405 537
375 340
597 421
465 491
398 383
497 472
211 370
595 462
417 519
434 529
478 398
414 385
603 418
413 441
424 341
431 548
498 472
482 410
400 530
423 411
210 377
531 389
464 402
594 434
592 402
454 362
252 319
444 365
536 408
595 460
516 400
526 430
602 402
191 365
639 402
435 517
622 423
403 396
418 453
490 466
475 452
500 408
435 522
415 353
537 373
454 336
461 422
480 443
524 426
318 384
539 375
361 303
476 440
461 456
474 433
402 524
423 321
493 384
371 316
614 419
416 352
416 456
408 522
454 479
404 380
423 320
608 445
413 323
419 380
606 411
365 343
408 329
469 366
626 398
359 378
482 406
413 407
520 423
456 458
459 479
428 508
447 339
205 369
549 377
570 411
454 342
391 332
400 325
564 407
523 411
453 354
483 468
494 386
362 328
596 459
348 295
454 344
406 540
410 516
523 413
342 373
378 363
553 417
488 465
344 379
470 361
417 410
418 322
428 325
362 346
432 545
447 476
250 339
388 322
497 396
471 407
495 457
397 387
350 333
483 471
621 389
354 350
514 436
501 467
380 337
409 381
408 409
447 453
414 381
347 290
435 553
472 371
405 538
499 470
608 405
592 408
449 470
584 390
459 446
364 380
520 431
425 338
349 332
531 441
399 391
388 324
337 339
406 299
461 362
441 332
473 401
368 344
402 539
518 422
576 449
583 393
535 408
519 432
362 303
195 365
362 345
390 325
450 349
418 299
357 372
358 288
254 319
455 339
472 470
628 449
526 436
467 355
499 467
613 434
627 403
412 317
483 475
520 416
570 422
457 451
410 517
447 474
435 538
427 337
411 299
466 457
477 409
407 307
531 390
496 389
538 416
253 314
414 321
404 513
361 301
444 547
452 346
454 360
470 475
456 345
534 385
413 539
449 479
405 526
481 472
323 403
415 399
359 299
412 371
625 400
572 444
449 442
371 317
412 366
331 337
620 392
378 333
216 374
591 406
248 339
554 391
615 395
462 487
534 384
364 346
440 322
356 357
446 546
451 446
446 335
437 524
522 400
465 460
407 323
479 397
373 371
418 342
401 383
189 329
413 440
528 400
457 502
474 432
410 520
449 364
401 538
462 505
598 412
355 361
464 401
454 460
485 414
414 387
351 330
591 398
610 405
455 459
347 288
555 420
443 444
375 317
351 339
437 525
598 418
461 448
484 479
187 370
456 475
491 414
399 389
457 507
426 511
619 400
415 430
606 440
419 509
468 421
358 298
355 297
529 392
348 334
333 427
255 324
614 400
580 462
566 431
190 361
457 479
455 474
471 464
314 339
558 397
394 328
459 448
374 315
416 507
342 302
441 418
576 430
597 454
543 380
440 337
403 541
421 447
465 467
408 324
457 480
559 408
596 419
369 331
257 316
495 465
474 442
602 436
358 326
460 505
253 324
598 420
479 473
409 389
618 393
431 541
333 370
575 419
409 298
599 412
430 331
385 336
362 382
410 460
570 412
418 348
416 318
210 381
494 398
366 329
483 408
368 322
253 323
409 401
414 350
613 399
453 479
349 293
489 414
414 515
410 301
387 333
617 393
613 395
465 363
423 326
467 458
479 454
530 392
353 354
540 410
483 483
539 410
417 514
525 439
514 414
433 327
585 394
473 414
247 335
470 395
470 434
375 316
401 524
434 329
438 528
417 439
491 402
386 323
384 326
415 382
454 510
558 393
385 335
406 514
410 419
574 434
417 344
347 291
477 410
477 402
591 407
558 418
610 410
216 394
427 542
476 429
467 400
522 401
410 537
466 355
466 496
413 426
537 372
457 476
322 401
585 404
359 300
318 377
365 377
436 539
422 324
532 377
475 433
418 320
478 437
428 542
462 402
542 407
431 550
607 408
616 392
483 482
365 379
462 493
498 413
414 352
477 430
399 383
608 407
343 371
637 401
389 385
461 491
471 366
548 403
477 440
441 548
417 398
532 406
472 401
441 422
573 409
490 403
455 507
410 413
204 376
362 326
456 339
553 401
577 404
412 309
401 515
543 407
610 415
433 520
464 467
598 454
246 331
599 418
360 376
409 415
412 301
540 406
595 400
412 538
450 365
470 472
609 420
365 369
410 430
418 295
543 403
214 390
400 532
591 416
541 411
576 438
476 393
468 371
596 400
436 334
459 501
624 446
628 404
420 417
351 294
329 334
567 432
414 508
499 413
628 406
415 516
547 399
460 457
408 298
607 447
476 404
609 398
384 328
422 408
412 365
502 463
409 325
441 450
445 329
420 412
415 435
256 313
359 297
482 480
480 405
336 337
594 407
378 322
322 437
182 337
477 486
595 423
435 329
356 292
469 359
406 380
409 324
462 500
479 449
462 477
402 513
451 540
465 483
219 397
638 395
413 294
423 511
569 408
380 352
528 397
211 393
404 518
493 395
335 337
473 418
518 399
215 364
327 421
514 431
583 397
440 427
626 443
427 516
594 413
213 377
455 461
635 398
270 416
580 450
267 418
599 405
597 405
429 534
445 476
425 514
436 328
496 394
203 374
544 408
617 444
389 338
455 356
182 335
275 417
501 466
477 480
342 306
470 471
454 480
419 339
458 501
399 326
479 474
553 409
528 398
215 389
461 363
626 402
386 338
414 351
333 338
459 400
495 464
492 414
450 480
535 383
475 450
463 506
411 541
415 522
243 337
417 396
335 416
354 368
556 392
471 396
255 341
575 431
445 443
255 354
478 443
594 450
575 399
196 289
250 341
250 338
315 337
471 361
420 418
511 436
464 363
389 383
482 400
526 400
422 418
585 435
399 538
595 434
542 382
575 418
571 431
546 381
441 423
214 389
352 293
325 376
551 419
453 344
416 433
580 432
488 467
590 435
446 545
466 494
189 369
415 354
356 362
619 420
329 333
439 322
318 331
554 388
443 330
460 422
411 365
416 412
516 414
333 337
403 543
465 461
417 445
358 290
351 293
582 462
628 405
477 478
530 399
620 440
414 538
343 373
496 395
367 367
549 413
403 518
406 298
372 329
255 314
369 314
406 524
458 454
412 312
469 454
507 411
548 388
448 343
353 337
596 405
402 394
588 397
469 473
424 333
366 300
363 365
549 379
421 409
353 351
344 304
528 406
413 522
495 386
344 371
465 498
475 425
412 400
189 333
278 417
265 417
414 309
424 334
473 419
196 324
529 441
455 447
316 413
196 364
605 456
450 442
403 405
418 457
552 419
327 333
414 392
211 392
545 409
216 393
414 386
421 337
194 324
457 356
474 391
413 379
482 415
444 451
411 386
456 353
248 331
484 401
596 409
478 423
475 401
410 420
475 365
318 329
522 434
420 436
459 480
556 393
253 319
417 536
402 395
500 475
490 416
460 450
415 514
408 419
530 435
610 445
322 336
356 293
538 417
594 435
354 340
398 522
397 457
422 449
466 484
463 467
413 436
478 411
608 402
413 434
411 380
463 426
517 414
419 394
416 438
430 332
572 442
574 405
208 374
420 344
401 400
560 393
446 474
491 462
427 512
439 426
567 417
358 365
471 422
365 298
419 344
363 338
324 401
456 483
493 462
466 368
317 386
336 339
415 496
355 371
606 451
551 378
573 450
483 481
410 297
441 541
421 507
626 440
211 383
591 403
499 468
470 473
469 365
475 408
436 522
435 524
476 399
579 399
318 333
209 384
424 326
569 440
218 371
364 366
609 413
583 436
583 392
447 448
575 401
342 335
577 450
453 475
190 332
467 358
343 334
464 499
478 435
355 337
370 329
207 390
503 409
316 402
364 371
215 360
405 326
448 539
444 478
523 434
210 392
496 470
469 424
402 516
478 450
531 402
635 394
486 414
571 427
195 360
448 544
403 515
365 370
577 398
410 406
620 393
533 377
544 401
527 432
587 434
472 398
548 411
541 412
364 330
361 337
355 336
371 370
586 397
562 405
574 403
447 341
427 322
596 456
360 328
324 333
421 417
474 438
417 381
525 410
460 423
609 401
470 424
251 339
540 379
483 406
551 421
599 416
414 522
385 328
429 334
520 412
539 413
438 544
551 416
361 326
339 335
478 397
468 462
481 433
422 339
609 406
355 339
255 344
460 449
436 329
408 404
623 444
426 509
351 332
579 458
557 393
340 305
392 329
475 409
469 456
454 345
538 415
413 409
431 553
322 379
390 337
610 438
195 326
397 383
467 417
476 448
553 418
409 542
278 420
346 333
410 296
203 373
581 399
413 430
592 406
548 379
431 330
457 402
494 457
488 419
246 341
610 441
416 439
476 401
413 318
525 429
377 340
443 323
576 451
456 480
356 290
617 442
364 327
460 507
543 385
509 411
544 383
452 344
389 339
591 413
560 405
343 378
621 423
320 377
441 333
190 293
454 335
392 335
385 323
439 428
437 545
601 401
538 379
467 352
604 434
416 443
408 540
573 449
624 442
430 505
479 453
475 395
481 443
591 411
582 436
571 402
410 325
438 334
476 484
431 496
417 447
595 461
371 374
430 529
400 324
473 371
416 344
208 371
625 401
372 315
367 311
414 316
610 414
372 369
331 381
530 409
506 465
401 387
580 399
496 456
459 495
455 341
590 432
515 434
343 375
411 297
415 293
469 363
407 526
411 309
359 336
432 551
597 456
209 385
450 541
310 322
576 403
381 354
434 549
419 336
412 319
317 325
600 441
403 320
411 373
179 337
412 405
413 526
548 410
382 325
340 306
213 364
560 414
465 473
424 328
427 511
572 448
367 299
553 392
578 427
397 522
531 377
348 344
256 311
412 372
420 409
596 418
600 438
344 298
517 401
214 366
551 392
440 541
433 328
410 425
517 413
410 400
344 297
623 398
196 361
483 444
621 442
442 337
393 327
524 398
467 461
416 449
319 375
418 452
559 393
400 383
359 333
204 373
463 466
442 489
414 382
463 492
464 489
453 510
418 346
494 462
600 401
443 327
355 359
474 365
455 510
342 305
466 423
608 447
411 389
516 433
376 315
575 411
196 291
595 459
363 381
211 377
617 418
414 457
578 432
518 402
403 468
404 405
210 382
379 362
466 464
601 440
422 325
208 370
409 411
474 457
409 380
384 341
197 366
608 432
488 416
436 524
450 472
412 293
477 434
339 307
395 380
373 317
413 361
592 404
460 403
593 423
349 297
469 459
460 502
193 361
434 550
470 474
514 435
213 369
393 329
446 336
445 428
343 379
412 315
571 436
556 420
341 304
570 431
368 312
490 414
538 413
573 429
416 381
540 407
553 408
567 406
352 332
331 376
438 523
604 402
358 369
256 344
531 401
367 376
570 438
430 531
330 335
436 325
610 433
431 331
245 339
419 414
579 429
615 394
311 324
443 549
254 340
465 359
455 345
554 420
416 451
401 391
438 326
530 400
345 372
345 334
549 414
195 363
457 357
590 415
518 419
459 477
388 323
416 351
555 379
405 540
591 423
417 449
314 338
544 385
253 313
439 323
381 324
326 333
442 321
415 432
527 413
574 433
492 416
634 394
502 409
521 416
598 415
599 401
577 430
426 447
408 539
319 333
518 401
343 382
415 446
460 421
522 395
458 477
565 416
343 298
422 320
418 294
347 299
348 374
418 447
517 421
457 343
576 411
481 435
549 400
388 339
508 414
330 375
413 344
417 350
216 391
369 371
547 405
437 523
475 422
370 315
420 337
482 401
444 491
468 483
408 525
415 310
496 386
590 399
390 391
412 346
463 403
400 387
607 417
463 501
402 526
563 407
442 365
593 437
465 458
345 304
445 332
410 446
422 412
414 299
367 370
484 478
406 379
201 368
546 379
415 451
415 383
360 292
604 418
193 299
608 408
442 421
437 326
417 335
414 435
422 417
380 340
219 394
417 513
479 445
536 405
450 345
418 349
431 329
584 403
525 408
497 465
410 357
414 375
546 387
193 324
500 464
417 347
277 417
461 487
409 419
342 298
418 296
428 517
477 455
422 337
198 324
481 447
383 325
340 301
256 314
416 295
369 330
554 392
336 336
391 383
409 362
446 341
327 331
434 545
611 407
341 384
215 393
436 335
556 398
537 412
257 315
570 413
460 447
596 458
431 328
464 362
590 433
491 470
508 412
469 432
469 420
394 329
597 437
318 330
463 484
415 359
601 422
392 330
191 368
525 425
636 395
624 443
403 376
365 368
575 465
574 412
460 500
572 446
255 345
471 387
426 508
529 393
347 374
341 374
408 306
522 413
446 441
570 440
531 436
470 464
554 408
526 429
467 354
244 337
447 538
472 388
401 531
428 540
414 349
403 327
571 422
484 472
595 406
452 441
467 361
491 459
427 332
397 389
355 299
525 435
404 383
495 397
608 416
612 434
355 370
433 532
441 330
543 406
475 475
434 520
420 502
413 403
411 537
345 303
469 455
420 440
422 448
552 399
496 465
375 352
539 382
418 467
611 418
467 494
447 447
374 369
375 373
604 458
384 334
357 373
412 297
396 386
431 519
368 313
334 336
410 447
471 432
540 382
461 485
454 451
354 301
594 404
455 338
447 481
574 420
375 369
420 448
417 518
467 470
398 325
475 474
401 390
466 500
483 445
598 435
636 400
406 364
250 321
553 374
462 475
193 330
375 367
560 418
414 348
359 289
350 298
361 364
468 361
478 475
203 370
435 530
469 403
410 309
330 377
618 402
451 344
635 399
423 342
548 377
590 411
599 436
374 370
476 403
554 380
481 446
360 378
439 424
342 304
581 462
417 538
438 542
402 405
350 373
409 365
390 383
391 327
418 410
389 392
472 406
449 482
352 336
475 406
572 413
552 392
414 323
359 328
366 341
499 466
569 412
479 411
625 399
436 542
397 531
374 373
413 394
359 363
533 378
210 383
495 466
193 327
503 414
617 440
271 415
457 456
415 443
422 323
499 471
410 302
584 435
400 524
389 387
517 397
471 431
438 543
477 433
335 376
243 335
624 447
392 327
431 520
419 452
446 338
244 343
513 436
461 445
323 401
416 399
494 409
474 368
496 393
446 437
332 428
468 473
474 482
427 508
335 369
606 413
249 336
343 335
208 372
456 424
405 524
411 391
364 340
406 407
567 416
496 469
433 527
351 335
185 372
407 400
398 538
549 382
204 386
458 401
367 327
471 363
363 326
563 406
331 370
624 403
466 455
534 380
550 410
468 424
406 372
598 401
378 316
478 400
577 451
474 371
453 338
382 345
480 409
584 394
604 457
542 408
252 318
459 476
399 530
380 334
604 455
611 419
418 449
465 472
595 404
572 429
504 412
592 414
607 458
419 383
436 428
429 335
551 379
432 544
417 400
191 369
328 377
444 333
365 374
520 399
567 404
219 370
417 535
412 443
521 399
602 442
444 442
464 471
250 332
527 414
355 341
352 348
377 353
411 409
477 413
568 430
551 375
249 319
417 318
524 409
526 408
522 398
516 396
572 403
378 319
546 384
597 435
306 322
468 369
402 330
213 384
205 390
409 447
533 387
405 327
575 412
471 359
442 418
420 457
608 440
458 403
248 335
330 332
413 374
410 304
399 384
585 398
459 481
583 394
475 369
622 397
481 468
560 408
606 441
499 469
323 404
530 439
621 390
421 324
207 366
493 408
578 438
443 452
412 316
194 297
464 458
367 326
546 399
449 358
417 357
607 405
476 435
450 540
475 366
412 323
338 309
416 450
361 328
614 434
610 399
318 379
400 529
401 394
531 387
461 467
555 388
571 403
445 330
343 384
468 363
411 430
367 331
547 409
572 427
474 394
318 324
598 436
424 417
605 438
381 341
613 416
548 404
374 317
603 452
615 432
622 403
315 336
335 336
622 400
435 330
252 342
342 307
213 373
442 323
434 527
324 378
403 513
612 403
534 407
482 435
464 461
322 376
366 338
209 394
416 522
598 453
442 327
348 342
323 378
435 334
520 400
430 530
480 407
460 454
199 367
453 362
331 372
576 465
200 375
384 327
466 401
364 348
370 319
377 365
444 330
202 369
427 325
427 336
609 440
352 373
560 413
570 408
489 403
526 427
420 322
407 401
465 457
428 529
586 395
456 352
593 417
440 428
355 369
316 325
363 372
195 362
362 337
320 382
427 338
605 437
518 415
407 406
554 376
410 361
612 401
317 333
265 416
356 364
483 407
328 334
553 416
478 453
474 434
375 321
474 397
424 347
424 512
624 444
549 388
592 415
325 380
569 409
334 382
310 331
407 373
417 355
308 322
430 552
601 420
577 470
475 424
479 405
542 402
550 413
545 399
578 450
469 361
443 425
583 433
573 448
359 294
418 344
340 384
337 336
343 336
408 304
481 477
473 391
367 322
493 412
216 375
374 333
578 428
584 436
527 408
191 294
218 360
318 325
345 336
530 440
402 331
331 429
475 480
377 364
605 410
211 371
483 446
309 330
476 450
365 367
216 371
478 421
601 451
471 368
420 416
487 404
618 400
428 335
601 404
278 418
555 418
488 468
446 434
449 446
389 388
576 437
367 304
418 395
418 445
627 439
192 366
594 459
411 357
607 413
445 540
448 472
318 380
406 405
608 413
324 404
391 333
579 462
508 411
256 312
626 441
539 383
579 392
509 414
360 289
315 334
625 449
464 457
477 443
438 540
465 484
555 392
400 382
315 325
472 405
350 341
442 548
410 401
255 323
589 436
403 381
437 540
463 481
446 365
403 321
342 308
375 344
620 439
432 549
378 317
445 365
434 483
553 389
520 424
408 364
570 403
416 457
347 379
414 353
593 407
381 333
189 366
414 380
359 323
411 521
465 469
608 401
475 473
463 485
522 433
474 423
441 341
454 541
408 416
616 397
576 401
366 336
316 384
189 365
537 376
543 402
403 399
204 375
579 398
445 433
470 359
367 310
606 458
454 354
456 450
551 410
574 431
392 333
427 517
422 344
414 447
430 532
410 299
444 335
413 400
412 517
572 443
571 441
365 378
617 441
572 408
450 467
411 444
386 329
497 394
504 413
447 478
416 437
448 475
373 370
516 399
443 547
413 300
411 528
604 441
546 382
468 402
420 441
367 305
192 334
315 403
637 400
631 405
535 382
247 339
552 381
416 377
538 407
466 497
419 348
550 417
491 399
475 368
348 379
465 459
411 412
419 514
416 497
515 420
443 436
496 396
273 416
460 486
348 343
310 321
450 344
414 517
189 360
359 298
455 363
205 375
570 423
509 415
572 441
252 339
516 420
515 414
209 372
441 337
417 444
588 434
443 454
318 378
585 402
190 365
356 372
344 384
351 348
353 372
397 325
499 407
482 475
397 532
243 336
573 442
472 455
445 449
462 467
619 422
601 414
418 399
433 521
478 448
357 328
443 424
393 333
373 343
266 416
460 402
463 500
573 423
409 459
403 380
489 419
353 355
409 363
461 503
453 356
369 373
316 415
472 396
416 357
351 351
438 428
548 412
580 426
381 329
360 337
253 338
362 364
492 463
339 373
463 454
567 420
448 354
361 379
340 310
408 380
445 440
503 464
499 464
408 400
556 386
433 514
476 480
584 437
479 451
358 364
189 334
493 473
254 318
484 468
584 391
452 358
221 396
321 375
406 365
251 322
386 337
455 473
418 298
416 358
475 453
538 411
470 454
574 421
338 335
558 407
521 425
466 501
398 389
464 404
418 297
407 379
444 328
545 387
481 407
458 425
581 450
524 425
496 391
575 463
535 409
246 339
410 411
443 490
214 363
410 373
614 397
444 332
414 320
213 378
595 418
445 335
620 441
394 382
560 394
504 463
460 361
450 351
351 349
195 300
583 395
569 423
413 432
458 423
404 512
444 550
412 536
468 455
401 534
414 400
508 410
371 314
549 383
420 340
478 426
469 430
327 330
414 300
445 448
376 355
440 523
503 407
478 476
454 361
253 322
444 448
476 432
336 377
476 407
411 400
506 411
494 397
347 334
381 330
483 484
449 481
613 398
515 417
595 463
379 361
524 414
427 550
580 429
255 317
477 453
627 450
402 538
604 437
595 414
399 525
411 442
343 304
441 331
468 465
479 476
199 324
579 402
543 400
206 369
344 374
601 418
610 413
411 443
422 509
408 372
569 424
402 392
604 415
533 380
529 398
609 442
541 371
412 440
425 342
350 350
609 433
428 509
370 317
420 399
462 474
388 321
339 308
516 398
618 397
540 383
322 335
210 369
314 413
449 480
478 444
555 408
445 539
520 434
356 370
345 379
484 470
601 424
340 300
579 460
525 399
455 482
439 427
406 300
411 520
357 363
516 421
411 411
219 393
615 392
479 402
448 476
444 477
431 549
310 332
483 485
411 367
252 341
479 431
463 455
322 404
547 383
360 329
573 441
422 411
350 330
571 432
310 323
442 545
476 391
435 331
346 299
421 391
209 391
382 341
604 414
606 417
365 341
389 384
404 328
367 335
401 527
607 401
433 552
489 416
635 396
477 435
436 455
558 417
538 412
524 411
464 364
413 350
382 346
488 414
310 324
534 379
461 446
329 377
408 382
481 413
451 358
476 453
467 465
491 403
466 365
371 315
361 299
523 425
433 492
441 324
487 405
476 442
633 398
406 325
342 301
365 299
402 467
476 443
466 476
475 442
349 334
529 438
379 342
469 354
457 452
595 421
458 458
575 466
467 415
358 287
573 467
358 366
582 437
411 387
435 544
583 399
596 450
357 289
468 470
374 365
542 383
480 451
460 504
467 462
484 467
202 375
208 390
424 511
552 383
469 421
380 338
425 330
531 405
365 376
414 442
431 332
441 336
571 433
401 536
458 482
501 407
609 445
325 377
409 417
536 378
440 430
619 418
368 305
415 295
341 306
411 519
454 508
415 375
208 385
410 428
382 445
361 363
477 475
467 455
500 466
626 397
194 298
538 378
604 407
477 450
485 413
471 463
468 423
549 411
344 381
599 417
628 450
525 442
497 412
415 459
501 414
481 406
474 436
214 365
463 483
551 415
218 372
199 375
430 325
392 332
555 399
436 326
447 354
414 516
278 419
325 401
586 399
605 457
253 321
567 431
194 327
401 389
488 469
353 299
447 340
448 447
406 363
412 388
410 523
423 408
253 344
430 533
550 378
192 299
496 388
412 526
436 545
411 316
443 550
350 332
401 526
329 335
460 481
379 363
374 344
422 333
413 380
469 415
412 537
527 398
413 392
529 387
415 412
410 382
195 327
350 297
354 354
536 379
411 414
475 482
204 387
617 394
504 462
324 336
499 465
399 540
420 334
474 400
474 392
522 402
324 374
429 537
415 380
469 358
403 330
609 438
493 472
215 373
415 291
422 338
456 355
367 324
327 378
459 398
414 360
467 460
214 387
408 526
573 421
395 383
445 541
418 340
453 337
464 464
567 418
433 553
314 325
408 365
590 434
362 381
475 390
400 527
352 341
421 408
375 342
546 378
399 536
398 537
571 440
608 420
421 390
536 410
411 360
457 426
485 405
444 453
367 375
205 372
408 464
360 379
422 407
408 463
421 410
609 447
432 552
619 403
408 462
451 345
452 446
450 469
443 332
419 417
372 316
408 461
254 344
462 501
391 334
354 300
474 470
466 485
408 460
454 475
459 401
461 455
535 372
358 325
356 291
428 479
321 374
252 343
525 423
594 418
444 325
459 505
577 449
583 402
635 393
444 327
376 364
492 459
443 333
371 311
565 406
543 386
623 397
430 537
503 465
383 344
445 436
526 399
269 417
364 341
402 515
476 369
187 366
192 361
515 412
270 419
593 435
568 404
445 432
462 485
460 501
441 340
573 433
466 430
401 525
407 515
267 417
412 402
480 475
469 367
469 485
386 333
209 392
377 352
501 409
603 443
576 402
433 546
388 333
436 327
631 403
608 406
462 361
407 407
523 414
457 424
495 470
408 414
426 338
526 435
328 333
521 434
401 539
396 383
435 543
195 361
552 377
501 472
411 388
409 374
605 451
616 437
350 343
608 409
457 360
608 419
553 400
567 433
568 407
476 485
364 303
572 449
596 451
413 408
387 340
492 410
473 369
446 453
524 432
352 337
407 372
467 459
435 551
621 438
410 298
469 364
468 485
481 434
415 538
392 383
618 422
581 437
599 414
215 368
414 347
623 442
193 298
252 320
375 364
348 292
410 307
550 388
571 425
369 318
501 476
377 363
556 408
412 414
462 476
409 524
188 370
353 371
358 353
632 398
441 543
394 380
474 393
416 382
515 433
622 389
425 334
419 456
541 384
390 327
577 431
410 365
356 368
404 393
449 538
450 441
400 533
320 333
545 379
247 334
492 412
580 451
551 417
444 342
421 395
606 416
468 367
448 540
495 396
523 401
477 421
341 301
413 398
415 299
436 540
523 442
527 435
589 398
455 362
460 364
201 375
464 423
402 393
576 410
434 541
478 406
401 327
474 409
546 401
218 373
630 404
417 411
212 391
366 340
547 411
571 412
343 374
516 412
415 318
446 454
246 340
249 324
447 343
411 305
385 330
336 338
381 445
344 336
271 417
440 423
469 413
195 301
617 397
382 326
590 414
459 403
456 342
441 444
600 452
360 295
194 329
477 393
597 409
516 397
482 471
246 343
416 354
391 338
504 465
181 339
494 459
364 349
253 343
465 355
621 441
534 386
417 507
451 350
401 384
601 425
477 411
477 412
442 444
448 356
512 436
210 379
352 372
343 383
355 358
549 412
414 458
380 341
580 401
209 375
344 373
606 443
347 295
475 397
452 354
272 415
466 458
379 341
606 412
446 435
548 402
611 416
552 384
377 343
442 423
423 346
455 446
400 528
416 296
383 342
208 367
545 405
211 386
267 419
415 316
205 387
422 322
252 314
471 402
416 448
206 365
492 471
484 469
470 455
415 392
403 398
380 350
553 375
524 415
413 362
473 420
188 335
211 385
484 475
389 333
455 509
419 418
403 517
469 458
575 421
213 361
479 435
437 334
598 449
443 544
580 435
474 439
193 329
509 413
407 380
422 326
493 385
347 289
408 465
407 378
408 466
494 412
351 292
518 423
466 472
356 299
466 471
466 470
385 333
451 353
409 465
410 465
411 465
412 465
413 465
412 464
414 465
413 466
412 463
415 465
413 467
413 463
411 463
416 465
413 468
414 463
413 462
417 465
416 466
412 468
413 461
417 466
417 464
412 469
417 467
418 464
411 469
412 470
419 464
410 469
413 470
419 465
419 463
409 469
413 471
419 466
419 462
414 471
419 461
415 471
414 472
419 460
415 472
415 470
414 473
419 459
416 472
415 469
413 473
417 472
415 468
412 473
413 474
418 472
417 471
411 473
413 475
418 473
410 473
412 475
419 473
410 472
411 475
412 476
420 473
410 475
420 472
410 476
420 471
410 477
421 471
420 470
410 478
419 470
420 469
411 478
410 479
421 469
411 479
410 480
422 469
421 468
412 479
410 481
423 469
413 479
412 480
410 482
424 469
484 445
421 509
412 481
411 482
409 482
425 469
413 481
412 482
411 483
408 482
425 470
425 468
407 482
426 468
426 467
427 467
428 467
428 468
428 466
428 465
427 465
428 464
426 465
429 464
428 463
426 464
430 464
429 463
427 463
425 464
429 462
427 462
424 464
425 463
430 462
429 461
426 462
423 464
425 462
431 462
429 460
426 461
425 461
428 460
425 460
428 459
425 459
424 459
425 458
425 457
426 457
424 457
425 456
424 456
425 455
426 455
425 454
425 453
426 453
424 453
427 453
427 454
427 452
428 454
428 452
427 451
429 454
428 455
569 410
426 451
427 450
430 454
429 455
428 456
429 451
428 450
430 455
616 400
429 450
428 449
431 455
429 449
428 448
432 455
431 456
428 447
433 455
427 447
428 446
434 455
433 456
429 446
428 445
434 456
430 446
428 444
435 456
434 457
430 447
430 445
427 444
428 443
436 456
434 458
430 444
345 299
428 442
435 458
433 458
434 459
430 443
429 442
427 442
436 458
432 458
434 460
431 443
426 442
431 458
435 460
431 442
430 458
435 461
431 441
430 459
436 461
430 441
437 461
436 462
430 440
436 463
429 440
430 439
437 463
436 464
428 440
431 439
436 465
428 439
432 439
436 466
427 439
437 466
427 438
437 467
427 437
437 468
428 437
438 468
436 468
428 436
439 468
435 468
428 435
439 469
439 467
434 468
427 435
440 467
433 468
427 434
440 466
432 468
427 433
441 466
431 468
432 469
442 466
441 430
432 470
443 466
442 467
431 470
443 465
442 468
431 471
444 465
443 468
441 468
430 471
431 472
445 465
444 464
443 469
429 471
432 472
431 473
446 465
445 466
444 463
444 469
429 472
444 439
432 473
447 465
446 464
445 467
444 462
445 469
428 472
433 473
432 474
447 466
447 464
446 463
443 462
444 461
446 469
445 470
427 472
428 473
432 475
503 466
442 462
443 461
446 470
445 471
426 472
432 476
466 400
441 462
446 471
445 472
425 472
432 477
438 488
441 463
447 471
424 472
425 473
432 478
333 336
440 463
446 538
424 473
425 474
433 478
431 478
439 463
360 349
424 474
425 475
434 478
430 478
361 350
327 377
424 475
435 478
434 479
429 478
329 375
326 377
423 475
424 476
436 478
435 479
434 480
429 479
531 403
473 422
398 386
359 349
538 380
437 478
435 480
429 480
495 388
329 374
474 422
522 396
358 349
437 479
428 480
429 481
493 386
478 422
349 337
437 429
357 349
429 482
497 387
495 387
357 350
330 372
430 482
428 482
429 483
492 385
324 379
333 376
431 482
589 435
357 351
329 372
432 482
356 351
357 352
334 376
355 351
357 353
433 482
323 380
352 333
478 427
451 542
356 353
433 483
433 481
330 370
356 354
433 484
331 369
336 375
352 351
355 354
433 485
356 355
385 388
434 485
432 485
433 486
352 335
356 356
434 486
431 485
320 381
357 356
434 487
431 445
310 328
493 474
434 488
476 427
491 465
435 488
433 488
434 489
492 466
493 470
432 488
434 490
355 360
488 466
432 487
434 491
491 471
446 549
423 470
434 492
470 422
409 323
435 492
434 493
330 379
331 379
362 348
436 492
433 493
361 349
331 380
436 493
436 491
432 493
330 381
332 381
436 494
437 491
431 493
432 494
432 492
362 349
363 349
361 345
468 422
335 382
435 494
436 495
438 491
430 493
432 495
336 384
337 384
339 383
365 347
357 333
437 495
439 491
430 494
432 496
467 419
339 384
345 385
364 347
363 346
505 461
439 492
439 490
432 497
358 333
358 334
356 336
349 380
359 334
357 336
374 364
440 492
439 489
432 498
359 335
357 337
348 380
400 540
501 475
434 522
441 492
440 489
439 488
433 498
431 498
539 373
536 372
505 460
414 514
400 539
441 493
439 487
433 499
430 498
599 415
476 390
413 517
459 399
501 471
515 419
442 493
456 461
439 486
433 500
607 400
430 499
430 497
596 457
473 389
625 442
436 528
401 537
472 432
217 360
443 493
537 378
440 486
434 500
433 501
429 499
429 497
449 476
401 535
597 411
478 428
443 494
443 492
441 486
435 500
433 502
429 500
535 387
334 370
494 387
500 413
444 494
443 495
444 492
442 486
441 487
410 389
432 502
433 503
428 500
499 473
382 324
367 323
531 388
445 494
443 496
445 492
600 405
442 485
433 504
428 501
336 374
358 372
401 529
397 521
426 510
181 337
444 496
442 496
443 497
415 376
433 505
428 502
183 335
191 361
561 417
412 295
526 425
411 436
444 497
410 383
433 506
427 502
350 337
620 423
424 510
429 504
379 355
434 506
426 502
427 503
404 327
194 296
196 290
369 337
435 506
434 507
565 464
568 432
444 430
537 405
444 445
299 403
435 507
435 505
434 508
566 463
470 366
491 464
428 535
541 418
436 507
435 504
433 508
565 465
556 396
593 404
619 421
247 333
517 399
521 395
437 507
432 508
566 464
428 458
617 420
577 419
572 428
526 423
522 394
424 513
425 512
438 507
431 508
567 467
573 432
572 423
438 541
358 328
444 452
530 401
442 450
439 507
401 330
566 465
614 396
610 447
422 511
428 512
429 513
439 508
613 445
568 463
568 467
606 405
583 391
188 333
612 445
190 369
361 336
525 428
361 294
440 508
439 509
612 446
606 448
572 463
567 465
210 380
611 437
422 510
423 508
430 514
180 337
440 509
438 509
612 436
613 446
605 448
568 464
568 466
571 463
568 465
436 429
403 393
608 438
362 294
445 441
361 293
440 510
438 510
613 436
613 447
604 448
570 463
547 384
206 388
611 441
422 508
430 513
430 517
420 507
441 510
440 511
605 449
613 437
580 455
569 465
359 369
364 326
193 296
608 446
609 439
439 511
613 435
613 448
604 447
570 464
584 460
581 457
204 372
570 420
526 434
609 441
605 443
439 512
605 450
614 437
310 329
580 456
570 465
320 383
610 417
422 506
430 518
429 517
438 512
309 325
310 325
584 461
580 457
578 457
415 344
482 413
197 290
607 443
437 512
438 513
310 327
309 326
571 465
408 305
606 401
322 333
582 434
389 322
359 290
437 511
438 514
576 467
311 325
310 326
583 461
192 363
568 419
567 419
617 402
432 514
433 515
436 511
438 515
584 467
579 463
311 326
577 469
579 457
571 466
571 468
619 402
610 412
535 410
560 415
563 418
249 332
246 333
604 433
438 516
575 467
405 463
405 462
404 462
403 462
403 461
402 461
403 460
401 461
400 461
399 461
400 462
398 461
399 460
400 463
399 459
401 463
398 459
402 463
397 459
402 464
396 459
434 553
395 459
396 458
317 414
395 460
395 458
396 457
582 393
394 460
395 457
611 436
394 461
394 457
395 456
587 398
584 389
394 462
394 456
395 455
589 396
393 462
394 463
393 463
394 464
392 463
394 465
391 463
395 465
394 466
391 464
396 465
395 466
390 464
397 465
395 467
389 464
398 465
395 468
388 464
399 465
398 466
398 464
395 469
387 464
388 465
399 466
395 470
387 465
400 466
399 467
396 470
394 470
386 465
401 466
399 468
397 470
393 470
394 471
385 465
399 469
393 469
394 472
385 464
384 464
385 463
383 464
382 464
382 463
381 463
380 463
380 464
380 462
379 464
380 465
380 461
381 465
381 461
380 460
381 466
380 459
382 466
381 459
379 459
383 466
382 459
378 459
379 458
383 467
383 459
382 458
377 459
383 468
383 460
376 459
377 460
382 468
384 460
375 459
376 460
382 469
385 460
374 459
375 460
376 461
381 469
385 461
385 459
374 460
375 461
380 469
381 470
386 461
385 458
373 460
379 469
380 468
387 461
385 457
372 460
378 469
387 460
385 456
371 460
378 470
388 460
386 456
384 456
385 455
371 461
378 471
389 460
388 459
384 455
385 454
379 471
389 459
385 453
385 452
386 452
386 451
387 451
386 450
388 451
386 449
387 449
385 449
387 448
384 449
387 447
384 448
388 447
387 446
389 447
387 445
321 333
387 444
387 443
386 443
385 443
384 443
384 444
384 442
383 444
384 445
384 441
585 395
385 445
384 440
626 442
383 440
627 442
382 440
383 439
536 380
381 440
383 438
536 381
538 375
381 441
384 438
382 438
383 437
607 459
380 441
381 438
382 437
383 436
622 442
380 438
433 460
383 435
379 438
380 437
382 435
384 435
378 438
379 439
382 434
385 435
377 438
382 433
385 436
376 438
383 433
386 436
376 437
387 436
376 436
388 436
387 437
375 436
389 436
388 435
387 438
374 436
390 436
388 434
374 435
390 435
387 434
373 435
374 434
390 434
387 433
372 435
373 434
374 433
391 434
371 435
372 436
372 434
373 433
391 433
370 435
371 436
391 432
369 435
371 437
391 431
368 435
369 436
369 434
371 438
392 431
368 436
369 437
369 433
371 439
393 431
368 437
371 440
393 430
368 438
370 440
371 441
367 438
368 439
369 440
371 442
369 441
371 443
371 444
372 444
370 444
372 445
369 444
372 446
368 444
372 447
368 445
372 448
367 445
368 446
373 448
371 448
366 445
373 449
371 449
365 445
366 446
366 444
365 446
366 447
366 443
364 446
365 447
366 448
366 442
364 447
367 448
366 449
363 447
365 449
362 447
364 449
361 447
364 450
361 448
363 450
360 448
361 449
363 451
359 448
576 420
363 452
358 448
359 447
363 453
358 447
364 453
362 453
363 454
357 447
364 454
356 447
364 455
355 447
356 446
365 455
356 445
366 455
356 444
366 456
366 454
357 444
356 443
356 442
355 442
356 441
354 442
355 441
357 441
353 442
355 440
358 441
357 440
353 443
354 440
355 439
357 439
352 443
353 444
354 439
356 439
357 438
351 443
352 444
354 444
353 445
353 439
354 438
351 442
354 445
354 437
350 442
354 436
355 436
353 436
353 435
353 434
352 434
353 433
351 434
353 432
350 434
351 433
350 433
349 433
348 433
347 433
314 400
347 434
347 432
347 435
347 431
347 436
348 431
346 431
348 430
345 431
349 430
348 429
344 431
345 430
349 429
347 429
348 428
343 431
350 429
347 428
342 431
343 430
351 429
346 428
341 431
345 428
346 427
340 431
341 432
344 428
340 432
343 428
261 346
339 432
342 428
343 427
338 432
341 428
343 426
337 432
338 433
341 429
341 427
344 426
343 425
336 432
338 434
340 427
343 424
336 433
339 427
343 423
336 434
338 427
343 422
335 434
337 427
338 428
344 422
343 421
335 435
336 427
337 428
337 426
345 422
342 421
343 420
334 435
335 436
336 428
337 425
346 422
335 437
337 424
347 422
334 437
347 421
333 437
334 438
348 421
332 437
334 439
348 420
332 436
333 439
349 420
331 436
332 439
350 420
330 436
332 440
351 420
350 421
330 437
330 435
332 441
352 420
351 419
350 422
330 438
329 435
332 442
353 420
351 422
329 434
331 442
353 421
353 419
329 433
330 442
331 443
354 419
353 418
330 433
328 433
330 441
355 419
354 418
327 433
330 440
356 419
354 417
326 433
327 432
329 440
357 419
356 420
354 416
326 434
326 432
327 431
358 419
357 418
325 434
326 435
326 431
359 419
358 420
358 418
357 417
324 434
326 436
360 419
357 416
323 434
361 419
360 420
323 433
361 420
322 433
362 420
321 433
363 420
320 433
364 420
319 433
365 420
318 433
319 434
319 432
366 420
319 435
319 431
366 421
320 435
319 430
366 422
321 435
319 429
366 423
322 435
321 436
320 429
319 428
367 423
365 423
322 436
321 429
318 428
368 423
364 423
365 424
323 436
322 429
317 428
318 427
369 423
364 424
365 425
323 437
323 429
322 428
317 429
369 424
363 424
365 426
323 438
324 429
323 430
323 428
322 427
316 429
370 424
362 424
363 425
365 427
323 439
322 426
316 430
361 424
362 425
363 426
366 427
364 427
324 439
322 425
361 425
361 423
363 427
367 427
366 428
364 428
325 439
323 425
322 424
360 423
363 428
366 429
364 429
322 423
364 430
323 423
322 422
363 430
323 422
322 421
362 430
363 431
324 422
323 421
321 421
361 430
325 422
321 420
360 430
361 431
361 429
326 422
325 423
325 421
320 420
361 432
327 422
326 423
326 421
325 424
320 419
361 433
328 422
326 424
360 433
328 423
328 421
328 424
328 420
328 425
327 420
328 419
328 426
328 418
329 426
329 418
330 426
330 418
329 417
331 426
330 427
330 419
329 416
331 427
331 425
331 419
330 420
330 416
328 416
427 476
331 424
331 420
331 416
327 416
328 415
418 507
422 507
331 415
326 416
328 414
476 413
498 386
325 416
328 413
475 412
324 416
328 412
547 379
329 412
327 412
328 411
328 410
329 410
327 410
329 409
326 410
330 409
329 408
325 410
330 408
328 408
329 407
324 410
325 411
331 408
327 408
329 406
323 410
324 411
325 412
332 408
326 408
330 406
322 410
323 409
332 409
326 407
321 410
322 411
333 409
332 410
326 406
321 411
333 410
332 411
325 406
320 411
334 410
333 411
331 411
324 406
319 411
335 410
334 411
324 405
318 411
319 410
336 410
335 409
334 412
534 378
317 411
319 409
337 410
334 413
474 437
334 431
316 411
320 409
318 409
338 410
334 414
335 431
336 431
315 411
318 408
338 411
338 409
335 414
334 415
213 387
315 402
318 407
339 411
338 412
338 408
335 415
492 464
319 407
317 407
318 406
340 411
338 407
336 415
490 464
494 465
316 407
317 406
318 405
341 411
339 407
338 406
336 416
495 409
316 408
316 406
317 405
341 410
339 406
337 406
336 417
555 387
315 408
342 410
341 409
337 405
337 417
336 418
314 408
341 408
337 418
313 408
314 407
313 409
313 407
314 406
312 409
314 405
311 409
312 410
315 405
310 409
312 411
315 404
309 409
548 413
312 412
548 378
308 409
432 555
312 413
474 414
429 554
313 413
497 393
310 408
310 407
309 407
309 406
308 406
307 406
308 405
308 404
309 404
308 403
310 404
307 403
308 402
311 404
306 403
305 403
304 403
305 404
304 404
305 405
303 404
305 406
302 404
304 406
301 404
302 403
304 407
300 404
301 403
302 402
304 408
299 404
300 405
303 402
299 405
303 401
298 405
304 401
297 405
298 406
304 400
296 405
305 400
295 405
305 399
294 405
305 398
293 405
304 398
292 405
293 406
303 398
292 406
302 398
303 397
291 406
301 398
303 396
291 407
300 398
303 395
290 407
291 408
300 399
300 397
303 394
289 407
290 408
291 409
300 396
288 407
290 409
291 410
300 395
287 407
290 410
292 410
291 411
301 395
299 395
300 394
287 408
287 406
289 410
298 395
299 394
300 393
286 406
287 405
288 410
297 395
285 406
287 404
287 410
288 411
296 395
297 396
285 407
286 404
288 412
296 396
285 408
286 403
288 413
284 408
285 403
286 402
289 413
287 413
284 409
287 402
286 401
289 414
286 413
284 410
285 401
286 400
290 414
285 413
283 410
284 401
285 400
287 400
291 414
285 414
282 410
283 401
284 402
285 399
288 400
287 399
292 414
284 414
285 415
281 410
282 401
289 400
288 401
293 414
292 415
285 416
281 411
281 401
290 400
292 416
285 417
281 412
290 399
293 416
292 417
284 417
285 418
282 412
290 398
291 417
292 418
283 412
282 413
290 397
291 418
293 418
292 419
283 413
282 414
289 397
294 418
292 420
281 414
288 397
295 418
280 414
281 415
288 396
296 418
295 419
280 415
280 413
281 416
287 396
297 418
279 415
279 413
281 417
286 396
279 416
279 412
280 417
285 396
286 395
279 411
280 418
284 396
286 394
280 419
286 393
280 420
285 393
280 421
285 392
279 421
280 422
285 391
278 421
281 422
286 391
285 390
278 422
522 436
282 422
286 390
285 389
278 423
521 436
282 421
286 389
284 389
278 424
521 437
283 421
286 388
277 424
521 438
284 421
286 387
276 424
522 438
285 421
285 387
286 386
276 425
276 423
522 439
286 421
285 422
287 386
286 385
276 426
275 423
523 439
287 421
286 422
288 386
286 384
276 427
274 423
417 497
287 420
289 386
287 384
277 427
275 427
276 428
420 501
288 420
288 384
278 427
276 429
417 498
289 420
288 419
288 383
277 429
275 429
420 500
289 421
288 418
289 383
277 430
274 429
275 430
419 497
418 498
289 422
290 383
289 382
277 431
273 429
420 499
419 498
420 498
289 423
291 383
277 432
273 430
273 428
423 496
290 423
289 424
291 384
278 432
273 431
273 427
425 496
422 499
291 423
279 432
272 431
273 432
273 426
421 498
424 496
291 424
279 431
271 431
273 433
273 425
422 498
424 497
291 425
280 431
271 430
273 434
274 425
273 424
423 498
424 498
292 425
290 425
281 431
270 430
274 434
272 434
272 424
424 499
424 500
425 500
293 425
292 426
282 431
270 429
274 435
271 434
272 423
425 501
426 501
293 426
293 424
283 431
282 432
270 428
274 436
270 434
272 422
294 426
293 423
284 431
282 433
269 428
273 436
294 427
294 423
284 432
283 433
281 433
269 427
272 436
294 428
294 422
285 432
268 427
272 437
294 429
295 422
267 427
268 426
272 438
295 429
296 422
266 427
267 426
273 438
272 439
296 429
297 422
266 426
274 438
273 439
297 429
298 422
265 426
273 440
298 429
299 422
264 426
274 440
299 429
298 428
299 423
263 426
275 440
274 441
299 430
298 427
300 423
262 426
263 425
274 442
299 431
299 427
297 427
301 423
300 424
261 426
262 427
263 424
274 443
300 431
298 431
299 432
297 426
301 422
260 426
262 428
262 424
273 443
301 431
298 432
299 433
297 425
302 422
260 427
260 425
262 429
261 424
262 423
272 443
273 444
301 432
301 430
298 433
297 424
303 422
260 428
259 425
263 429
261 429
262 430
261 423
262 422
273 445
301 433
297 433
303 423
260 429
259 424
262 431
260 423
262 421
274 445
273 446
302 433
301 434
303 424
258 424
263 431
260 422
261 421
262 420
275 445
303 433
300 434
303 425
257 424
258 423
264 431
276 445
275 446
304 433
300 435
256 424
257 423
277 445
304 432
300 436
255 424
256 423
278 445
277 446
305 432
300 437
255 425
255 423
278 444
277 447
301 437
300 438
255 426
254 423
255 422
279 444
302 437
299 438
255 427
255 421
280 444
279 443
303 437
255 428
256 421
255 420
281 444
303 438
254 428
255 419
282 444
281 443
303 439
253 428
254 429
254 419
282 443
303 440
252 428
254 430
253 419
282 442
302 440
303 441
251 428
252 427
255 430
254 431
253 420
283 442
302 441
303 442
251 429
252 426
256 430
284 442
301 441
304 442
251 426
252 425
256 431
285 442
284 441
300 441
301 442
250 426
257 431
256 432
284 440
299 441
300 442
301 443
250 427
250 425
285 440
298 441
301 444
250 424
285 439
297 441
302 444
300 444
301 445
249 424
297 442
302 445
301 446
248 424
249 423
296 442
302 446
300 446
247 424
249 422
295 442
300 447
247 423
249 421
294 442
299 447
248 421
293 442
294 443
248 420
292 442
293 441
294 444
248 419
295 444
294 445
248 418
293 445
249 418
247 418
292 445
293 446
250 418
246 418
247 417
291 445
250 417
245 418
246 417
247 416
290 445
251 417
244 418
245 419
247 415
243 418
245 420
248 415
242 418
248 414
241 418
248 413
240 418
249 413
247 413
240 417
250 413
247 412
239 417
250 414
250 412
247 411
238 417
250 411
247 410
238 416
251 411
250 410
248 410
247 409
237 416
238 415
246 409
247 408
236 416
248 408
235 416
236 417
249 408
235 415
250 408
249 407
234 415
250 407
249 406
233 415
251 407
249 405
232 415
233 414
250 405
249 404
231 415
232 414
233 413
250 404
248 404
231 416
231 414
233 412
251 404
247 404
248 403
231 417
231 413
233 411
251 403
232 417
230 417
230 413
232 411
252 403
233 417
230 418
229 413
253 403
233 418
229 414
254 403
253 404
228 414
255 403
254 402
253 405
228 415
255 404
254 401
252 405
253 406
228 416
255 401
253 401
254 400
254 406
253 407
228 417
256 401
254 399
255 406
228 418
257 401
254 398
256 406
227 418
257 402
255 398
253 398
254 397
257 406
256 407
226 418
256 398
255 397
253 397
254 396
225 418
256 397
252 397
253 396
254 395
225 419
252 396
224 419
252 395
223 419
251 395
223 420
223 418
250 395
251 394
223 417
250 394
222 417
249 394
221 417
248 394
249 393
220 417
221 416
247 394
249 392
220 418
220 416
221 415
246 394
250 392
248 392
249 391
219 418
220 419
220 415
245 394
246 395
248 391
249 390
218 418
220 420
219 415
246 396
247 391
248 390
218 419
220 421
219 414
246 397
246 391
248 389
218 420
219 421
220 422
219 413
245 391
217 420
220 423
218 413
219 412
244 391
245 390
216 420
219 423
217 413
218 412
220 412
219 411
243 391
244 392
245 389
216 421
216 419
219 424
217 412
218 411
221 412
242 391
243 390
244 389
245 388
215 421
219 425
218 410
241 391
242 392
245 387
214 421
215 422
219 426
218 409
240 391
244 387
245 386
215 423
220 426
218 426
217 409
218 408
240 390
245 385
215 424
221 426
216 409
217 408
218 407
246 385
244 385
215 425
222 426
221 425
216 408
219 407
247 385
244 384
214 425
223 426
222 427
222 425
219 406
248 385
247 384
243 384
213 425
223 425
222 428
220 406
248 386
248 384
247 383
243 383
212 425
224 425
223 428
222 429
221 406
220 405
248 387
247 382
211 425
212 424
224 424
222 430
222 406
220 404
247 387
248 382
246 382
210 425
211 424
225 424
224 423
221 430
222 431
223 406
222 407
222 405
220 403
232 427
248 381
245 382
209 425
211 423
226 424
224 422
222 432
223 407
222 408
220 402
248 380
209 426
209 424
211 422
227 424
226 425
224 421
224 407
221 408
220 401
249 380
247 380
248 379
208 426
209 427
208 424
209 423
212 422
211 421
228 424
227 425
227 423
225 421
225 407
220 408
221 401
219 401
220 400
246 380
248 378
207 426
208 427
210 427
212 421
210 421
229 424
225 408
222 401
218 401
219 400
220 399
245 380
246 379
248 377
208 428
212 420
210 420
230 424
229 425
223 401
217 401
244 380
245 379
247 377
248 376
208 429
210 419
231 424
223 400
217 400
243 380
244 381
249 376
248 375
209 429
208 430
210 418
231 425
231 423
223 399
243 381
250 376
249 375
247 375
248 374
209 430
207 430
208 431
232 425
231 426
232 423
222 399
223 398
242 381
250 377
246 375
248 373
208 432
230 426
231 427
232 422
224 398
241 381
250 378
246 376
249 373
248 372
209 432
207 432
231 428
233 422
224 397
240 381
241 380
251 378
250 379
250 373
248 371
209 433
207 433
232 428
230 428
234 422
224 396
239 381
240 382
241 379
252 378
251 373
249 371
247 371
248 370
210 433
206 433
230 429
235 422
234 421
223 396
224 395
238 381
239 380
252 379
252 377
252 373
251 372
246 371
248 369
211 433
206 434
230 430
235 423
225 395
224 394
238 380
253 379
253 373
247 369
212 433
206 435
231 430
229 430
224 393
238 379
254 379
254 373
253 374
246 369
247 368
213 433
212 434
207 435
206 436
232 430
229 431
225 393
224 392
238 378
255 379
255 373
246 368
214 433
213 434
208 435
207 436
205 436
232 431
228 431
229 432
224 391
238 377
255 380
256 373
255 374
255 372
246 367
215 433
214 434
207 437
205 437
232 432
230 432
229 433
225 391
223 391
239 377
238 376
255 381
256 374
256 372
245 367
246 366
215 434
233 432
231 432
230 433
225 390
222 391
223 390
239 376
256 381
257 374
256 375
257 372
244 367
247 366
216 434
230 434
225 389
221 391
222 390
256 382
258 374
244 368
244 366
247 365
216 435
230 435
221 392
257 382
256 383
244 365
247 364
217 435
216 436
230 436
220 392
258 382
255 383
246 364
247 363
217 436
215 436
231 436
219 392
259 382
258 383
258 381
254 383
255 384
245 364
247 362
217 437
214 436
215 437
217 411
260 382
258 380
253 383
255 385
246 362
218 437
217 438
214 437
260 352
258 352
259 380
258 379
253 384
255 386
245 362
218 438
216 438
213 437
214 438
256 354
259 352
260 380
258 378
255 387
244 362
216 439
212 437
213 438
258 353
257 354
261 380
243 362
244 361
211 437
212 436
187 312
186 311
184 309
259 353
258 354
187 311
262 380
261 381
261 379
242 362
243 363
211 438
211 436
185 309
259 354
258 355
258 357
263 380
241 362
211 439
210 436
187 310
186 309
264 380
241 363
185 308
265 380
264 379
240 363
241 364
259 355
259 357
265 381
265 379
239 363
240 364
187 309
186 308
262 359
266 381
266 379
265 378
238 363
260 355
260 357
267 381
266 382
267 379
238 362
187 306
187 308
268 381
266 383
268 379
237 362
238 361
262 358
263 357
260 356
269 381
265 383
268 378
237 361
188 306
187 307
270 381
264 383
269 378
236 361
262 357
261 356
275 344
270 382
263 383
264 384
270 378
236 360
189 306
188 307
262 356
270 383
262 383
264 385
270 377
236 359
274 344
189 307
271 383
261 383
265 385
235 359
236 358
262 355
261 354
272 383
271 384
261 384
266 385
235 358
236 357
273 344
189 308
271 385
260 384
261 385
267 385
235 357
236 356
262 354
261 353
272 344
271 386
234 357
236 355
190 308
262 353
261 348
233 357
236 354
271 346
272 345
191 308
262 352
232 357
233 358
236 353
261 349
271 345
185 315
192 308
262 351
232 358
232 356
237 353
261 350
265 334
264 335
270 345
232 359
232 355
238 353
237 352
184 315
184 317
192 309
232 360
232 354
239 353
237 351
262 350
265 335
270 344
231 360
231 354
239 352
237 350
270 338
184 316
230 360
231 361
230 354
231 353
240 352
239 351
237 349
192 310
231 362
229 354
231 352
239 350
238 349
236 349
263 350
265 336
232 362
230 362
231 363
228 354
229 355
229 353
231 351
235 349
236 348
269 344
270 339
229 362
231 364
227 354
228 355
229 352
232 351
234 349
236 347
183 316
190 311
229 363
231 365
228 356
233 351
236 346
192 311
263 349
265 337
228 363
232 365
230 365
231 366
227 356
234 351
237 346
235 346
268 344
269 339
227 363
228 364
232 366
229 365
231 367
235 351
238 346
234 346
235 345
270 340
182 316
227 364
233 366
231 368
233 346
234 345
191 311
189 313
233 367
231 369
232 346
264 349
265 348
265 338
231 370
232 345
268 343
269 340
182 317
231 371
231 345
191 312
189 314
230 371
230 345
188 315
209 332
264 348
265 339
268 342
269 341
229 371
230 344
182 318
181 321
191 313
189 315
189 317
188 316
208 332
228 371
230 343
209 331
247 348
264 347
266 339
268 341
231 343
230 342
185 322
182 319
181 320
191 314
189 316
194 317
207 332
231 342
229 342
208 331
248 344
248 348
247 347
264 346
266 340
267 341
231 341
228 342
229 341
185 321
182 320
191 315
190 316
232 341
228 343
192 316
193 317
207 331
233 341
232 340
227 343
248 345
248 347
263 346
266 341
234 341
233 342
232 339
226 343
184 321
183 320
191 316
192 317
233 343
231 339
232 338
226 344
226 342
206 331
256 350
257 351
248 346
263 345
265 341
230 339
231 338
232 337
225 344
226 341
184 320
191 317
205 331
256 351
251 344
249 346
262 345
264 341
229 339
231 337
233 337
226 340
184 319
191 318
204 331
255 351
251 345
250 346
251 351
261 345
229 338
234 337
233 336
227 340
225 340
263 341
186 318
185 319
191 319
203 331
250 313
254 351
235 337
225 339
251 346
251 350
260 345
259 344
261 344
263 342
186 319
225 338
190 319
203 330
249 313
253 351
252 350
251 347
224 338
225 337
251 349
250 348
223 338
224 337
226 337
260 344
262 342
186 320
223 339
190 320
203 329
222 339
205 327
249 312
221 339
222 340
253 350
251 348
260 343
220 339
221 338
222 341
261 342
187 320
189 320
219 339
223 341
221 341
203 328
205 326
218 339
219 338
220 341
221 342
249 311
217 339
219 337
253 349
252 348
217 340
220 337
218 337
259 341
217 341
218 336
260 342
188 320
218 341
216 341
217 342
217 336
203 327
217 343
216 336
217 335
204 326
217 344
215 336
216 337
217 334
250 309
250 311
218 344
214 336
218 334
253 348
259 342
219 344
218 345
214 337
219 334
218 333
188 321
203 326
205 324
220 344
218 346
214 338
220 334
218 332
250 310
253 347
258 342
188 322
190 322
221 344
213 338
214 339
218 331
203 323
203 325
222 344
215 339
214 340
218 330
204 324
251 310
214 341
219 330
217 330
218 329
253 310
254 347
214 342
220 330
216 330
257 342
214 343
220 331
220 329
215 330
216 329
189 322
203 324
215 343
213 343
214 344
220 328
214 330
252 310
254 346
213 344
214 345
214 331
214 329
256 346
256 342
212 344
214 328
257 343
189 323
202 324
252 311
211 344
215 328
251 312
255 346
211 345
215 327
256 343
190 325
211 346
216 327
215 326
189 324
211 347
217 327
215 325
200 325
212 347
211 348
216 325
214 325
201 324
213 347
212 348
211 349
216 324
213 325
252 312
212 349
210 349
217 324
216 323
212 325
209 349
217 323
216 322
211 325
208 349
209 350
218 323
217 322
216 321
210 325
211 326
209 351
216 320
209 325
211 327
210 351
209 352
216 319
211 351
209 353
217 319
215 319
216 318
212 351
208 353
209 354
214 319
216 317
213 351
207 353
210 354
213 319
217 317
214 351
206 353
207 354
211 354
212 319
213 320
218 317
215 351
214 352
206 352
211 355
211 319
212 318
213 321
219 317
218 316
215 350
214 353
206 351
212 355
212 317
214 321
220 317
216 350
215 349
214 354
207 351
205 351
213 355
213 317
211 317
212 316
220 318
220 316
217 350
215 348
215 354
204 351
210 317
211 316
220 319
221 316
218 350
215 347
215 355
204 350
209 317
211 315
221 319
222 316
219 350
218 349
216 355
215 356
203 350
208 317
210 315
211 314
223 316
222 315
219 349
218 348
202 350
208 318
210 314
211 313
224 316
223 317
222 314
220 349
201 350
202 351
208 319
209 314
210 313
212 313
224 317
222 313
200 350
202 352
208 314
213 313
212 312
224 318
223 313
221 313
199 350
203 352
201 352
207 314
208 315
214 313
212 311
225 318
224 313
220 313
198 350
199 349
201 353
207 315
207 313
214 314
213 311
211 311
226 318
224 312
220 312
197 350
199 348
200 353
201 354
207 316
206 313
211 310
227 318
226 317
224 311
219 312
196 350
197 349
199 347
202 354
201 355
205 313
206 312
210 310
228 318
226 316
225 311
218 312
195 350
197 348
199 346
203 354
201 356
204 313
206 311
209 310
229 318
228 319
226 315
225 310
217 312
218 313
218 311
194 350
197 347
198 346
202 356
203 313
204 312
208 310
209 309
228 320
226 314
225 309
217 313
193 350
194 351
194 349
196 347
198 345
203 356
202 313
203 314
209 308
229 320
228 321
226 313
225 308
216 313
217 314
192 350
195 347
197 345
203 357
201 313
203 315
208 308
209 307
230 320
228 322
226 312
194 347
203 358
208 307
209 306
231 320
229 322
227 322
193 347
203 359
207 307
232 320
229 323
226 322
227 323
192 347
202 359
206 307
207 306
229 324
225 322
226 321
191 347
207 305
230 324
225 323
225 321
191 348
207 304
231 324
230 325
224 323
224 321
191 349
208 304
206 304
232 324
224 324
223 321
190 349
209 304
208 303
205 304
233 324
223 324
224 325
189 349
209 303
208 302
204 304
205 305
234 324
233 325
233 323
225 325
224 326
188 349
210 303
208 301
204 305
204 303
235 324
233 326
225 326
187 349
211 303
210 302
203 305
204 302
236 324
232 326
226 326
186 349
212 303
202 305
204 301
237 324
232 327
226 327
185 349
186 350
213 303
212 304
201 305
202 304
205 301
203 301
204 300
238 324
237 325
227 327
184 349
185 348
214 303
213 302
201 306
204 299
239 324
238 323
228 327
184 350
184 348
185 347
214 302
200 306
201 307
205 299
203 299
204 298
239 325
228 328
183 348
184 347
185 346
215 302
199 306
200 307
206 299
202 299
204 297
240 325
182 348
186 346
185 345
216 302
215 301
199 307
199 305
206 298
201 299
204 296
240 326
182 349
187 346
185 344
216 301
198 307
199 304
207 298
203 296
241 326
187 347
186 344
184 344
185 343
217 301
198 308
199 303
207 297
203 295
242 326
184 343
185 342
208 297
207 296
202 295
243 326
242 325
186 342
206 296
201 295
244 326
186 341
206 295
200 295
245 326
244 327
186 340
199 295
246 326
187 340
185 340
186 339
198 295
199 296
246 327
246 325
186 338
197 295
246 328
246 324
187 338
185 338
196 295
197 296
245 328
246 329
247 324
245 324
187 337
185 337
196 296
196 294
247 329
247 323
244 324
187 336
184 337
195 294
196 293
247 330
248 323
247 322
244 323
188 336
187 335
183 337
194 294
197 293
196 292
247 331
249 323
244 322
189 336
629 450
629 451
630 451
630 452
631 451
630 453
632 451
629 453
633 451
629 454
634 451
629 455
628 454
634 452
629 456
627 454
634 453
629 457
629 458
629 459
629 460
628 459
630 459
628 460
631 459
627 460
631 460
626 460
631 461
632 460
632 461
633 460
632 462
632 463
633 462
632 464
634 462
632 465
631 464
635 462
632 466
636 462
631 466
633 466
637 462
630 466
633 467
637 463
637 461
630 467
633 468
637 464
638 461
630 468
632 468
634 468
639 461
630 469
635 468
630 470
636 468
629 470
631 470
636 467
629 471
628 470
631 471
629 472
627 470
628 472
626 470
628 473
626 469
625 470
628 474
626 468
625 471
628 475
625 468
625 472
628 476
629 475
625 467
624 468
625 473
629 476
625 466
625 474
630 476
625 465
626 466
624 474
625 464
624 465
626 465
624 475
623 474
623 465
624 476
623 473
622 474
623 466
623 464
622 465
624 477
623 472
622 473
622 475
621 465
624 478
621 473
622 476
621 475
621 466
620 465
624 479
621 472
622 477
620 475
620 464
619 465
623 479
625 479
621 471
620 472
621 477
620 474
619 475
620 463
619 466
618 465
625 480
626 479
621 470
622 471
620 477
619 474
618 475
621 463
618 464
626 478
620 478
619 473
617 475
618 463
626 477
620 479
618 473
617 476
618 462
617 463
620 480
621 479
617 473
617 477
618 461
616 463
616 473
616 477
617 461
619 461
616 464
616 474
616 472
615 473
616 478
322 348
616 465
615 474
616 471
616 479
324 345
616 466
615 475
615 471
617 471
616 480
329 347
322 347
616 467
617 466
614 475
614 471
616 481
615 480
325 345
329 349
615 467
613 471
323 347
324 348
614 467
613 472
612 471
329 348
328 349
318 339
614 468
611 471
324 347
325 346
610 471
610 472
610 470
610 473
609 470
610 474
609 469
608 470
609 468
607 470
609 467
608 468
610 468
606 470
609 466
611 468
608 466
610 466
607 466
607 465
606 466
607 464
606 467
607 463
606 464
605 467
608 463
605 468
608 462
604 468
608 461
609 462
603 468
607 461
603 469
603 470
603 471
603 472
603 473
602 472
601 472
600 472
599 472
599 473
599 471
598 473
599 470
598 474
597 473
598 470
597 474
597 470
596 474
597 469
596 475
597 468
596 469
596 476
597 467
595 469
595 476
597 466
598 467
595 468
594 469
595 477
594 476
597 465
598 466
599 467
594 468
595 478
593 476
597 464
596 465
599 466
600 467
594 467
593 468
595 479
592 476
599 465
594 466
595 480
594 479
592 477
600 465
593 466
596 480
593 479
591 477
601 465
592 466
597 480
593 480
591 478
590 477
601 464
602 465
598 480
592 480
591 479
598 479
599 480
592 481
591 480
600 480
591 481
600 481
601 480
590 481
600 482
602 480
589 481
600 483
603 480
588 481
603 481
604 480
588 480
603 482
604 481
604 479
605 480
587 480
603 483
605 479
587 479
604 483
605 478
606 479
587 478
606 478
586 478
606 477
585 478
606 476
607 477
585 479
585 477
606 475
608 477
585 476
607 475
609 477
585 475
586 476
608 475
610 477
584 475
583 475
583 474
583 473
583 472
582 473
583 471
584 472
582 471
582 470
581 470
580 470
580 469
580 468
580 467
579 467
581 467
579 466
578 467
582 467
579 465
577 467
582 468
583 467
579 464
577 468
324 337
325 337
326 337
325 338
327 337
325 339
326 339
324 339
325 340
327 339
325 341
328 339
327 340
324 341
325 342
328 338
327 341
323 341
329 338
327 342
322 341
328 342
327 343
322 342
328 343
327 344
321 342
322 343
329 343
327 345
320 342
323 343
330 343
327 346
320 343
320 341
327 347
320 344
320 340
326 347
327 348
320 339
325 347
326 348
328 348
321 339
319 339
617 460
617 459
616 459
617 458
618 458
617 457
619 458
616 457
619 459
615 457
616 456
620 459
616 455
