386 442
409 381
369 720
423 671
318 481
362 499
392 604
347 638
510 388
345 631
347 394
368 698
319 425
429 680
330 570
368 483
381 405
388 632
295 481
363 538
435 667
378 612
321 672
357 599
416 441
374 588
394 678
367 472
364 695
360 481
488 363
406 632
322 596
377 630
497 357
351 385
397 636
415 402
404 445
355 553
513 364
425 463
394 596
419 404
359 589
367 621
349 466
380 689
373 632
376 589
320 435
353 600
420 452
335 571
320 462
352 394
359 413
413 405
466 386
356 617
324 596
482 371
350 418
343 655
481 583
344 617
338 560
504 364
504 363
348 602
317 431
347 472
392 430
401 437
312 455
418 614
393 392
393 646
418 443
390 682
284 441
426 407
397 647
430 643
507 369
368 480
510 383
367 474
363 480
411 610
352 468
355 550
343 559
436 653
382 687
417 671
310 449
409 435
412 454
502 362
335 448
347 546
371 716
509 387
359 600
434 395
441 397
392 400
442 658
387 628
312 486
356 471
338 454
324 457
464 384
432 458
384 651
404 433
400 645
377 730
385 663
375 704
413 451
305 484
477 584
299 460
377 459
508 367
401 435
373 695
394 391
382 461
402 456
288 485
366 590
341 396
469 363
301 465
397 443
416 662
392 442
284 435
379 734
334 446
394 658
429 396
383 733
511 403
458 384
357 460
383 741
407 391
407 447
360 539
423 618
366 682
377 686
367 397
378 686
388 407
427 393
410 552
364 674
657 549
280 438
319 435
380 688
404 435
510 380
320 425
425 393
378 411
328 450
380 383
479 367
381 409
500 363
423 664
377 421
345 661
352 540
320 485
419 438
313 472
330 423
423 669
357 601
508 394
314 443
513 401
426 660
430 672
354 597
417 604
398 462
420 450
438 672
321 468
377 665
342 663
292 480
392 605
411 552
410 625
403 639
302 460
294 454
370 684
411 679
359 674
357 592
476 367
423 661
393 670
321 451
385 465
287 451
320 483
362 604
359 542
344 623
511 406
354 497
513 399
371 632
431 669
387 730
387 452
409 390
348 546
384 461
346 661
398 463
331 571
367 613
397 680
411 380
306 456
351 535
318 444
355 397
331 492
351 392
483 573
387 464
343 398
325 596
365 616
341 594
316 476
301 438
383 634
369 721
356 600
389 660
353 416
418 621
516 374
405 433
358 533
508 385
399 400
287 481
447 660
417 412
419 653
355 471
316 485
371 417
371 725
309 455
344 633
429 635
329 672
367 598
419 397
294 451
411 539
386 462
356 405
453 386
359 403
365 482
480 564
383 405
390 669
469 360
473 566
297 462
354 600
481 579
495 362
359 590
332 470
335 668
393 640
493 362
411 398
397 391
475 374
305 447
333 460
411 408
510 389
391 645
401 638
317 447
656 549
354 407
303 445
361 587
380 704
367 694
383 703
414 457
407 388
304 468
389 610
428 673
294 448
342 458
365 461
365 622
343 618
415 449
421 630
324 484
385 467
385 603
416 451
375 672
345 617
412 399
335 665
371 715
421 675
387 456
372 422
319 481
416 406
443 663
478 590
374 726
291 486
479 403
407 378
395 634
380 702
354 498
371 697
389 637
390 418
358 402
462 386
321 456
471 387
377 390
354 416
393 642
361 589
425 648
318 449
438 394
411 678
300 439
363 679
342 622
417 632
418 672
319 485
311 451
387 424
444 398
524 398
322 679
430 460
460 367
345 638
392 431
513 377
389 392
410 433
290 457
375 461
395 643
399 462
492 572
386 605
364 469
398 447
387 422
370 460
380 664
395 431
409 377
652 545
332 466
330 450
335 602
350 601
407 669
426 648
469 362
430 399
391 436
460 380
379 390
400 644
381 623
433 656
324 669
350 646
296 478
409 676
494 352
393 414
370 588
383 662
353 387
507 391
382 743
392 412
362 599
475 391
401 398
371 589
496 361
362 622
391 402
508 364
411 404
410 432
500 396
329 488
293 482
441 659
413 372
336 569
391 604
368 475
337 462
380 745
374 587
357 411
363 603
423 620
416 623
329 670
363 476
441 661
324 668
377 732
383 683
357 470
383 655
375 667
461 385
340 458
505 367
376 412
477 390
493 570
441 651
508 375
358 538
473 565
362 602
401 651
357 463
341 461
411 436
389 615
354 496
479 370
344 661
394 383
420 618
373 461
419 442
440 652
416 440
327 667
456 385
429 678
444 655
393 393
380 409
319 478
386 454
427 652
311 442
344 652
348 635
356 674
414 610
449 397
388 457
375 458
393 434
391 682
317 473
386 662
337 566
314 473
480 379
333 668
396 660
391 416
373 481
427 459
515 410
399 431
348 470
423 455
415 410
383 420
462 383
409 456
422 673
327 423
341 451
486 568
417 450
415 413
363 674
511 384
400 666
310 489
436 399
471 588
334 671
395 389
411 393
395 390
426 671
432 634
309 468
388 661
478 585
426 462
387 728
382 444
336 667
429 677
483 375
364 610
429 404
375 586
392 677
402 629
414 459
358 535
304 479
337 664
374 460
312 470
397 384
369 480
355 595
468 388
479 569
408 386
387 629
417 440
317 446
476 393
356 566
369 590
372 633
407 419
301 461
406 370
384 418
488 368
389 391
346 634
324 665
382 418
485 572
353 648
394 640
350 469
391 443
430 396
480 399
315 439
408 449
386 732
308 451
389 655
429 389
347 622
335 666
369 722
349 391
382 738
394 386
386 653
482 397
340 599
474 392
421 657
424 464
383 391
321 673
308 457
386 655
388 418
430 631
493 364
318 428
485 571
351 592
306 479
424 455
396 404
406 377
375 699
347 390
401 671
344 624
311 488
405 435
423 465
315 438
382 745
494 362
434 675
365 672
397 406
326 458
384 735
283 444
506 398
397 400
398 456
429 633
330 600
385 681
363 611
401 628
477 568
440 401
359 469
479 563
415 667
408 428
327 421
356 568
391 435
399 637
326 456
369 589
504 399
382 648
315 443
330 492
483 363
416 675
517 410
384 632
319 448
295 482
357 594
500 364
395 639
481 566
482 579
488 365
370 611
336 665
297 458
333 597
340 460
308 454
340 561
355 616
378 609
416 671
316 479
369 460
317 481
300 482
298 463
339 594
329 428
395 633
319 462
376 690
336 662
351 648
360 610
484 573
416 672
410 451
454 389
363 457
384 620
351 642
379 416
355 546
513 374
355 613
405 430
400 667
391 439
357 567
444 661
372 421
360 585
309 487
343 561
432 643
350 387
394 627
345 461
463 383
409 672
487 366
409 673
372 667
350 636
382 630
378 395
310 443
478 401
480 563
394 442
420 433
319 449
462 384
482 381
336 664
505 366
365 623
335 669
366 613
395 386
386 464
482 399
494 357
421 658
413 403
427 634
357 496
392 598
397 387
376 672
376 410
387 439
401 395
388 443
320 471
375 630
395 647
388 405
420 658
369 599
649 541
337 661
344 472
378 623
388 442
282 438
365 682
494 347
372 619
511 366
389 643
344 461
319 422
387 731
406 448
385 605
372 687
366 610
378 386
422 630
293 452
390 609
411 626
448 660
352 546
376 687
335 463
335 597
329 457
398 455
481 588
392 644
302 481
366 697
396 680
325 460
350 630
382 462
321 484
396 393
340 393
408 674
319 424
431 679
361 669
365 679
424 631
468 356
349 594
481 390
480 369
392 404
383 737
337 463
286 452
378 734
431 399
410 415
422 669
651 538
383 740
361 460
478 376
307 469
389 607
381 417
416 659
501 393
482 376
359 672
428 405
506 407
313 454
397 431
368 593
313 436
350 499
343 390
406 671
410 639
346 602
408 496
353 547
359 399
351 631
484 374
362 541
428 393
500 389
404 398
354 402
414 666
384 647
409 449
321 449
316 472
334 462
333 667
390 642
390 628
416 625
394 384
480 569
363 466
381 686
458 368
288 456
324 462
385 610
467 363
410 452
334 668
352 393
516 410
320 670
392 660
310 468
296 485
390 627
413 678
390 624
396 385
298 459
469 358
468 387
337 451
302 468
325 422
429 394
338 561
412 615
298 461
379 408
347 553
413 455
324 485
368 599
417 454
495 358
324 670
320 472
326 670
384 633
496 350
335 466
360 538
507 395
649 544
384 731
342 573
419 453
347 552
513 376
519 398
342 457
409 429
367 672
423 439
425 404
370 416
357 586
390 425
374 662
415 621
386 731
416 674
315 478
380 655
388 458
317 478
410 376
496 347
339 572
359 398
398 387
395 385
348 633
391 430
420 395
422 461
591 591
393 658
389 645
407 408
400 649
350 590
428 401
417 404
419 618
427 676
363 624
507 403
488 367
422 466
395 388
345 553
382 620
428 671
409 417
343 394
406 383
380 417
390 445
404 640
358 400
391 598
556 541
465 364
288 453
364 669
402 446
362 498
333 456
388 408
385 442
377 664
332 572
412 433
357 677
415 671
473 368
392 411
427 654
330 668
452 394
392 432
481 589
364 618
525 398
384 404
387 653
327 461
358 404
408 424
497 361
325 670
421 665
382 415
374 410
480 402
282 444
291 457
338 665
346 480
384 417
393 652
376 608
359 667
354 536
416 676
292 456
435 676
311 487
383 654
407 632
316 481
481 398
399 649
394 403
302 480
349 591
396 406
464 365
412 375
375 419
513 363
492 367
358 406
478 367
474 566
394 643
353 622
416 632
329 489
651 541
397 670
476 391
350 554
405 633
414 401
503 362
290 484
408 417
415 611
330 427
326 457
383 731
316 446
508 366
309 467
430 401
414 434
351 499
343 636
410 677
390 636
396 408
381 446
399 433
410 616
400 669
404 455
399 647
368 530
397 446
359 394
509 386
384 628
413 613
394 431
334 669
376 704
319 447
432 642
382 392
358 401
364 675
345 470
390 397
309 444
333 455
426 393
402 563
442 398
425 461
397 396
410 418
351 542
465 367
388 627
348 634
482 378
346 645
424 659
318 448
480 403
381 461
493 369
313 449
478 374
476 563
294 447
336 451
428 674
482 363
372 480
315 434
476 373
504 396
351 463
349 593
368 614
375 695
346 619
403 671
362 469
593 594
290 482
321 469
330 457
369 682
347 650
311 435
471 389
413 376
450 394
330 572
414 611
595 594
400 445
394 599
465 369
382 622
385 418
295 485
338 457
399 464
361 624
309 445
344 630
342 392
318 435
318 433
406 669
344 393
379 417
388 628
363 479
392 621
349 480
468 361
430 403
478 566
376 695
344 558
324 459
415 432
388 732
390 415
383 734
354 466
457 383
382 621
372 419
320 458
484 364
318 424
429 663
370 686
347 633
437 672
434 666
474 372
379 394
418 653
331 668
326 463
347 631
383 414
292 482
324 424
362 674
428 677
357 462
346 652
483 376
398 397
433 653
401 629
458 365
360 625
373 718
419 439
318 443
373 689
385 631
333 462
304 483
291 485
509 374
398 458
407 668
350 480
650 544
425 619
322 485
358 599
476 590
353 595
388 645
505 365
391 659
299 479
372 481
423 449
352 498
377 408
382 416
411 401
349 414
378 733
371 665
400 662
373 674
416 432
389 443
386 631
309 457
375 417
382 406
353 396
335 598
384 421
409 430
368 477
358 626
439 660
431 664
415 628
392 670
492 352
411 632
510 393
432 671
510 403
350 397
413 666
361 602
520 396
343 392
382 655
383 461
371 712
371 707
483 377
397 444
355 614
513 400
372 613
511 371
413 665
433 643
378 460
364 626
480 368
352 416
423 454
433 655
289 455
401 433
345 641
400 456
382 647
416 407
415 451
328 602
371 480
452 390
318 473
357 404
395 394
315 485
407 671
343 562
423 460
404 381
345 666
383 742
395 653
399 432
376 411
368 484
651 537
511 409
353 610
420 436
438 659
294 457
418 618
310 451
379 383
339 461
381 386
317 485
306 467
375 662
473 589
382 633
379 386
478 565
434 669
357 497
413 632
355 666
416 449
319 429
394 659
421 431
322 465
335 464
285 452
374 673
361 467
284 434
498 389
314 441
284 443
412 393
380 622
387 663
388 641
390 435
349 647
374 687
425 661
362 467
348 551
366 588
339 457
352 597
349 387
367 417
373 724
369 698
409 670
482 380
332 450
330 419
310 455
427 404
409 677
349 543
358 600
350 417
309 442
378 685
327 679
428 654
407 393
389 622
457 367
354 479
347 647
347 641
415 447
475 589
347 393
393 621
326 671
421 653
331 574
320 479
400 397
415 459
418 619
457 389
401 445
381 444
435 661
344 477
390 679
346 472
312 469
343 599
294 485
428 633
494 346
431 668
481 581
493 356
327 460
380 744
511 393
503 364
375 589
347 466
505 407
411 434
367 588
480 570
478 365
416 622
320 453
392 646
349 629
412 680
324 598
351 400
414 393
315 433
362 627
382 390
513 402
338 397
361 623
385 682
372 684
356 402
338 658
363 590
465 365
309 451
416 665
344 390
393 641
509 402
423 666
417 656
347 554
464 367
363 414
307 468
361 539
358 386
409 450
390 604
328 420
311 468
367 623
416 664
466 364
386 617
481 576
395 669
494 351
431 632
438 651
296 442
356 553
371 721
343 634
356 614
285 456
329 423
366 404
394 600
413 631
418 654
381 705
321 427
361 622
330 449
362 497
339 595
319 428
385 457
428 676
386 456
364 615
324 672
323 678
304 443
483 395
363 539
323 671
369 587
285 457
373 419
432 673
420 665
348 414
345 665
282 445
416 446
387 637
330 666
415 666
347 550
377 391
319 421
422 593
377 672
407 428
414 449
403 635
345 477
347 630
284 442
325 423
415 625
414 458
424 646
426 459
347 601
307 484
352 595
405 371
408 370
383 652
484 377
280 446
425 664
352 646
350 600
414 461
440 400
413 370
458 386
399 646
443 662
329 601
514 365
297 478
500 362
410 394
315 445
440 396
405 632
395 429
352 541
409 389
430 393
503 387
308 487
392 652
464 368
348 649
495 357
392 433
415 656
369 694
323 677
441 649
648 539
356 554
343 449
341 455
432 395
362 480
350 391
322 444
364 668
378 390
386 467
409 428
382 405
372 668
293 457
328 426
438 398
358 460
457 384
346 548
482 393
373 457
591 594
380 604
416 404
373 663
398 409
437 396
369 474
321 464
347 619
352 590
383 620
653 540
417 670
476 389
330 571
462 367
408 393
385 420
328 451
380 387
437 395
492 351
291 481
333 672
300 460
377 609
422 658
355 402
330 601
424 405
343 663
401 464
347 555
388 400
416 533
436 652
465 366
351 468
469 387
390 400
468 358
504 387
299 438
450 399
350 482
354 387
341 619
437 635
511 395
338 460
414 414
525 400
299 442
513 367
326 487
497 356
408 378
334 468
514 398
299 467
416 660
479 378
368 596
475 583
388 616
487 571
347 391
350 647
389 464
363 471
351 482
408 421
320 449
429 397
438 635
443 661
381 603
418 630
324 421
470 360
340 575
383 732
370 592
414 433
382 733
335 660
475 370
362 539
371 699
297 443
417 619
330 461
396 411
355 407
365 697
412 655
413 627
371 421
335 595
347 643
461 380
372 666
514 399
489 368
377 687
391 392
303 478
373 587
361 395
378 744
410 419
360 604
413 436
351 594
288 452
314 468
408 390
372 672
468 362
364 404
379 622
407 675
515 367
372 423
379 461
357 600
388 731
385 655
372 725
407 679
389 430
311 484
461 367
293 484
424 461
341 663
427 463
332 573
434 653
362 626
393 390
310 442
371 709
367 471
401 432
391 446
370 717
402 399
371 419
444 658
399 633
331 457
413 407
481 392
380 605
651 539
380 406
344 654
344 464
376 692
482 578
431 640
512 407
351 534
415 615
396 389
292 452
423 621
402 630
367 475
292 448
341 661
383 632
377 417
474 393
374 419
373 664
394 646
412 660
478 583
413 660
390 623
411 420
375 410
357 672
393 636
359 673
348 466
329 597
319 479
359 471
433 664
343 391
391 664
360 413
503 363
385 601
422 440
448 659
351 599
376 694
326 595
303 446
349 638
399 635
380 686
348 650
368 693
383 649
491 366
367 620
356 388
362 460
434 654
343 600
432 459
482 370
381 629
415 412
423 405
384 740
431 642
431 670
316 444
402 639
655 549
480 565
401 637
360 394
407 678
387 624
359 585
311 449
408 420
372 710
508 388
339 560
375 462
373 667
321 670
448 658
420 652
430 630
360 458
407 453
427 635
476 583
444 656
339 660
407 407
416 412
395 648
456 380
654 534
352 622
416 673
282 447
369 693
390 443
368 461
486 367
394 411
475 369
328 462
478 379
325 598
389 605
322 598
398 445
376 703
437 674
400 430
341 634
493 363
413 373
413 430
361 498
348 639
341 393
420 662
353 589
373 482
339 456
328 596
376 691
362 457
360 395
340 600
322 462
440 397
359 404
380 703
333 447
412 656
430 677
384 420
381 734
396 656
410 408
370 587
412 414
363 625
414 413
377 629
393 664
354 468
478 575
345 548
413 659
386 420
315 472
393 684
415 460
409 423
354 417
309 466
333 451
506 408
523 398
494 354
347 480
423 619
335 453
483 366
332 672
353 498
457 380
428 635
388 424
330 597
503 395
372 706
353 477
335 566
401 456
384 392
394 680
446 399
504 366
314 442
397 665
403 387
424 456
478 390
402 561
372 458
407 676
358 459
394 603
433 662
487 367
380 608
496 362
336 461
365 417
363 609
342 463
374 408
326 598
340 659
433 459
431 638
374 457
352 387
434 674
418 440
426 632
346 553
350 546
421 405
319 473
362 458
371 687
480 579
399 449
321 453
329 667
431 458
386 606
407 667
355 387
316 478
429 388
436 655
381 687
307 481
391 437
346 651
337 567
470 361
417 668
507 368
363 615
413 452
418 616
376 693
336 571
299 465
347 470
340 455
350 622
350 478
514 364
400 447
382 685
410 416
371 723
363 403
355 589
506 392
387 399
424 663
479 584
413 677
416 403
287 485
389 632
346 662
470 359
385 403
379 684
364 623
389 409
302 478
407 429
407 476
381 445
358 666
387 405
313 437
342 449
466 365
408 388
364 396
384 459
463 384
399 663
377 685
385 464
398 404
377 460
316 447
364 679
350 532
344 557
508 362
434 676
487 568
483 574
512 364
404 456
353 650
392 683
411 627
329 429
349 643
398 444
481 382
366 611
472 368
373 696
371 598
381 458
373 727
384 732
418 622
411 397
423 667
379 379
347 640
286 485
387 681
400 394
353 649
417 616
480 576
384 649
383 605
319 430
384 403
426 647
372 688
458 366
352 479
482 573
505 392
411 422
332 448
410 453
651 540
346 475
361 609
394 671
436 676
400 635
428 387
417 664
378 410
423 623
492 366
335 572
441 653
332 462
592 593
390 417
348 468
404 561
474 390
394 635
363 623
360 467
414 431
384 610
380 457
482 584
425 462
352 553
365 590
419 398
374 694
329 677
349 622
340 564
336 567
416 617
594 594
427 672
283 437
317 477
363 606
506 385
392 663
341 563
386 681
284 448
423 631
317 432
399 634
320 460
359 456
366 480
394 621
491 367
465 368
435 658
407 448
380 603
429 654
344 397
294 481
395 646
350 481
407 670
382 631
419 614
353 479
412 404
408 454
411 625
398 382
511 407
284 444
333 446
363 477
476 584
392 391
482 576
427 659
400 663
384 443
362 590
377 394
338 572
347 396
416 658
371 717
410 672
474 565
482 386
398 457
397 663
416 619
287 456
349 598
346 547
361 481
411 676
445 660
418 446
372 697
383 408
505 364
311 489
354 547
394 429
419 629
342 562
341 597
368 615
386 441
375 456
313 452
454 390
352 537
477 376
384 646
389 418
394 597
505 399
344 634
392 438
390 419
475 372
418 404
381 745
362 395
373 721
326 597
412 411
351 399
385 405
649 533
373 381
375 478
375 697
425 464
495 361
508 370
650 545
424 408
351 632
377 688
348 636
356 546
299 468
351 543
375 481
383 628
398 400
328 493
418 397
357 624
312 442
374 728
362 600
356 594
410 456
432 397
383 650
298 486
407 640
356 612
513 375
433 673
382 610
379 703
409 418
365 676
408 675
349 531
467 386
494 369
312 468
351 394
369 672
423 463
397 661
469 364
351 551
450 397
344 398
474 583
491 350
385 622
356 610
409 451
356 665
383 653
384 648
349 397
407 418
478 588
313 457
400 665
400 453
378 735
365 625
330 598
332 569
433 659
377 699
345 654
392 436
422 431
344 392
301 480
358 590
501 396
652 540
392 416
342 621
368 532
413 404
363 610
481 573
329 419
413 409
408 377
333 572
473 561
380 407
325 447
374 727
454 392
282 446
371 708
420 432
295 457
338 660
416 667
300 442
395 411
343 558
480 566
385 680
341 660
388 681
315 448
475 587
359 405
454 385
418 454
332 570
365 617
473 369
327 458
321 452
296 449
390 633
385 630
379 391
341 620
506 397
380 389
381 408
392 661
417 657
344 618
434 673
389 642
375 724
472 387
368 597
372 696
417 653
509 361
478 579
416 663
338 459
304 486
360 587
399 662
412 431
317 443
397 635
419 452
338 566
383 684
336 452
416 666
323 483
515 400
407 434
330 667
392 415
404 630
467 364
421 394
344 600
300 441
353 553
356 413
341 662
392 669
345 633
415 655
471 368
314 480
391 400
430 635
333 470
349 595
333 466
431 639
355 612
381 664
416 448
338 565
592 594
379 603
412 368
365 680
379 623
317 484
413 534
482 583
426 665
359 586
383 735
508 369
423 622
330 599
296 457
363 473
391 658
388 406
347 551
325 667
361 588
392 643
304 480
340 597
481 571
392 403
396 657
372 675
412 371
395 657
353 464
346 633
338 461
387 654
483 368
406 434
397 393
416 661
417 654
409 393
337 461
432 654
370 612
325 421
366 416
514 367
375 587
374 481
347 634
370 474
393 667
339 597
407 424
356 498
380 611
374 478
393 411
345 623
425 674
394 601
327 597
302 483
401 392
349 418
342 574
349 592
364 592
380 390
361 616
451 396
376 417
351 396
347 627
400 383
413 615
431 403
512 372
508 373
349 601
415 657
380 648
320 465
356 496
397 463
399 460
388 611
423 459
351 589
349 546
415 438
368 476
370 697
383 651
408 407
388 620
416 458
335 667
292 479
358 589
451 397
501 360
366 399
509 362
484 375
339 462
346 474
407 420
294 453
409 420
366 461
350 388
430 459
337 570
453 393
354 552
323 596
346 557
436 675
340 594
356 587
499 364
397 649
353 623
423 453
424 671
408 639
385 463
368 684
370 725
400 464
488 570
513 409
368 591
384 464
418 671
426 655
323 679
449 401
377 663
490 568
324 674
328 423
482 372
372 726
416 630
395 393
330 674
419 403
412 614
406 640
369 595
326 486
436 395
333 600
509 390
431 393
413 679
501 361
349 532
438 397
365 476
427 576
375 480
402 457
383 610
379 686
342 657
510 366
346 545
431 671
398 671
355 544
341 593
395 682
412 405
513 378
487 365
389 394
371 714
312 454
334 593
439 399
431 673
457 366
486 571
297 486
494 353
359 666
407 455
401 387
428 680
313 445
322 445
413 431
364 590
555 539
426 634
429 401
392 679
363 416
363 607
351 541
430 458
651 536
392 402
474 394
394 664
361 414
372 698
450 398
407 427
511 388
367 590
390 402
348 481
432 662
316 473
337 568
312 453
363 614
386 637
362 601
340 461
401 388
345 662
357 602
380 405
437 657
321 455
362 415
385 461
342 598
343 654
355 665
365 615
361 537
392 401
478 388
383 661
485 367
480 578
419 451
312 484
412 374
322 678
367 684
406 378
373 687
300 438
325 677
398 464
419 437
378 703
329 424
370 598
362 675
491 570
386 421
438 400
356 672
385 417
365 458
347 623
297 479
341 449
418 625
356 387
317 430
318 462
466 389
384 621
349 482
445 659
495 346
427 675
351 610
351 384
280 445
445 661
350 598
402 455
339 666
322 461
508 401
323 484
302 445
409 379
411 379
359 402
325 448
423 440
340 620
327 422
359 541
301 468
397 397
302 479
296 481
360 541
401 668
436 635
385 651
374 613
350 536
477 566
425 652
411 421
379 665
383 630
417 630
288 482
335 451
382 663
429 648
475 585
328 488
429 679
372 724
385 466
501 394
361 415
351 465
393 635
485 363
398 446
312 485
393 419
313 442
323 422
518 400
395 408
411 538
493 571
341 618
411 402
405 640
413 453
401 666
375 459
493 358
466 366
343 478
466 370
297 459
356 415
508 402
323 598
507 396
394 606
410 380
341 457
404 641
378 407
485 364
374 671
305 483
351 593
355 469
361 604
450 393
354 553
492 356
509 388
405 456
407 633
361 626
371 416
387 618
421 396
402 670
484 386
408 671
361 403
374 698
393 628
333 593
369 692
410 401
329 420
510 409
358 412
306 446
320 470
346 558
407 372
321 450
419 405
514 409
403 445
368 600
404 635
353 597
335 465
327 677
335 461
385 735
398 637
436 659
321 428
380 735
390 652
474 369
495 360
349 637
429 459
480 577
393 598
402 430
415 632
417 614
410 413
513 373
508 406
347 625
401 663
383 460
507 367
386 405
413 413
364 462
410 676
361 413
406 385
345 544
366 615
298 467
354 610
398 396
412 453
480 387
400 647
435 395
294 456
390 637
340 402
435 654
390 622
395 412
384 682
390 680
348 628
375 696
291 483
284 437
380 446
353 594
361 674
398 433
394 598
365 396
422 394
381 663
456 390
409 671
376 458
357 410
373 673
386 460
517 374
341 399
417 674
395 635
415 452
308 467
411 675
506 367
453 394
352 397
315 481
439 651
331 470
411 376
420 630
426 672
448 400
352 536
377 461
314 440
375 409
399 454
388 637
371 668
481 368
399 644
340 459
349 545
434 667
283 447
334 594
427 405
512 365
367 382
321 483
343 622
508 400
356 609
382 603
298 442
350 604
431 663
453 392
365 609
429 676
510 394
356 586
414 410
417 612
341 561
342 618
365 683
375 722
412 376
482 575
415 629
393 686
342 662
382 417
329 602
510 392
433 395
393 604
379 381
345 464
351 478
341 395
400 386
414 615
321 458
303 467
347 632
340 660
427 461
377 610
414 656
412 372
348 648
340 573
464 383
307 487
414 632
451 402
371 669
461 366
392 640
355 554
413 446
380 684
386 418
387 602
364 472
556 539
385 456
349 604
316 474
406 639
447 400
381 703
370 532
377 420
380 610
360 616
374 706
300 486
352 613
406 427
295 453
373 686
427 403
348 543
287 453
507 406
507 385
306 457
348 397
302 476
400 637
333 461
411 400
386 602
359 397
428 394
423 659
407 392
593 591
379 387
373 460
346 665
431 395
420 431
411 389
375 727
496 349
287 480
478 567
510 402
353 466
413 368
481 383
318 485
399 669
349 621
396 410
384 444
396 390
440 399
348 544
367 534
427 402
354 534
326 594
380 606
414 679
347 414
478 578
426 631
474 395
393 639
353 407
293 451
315 435
412 452
378 666
401 393
394 679
459 366
339 658
337 594
363 478
302 442
339 565
482 362
354 396
398 393
363 605
476 368
396 669
461 381
375 725
402 433
410 430
422 674
393 435
321 425
324 667
481 385
446 662
354 548
394 669
329 668
485 366
385 416
418 620
330 602
396 647
393 671
289 454
388 622
415 450
416 405
378 394
342 450
350 639
355 461
482 392
399 455
419 454
356 416
288 483
422 441
388 617
303 483
351 395
334 566
359 395
413 614
352 396
312 437
403 399
332 668
340 463
282 437
347 395
364 607
359 625
360 459
397 408
327 487
385 736
394 634
343 463
399 459
357 665
382 609
355 615
290 455
421 465
412 369
511 387
393 681
387 442
297 442
397 664
283 435
400 670
392 418
327 420
354 598
414 455
482 369
281 435
407 634
366 589
316 435
388 439
340 596
392 446
417 665
470 387
398 650
403 636
376 732
311 486
361 541
343 557
282 435
416 439
406 455
295 449
475 389
484 372
363 415
397 668
314 454
372 699
334 470
375 706
473 388
523 400
451 395
366 695
369 596
302 437
496 348
378 461
395 658
467 362
415 439
369 695
372 530
373 706
426 654
442 661
305 468
395 650
389 399
380 408
364 589
429 649
426 659
480 386
405 370
346 641
475 588
365 481
485 377
431 397
397 399
413 414
379 609
374 586
434 668
313 459
324 671
400 385
335 570
395 649
353 612
305 446
351 386
405 671
463 367
368 590
331 462
286 457
494 367
351 414
393 607
329 596
344 631
308 470
310 487
364 625
381 630
335 462
308 445
364 682
327 464
314 469
396 663
492 353
311 441
414 435
340 392
358 542
501 389
391 438
481 582
388 642
507 401
418 445
451 401
413 611
368 592
307 467
365 397
419 664
465 385
280 444
382 619
358 591
385 443
425 456
495 367
368 595
429 672
373 477
369 592
474 562
432 635
366 612
423 457
298 488
419 446
389 661
370 599
388 610
357 603
394 394
382 744
650 541
329 493
377 673
426 645
417 669
291 482
384 737
373 622
510 384
396 387
353 535
363 682
300 468
354 462
279 438
356 408
310 444
591 590
420 455
351 630
344 664
345 557
382 666
372 620
478 589
413 533
341 596
357 609
414 668
455 387
416 626
299 486
341 574
372 723
391 681
490 367
374 686
347 651
456 386
303 479
482 379
446 400
314 474
350 414
410 420
362 669
441 658
380 734
415 668
391 667
425 620
372 665
331 598
510 390
388 464
432 637
366 481
409 432
343 395
404 639
356 460
354 461
347 549
387 617
402 454
348 643
350 593
393 637
499 362
423 406
360 600
407 387
365 618
398 647
483 364
433 676
325 424
431 654
394 639
377 458
375 631
430 663
400 651
407 677
384 683
474 396
337 658
388 426
352 538
429 391
436 651
356 602
649 543
409 632
370 721
398 648
293 485
377 392
650 542
402 671
382 608
355 674
367 416
424 620
298 462
362 609
381 385
390 634
306 487
319 670
431 398
334 572
373 672
372 721
476 589
366 475
414 534
406 667
435 659
343 477
649 538
375 669
356 461
328 676
382 665
381 416
424 662
334 598
290 483
339 396
413 447
282 436
392 634
364 620
526 400
380 629
387 393
330 488
396 432
482 398
326 492
381 465
304 456
325 484
426 651
354 611
338 396
391 417
429 664
323 667
385 607
483 367
408 423
346 393
347 557
483 396
419 455
430 457
407 386
309 450
403 456
312 490
428 463
329 427
392 682
332 598
314 448
369 684
411 390
434 657
427 460
363 461
341 657
410 428
359 537
366 397
420 434
443 651
354 537
442 611
385 391
372 587
409 388
444 653
348 469
406 433
385 650
498 361
359 616
340 565
412 654
336 660
371 423
443 659
297 480
357 591
283 449
361 610
402 438
334 670
393 436
380 394
376 420
383 418
375 408
495 350
350 547
418 433
366 672
297 457
312 435
378 406
317 435
355 610
431 633
374 667
386 452
377 726
407 390
354 538
324 675
360 456
317 469
480 589
370 718
430 404
391 669
347 465
298 487
423 393
416 621
484 393
342 451
399 395
356 386
385 661
342 599
377 393
340 399
319 472
404 632
342 455
430 397
406 676
479 371
313 471
394 402
305 458
382 388
372 622
400 671
364 478
351 598
409 378
416 627
411 456
436 654
354 415
405 369
419 617
305 487
420 664
374 725
324 673
319 461
479 369
323 665
343 617
521 398
461 382
390 405
465 386
384 662
394 638
330 493
392 390
364 606
334 449
478 378
479 589
366 623
346 546
396 662
422 618
318 670
392 684
483 369
385 621
397 637
375 670
352 554
394 385
340 401
363 396
479 402
334 448
412 434
421 454
380 649
367 461
553 539
383 458
426 402
412 627
475 564
425 671
397 383
301 462
364 676
360 469
373 382
465 363
373 694
412 632
357 543
436 667
429 393
306 469
385 462
334 454
289 484
376 697
421 464
376 612
485 374
415 411
339 454
430 654
372 477
406 382
404 432
431 662
339 598
399 387
343 457
420 449
350 553
346 466
499 389
484 572
426 646
470 388
365 696
324 678
514 400
512 401
342 560
419 621
326 677
329 673
480 590
407 449
362 397
314 445
368 620
357 469
391 680
302 475
477 389
335 596
373 614
428 388
335 599
346 544
390 632
327 459
338 451
416 679
387 440
325 458
428 634
419 395
384 414
494 360
388 409
357 413
302 459
509 385
400 455
381 704
428 669
381 733
329 456
492 369
425 660
464 385
317 462
409 407
323 597
296 451
373 631
385 632
390 439
355 664
411 452
381 649
349 464
553 538
357 569
376 662
328 490
403 630
502 387
428 404
356 414
423 630
359 669
339 401
392 658
332 457
371 418
375 668
321 671
384 458
479 401
383 465
327 450
416 628
332 675
375 698
363 458
508 405
408 634
389 627
314 472
352 539
455 389
429 630
329 426
365 483
363 460
507 392
364 673
415 394
460 385
357 405
388 682
444 652
314 471
298 479
412 412
434 636
393 606
359 459
315 437
411 407
368 460
346 636
431 643
383 464
374 724
353 611
289 483
419 619
348 632
376 729
348 545
431 641
407 425
374 631
412 397
474 371
301 442
358 667
398 405
407 370
400 446
423 668
285 451
392 628
512 366
332 453
408 632
397 634
412 407
380 612
425 646
408 372
468 357
371 420
410 454
415 678
511 410
398 634
348 415
337 569
389 680
432 657
359 396
494 356
428 402
303 442
430 395
523 399
445 399
368 695
349 602
335 594
483 386
344 552
363 616
386 610
367 622
474 563
413 612
311 455
398 661
384 630
389 393
510 370
395 655
406 435
455 381
391 668
470 368
469 359
437 673
503 396
387 655
390 631
413 393
331 449
381 418
357 395
299 463
375 612
430 644
305 469
393 663
387 610
472 386
385 419
322 671
326 464
470 389
402 435
390 618
350 464
307 456
400 393
429 390
402 437
357 495
354 535
445 398
389 425
353 613
379 405
402 636
340 657
410 615
432 679
431 678
460 382
329 490
394 642
363 474
382 465
370 533
422 666
345 476
358 410
554 539
479 582
384 629
474 370
325 449
592 592
281 444
376 607
355 609
361 615
320 422
652 541
435 636
400 454
396 655
462 382
591 595
413 656
366 614
414 446
387 727
371 612
375 694
401 384
389 614
371 685
426 404
447 661
394 390
363 592
393 608
333 599
402 458
320 484
496 357
346 625
485 365
346 630
281 447
359 406
351 595
474 389
433 657
386 392
382 419
358 456
432 632
425 655
472 590
398 398
436 677
322 457
371 460
333 448
301 440
494 355
332 449
429 670
400 384
402 668
386 453
319 444
395 651
384 605
379 610
401 434
495 359
391 445
344 601
479 387
376 630
412 435
498 362
421 452
385 392
420 441
363 467
384 457
346 601
319 450
363 608
375 479
392 405
428 672
302 444
327 463
370 620
377 662
375 718
427 645
395 403
289 457
408 476
390 399
353 596
353 588
379 667
349 530
361 601
394 434
468 360
382 703
363 470
484 373
398 669
316 469
413 374
393 676
324 677
391 401
434 652
316 432
334 667
357 674
336 462
307 445
330 673
381 612
365 695
354 469
422 455
424 407
361 542
344 622
348 630
479 390
292 449
321 429
382 632
413 412
288 454
384 607
377 731
396 391
331 674
392 662
388 440
493 367
345 653
412 398
356 534
385 602
377 701
474 589
354 550
511 404
389 662
311 452
339 573
356 407
508 403
424 404
366 625
380 685
417 623
358 396
427 636
320 469
322 680
379 382
349 642
353 592
470 362
287 457
394 681
323 462
371 533
328 458
342 633
321 463
399 458
318 478
394 670
352 547
390 438
352 535
483 361
481 580
478 387
455 380
340 396
412 653
383 444
321 457
388 399
320 468
357 386
361 468
342 461
328 422
333 453
370 591
515 372
387 664
438 396
372 479
362 481
495 364
418 450
370 589
505 385
326 448
354 471
375 457
387 457
493 365
367 481
440 651
474 587
479 399
365 620
498 357
441 650
381 608
318 475
310 484
344 551
382 391
475 584
422 664
334 672
415 630
428 659
345 472
412 455
389 395
343 389
507 394
314 467
395 601
409 380
399 396
411 616
301 460
481 378
516 372
346 465
401 662
357 625
401 386
474 582
307 457
426 652
347 476
417 625
363 671
408 389
372 621
307 451
481 371
328 604
343 399
401 400
336 661
308 455
308 453
402 387
363 669
321 459
301 482
469 389
483 394
362 403
432 668
377 611
503 399
376 392
372 691
408 640
436 666
435 660
492 365
339 657
408 375
349 554
518 410
347 478
355 625
479 575
367 418
360 590
343 560
423 448
426 650
495 356
347 664
481 572
365 588
323 421
358 668
506 366
465 370
299 464
430 632
382 664
357 593
383 743
556 540
397 386
415 534
457 382
352 592
420 453
360 669
419 450
339 574
318 432
512 403
413 406
312 489
387 729
320 467
402 637
327 465
323 457
351 393
400 400
373 619
347 665
324 458
422 439
352 464
337 572
400 395
651 545
350 389
420 653
289 485
390 635
501 362
371 706
401 635
355 465
399 445
369 473
483 393
415 673
387 418
383 415
294 482
397 405
406 393
390 396
467 389
417 679
335 569
482 385
311 437
492 350
311 434
393 443
316 448
342 594
423 431
357 673
511 380
357 412
438 395
355 611
346 617
361 400
478 562
352 545
382 624
376 413
506 400
360 537
332 446
371 633
331 471
347 644
296 452
478 563
507 393
425 407
392 645
359 604
388 438
300 480
347 556
351 590
386 630
360 403
414 451
363 604
379 410
308 452
437 652
512 409
310 434
346 470
401 431
363 670
409 674
491 572
347 626
380 386
414 680
353 388
342 395
352 552
306 481
479 368
345 622
385 460
481 574
412 436
329 461
375 613
286 435
302 477
416 615
337 667
493 351
434 659
392 392
459 385
492 368
478 582
408 453
357 461
510 391
437 675
324 460
388 664
490 368
389 405
368 613
384 405
379 744
417 633
650 546
377 700
483 572
454 388
315 440
385 732
294 449
399 398
420 405
373 693
484 366
371 684
358 616
454 391
509 366
377 733
414 447
398 448
376 699
303 443
350 416
357 676
358 625
405 426
402 400
319 423
356 543
295 452
515 409
341 398
401 639
330 603
388 633
592 591
412 659
350 599
407 380
448 397
436 636
472 389
503 386
321 462
333 598
380 609
359 587
313 435
368 612
419 440
371 587
389 616
487 569
380 410
325 492
379 687
434 655
342 396
356 395
393 418
433 654
368 598
383 685
393 629
325 419
436 394
368 594
411 409
390 416
354 625
381 457
393 682
365 404
378 385
414 430
360 404
519 399
354 463
365 677
412 553
479 568
392 417
398 450
428 649
372 417
326 485
311 456
369 696
287 452
372 612
421 449
392 413
333 602
468 386
411 419
408 381
421 618
284 440
355 545
352 623
378 391
395 652
436 668
322 681
282 443
396 392
373 613
298 460
390 684
493 357
495 348
650 543
358 395
483 378
396 661
349 463
423 672
509 384
513 372
379 688
403 561
384 460
478 568
510 381
343 462
437 655
405 429
371 620
404 430
411 396
407 409
405 388
356 616
357 534
393 603
375 418
356 567
479 388
422 675
368 672
362 459
294 452
479 398
417 446
390 614
285 434
368 617
406 387
449 400
595 595
390 645
356 403
347 636
305 456
418 444
352 386
419 630
506 401
424 465
360 472
351 546
393 433
513 362
362 482
333 592
463 366
338 398
480 398
480 571
373 633
394 387
526 398
348 480
345 552
324 676
349 465
369 723
391 614
353 476
366 417
408 667
391 628
382 623
389 459
458 364
482 395
391 684
401 430
478 580
333 452
359 601
337 571
495 363
430 400
374 672
308 450
409 394
370 672
351 553
501 388
317 448
368 478
483 578
480 378
417 441
349 590
408 677
369 620
348 652
387 625
382 389
408 434
369 697
420 663
483 371
286 484
441 652
358 536
462 385
408 429
390 608
300 464
456 384
390 611
381 650
403 386
478 581
404 387
389 407
360 400
413 664
386 651
362 478
391 608
306 458
375 700
388 621
358 665
352 407
383 443
506 396
372 476
390 660
313 453
352 588
356 409
428 462
334 595
454 387
313 485
404 631
355 568
506 399
417 433
292 484
404 634
368 720
357 409
299 466
482 396
357 616
388 612
345 390
342 398
334 602
376 727
394 682
417 672
502 395
371 532
417 621
406 425
336 663
352 477
405 445
363 472
473 562
297 481
359 538
400 668
346 478
426 464
440 661
443 658
396 388
336 659
366 483
481 386
377 612
433 666
320 451
320 454
371 531
343 664
378 732
385 662
390 610
439 661
389 653
372 717
390 619
410 417
423 670
423 461
388 626
352 551
401 438
285 435
325 461
304 446
322 449
315 436
478 584
390 430
380 385
511 405
394 628
347 653
472 589
339 455
407 454
394 652
299 480
343 653
386 398
393 677
424 661
333 454
379 666
392 443
296 456
406 670
346 603
365 462
384 634
450 400
381 415
379 664
482 361
431 672
424 393
326 450
331 424
389 613
375 705
349 499
478 386
281 436
391 665
325 676
425 675
415 393
354 599
317 476
349 639
369 532
421 450
431 635
357 669
407 445
334 467
352 648
512 379
315 469
410 455
391 635
352 610
345 664
442 651
312 449
416 433
384 742
510 367
416 447
317 428
412 552
374 718
355 395
373 478
382 649
330 429
333 450
426 674
412 370
321 421
429 392
508 365
412 611
314 458
407 446
372 461
430 641
355 599
326 462
372 457
478 366
488 364
331 461
355 416
346 616
442 397
400 650
419 663
406 381
307 485
314 435
396 635
368 534
376 586
475 565
516 373
321 444
387 441
393 402
355 600
356 551
484 578
422 442
322 422
410 632
414 456
512 378
478 377
302 438
327 462
367 473
311 453
508 372
508 404
382 646
406 426
438 660
307 470
507 407
414 402
327 678
284 449
329 462
389 654
402 663
290 480
349 630
370 480
387 662
407 385
288 486
391 666
380 623
295 447
428 670
288 487
369 472
329 599
373 690
342 397
475 368
358 676
394 393
379 608
458 385
349 469
454 386
419 443
382 737
412 409
421 395
375 420
424 406
336 454
480 390
320 459
451 393
423 456
397 385
386 629
388 662
378 702
424 664
346 638
354 467
375 723
406 386
420 443
350 642
325 420
403 434
411 414
294 455
501 395
435 657
428 459
493 572
345 630
392 414
374 663
430 640
511 367
314 481
389 419
377 666
483 360
319 482
497 348
339 451
396 431
654 540
348 601
386 632
332 673
409 639
345 393
398 665
351 416
419 441
654 541
406 384
422 464
429 395
475 586
393 679
437 659
337 454
363 613
437 398
326 421
387 622
331 575
422 449
344 463
412 657
414 678
320 482
305 479
351 550
385 604
480 384
413 532
360 471
396 409
331 425
354 464
413 628
295 446
332 424
429 462
326 596
425 676
396 653
348 467
348 465
352 410
362 615
381 655
406 477
338 458
318 430
322 455
424 439
389 646
511 372
388 618
431 631
510 371
353 624
346 473
285 448
447 659
371 664
408 373
373 688
415 680
346 477
379 380
373 692
350 386
422 450
373 691
514 372
379 736
524 397
423 450
377 691
367 483
427 649
358 669
390 429
370 479
477 563
383 627
429 640
508 363
443 398
391 405
412 401
423 464
391 652
393 605
508 391
429 463
412 679
350 533
388 625
333 469
412 675
423 447
348 554
359 676
331 423
365 681
351 415
360 601
351 533
281 438
495 351
406 672
342 634
363 463
430 456
347 642
475 396
420 394
339 593
303 444
334 451
305 486
388 613
390 440
389 440
414 675
307 446
364 476
473 394
347 639
291 487
346 623
347 628
341 633
376 730
341 622
417 631
398 430
419 396
387 623
425 659
355 497
381 606
466 368
356 552
343 461
386 393
400 399
367 480
412 658
329 450
385 606
508 371
340 452
496 346
412 559
329 458
417 451
348 640
472 561
468 385
356 412
520 397
364 403
340 400
471 367
471 361
338 666
348 396
477 590
453 390
366 620
422 665
342 563
389 644
338 667
322 484
398 449
381 736
336 594
373 512
386 422
405 381
366 537
376 609
309 465
328 603
369 475
486 363
490 569
431 634
287 435
510 405
481 570
504 386
425 631
446 661
338 594
511 394
363 497
423 660
355 596
415 461
382 686
371 711
410 412
361 625
479 576
356 601
409 408
481 578
505 386
406 420
398 383
501 387
413 402
325 450
310 450
402 651
377 702
371 686
340 658
345 651
316 428
421 441
418 664
363 469
514 402
318 434
422 465
345 601
354 596
475 373
368 416
439 397
489 570
477 374
421 393
350 479
393 685
375 460
321 465
361 458
416 460
505 396
393 599
300 481
407 373
418 432
319 460
510 382
329 421
346 394
432 638
355 594
296 479
337 659
320 455
441 400
341 459
416 618
399 461
416 544
341 658
340 622
368 719
390 437
386 652
473 563
382 736
342 399
411 611
406 421
410 434
454 381
426 664
481 384
422 659
356 588
387 423
360 457
395 638
455 385
386 455
358 469
509 391
457 381
340 574
402 384
313 470
520 398
328 491
408 422
411 431
324 666
334 597
314 485
346 476
345 600
413 459
401 661
512 380
403 433
351 639
351 646
318 474
408 374
339 460
415 403
382 662
526 399
395 597
352 478
434 661
416 565
389 608
334 567
386 633
312 445
339 592
355 552
356 589
339 599
345 629
444 654
416 677
368 531
332 463
394 418
404 431
355 406
351 397
353 625
386 622
380 388
328 487
397 669
320 444
420 404
374 670
341 599
368 616
362 540
407 477
416 657
346 464
356 590
347 652
358 537
490 567
402 436
382 606
382 458
294 450
348 622
388 425
345 663
392 622
388 727
359 543
651 542
433 668
424 674
490 570
368 535
392 678
345 634
416 459
410 402
480 562
349 603
356 625
380 736
389 604
320 466
423 673
321 422
352 409
291 448
405 387
369 719
424 632
386 621
408 641
410 396
350 390
387 400
345 392
482 574
360 675
398 431
473 389
451 394
369 612
414 665
364 672
372 674
376 685
367 477
364 417
341 394
375 666
329 425
408 376
291 484
406 445
391 663
371 710
348 626
351 398
487 570
340 562
320 456
398 410
353 408
411 615
352 476
433 661
396 405
348 391
333 601
362 624
406 444
477 375
320 427
443 652
394 444
367 681
363 417
301 486
380 384
427 648
346 644
403 562
284 447
355 534
474 391
328 667
432 664
376 728
416 624
409 453
328 597
415 533
404 671
427 665
399 393
400 646
349 628
404 399
390 392
380 687
396 654
402 445
354 594
365 610
345 652
331 573
316 443
341 595
479 570
356 497
472 361
401 454
517 400
512 367
320 447
359 400
351 588
386 399
346 471
406 456
390 395
456 389
343 656
480 377
313 444
354 615
340 563
369 533
416 616
284 438
410 414
339 561
382 408
351 622
360 673
416 614
303 468
362 413
350 543
356 406
349 605
416 613
317 427
314 459
360 674
363 462
458 389
410 393
384 739
383 629
351 647
374 689
348 623
397 407
392 642
508 374
392 647
397 671
520 395
427 674
362 603
330 596
316 475
364 619
308 456
369 534
400 387
305 481
366 671
327 492
367 612
357 542
379 460
404 380
427 462
435 668
391 622
429 398
469 368
329 669
430 678
285 449
423 458
307 486
334 571
370 671
433 636
412 410
388 619
416 612
363 475
349 589
426 653
378 408
411 399
412 389
368 682
391 609
398 649
351 597
459 367
443 654
374 589
419 433
390 398
374 707
366 398
475 563
327 670
348 647
376 702
441 660
471 589
363 672
429 644
411 670
420 435
383 607
284 439
507 386
358 674
518 399
295 486
479 400
476 374
399 661
349 636
357 402
407 381
437 399
314 475
355 396
346 646
416 668
367 695
411 406
300 440
318 425
365 678
356 469
361 469
408 456
358 534
414 669
410 389
491 571
516 400
351 469
340 621
363 500
386 638
346 618
411 403
391 397
328 670
334 469
481 391
411 677
326 667
432 460
298 466
332 571
419 622
352 408
371 675
336 453
387 633
388 393
363 602
408 371
363 681
360 676
358 413
414 376
372 718
390 667
373 665
414 432
371 461
406 675
378 629
432 636
376 408
289 456
476 392
316 445
348 624
287 482
369 416
509 370
397 410
426 633
321 426
394 430
371 713
319 480
434 658
364 591
339 463
372 416
468 363
341 392
649 539
409 376
410 431
335 567
390 653
325 485
386 417
375 687
362 416
368 479
372 722
297 485
392 635
295 479
467 368
398 636
482 382
424 601
306 480
357 590
477 367
371 672
384 738
367 682
340 451
291 480
367 478
394 443
347 481
393 431
314 457
357 568
437 658
391 444
406 408
392 686
354 470
422 405
410 395
382 607
354 613
417 655
468 389
378 417
375 614
373 662
310 441
496 364
343 458
382 604
419 402
388 437
328 677
354 551
522 398
285 458
362 625
308 449
346 479
511 408
434 635
369 718
372 631
365 674
367 683
331 419
511 381
389 606
400 398
389 636
328 492
365 475
427 388
388 654
342 656
409 434
354 533
423 394
485 378
325 456
383 392
344 625
354 465
392 667
343 635
334 466
427 650
306 484
430 388
292 457
421 455
391 660
342 456
346 647
395 680
410 670
313 448
361 590
413 658
458 363
314 470
450 401
433 665
347 392
373 668
352 398
376 726
399 665
380 461
438 399
363 668
381 389
512 402
351 464
428 395
373 726
352 499
414 628
389 681
379 629
386 656
394 633
400 432
493 353
348 625
389 618
300 465
393 638
416 678
364 458
334 450
405 634
444 657
323 674
318 479
383 611
390 598
285 450
305 482
293 448
312 457
347 548
477 388
399 660
396 403
320 428
311 457
479 566
480 582
352 384
360 470
362 396
480 581
417 611
417 610
418 610
418 609
419 609
419 608
419 607
418 607
419 606
418 606
419 605
418 605
419 604
417 605
420 604
416 605
421 604
420 603
416 604
422 604
415 604
416 603
422 603
496 356
416 602
423 603
422 602
415 602
417 602
424 603
415 601
417 601
425 603
424 602
417 600
426 603
425 604
425 602
417 599
426 602
425 605
417 598
427 602
424 605
418 598
416 598
417 597
419 598
418 597
418 596
419 596
419 595
419 594
419 593
420 593
419 592
421 593
419 591
422 592
422 591
422 590
423 590
424 590
425 590
424 591
424 589
426 590
424 588
425 588
424 587
423 587
423 586
422 586
423 585
424 585
424 584
425 584
424 583
426 584
424 582
427 584
423 582
424 581
428 584
424 580
429 584
424 579
430 584
429 585
425 579
423 579
430 585
430 583
426 579
422 579
431 585
430 582
426 580
426 578
421 579
431 586
431 582
426 577
421 580
421 578
432 586
432 582
431 581
426 576
421 581
420 578
421 577
432 587
433 582
432 581
426 575
422 581
420 581
420 577
432 588
434 582
433 581
426 574
420 582
420 576
433 580
425 574
419 582
420 575
433 579
424 574
418 582
421 575
419 575
433 578
417 582
418 575
419 574
417 575
419 573
416 575
417 574
419 572
415 575
417 573
351 536
419 571
415 574
418 571
419 570
414 574
415 573
417 571
419 569
414 573
415 572
417 570
420 569
419 568
413 573
416 570
418 568
419 567
412 573
417 568
420 567
419 566
411 573
412 574
417 567
421 567
419 565
411 574
411 572
422 567
419 564
410 574
411 575
410 572
423 567
422 566
420 564
409 574
411 576
410 571
424 567
423 568
421 564
420 563
411 577
424 566
423 569
422 564
420 562
410 577
424 569
422 569
419 562
420 561
410 578
418 562
420 560
409 578
417 562
418 561
421 560
420 559
408 578
417 563
420 558
407 578
408 577
417 564
421 558
419 558
407 579
408 576
417 565
421 557
419 557
406 579
407 580
421 556
408 580
421 555
409 580
420 555
421 554
420 554
420 553
419 553
418 553
419 552
417 553
419 551
416 553
417 552
420 551
415 553
416 554
417 551
420 550
414 553
415 554
416 555
417 550
420 549
414 554
416 556
416 550
420 548
413 554
417 556
415 556
415 550
421 548
412 554
414 556
415 557
415 549
422 548
421 547
384 636
413 556
378 389
415 548
423 548
422 547
421 546
384 637
413 557
414 558
414 548
423 549
422 546
420 546
384 638
413 558
413 548
423 550
423 546
422 545
419 546
420 545
385 638
413 559
413 549
424 546
420 544
413 560
424 545
420 543
412 560
413 561
425 545
424 544
420 542
411 560
412 561
413 562
424 543
421 542
419 542
412 562
414 562
418 542
419 541
412 563
415 562
417 542
418 543
411 563
416 542
410 563
415 542
409 563
410 564
414 542
415 543
415 541
408 563
410 565
413 542
414 541
415 544
407 563
413 543
413 541
414 540
415 545
406 563
394 602
416 545
405 563
406 564
348 532
482 368
404 563
405 564
405 562
406 565
468 368
415 675
355 547
403 563
405 565
414 539
415 539
414 538
416 539
415 538
414 537
417 539
415 537
413 537
418 539
417 538
412 537
413 536
418 538
411 537
413 535
412 532
411 532
412 531
411 533
411 531
410 533
411 530
409 533
411 529
409 534
412 529
410 529
408 534
409 535
409 529
408 535
408 529
407 529
408 528
406 529
407 528
408 527
406 528
409 527
408 526
405 528
409 526
408 525
404 528
403 528
404 529
402 528
404 530
401 528
402 529
404 531
400 528
404 532
400 527
400 526
401 526
399 526
398 526
399 525
399 524
400 524
398 524
400 523
397 524
401 523
400 522
396 524
400 521
396 523
400 520
400 519
401 519
401 518
401 517
402 517
400 517
402 516
400 516
402 515
399 516
403 515
402 514
398 516
404 515
403 514
405 515
406 515
405 516
407 515
405 517
408 515
406 517
409 515
408 514
406 518
410 515
409 514
408 513
406 519
411 515
408 512
346 463
412 515
411 516
409 512
407 512
412 516
412 514
411 517
410 512
409 511
413 514
411 512
409 510
413 513
410 510
408 510
409 509
411 510
408 509
412 510
411 509
407 509
412 509
411 508
407 508
413 509
412 508
414 509
412 507
415 509
412 506
412 505
413 505
412 504
412 503
413 503
411 503
413 502
410 503
414 502
410 504
414 501
409 504
415 501
408 504
409 505
416 501
407 504
417 501
416 500
407 503
417 502
417 500
407 502
417 503
417 499
406 502
407 501
417 504
418 499
406 501
416 504
418 498
405 501
406 500
416 505
404 501
406 499
416 506
403 501
405 499
402 501
404 499
401 501
402 502
403 499
402 503
403 498
402 504
403 497
401 504
402 497
403 496
401 497
402 496
403 495
400 497
401 496
402 495
404 495
400 496
405 495
399 496
405 494
398 496
405 493
398 497
398 495
404 493
405 492
397 497
398 498
397 495
403 493
404 492
406 492
398 499
396 495
404 491
407 492
395 495
403 491
404 490
407 493
394 495
395 496
405 490
407 494
393 495
406 490
488 553
392 495
406 489
478 557
392 494
406 488
487 553
391 494
392 493
406 487
390 494
391 493
393 493
392 492
405 487
406 486
390 495
394 493
392 491
404 487
406 485
389 495
392 490
403 487
404 486
407 485
406 484
389 496
393 490
404 485
408 485
407 484
388 496
389 497
394 490
403 485
408 486
408 484
407 483
387 496
389 498
409 486
408 487
408 483
407 482
387 497
387 495
390 498
410 486
409 483
386 495
391 498
411 486
410 485
409 482
385 495
386 494
412 486
409 481
384 495
385 494
413 486
412 487
383 495
414 486
382 495
415 486
414 487
381 495
382 496
382 494
416 486
382 497
382 493
416 485
383 497
382 498
381 493
382 492
417 485
381 498
382 499
380 493
382 491
418 485
417 484
380 498
383 499
382 500
379 493
383 491
381 491
382 490
419 485
418 484
417 483
379 498
383 500
381 500
382 501
378 493
380 491
419 486
419 484
416 483
417 482
379 499
384 500
377 493
380 490
420 484
419 483
415 483
417 481
378 499
385 500
377 494
377 492
380 489
420 483
419 482
415 482
378 500
385 501
376 494
376 492
379 489
380 488
421 483
415 481
378 501
385 502
376 495
380 487
415 480
377 501
384 502
385 503
375 495
381 487
379 487
414 480
386 503
382 487
381 486
386 504
382 488
381 485
387 504
386 505
383 488
380 485
381 484
385 505
381 483
384 505
381 482
383 505
384 504
381 481
382 505
383 506
383 504
382 481
381 505
382 506
383 507
382 480
380 505
382 479
380 506
383 479
379 506
384 479
383 478
378 506
379 507
385 479
383 477
378 507
378 505
385 480
382 477
378 508
377 505
385 481
381 477
378 509
376 505
386 481
384 481
378 510
375 505
376 504
387 481
386 482
378 511
376 503
388 481
387 482
386 483
377 511
375 503
376 502
389 481
386 484
376 511
374 503
390 481
389 482
386 485
376 512
376 510
374 504
391 481
390 482
389 483
376 513
373 504
391 480
389 484
377 513
375 513
372 504
392 480
391 479
389 485
378 513
377 514
374 513
371 504
390 479
391 478
377 515
374 514
374 512
370 504
392 478
377 516
373 514
374 515
370 503
392 477
378 516
372 514
374 516
369 503
392 476
378 517
371 514
433 586
373 516
368 503
369 502
393 476
391 476
378 518
371 515
371 513
369 501
394 476
390 476
391 475
371 516
370 513
395 476
394 477
389 476
370 516
371 517
389 475
369 516
370 517
371 518
389 474
368 516
369 517
372 518
371 519
389 473
367 516
369 518
373 518
372 519
390 473
366 516
369 519
374 518
373 519
372 520
391 473
366 517
375 518
392 473
365 517
375 519
393 473
364 517
376 519
375 520
394 473
363 517
395 473
362 517
363 516
396 473
361 517
397 473
360 517
361 518
361 516
398 473
397 474
397 472
359 517
360 516
361 519
399 473
398 472
397 471
358 517
359 516
361 520
400 473
399 474
396 471
397 470
359 515
362 520
360 520
361 521
400 474
400 472
399 475
395 471
396 470
358 515
359 514
362 521
361 522
401 474
400 471
399 476
394 471
396 469
357 515
358 514
359 513
363 521
361 523
401 475
401 471
398 476
399 477
395 469
396 468
356 515
357 514
359 512
364 521
360 523
402 475
402 471
398 477
399 478
396 467
355 515
356 516
360 512
358 512
364 522
364 520
400 478
399 479
397 467
395 467
396 466
354 515
355 516
361 512
360 511
357 512
358 511
364 523
365 520
401 478
398 479
398 467
394 467
353 515
355 517
362 512
360 510
356 512
358 510
365 523
366 520
402 478
397 479
398 468
393 467
355 518
363 512
360 509
355 512
358 509
366 523
367 520
403 478
402 479
396 479
399 468
392 467
393 468
356 518
355 519
361 509
359 509
360 508
354 512
366 524
366 522
368 520
404 478
403 477
396 478
391 467
392 468
361 508
360 507
354 511
366 525
368 521
404 479
404 477
390 467
391 466
361 507
359 507
354 510
367 525
365 525
366 526
405 479
405 477
404 476
389 467
390 468
391 465
361 506
359 506
353 510
367 526
365 526
366 527
405 480
397 525
405 476
404 475
388 467
391 464
362 506
358 506
352 510
367 527
366 528
405 481
367 530
405 475
404 474
392 464
363 506
357 506
351 510
352 511
365 528
366 529
406 481
369 530
392 463
364 506
357 507
357 505
351 511
365 529
372 531
393 463
356 507
357 504
350 511
351 512
364 529
365 530
394 463
393 462
357 503
402 452
364 530
395 463
394 462
393 461
356 503
357 502
363 530
364 531
395 464
395 462
394 461
392 461
356 502
358 502
364 532
396 462
394 460
391 461
355 502
359 502
363 532
364 533
394 459
390 461
391 460
354 502
360 502
359 503
359 501
362 532
364 534
394 458
389 461
391 459
354 503
354 501
360 501
361 532
365 534
364 535
395 458
389 462
391 458
353 501
354 500
361 501
361 531
366 534
364 536
396 458
388 462
390 458
352 501
355 500
361 500
361 530
420 437
364 537
397 458
389 458
390 457
352 500
355 499
362 500
650 539
365 537
364 538
426 619
427 619
428 619
427 620
427 618
428 620
427 621
427 617
428 621
427 622
428 617
427 616
429 621
427 623
428 616
427 615
429 616
426 615
429 615
429 614
430 614
431 614
431 615
431 613
432 615
431 616
431 612
431 611
431 610
431 609
432 609
430 609
433 609
434 609
434 608
435 608
436 608
435 607
437 608
435 606
438 608
436 606
438 609
436 605
439 609
437 605
439 610
438 605
439 611
438 606
438 604
439 612
439 606
440 612
440 606
439 607
441 612
441 613
441 614
442 614
440 614
443 614
443 615
443 613
443 616
444 613
444 616
442 616
445 613
445 616
441 616
445 612
446 616
445 615
440 616
445 611
447 616
440 617
446 611
444 611
445 610
440 618
446 610
443 611
440 619
447 610
441 619
440 620
448 610
447 609
439 620
448 611
438 620
448 612
437 620
449 612
448 613
436 620
450 612
448 614
435 620
436 619
451 612
450 613
450 611
434 620
436 618
452 612
451 613
450 610
434 621
453 612
452 613
452 611
451 614
450 609
454 612
453 611
451 615
450 608
454 611
451 616
449 608
450 607
455 611
450 616
448 608
455 610
450 617
448 607
456 610
455 609
450 618
457 610
455 608
451 618
457 611
456 608
454 608
452 618
457 612
457 608
456 607
453 608
453 618
458 608
457 607
453 609
453 607
459 608
453 606
460 608
454 606
452 606
461 608
454 605
462 608
461 609
461 607
454 604
463 608
462 609
461 610
454 603
463 607
461 611
455 603
453 603
463 606
462 611
460 611
456 603
452 603
464 606
462 612
459 611
460 612
457 603
456 602
451 603
465 606
464 605
463 612
462 613
460 613
457 604
456 601
451 604
465 607
465 605
464 612
459 613
456 600
465 608
466 605
464 613
457 600
455 600
456 599
466 608
467 605
465 613
458 600
454 600
456 598
467 608
468 605
467 606
467 604
466 613
458 599
453 600
456 597
467 609
467 607
469 605
467 603
466 612
459 599
452 600
455 597
456 596
469 604
468 603
452 601
455 596
457 596
469 603
455 595
470 603
469 602
454 595
470 602
469 601
453 595
470 601
469 600
452 595
453 596
471 601
469 599
451 595
453 597
472 601
468 599
472 600
468 598
473 600
472 599
467 598
468 597
474 600
472 598
467 597
469 597
468 596
475 600
474 599
467 596
470 597
469 596
476 600
475 601
474 598
467 595
471 597
469 595
476 601
476 599
474 597
471 596
477 601
477 599
475 597
473 597
471 595
478 599
477 598
475 596
479 599
475 595
479 600
476 595
474 595
480 600
479 601
477 595
474 594
481 600
480 601
479 602
477 594
473 594
482 600
481 601
477 593
482 601
482 599
478 593
482 602
482 598
478 592
482 603
483 598
482 597
483 603
481 603
482 604
483 597
484 603
483 604
481 604
482 605
483 596
485 603
484 602
483 605
480 604
483 595
485 604
485 602
484 601
484 605
479 604
483 594
486 602
484 600
484 606
484 594
484 599
485 606
485 594
484 593
485 599
486 606
486 594
485 593
486 607
486 605
487 594
485 592
486 608
488 594
487 595
485 591
489 594
488 595
487 596
485 590
489 595
484 590
490 595
483 590
484 589
491 595
490 596
482 590
483 589
484 588
492 595
490 597
482 591
485 588
493 595
489 597
490 598
481 591
493 596
493 594
491 598
490 599
480 591
481 592
493 597
494 594
489 599
490 600
330 432
481 593
493 598
495 594
488 599
491 600
333 431
494 598
495 593
488 600
488 598
492 600
331 432
332 431
494 599
496 593
495 592
493 600
331 431
331 430
495 599
494 600
494 592
495 591
331 429
354 566
496 599
494 601
494 591
355 567
497 599
493 591
494 590
346 584
498 599
494 589
353 566
499 599
495 589
494 588
354 567
499 600
499 598
496 589
493 588
494 587
346 583
348 581
499 601
499 597
493 587
494 586
345 582
353 567
500 601
500 597
498 597
493 586
352 568
346 582
347 581
501 601
501 597
497 597
493 585
345 581
353 568
346 581
501 602
501 600
501 598
501 596
497 596
492 585
493 584
345 580
349 578
501 603
502 600
501 595
491 585
493 583
353 569
353 571
502 603
500 603
501 604
502 599
502 595
491 586
494 583
492 583
346 580
348 578
353 570
503 603
499 603
503 599
490 586
491 587
495 583
494 582
346 579
347 578
504 603
503 604
498 603
504 599
503 598
489 586
491 588
496 583
495 582
494 581
350 568
352 570
346 578
504 604
505 599
488 586
491 589
497 583
493 581
350 569
504 605
506 599
487 586
497 584
493 580
351 570
346 577
504 606
506 598
498 584
493 579
345 576
350 570
503 606
506 597
498 585
493 578
351 571
346 576
350 571
502 606
503 607
507 597
505 597
498 586
493 577
350 573
347 576
350 572
501 606
503 608
508 597
499 586
492 577
493 576
348 576
347 575
500 606
503 609
509 597
508 598
500 586
499 587
493 575
325 565
341 568
499 606
504 609
510 597
509 598
509 596
501 586
500 587
349 572
348 575
326 565
499 607
504 610
511 597
509 599
509 595
326 567
341 569
348 572
498 607
505 610
511 596
510 599
509 600
510 595
509 594
348 574
327 565
497 607
498 608
505 611
511 599
508 600
509 601
508 594
509 593
326 566
342 569
497 608
497 606
498 609
380 486
508 601
510 601
509 592
347 572
348 573
496 608
497 609
496 606
459 368
507 601
511 601
510 592
327 566
343 569
497 610
374 380
373 380
512 601
511 602
511 592
510 591
347 573
328 566
497 611
372 380
371 380
371 381
513 601
512 600
511 591
333 579
498 611
496 611
370 381
371 382
513 600
511 590
343 570
346 573
329 566
370 382
368 381
369 382
512 590
331 580
330 579
368 382
368 383
367 383
513 590
512 589
333 578
344 570
345 573
366 383
365 383
364 383
363 383
513 591
512 588
329 567
331 579
363 384
363 385
333 401
362 385
514 591
513 592
513 588
511 588
333 577
344 571
344 573
334 401
361 387
362 386
334 402
513 593
513 587
511 587
329 568
331 578
360 383
361 386
335 402
359 383
360 386
514 593
511 586
332 577
330 577
344 572
336 402
359 384
360 385
512 586
511 585
330 568
331 577
338 403
337 402
359 385
341 403
342 402
511 584
330 576
343 572
338 400
338 402
358 385
330 569
331 576
342 572
341 402
338 401
506 611
507 611
508 611
507 612
509 611
508 610
507 613
508 609
507 614
509 609
507 609
506 614
510 609
506 609
505 614
510 610
506 608
504 614
505 615
511 610
503 614
504 613
505 616
512 610
502 614
504 616
505 617
512 611
501 614
502 615
503 616
506 617
512 612
501 615
507 617
513 612
512 613
501 616
508 617
507 618
514 612
509 617
508 616
515 612
514 611
510 617
509 618
516 612
514 610
511 617
509 619
517 612
515 610
514 609
511 616
509 620
517 613
514 608
512 616
510 620
509 621
517 614
515 608
511 620
510 621
517 615
516 608
511 621
511 619
510 622
516 615
517 616
517 608
516 609
512 621
512 619
510 623
515 615
517 617
518 608
517 609
513 621
510 624
514 615
516 617
519 608
518 609
511 624
510 625
513 615
516 618
518 610
511 625
509 625
513 614
516 619
519 610
518 611
512 625
509 626
517 619
519 611
512 626
518 619
513 626
512 627
519 619
514 626
513 627
520 619
519 620
519 618
515 626
513 628
520 618
519 621
519 617
516 626
514 628
520 617
519 622
515 628
514 629
521 617
519 623
514 630
520 623
518 623
519 624
515 630
513 630
519 625
515 631
519 626
519 627
520 627
519 628
518 628
519 629
520 629
521 629
522 629
521 628
523 629
522 630
522 628
522 631
522 632
523 632
521 632
524 632
520 632
521 633
525 632
524 633
524 631
526 632
524 634
524 630
526 631
524 635
527 631
525 635
523 635
528 631
527 630
526 635
529 631
527 629
526 636
526 634
530 631
526 629
527 636
527 634
531 631
530 630
528 636
532 631
530 629
529 636
532 630
529 629
530 628
530 636
532 629
530 627
530 637
530 635
533 629
529 627
531 637
530 638
534 629
535 629
536 629
535 628
537 629
535 627
538 629
536 627
534 627
539 629
537 627
534 626
539 628
538 627
540 628
538 626
539 626
539 625
540 625
541 625
542 625
541 624
542 626
541 623
540 623
541 622
541 621
541 620
542 620
540 620
541 619
543 620
544 620
545 620
544 619
546 620
544 618
546 619
545 618
544 617
547 619
545 617
543 617
548 619
546 617
542 617
549 619
547 617
546 616
549 620
549 618
548 617
546 615
549 621
547 615
546 614
549 622
546 613
548 622
546 612
547 612
547 611
548 611
547 610
549 611
548 610
546 610
547 609
549 612
548 609
546 609
547 608
550 612
545 609
551 612
545 608
552 612
544 608
545 607
553 612
544 607
554 612
553 613
553 611
543 607
544 606
555 612
553 610
542 607
543 606
556 612
553 609
541 607
542 606
543 605
557 612
556 613
556 611
552 609
553 608
542 605
558 612
556 610
554 608
553 607
542 604
557 610
555 610
556 609
554 607
553 606
541 604
542 603
558 610
555 607
554 606
552 606
543 603
554 605
552 605
544 603
555 605
551 605
552 604
545 603
544 602
556 605
553 604
545 604
545 602
544 601
557 605
556 606
553 603
546 602
545 601
544 600
558 605
557 606
557 604
553 602
547 602
545 600
543 600
544 599
559 605
554 602
552 602
553 601
548 602
542 600
543 599
560 605
559 606
551 602
552 601
549 602
541 600
542 599
560 604
559 607
550 602
549 601
540 600
561 604
560 607
550 601
539 600
540 601
561 607
538 600
540 602
561 608
538 601
538 599
540 603
562 608
537 601
538 598
539 603
563 608
536 601
537 598
538 597
539 604
564 608
537 597
539 605
565 608
564 607
536 597
537 596
538 605
566 608
565 607
536 596
537 595
537 605
566 609
565 606
538 595
537 594
537 604
566 610
566 606
536 594
536 604
567 610
565 610
566 611
567 606
536 593
535 604
568 610
567 605
536 592
534 604
569 610
568 611
567 604
535 592
534 605
534 603
569 611
568 612
568 604
567 603
535 591
534 606
533 603
567 612
568 613
569 604
535 590
534 607
532 603
533 602
569 605
536 590
535 589
535 607
533 601
570 605
569 606
537 590
536 589
534 589
535 588
536 607
571 605
570 606
538 590
537 589
533 589
537 607
536 608
572 605
571 606
539 590
538 591
532 589
537 608
536 609
573 605
572 606
572 604
571 607
540 590
539 591
531 589
535 609
574 605
573 604
572 607
572 603
571 608
539 592
535 610
575 605
572 608
572 602
540 592
534 610
535 611
575 606
575 604
573 608
571 602
541 592
540 593
535 612
576 606
575 603
574 608
573 609
536 612
534 612
577 606
575 602
574 609
537 612
533 612
578 606
575 601
575 609
538 612
537 613
537 611
533 613
579 606
578 605
575 600
539 612
532 613
580 606
579 607
578 604
576 600
539 613
539 611
532 614
580 605
579 608
579 604
578 603
576 599
540 613
540 611
539 610
531 614
581 605
580 604
578 608
579 609
576 598
541 611
530 614
582 605
580 603
577 608
579 610
576 597
542 611
530 613
583 605
580 602
576 608
579 611
577 597
576 596
543 611
529 613
530 612
584 605
580 601
578 611
576 595
528 613
585 605
584 604
581 601
578 612
576 594
527 613
528 612
586 605
584 603
578 613
577 594
576 593
527 612
528 611
587 605
586 604
584 602
578 614
578 594
575 593
576 592
527 611
588 605
583 602
584 601
579 614
578 595
578 593
574 593
526 611
527 610
589 605
588 606
588 604
583 601
585 601
579 615
578 592
526 610
590 605
588 603
585 600
579 616
579 592
578 591
526 609
591 605
585 599
579 617
580 592
577 591
578 590
526 608
591 606
584 599
585 598
580 617
578 617
581 592
580 593
580 591
579 590
527 608
525 608
592 606
591 607
584 598
586 598
581 617
582 592
528 608
587 598
586 597
581 618
583 592
582 593
529 608
528 607
588 598
586 596
581 619
584 592
583 593
530 608
528 606
589 598
587 596
580 619
581 620
585 592
584 593
584 591
531 608
527 606
589 599
580 620
582 620
581 621
585 593
585 591
584 590
527 605
580 621
583 620
581 622
586 593
586 591
583 590
527 604
579 621
584 620
583 621
582 622
581 623
586 590
582 590
528 604
526 604
527 603
579 622
585 620
580 623
581 624
587 590
582 589
528 603
525 604
526 603
527 602
578 622
585 621
585 619
580 624
588 590
587 589
581 589
582 588
524 604
578 623
586 621
586 619
580 625
588 589
581 588
582 587
578 624
587 621
587 619
580 626
583 587
582 586
577 624
578 625
588 621
587 620
587 618
579 626
584 587
581 586
577 625
588 618
587 617
579 627
585 587
584 588
584 586
580 586
576 625
589 618
578 627
586 587
585 586
584 585
579 586
575 625
590 618
589 617
587 587
585 585
578 586
574 625
591 618
590 619
587 586
577 586
578 585
573 625
591 617
590 620
588 586
576 586
577 587
577 585
572 625
573 626
573 624
592 617
591 620
589 586
575 586
577 588
572 626
573 623
593 617
591 621
590 586
589 585
574 586
571 626
572 623
593 616
591 622
591 586
574 587
574 585
570 626
571 627
572 622
593 615
592 586
591 587
573 585
574 584
569 626
571 628
594 615
593 614
593 586
592 585
591 588
572 585
574 583
568 626
572 628
570 628
592 614
594 586
592 584
572 586
572 584
575 583
568 625
572 629
592 613
595 586
594 587
593 584
592 583
572 587
572 583
575 582
567 625
572 630
591 613
595 585
594 588
594 584
592 582
572 588
571 583
567 624
572 631
590 613
595 584
595 588
593 588
594 589
594 583
593 582
571 588
570 583
566 624
567 623
572 632
596 584
596 588
594 582
570 588
570 584
570 582
566 623
568 623
573 632
597 588
594 581
570 581
566 622
569 623
568 622
574 632
598 588
597 589
597 587
570 580
565 622
569 624
569 622
568 621
575 632
599 588
597 590
597 586
569 580
570 579
564 622
568 620
576 632
575 633
575 631
600 588
597 591
597 585
570 578
564 621
569 620
568 619
577 632
576 631
575 634
575 630
601 588
600 587
597 592
598 585
569 578
564 620
570 620
568 618
382 478
574 634
575 635
601 589
597 593
599 585
598 584
568 578
563 620
571 620
570 621
570 619
567 618
574 635
575 636
602 589
598 593
596 593
597 594
598 583
568 577
563 619
570 618
567 617
574 636
603 589
595 593
599 583
597 583
567 577
562 619
563 618
571 618
574 637
603 590
391 686
600 583
599 582
566 577
561 619
564 618
563 617
572 618
573 637
604 590
402 453
649 534
601 583
566 576
560 619
561 620
563 616
573 618
572 637
605 590
653 534
601 582
566 575
559 619
560 618
561 621
564 616
571 637
572 636
654 535
602 582
565 575
566 574
559 620
561 622
571 636
650 534
653 535
603 582
564 575
565 574
558 620
559 621
562 622
561 623
571 635
650 535
652 535
604 582
603 583
563 575
565 573
557 620
558 621
559 622
571 634
653 536
605 582
604 583
562 575
563 576
563 574
564 573
565 572
556 620
557 619
558 622
570 634
650 536
652 536
605 583
605 581
561 575
564 572
566 572
565 571
555 620
556 619
557 618
557 622
558 623
569 634
570 633
648 538
606 583
606 581
605 580
560 575
561 576
561 574
564 571
565 570
555 621
557 617
558 624
569 635
570 632
607 583
605 579
559 575
561 577
561 573
564 570
566 570
556 617
559 624
558 625
568 635
569 632
608 583
605 578
559 576
559 574
561 578
561 572
567 570
566 569
556 616
558 626
567 635
608 582
606 578
604 578
558 576
561 571
568 570
566 568
556 615
559 626
566 635
567 636
567 634
607 578
603 578
604 577
557 576
561 570
569 570
568 569
565 568
557 615
555 615
560 626
566 634
567 637
567 633
608 578
602 578
603 579
556 576
557 575
561 569
569 571
568 568
565 567
558 615
554 615
560 625
566 633
567 638
601 578
602 577
556 575
557 574
560 569
561 568
570 571
569 568
568 567
553 615
565 633
566 638
601 579
602 576
555 575
556 574
560 568
570 572
570 568
565 632
566 639
603 576
602 575
554 575
559 568
571 572
570 567
564 632
565 631
566 640
602 574
554 574
558 568
571 573
570 566
563 632
565 640
566 641
603 574
601 574
602 573
553 574
558 569
558 567
572 573
571 574
562 632
563 631
565 641
567 641
566 642
601 573
602 572
552 574
557 569
557 567
573 573
570 574
562 631
563 630
565 642
568 641
566 643
603 572
602 571
551 574
552 575
556 569
557 566
573 572
563 629
564 642
565 643
568 640
566 644
604 572
603 571
602 570
550 574
551 573
556 570
557 565
573 571
563 642
567 644
566 645
604 573
604 571
601 570
602 569
550 575
550 573
555 570
556 571
558 565
556 565
573 570
562 642
563 641
566 646
605 573
604 570
602 568
549 573
557 571
558 564
555 565
574 570
562 643
562 641
567 646
604 569
601 568
602 567
548 573
559 564
558 563
554 565
574 569
562 644
562 640
567 647
605 569
600 568
603 567
548 574
548 572
557 563
558 562
553 565
554 566
575 569
562 645
561 640
562 639
567 648
606 569
600 567
603 566
548 575
548 571
556 563
559 562
552 565
575 568
561 645
568 648
607 569
606 568
599 567
603 565
547 571
555 563
552 564
560 645
561 646
569 648
568 649
608 569
604 565
546 571
555 562
551 564
559 645
560 646
560 644
570 648
569 647
568 650
608 570
604 564
545 571
555 561
550 564
551 563
559 646
571 648
568 651
608 571
604 563
545 572
556 561
550 563
551 562
559 647
569 651
608 572
603 563
545 573
556 560
551 561
558 647
570 651
569 652
609 572
607 572
608 573
602 563
544 573
556 559
551 560
557 647
571 651
610 572
557 559
550 560
556 647
571 650
611 572
558 559
549 560
550 559
572 650
611 573
611 571
559 559
558 558
548 560
550 558
612 573
612 571
560 559
547 560
549 558
550 557
613 573
561 559
560 558
546 560
550 556
614 573
613 572
561 558
551 556
615 573
562 558
561 557
552 556
616 573
615 572
563 558
562 557
553 556
552 557
552 555
617 573
616 572
563 559
562 556
552 554
618 573
616 571
563 560
562 555
553 554
551 554
618 574
616 570
563 561
562 554
551 553
618 575
616 569
564 561
562 561
563 562
562 553
617 575
618 576
615 569
562 562
563 563
563 553
616 575
619 576
561 562
563 564
563 552
620 576
564 564
563 551
621 576
620 577
620 575
565 564
564 551
562 551
563 550
622 576
621 575
620 578
566 564
565 551
564 550
563 549
623 576
621 578
567 564
566 551
565 552
564 549
562 549
563 548
624 576
622 578
567 563
567 551
566 552
625 576
567 562
568 551
567 550
566 553
626 576
566 562
569 551
568 550
627 576
565 562
569 552
569 550
628 576
627 575
569 549
629 576
628 575
627 574
569 548
630 576
626 574
570 548
630 575
626 573
571 548
570 547
630 574
625 573
626 572
572 548
570 546
630 573
624 573
626 571
572 547
570 545
631 573
630 572
623 573
625 571
573 547
571 545
569 545
632 573
629 572
630 571
623 574
623 572
625 570
574 547
571 544
568 545
633 573
628 572
629 571
631 571
630 570
623 571
575 547
574 548
571 543
634 573
633 574
629 570
632 571
622 571
576 547
575 546
571 542
635 573
628 570
621 571
577 547
570 542
571 541
636 573
635 574
635 572
627 570
628 569
620 571
577 548
569 542
570 541
572 541
571 540
636 572
635 575
628 568
619 571
620 570
577 549
569 543
569 541
570 540
573 541
636 571
636 575
629 568
627 568
618 571
619 572
619 570
620 569
577 550
568 541
573 540
637 571
636 576
629 567
626 568
618 570
621 569
620 568
578 550
577 551
567 541
574 540
573 539
638 571
637 576
636 577
630 567
629 566
618 569
621 568
620 567
579 550
342 619
577 552
567 542
567 540
575 540
572 539
573 538
638 576
636 578
630 566
628 566
622 568
619 567
620 566
578 552
576 552
566 540
576 540
575 539
574 538
573 537
639 576
631 566
627 566
622 567
620 565
579 552
576 553
565 540
572 537
573 536
632 566
631 565
627 565
623 567
619 565
580 552
576 554
564 540
565 539
571 537
573 535
633 566
632 567
632 565
627 564
618 565
619 564
581 552
580 553
577 554
575 554
576 555
563 540
564 541
574 535
572 535
573 534
633 567
632 568
632 564
628 564
617 565
619 563
581 553
581 551
575 555
576 556
562 540
563 541
563 539
574 534
573 533
633 564
632 563
616 565
619 562
582 553
581 550
577 556
563 542
563 538
575 534
573 532
634 564
615 565
583 553
582 550
577 557
562 542
563 537
575 533
572 532
573 531
635 564
634 563
614 565
584 553
583 554
582 549
578 557
562 543
562 537
572 531
574 531
636 564
635 563
613 565
585 553
583 549
582 548
578 558
561 543
561 537
562 536
571 531
575 531
636 565
636 563
612 565
613 566
586 553
584 549
582 547
560 543
560 537
562 535
570 531
576 531
575 530
637 565
611 565
586 554
585 549
584 550
582 546
559 543
560 544
560 542
560 538
569 531
570 532
576 532
575 529
638 565
610 565
611 564
587 554
586 555
581 546
582 545
559 542
559 538
560 539
568 531
576 529
574 529
639 565
638 564
610 566
611 563
587 555
586 556
583 545
558 542
559 539
568 532
577 529
576 528
640 565
638 563
609 566
612 563
611 562
588 555
586 557
584 545
557 542
578 529
576 527
641 565
638 562
608 566
613 563
610 562
611 561
587 557
585 557
585 545
556 542
578 530
576 526
642 565
639 562
637 562
611 560
587 558
586 545
556 543
488 357
578 531
577 526
576 525
643 565
637 561
612 560
610 560
611 559
587 559
586 546
586 544
555 543
488 356
579 531
577 525
644 565
643 566
643 564
636 561
611 558
587 560
587 546
587 544
586 543
554 543
490 355
580 531
579 532
643 563
635 561
610 558
588 560
587 561
587 547
587 543
553 543
489 356
581 531
580 530
644 563
609 558
588 561
586 561
588 547
588 543
552 543
490 356
581 532
581 530
644 562
608 558
609 557
586 562
589 543
551 543
491 356
582 532
581 533
581 529
644 561
607 558
609 556
586 563
590 543
550 543
332 674
583 532
582 533
581 534
645 561
644 560
606 558
607 559
607 557
610 556
609 555
590 544
590 542
549 543
550 544
584 532
580 534
645 560
643 560
605 558
607 560
610 555
608 555
609 554
591 544
548 543
549 544
585 532
584 531
646 560
605 557
608 560
611 555
609 553
361 466
591 545
547 543
586 532
585 533
585 531
647 560
646 559
604 557
605 556
612 555
610 553
608 553
547 544
547 542
586 533
586 531
585 534
648 560
647 561
603 557
605 555
613 555
611 553
607 553
547 545
546 542
586 530
584 534
648 559
603 556
613 556
607 552
546 545
547 546
546 541
587 530
586 529
584 535
649 559
648 558
602 556
614 556
606 552
607 551
546 546
548 546
546 540
588 530
586 528
583 535
647 558
648 557
615 556
607 550
546 547
549 546
545 540
546 539
585 528
648 556
616 556
608 550
545 547
546 548
546 538
585 527
648 555
616 557
609 550
608 549
545 548
547 548
546 549
547 538
546 537
585 526
649 555
647 555
648 554
617 557
616 558
610 550
609 551
544 548
545 549
548 548
546 550
546 536
586 526
584 526
650 555
646 555
648 553
617 558
611 550
610 549
543 548
544 549
548 549
546 551
547 536
545 536
546 535
586 525
650 556
645 555
646 554
649 553
618 558
617 559
612 550
543 547
548 550
545 551
548 536
545 535
587 525
586 524
650 557
644 555
645 556
646 553
320 480
617 560
612 549
543 546
549 550
548 551
544 551
549 536
545 534
588 525
644 554
646 552
407 496
618 560
617 561
612 548
543 545
549 551
543 551
544 552
550 536
549 535
544 534
545 533
589 525
588 526
645 552
407 495
543 544
542 551
544 553
549 534
543 534
589 524
644 552
484 566
542 544
541 551
542 550
545 553
543 553
543 535
589 523
643 552
644 551
480 556
479 557
487 554
541 544
542 543
540 551
546 553
542 535
590 523
642 552
644 550
484 565
480 557
486 554
541 545
542 542
539 551
540 552
541 535
591 523
590 522
641 552
642 553
643 550
644 549
484 564
481 557
542 541
540 553
541 536
541 534
592 523
640 552
642 550
643 549
485 554
485 564
482 559
541 553
540 536
541 537
541 533
592 524
640 553
642 549
643 548
481 558
485 555
539 536
542 537
541 532
593 524
639 553
643 547
486 556
485 563
538 536
539 537
539 535
543 537
542 532
540 532
541 531
593 525
638 553
642 547
482 558
485 556
537 536
539 538
544 537
543 538
543 532
540 531
594 525
593 526
637 553
638 554
638 552
641 547
485 562
483 558
488 562
536 536
537 535
544 538
544 532
543 531
540 530
595 525
592 526
593 527
636 553
637 552
638 555
641 546
485 557
485 561
484 558
535 536
544 539
543 530
540 529
596 525
593 528
637 555
641 545
487 562
486 561
535 535
542 530
541 529
597 525
596 526
593 529
637 556
642 545
640 545
485 558
485 560
534 535
541 528
597 526
597 524
592 529
593 530
636 556
643 545
639 545
484 559
487 561
533 535
534 534
541 527
598 526
597 527
598 524
597 523
594 530
593 531
635 556
638 545
486 560
485 559
532 535
533 536
534 533
541 526
599 526
597 528
598 523
597 522
593 532
635 557
637 545
638 544
492 563
487 560
531 535
532 536
533 537
533 533
534 532
542 526
541 525
600 526
598 528
599 523
593 533
635 558
636 545
638 543
486 559
492 562
487 559
530 535
532 537
534 537
535 532
543 526
542 525
541 524
600 527
600 525
598 529
599 522
594 533
593 534
634 558
639 543
637 543
492 561
488 559
487 558
529 535
531 537
534 538
535 531
540 524
541 523
601 527
599 529
600 522
594 534
633 558
640 543
496 558
497 557
491 561
492 560
529 534
530 537
531 538
534 539
536 531
540 523
542 523
541 522
602 527
601 522
595 534
488 558
493 538
495 558
528 534
529 533
534 540
539 523
540 522
543 523
541 521
601 521
596 534
496 557
491 560
489 558
529 532
534 541
538 523
540 521
544 523
542 521
601 520
597 534
494 538
495 557
528 532
533 541
534 542
537 523
538 522
539 521
543 521
602 520
601 519
597 535
597 533
491 559
489 557
494 539
527 532
532 541
534 543
536 523
537 522
544 521
543 520
601 518
597 532
491 540
494 557
527 533
527 531
533 543
534 544
535 523
537 521
544 520
543 519
601 517
598 532
526 533
526 531
532 543
535 544
535 522
543 518
602 517
600 517
599 532
526 534
525 531
534 522
544 518
603 517
599 517
599 533
599 531
525 534
526 535
525 532
533 522
534 521
604 517
603 516
598 517
600 531
524 534
525 535
526 536
533 523
534 520
604 518
603 515
597 517
598 516
601 531
523 534
527 536
526 537
535 520
605 518
604 519
602 515
603 514
596 517
598 515
522 534
526 538
535 519
606 518
604 514
596 518
596 516
598 514
521 534
522 535
527 538
525 538
536 519
606 519
605 514
596 519
597 514
598 513
521 533
522 536
536 518
607 519
605 513
599 513
598 512
521 536
522 537
536 517
608 519
606 513
598 511
520 536
521 537
523 537
522 538
536 516
608 520
608 518
607 513
599 511
597 511
520 537
524 537
536 515
609 520
608 521
609 518
607 514
600 511
596 511
519 537
520 538
535 515
536 514
610 520
607 521
608 522
609 517
608 514
607 515
600 510
596 512
518 537
534 515
611 520
608 523
606 515
600 509
595 512
517 537
518 536
533 515
612 520
611 521
611 519
608 524
601 509
516 537
532 515
612 521
611 522
607 524
608 525
515 537
516 536
531 515
532 516
613 521
607 525
609 525
515 538
516 535
530 515
531 516
531 514
532 517
614 521
606 525
609 526
515 539
529 515
530 516
531 513
515 540
529 514
531 512
516 540
514 540
517 540
518 540
518 541
518 542
518 543
518 544
519 544
518 545
520 544
517 545
518 546
521 544
516 545
518 547
522 544
515 545
516 546
519 547
523 544
515 544
520 547
519 548
524 544
515 543
520 548
525 544
524 545
520 549
526 544
525 545
525 543
521 549
520 550
525 546
525 542
522 549
519 550
520 551
525 547
524 542
525 541
519 551
520 552
523 542
526 541
518 551
520 553
527 541
526 540
517 551
521 553
520 554
528 541
527 542
516 551
517 552
521 554
520 555
529 541
528 542
516 550
517 553
520 556
529 542
529 540
528 543
515 550
516 549
521 556
530 542
530 540
514 550
522 556
514 551
523 556
513 551
523 555
513 552
512 552
511 552
512 553
510 552
512 554
509 552
510 553
510 551
513 554
508 552
509 553
510 554
507 552
510 555
506 552
507 551
509 555
510 556
506 553
506 551
507 550
511 556
510 557
506 554
507 549
509 557
510 558
507 554
507 548
508 557
510 559
507 547
507 557
511 559
506 547
505 547
504 547
503 547
502 547
503 546
502 548
503 545
501 548
502 549
503 544
500 548
502 550
499 548
500 549
501 550
498 548
500 550
501 551
498 549
500 551
501 552
497 549
498 550
502 552
496 549
502 553
496 550
496 548
502 554
496 551
496 547
503 554
501 554
496 552
496 546
504 554
501 555
496 553
497 546
496 545
504 555
495 553
496 544
504 556
494 553
495 554
497 544
495 544
505 556
493 553
495 555
498 544
494 544
496 555
494 555
499 544
498 545
494 543
493 555
499 545
499 543
493 543
492 555
493 542
491 555
492 556
493 541
491 556
492 557
492 541
493 540
490 556
491 557
493 557
492 540
494 540
489 556
491 558
650 553
651 553
651 552
651 551
652 551
650 551
651 550
653 551
652 550
651 549
654 551
650 549
654 550
649 549
650 548
655 550
650 547
357 554
358 554
358 555
358 553
358 556
359 553
360 553
361 553
360 554
360 552
361 554
360 555
360 551
362 554
361 555
361 551
359 551
362 555
362 551
358 551
359 550
362 552
362 550
363 550
364 550
365 550
364 551
365 551
365 549
365 552
366 549
365 548
366 548
365 547
367 548
365 546
368 548
367 547
365 545
367 546
366 545
366 544
366 543
