309 608
366 632
316 622
528 390
399 632
625 339
397 731
370 717
339 667
553 329
554 362
308 585
554 360
408 639
344 675
362 718
539 411
326 622
335 675
611 375
498 366
318 628
567 330
626 371
664 346
607 352
337 675
555 328
555 332
672 368
557 358
557 368
426 650
537 356
349 422
501 625
428 648
627 362
566 329
548 362
334 640
320 605
508 586
375 618
652 353
634 345
575 400
389 644
395 689
666 347
580 310
568 391
649 356
638 341
656 331
367 736
572 328
343 429
340 426
495 359
356 684
357 688
365 689
405 700
583 374
341 668
586 322
511 574
367 615
559 361
562 393
333 413
362 632
529 353
372 629
615 349
566 383
517 356
442 646
399 702
339 648
336 653
313 606
390 690
374 745
565 402
320 612
529 354
609 349
335 414
532 379
362 646
553 373
509 419
630 341
378 614
545 411
507 585
549 349
399 730
520 632
360 638
584 329
343 411
443 665
359 701
377 702
387 608
356 725
624 370
619 455
309 582
571 401
652 338
658 333
352 634
558 368
408 641
543 353
374 730
387 643
513 343
529 373
621 364
568 334
319 628
531 381
358 733
502 427
674 359
603 380
396 729
407 676
346 639
362 702
498 360
499 607
669 361
373 612
510 578
316 608
515 568
351 634
605 341
337 425
564 344
394 628
351 711
514 596
401 700
417 678
406 649
666 346
598 556
361 626
573 320
421 709
337 649
556 400
509 586
374 712
524 371
403 709
356 698
538 386
487 633
646 358
409 641
361 721
599 343
328 407
355 639
556 356
394 630
499 586
332 641
556 351
399 634
554 388
508 590
362 708
380 687
632 340
397 703
360 654
621 340
571 403
439 663
376 694
617 373
334 408
650 343
343 430
419 706
540 415
295 588
559 373
367 622
466 614
557 375
408 675
340 639
347 687
334 412
659 330
626 360
340 635
377 684
511 601
438 653
556 344
651 332
551 364
531 376
507 602
624 337
568 321
636 351
551 401
366 723
342 665
549 373
510 629
505 615
328 643
508 574
350 640
351 715
661 341
327 574
370 696
296 580
340 643
645 341
554 343
355 687
620 346
489 630
568 317
354 731
333 635
421 637
354 719
336 663
349 423
401 642
439 650
387 616
495 356
534 346
576 379
657 339
615 348
594 331
405 682
642 342
547 402
554 342
378 620
392 727
383 608
551 354
604 367
309 623
640 338
345 402
348 634
362 695
638 340
392 627
580 375
344 402
496 639
407 643
651 358
538 354
363 639
598 339
506 576
359 706
342 407
450 723
413 640
403 680
312 613
360 624
632 338
302 591
621 332
350 684
345 678
439 651
385 614
585 315
403 690
662 337
568 320
574 405
515 630
593 378
334 407
342 401
643 362
443 669
524 362
571 326
610 373
649 362
339 413
427 674
321 573
340 633
387 691
353 690
363 701
596 330
399 689
662 353
576 317
307 607
566 381
531 352
547 381
375 696
535 354
354 724
359 643
380 686
344 640
330 633
549 348
330 632
398 731
365 631
518 626
568 333
414 710
318 644
395 701
340 670
557 401
305 609
368 729
546 403
339 658
324 563
383 690
579 319
502 587
402 690
515 342
574 319
663 354
557 362
325 630
488 633
650 344
619 339
517 635
598 338
593 335
657 356
363 732
371 624
585 371
323 642
309 583
354 687
636 364
591 369
359 653
348 644
533 379
541 391
548 385
321 612
321 560
386 625
587 378
372 626
371 730
499 629
384 690
359 719
348 643
556 374
565 383
557 332
549 362
358 644
661 342
321 571
394 706
511 345
393 603
401 656
621 337
350 428
407 654
625 356
573 405
435 673
556 360
326 625
376 704
536 389
513 357
510 577
578 307
339 429
320 567
422 673
516 363
372 709
315 625
547 386
418 634
579 310
346 637
544 410
429 649
392 620
440 651
509 564
527 394
493 634
496 588
369 621
322 609
308 584
423 638
371 694
410 675
491 596
621 363
381 707
522 633
515 361
347 643
610 374
553 336
506 611
571 378
431 658
345 665
357 689
402 723
659 331
609 374
503 361
502 419
512 629
505 419
579 307
352 691
382 612
513 356
297 591
375 694
509 363
426 671
367 616
552 355
515 636
521 630
562 384
402 699
470 614
334 644
319 607
572 391
570 407
339 685
625 358
337 412
493 598
608 350
651 335
622 333
399 700
617 342
355 713
399 687
517 361
557 343
332 658
376 716
651 352
313 618
335 638
404 700
651 341
347 685
657 335
556 350
431 651
558 331
506 574
502 420
600 381
635 364
582 372
315 578
620 348
563 358
418 632
615 347
361 720
379 623
541 348
644 361
589 328
511 587
337 666
363 702
515 344
568 316
513 629
403 693
554 353
394 707
401 652
639 338
397 633
363 647
399 642
532 362
420 712
342 418
393 622
363 734
436 672
670 361
372 738
633 340
569 388
633 355
372 627
523 368
551 388
493 599
372 694
596 383
536 349
562 352
626 365
349 708
340 641
553 399
334 639
396 689
322 625
563 393
528 388
329 407
560 340
581 312
622 342
397 641
404 701
354 690
529 352
415 675
344 636
585 317
534 382
364 726
534 352
526 396
650 367
588 371
425 618
572 402
509 571
311 578
514 361
512 633
409 709
399 688
558 333
532 375
377 715
545 348
440 640
564 331
662 354
302 593
313 578
515 354
338 645
588 369
501 567
522 379
376 617
515 347
361 652
403 716
576 383
553 335
361 719
394 641
322 631
346 634
421 708
554 382
553 372
585 375
545 356
371 618
390 688
354 713
435 642
553 334
505 592
355 693
526 389
511 573
573 387
502 429
346 680
511 355
371 634
553 360
371 623
392 690
652 343
559 372
388 645
374 690
399 690
574 321
358 691
401 698
415 708
330 638
632 356
558 357
605 380
355 736
307 606
510 582
423 650
508 576
349 421
509 607
328 626
339 632
377 688
586 374
407 714
362 693
319 623
589 335
334 662
525 369
300 592
531 360
521 631
318 576
567 324
409 657
322 571
506 568
647 359
363 717
440 647
424 674
516 355
362 633
439 647
415 676
341 670
504 614
518 624
492 362
358 723
519 626
625 361
513 341
390 648
418 676
599 555
332 637
406 642
512 353
611 350
359 689
417 676
547 406
375 700
333 634
618 372
504 422
626 355
361 645
659 340
390 606
619 355
527 397
525 631
509 604
560 401
372 714
371 737
300 599
649 360
407 712
484 608
433 674
366 729
539 352
663 346
303 586
547 384
605 555
548 387
524 386
549 367
316 576
553 328
356 738
335 654
663 355
345 416
365 728
369 735
381 684
625 346
554 352
350 430
405 678
360 691
515 365
585 373
318 567
418 633
321 574
373 687
336 635
339 635
520 377
517 632
380 738
396 732
576 316
306 584
296 581
406 660
398 728
549 407
365 692
325 625
510 605
520 365
564 393
312 619
336 650
359 652
364 731
439 671
353 730
406 708
363 631
385 623
403 652
563 361
400 728
341 675
374 706
378 619
540 385
305 604
301 600
554 359
437 658
587 314
515 635
350 644
650 360
323 627
407 708
583 373
588 316
662 345
361 692
439 644
658 356
315 604
330 626
368 629
599 381
582 374
515 367
549 347
407 677
560 357
365 721
346 684
575 321
510 366
506 602
560 384
338 419
509 624
429 674
402 653
621 334
353 646
294 592
406 681
551 387
529 396
403 710
438 649
408 640
650 341
511 563
507 362
325 568
331 642
339 409
337 632
333 653
581 374
509 626
343 410
556 362
422 674
448 724
550 402
320 631
438 643
361 705
603 340
653 339
322 569
377 620
373 741
581 363
589 327
419 705
573 398
294 594
497 360
438 640
437 671
635 342
444 670
587 316
358 640
330 637
438 617
522 366
417 632
376 740
344 429
415 677
417 635
562 338
554 351
320 628
304 601
397 692
560 387
399 681
532 377
506 363
385 690
572 329
315 606
605 370
600 372
375 692
499 360
516 622
312 622
602 384
550 387
366 633
525 377
401 723
577 314
578 318
585 322
362 733
511 629
559 360
501 589
534 388
354 685
511 572
414 711
563 383
394 727
395 633
495 357
540 414
433 640
434 640
512 365
368 623
575 319
501 626
352 711
659 337
335 634
516 345
403 683
510 415
321 572
588 374
600 341
529 346
322 613
514 370
574 398
468 614
585 326
324 569
551 371
374 740
601 366
503 591
524 376
667 358
314 626
370 612
570 401
331 643
653 356
334 425
364 700
311 576
556 343
563 401
665 359
660 359
512 602
600 555
535 352
342 419
355 715
624 368
561 403
362 692
327 571
593 550
414 677
311 579
366 647
310 610
373 613
567 325
662 357
527 368
566 402
373 738
500 628
539 409
580 319
414 712
426 652
318 575
636 355
589 337
596 553
363 697
600 377
362 627
644 342
508 563
371 739
352 725
342 675
587 323
624 339
301 592
399 686
506 364
300 587
507 589
311 614
514 358
420 710
495 360
494 596
511 602
597 549
354 714
336 652
333 655
420 675
404 718
552 400
356 722
615 346
641 342
385 612
604 380
420 711
316 578
517 360
353 683
531 384
497 589
592 550
410 674
575 393
435 658
610 372
301 588
603 371
510 575
329 625
400 727
333 425
335 642
445 666
549 346
542 348
432 651
585 376
423 648
560 337
371 621
301 583
568 326
340 640
490 600
372 630
496 358
404 710
347 682
510 625
370 735
372 713
512 338
322 578
557 402
619 372
366 724
511 569
352 715
567 385
421 710
547 380
641 341
600 340
591 380
511 418
495 637
583 321
319 613
557 372
321 645
315 575
531 362
558 370
433 652
385 617
507 629
571 323
500 631
526 391
332 632
620 345
342 402
644 340
597 340
506 613
608 552
408 706
568 319
412 707
533 369
581 318
513 586
532 351
557 355
343 412
375 613
377 714
611 349
405 720
360 625
381 610
388 624
371 622
371 617
672 367
526 369
376 615
522 362
430 648
637 346
431 676
537 355
600 342
535 386
506 622
597 336
377 689
605 382
375 740
513 584
353 716
493 633
422 705
371 736
564 345
548 346
560 354
502 424
339 646
545 409
573 407
436 675
365 619
509 591
608 347
572 383
439 638
554 333
507 418
378 622
509 366
431 672
506 591
529 386
622 373
301 586
363 645
406 650
589 369
510 626
526 371
438 642
577 376
586 378
625 362
502 421
567 381
525 375
366 688
505 423
350 715
338 685
532 378
515 368
407 648
530 352
404 723
422 708
508 577
333 633
402 685
529 363
607 350
627 344
385 607
359 697
509 368
525 373
517 367
356 719
397 691
636 353
527 369
320 568
308 573
348 428
561 360
363 737
551 347
622 361
505 565
651 360
618 333
512 585
324 625
573 401
507 584
584 331
404 642
355 686
399 729
360 650
378 690
606 377
607 372
616 372
491 601
406 647
574 327
501 569
347 640
590 336
361 708
356 644
326 627
372 631
529 385
559 369
350 685
552 354
356 639
521 367
547 407
521 378
566 362
620 457
514 578
530 390
578 362
342 431
365 710
655 357
569 384
319 575
605 342
305 593
626 370
568 322
535 353
386 622
623 331
604 341
641 338
556 401
503 574
506 593
406 706
330 406
377 694
621 362
657 331
336 651
369 729
663 341
524 634
619 351
367 634
374 688
621 344
353 737
549 370
546 409
409 648
661 360
398 694
549 379
315 607
387 642
334 426
351 683
436 670
645 342
515 349
580 313
656 355
433 645
376 701
362 721
620 350
483 608
345 636
537 350
345 683
543 354
660 357
552 359
512 583
350 423
367 617
618 345
402 698
633 337
555 362
652 367
528 374
582 309
512 409
406 653
309 584
674 362
509 575
551 380
420 677
560 344
335 655
552 363
550 367
518 629
568 388
627 367
503 426
353 687
553 355
388 606
528 353
387 692
552 362
430 674
332 408
336 677
370 714
589 374
632 353
513 570
595 380
339 668
305 601
654 337
627 343
444 669
599 383
513 585
621 355
507 581
416 678
510 571
369 736
563 343
339 637
335 643
333 424
407 659
490 601
559 371
436 673
588 313
594 377
507 592
516 351
469 614
607 348
662 346
314 579
339 645
375 619
565 362
339 428
530 350
430 650
331 641
406 678
386 689
594 335
365 635
507 603
307 585
510 405
353 714
657 355
387 621
425 674
509 357
415 709
501 631
573 402
353 729
375 709
301 596
330 646
373 735
357 691
379 742
596 551
378 685
560 368
491 634
410 676
513 358
448 719
512 631
345 644
357 640
545 388
556 345
497 587
530 389
526 374
424 673
345 637
493 597
434 658
408 703
390 650
571 402
527 363
435 650
304 586
543 411
340 632
406 645
531 349
360 706
310 609
568 393
356 640
622 337
502 565
606 373
360 733
621 365
389 646
392 691
624 346
615 373
443 647
516 619
606 372
653 364
404 724
316 577
387 609
594 378
591 550
362 638
550 371
527 386
331 659
361 644
361 642
620 341
671 361
408 650
368 720
548 384
439 640
401 657
555 351
550 346
490 595
390 649
571 329
634 342
578 398
320 575
516 620
573 391
586 326
560 381
407 646
320 635
395 727
504 421
501 607
341 685
510 360
599 336
503 586
420 639
382 618
396 690
376 684
337 635
562 391
559 370
393 601
500 630
509 579
305 583
554 375
590 374
490 599
306 588
361 640
382 611
379 685
637 344
640 340
424 619
337 677
596 549
526 376
588 372
345 420
539 391
492 364
578 397
652 344
366 722
356 720
590 332
576 378
385 610
420 673
433 648
618 342
396 730
419 630
650 364
561 404
663 358
556 378
495 355
500 568
606 554
634 343
578 320
318 645
364 698
378 740
561 334
623 356
436 658
628 339
433 676
303 600
322 561
377 701
579 309
372 612
565 391
641 339
305 588
500 625
546 406
504 426
667 360
376 546
571 322
619 350
513 342
565 360
335 640
310 623
403 692
330 642
656 337
365 726
512 354
365 633
494 365
506 562
362 694
373 742
627 360
307 604
588 375
656 334
357 702
570 391
632 352
553 353
559 378
512 594
336 655
322 563
350 418
403 723
630 338
581 316
365 630
632 354
555 333
401 684
377 705
673 367
368 736
433 651
600 375
347 688
507 582
512 367
505 577
408 649
547 346
510 563
418 705
573 322
362 626
301 598
394 732
339 427
563 362
505 569
586 321
539 392
317 564
378 691
507 365
354 689
511 628
314 618
368 721
386 688
399 698
360 715
547 385
516 356
334 427
402 683
360 713
394 622
563 352
360 719
449 720
553 348
305 586
512 570
511 588
336 638
297 589
550 349
374 692
508 591
597 383
370 626
366 634
528 396
507 586
391 645
389 642
530 377
435 639
339 631
508 571
505 420
500 364
340 407
370 739
373 740
365 629
500 609
560 377
385 625
369 715
305 582
389 645
558 353
507 578
631 355
503 427
523 367
541 356
348 642
512 359
565 350
335 426
427 650
561 352
554 345
343 428
573 329
544 390
327 632
569 330
319 574
550 388
568 384
433 658
387 641
308 622
651 343
637 342
571 391
329 633
367 721
519 360
649 361
497 609
550 363
566 387
512 572
418 631
512 628
610 349
508 629
605 384
399 694
568 392
605 557
431 648
322 639
402 689
323 572
438 648
511 626
403 650
377 617
526 395
381 621
509 588
661 361
553 359
483 606
322 579
377 692
672 359
553 343
575 397
515 351
359 684
556 323
392 645
415 678
353 712
359 714
318 633
578 378
590 331
498 629
627 339
575 392
559 338
625 370
597 555
531 351
357 720
578 309
592 336
580 320
501 363
533 377
605 371
586 371
625 342
332 646
333 656
316 565
568 404
367 722
552 353
336 665
355 716
299 590
575 398
371 627
572 385
345 408
382 617
573 330
404 725
364 647
439 660
361 706
322 630
509 417
530 354
392 692
596 332
600 371
619 371
375 707
570 330
586 313
442 647
579 315
502 363
438 663
581 315
303 584
384 612
666 356
432 648
587 371
501 586
439 646
334 637
506 607
556 331
506 577
322 629
404 719
565 390
492 639
513 361
320 609
360 643
341 686
504 363
606 376
337 655
553 350
649 363
307 605
340 642
544 388
606 552
377 615
605 369
333 657
507 563
340 425
405 680
620 372
383 616
418 678
601 369
407 704
514 366
333 637
518 631
324 632
324 572
388 625
623 332
395 703
365 693
622 344
565 331
337 413
565 343
491 632
629 367
558 364
438 641
362 636
387 690
363 700
523 633
652 358
536 348
418 636
297 582
395 643
398 639
608 351
304 593
597 333
301 597
317 441
494 368
527 396
404 650
313 619
320 627
373 730
405 707
419 678
651 336
553 333
366 635
394 629
315 623
527 374
398 700
321 640
373 688
577 398
442 651
517 623
672 363
365 636
497 634
361 712
522 367
307 588
375 695
561 368
508 623
361 707
397 689
296 578
368 619
626 366
502 585
384 614
649 334
370 620
404 722
530 364
556 328
493 367
508 621
589 331
620 355
379 741
555 323
325 562
584 324
364 734
511 598
494 597
426 673
605 372
562 361
580 315
425 617
563 359
307 584
374 619
364 688
558 360
320 630
353 720
314 575
334 648
438 670
632 365
318 623
440 638
623 333
503 573
616 344
306 604
580 363
553 397
565 352
643 341
590 369
672 361
550 403
626 340
568 330
326 646
351 645
672 365
372 628
442 648
494 633
385 621
346 644
439 667
601 377
409 642
517 620
506 567
410 640
651 367
373 611
577 316
597 334
353 685
513 367
567 388
638 338
421 673
655 335
356 689
520 631
314 623
505 611
489 633
337 657
346 638
400 633
291 591
573 385
416 679
508 608
417 709
524 368
586 320
307 608
341 413
493 601
636 341
527 391
370 694
523 631
566 327
561 382
436 651
331 646
387 693
603 384
607 552
321 569
612 372
370 736
370 740
497 366
380 684
592 372
561 359
565 342
373 692
524 631
366 694
601 364
572 322
503 561
554 399
400 681
555 322
335 662
324 642
526 370
510 419
585 331
603 372
375 716
358 682
402 684
317 443
598 555
362 615
321 643
590 370
363 736
336 664
396 643
334 409
363 616
582 323
525 368
337 656
339 673
539 351
419 629
588 370
520 625
624 367
602 379
606 375
546 387
328 646
595 382
357 713
357 721
507 361
493 640
539 354
333 636
317 607
373 632
327 644
357 683
363 698
356 735
355 685
509 561
545 390
543 356
557 360
512 632
512 361
344 412
349 419
389 627
430 651
531 382
577 382
602 369
560 380
541 411
302 584
664 350
442 665
322 632
552 398
418 681
344 415
526 364
375 632
668 360
363 716
601 341
519 362
437 657
327 625
577 312
530 388
404 706
492 630
599 333
437 616
501 630
613 372
334 642
393 627
521 635
400 697
554 400
496 640
340 419
526 398
346 681
512 624
581 311
518 627
648 333
507 416
403 699
514 345
573 400
514 350
422 707
535 345
421 628
311 580
363 718
357 644
625 357
518 594
428 654
311 623
406 648
496 360
533 358
516 621
362 635
518 595
623 337
599 369
299 585
597 551
362 647
508 589
313 623
338 674
332 634
502 426
637 347
531 355
339 412
622 356
493 600
507 415
589 313
320 577
335 652
306 583
534 383
577 313
291 590
418 706
527 398
333 414
585 374
438 656
549 378
580 322
360 652
529 374
659 341
558 373
373 630
346 428
498 363
356 697
444 666
517 596
523 362
401 724
356 723
360 647
432 658
316 606
561 338
296 583
317 576
340 675
346 679
419 711
392 625
413 708
584 327
579 306
512 593
445 668
442 652
499 364
302 600
525 386
571 384
548 380
350 683
388 651
645 343
589 330
588 315
308 588
321 613
372 707
584 378
377 685
548 403
619 353
517 628
311 608
303 601
349 428
400 685
364 616
399 699
516 631
579 378
335 644
496 366
648 341
572 407
418 710
511 625
367 619
556 330
550 362
510 621
362 737
312 616
388 608
557 376
577 362
510 623
373 709
311 606
505 631
365 733
634 336
439 672
546 407
413 711
416 632
653 337
573 316
311 612
505 621
598 345
415 640
345 415
402 686
418 673
660 356
550 374
389 641
389 606
666 358
565 346
583 370
497 367
417 674
517 633
555 324
499 361
407 679
364 689
663 350
322 628
587 374
349 634
610 375
371 696
515 632
372 729
511 627
340 412
574 404
659 342
578 308
343 640
368 717
294 590
607 351
572 379
388 607
538 390
546 367
560 355
507 622
395 644
303 593
483 609
525 630
522 635
438 657
441 651
380 622
467 614
651 333
662 352
581 320
323 567
615 374
374 617
374 694
439 674
438 654
372 635
581 370
613 349
515 341
494 640
406 709
552 402
361 646
623 372
503 424
393 726
663 356
345 421
356 716
416 673
501 624
377 693
325 569
314 622
332 638
551 374
563 331
532 380
348 688
396 701
656 356
393 706
512 569
347 638
612 349
390 643
313 607
387 627
591 333
512 581
400 684
394 705
516 346
439 668
500 363
358 699
318 629
408 704
653 353
418 630
360 690
346 425
607 381
362 631
389 605
554 374
388 619
303 587
437 676
629 359
393 604
531 350
427 671
516 577
397 636
509 594
623 362
659 339
318 613
417 636
611 372
572 323
672 362
659 356
362 639
402 727
311 611
652 339
565 363
323 625
346 678
560 402
655 337
512 344
365 720
577 377
560 373
384 607
621 350
626 359
512 343
510 600
361 615
589 550
582 310
358 684
503 422
421 638
653 358
541 352
330 631
639 351
580 312
410 706
551 372
343 420
427 652
596 333
332 656
555 325
576 398
437 647
393 620
376 697
374 746
352 712
580 367
341 403
634 340
362 703
551 398
626 342
508 573
554 328
404 649
561 343
348 686
317 624
311 577
356 693
574 381
317 623
360 704
381 688
518 634
597 343
449 722
502 425
503 590
348 640
535 349
515 352
363 733
435 641
557 326
627 370
381 743
374 691
568 403
599 382
373 744
399 639
531 373
641 340
375 708
324 568
597 552
492 366
332 644
540 349
347 639
521 376
399 728
534 377
510 595
589 336
650 355
330 625
346 646
363 692
566 389
383 619
593 336
482 608
403 691
506 569
551 381
508 572
376 685
388 693
651 337
567 323
363 729
333 411
336 647
571 377
597 382
516 349
581 309
506 563
578 319
361 641
595 551
375 739
514 369
542 356
569 322
419 673
558 343
401 699
364 699
554 398
298 590
408 676
606 374
320 645
371 729
635 344
663 351
647 356
532 361
575 316
624 366
549 385
514 341
542 392
621 333
661 351
397 634
562 382
527 387
310 606
343 432
634 338
542 352
575 362
344 420
398 641
510 407
629 358
370 737
636 340
361 627
375 685
527 370
415 711
557 357
361 639
523 635
570 377
391 650
530 355
543 348
397 643
407 656
361 625
533 359
562 333
564 330
500 361
527 388
530 387
412 643
533 381
314 578
560 336
574 383
313 614
519 367
345 674
428 674
664 347
513 354
328 633
309 573
625 360
330 409
339 670
497 361
576 399
397 701
353 718
407 657
635 340
318 634
322 559
412 675
609 375
364 728
438 675
361 718
511 408
508 570
618 351
370 610
338 420
509 587
367 633
559 356
415 672
547 382
609 350
626 362
512 366
410 707
591 370
374 612
549 387
385 618
674 363
322 577
387 617
366 716
417 710
552 356
553 388
587 325
619 458
510 607
310 580
374 739
651 355
652 342
341 404
335 653
314 580
339 643
417 638
378 739
500 633
499 635
348 422
506 575
394 625
353 715
324 566
302 602
343 683
338 428
653 338
391 626
326 624
534 357
562 341
581 321
510 406
350 431
563 333
536 388
533 383
333 408
379 708
523 636
339 669
312 611
517 631
294 591
601 340
514 360
347 424
648 360
564 346
596 382
628 367
636 365
416 676
616 345
345 429
501 588
567 384
555 344
502 569
557 354
502 608
320 637
553 381
356 713
558 362
402 688
342 403
367 623
524 387
414 641
365 736
369 695
630 340
558 363
510 570
399 693
555 400
601 376
405 681
572 324
574 316
410 657
408 645
506 612
590 333
406 725
571 407
531 357
294 593
308 623
397 642
565 330
365 694
607 349
644 362
619 349
343 634
337 664
407 653
512 420
566 388
496 367
573 403
494 634
566 403
600 339
558 366
544 356
327 568
508 360
360 648
499 633
530 347
320 560
322 635
601 365
505 421
338 413
441 665
498 604
346 683
389 651
409 707
332 654
353 717
582 371
359 683
467 615
369 634
360 703
342 684
529 349
405 642
380 606
577 378
629 360
531 377
373 736
568 332
345 414
367 737
558 367
620 339
590 551
632 355
380 689
328 406
427 653
601 375
510 368
438 674
364 613
556 358
407 658
363 646
533 387
501 608
628 338
583 324
326 628
380 607
339 657
356 718
509 404
627 363
557 356
320 646
539 350
605 365
651 356
551 346
561 378
507 574
336 675
530 348
614 349
508 363
365 730
634 346
341 421
574 382
298 589
312 609
495 366
671 362
334 636
385 620
315 608
490 633
560 378
336 662
604 385
483 607
320 606
519 634
548 402
426 670
332 661
336 413
595 378
347 645
390 689
362 709
503 567
375 620
364 735
407 710
602 341
336 414
510 404
366 631
358 700
559 355
507 570
673 359
498 607
516 367
296 582
380 707
354 688
404 716
321 635
360 702
540 351
370 715
375 614
617 372
548 363
599 339
385 624
368 739
487 632
525 372
399 727
508 631
582 373
497 610
423 673
580 323
507 605
369 623
598 337
528 377
558 358
408 660
581 317
634 365
384 619
379 624
319 633
541 390
567 383
559 342
341 420
336 654
511 366
623 360
561 361
361 629
606 553
393 628
510 598
359 721
521 377
515 364
521 362
633 338
338 657
657 338
508 622
607 373
415 674
339 636
376 715
609 372
566 386
506 610
379 622
341 426
577 375
343 415
380 685
511 597
432 676
574 387
385 619
509 577
348 641
359 655
650 336
404 651
391 605
384 505
507 580
636 345
674 361
335 676
398 697
366 636
540 413
360 629
363 715
524 363
380 742
560 376
558 365
353 733
436 657
438 652
322 626
329 642
507 417
356 696
321 641
506 564
560 339
491 595
372 687
502 632
379 738
400 642
365 712
635 365
350 633
507 572
379 707
404 680
371 612
527 389
600 378
360 627
412 641
549 380
439 677
496 635
384 625
529 369
574 392
512 579
439 649
384 613
383 623
438 671
672 366
497 628
562 401
405 725
498 608
315 624
371 714
410 641
534 356
506 566
533 357
667 359
326 623
532 387
346 423
305 608
368 617
563 334
306 608
510 418
503 363
576 376
294 588
562 392
392 726
569 404
366 619
597 335
398 689
511 584
312 612
309 574
384 616
552 347
572 394
427 649
543 410
352 683
566 330
518 360
312 625
513 630
538 385
507 591
556 329
386 643
342 412
387 622
651 353
584 323
498 362
326 632
304 581
539 413
448 725
638 351
386 610
605 367
529 377
317 442
642 341
543 352
559 343
367 729
414 674
637 350
634 335
560 382
370 697
332 660
353 732
340 408
582 376
548 374
358 697
361 631
549 403
407 661
334 411
526 377
407 650
388 689
583 517
620 354
318 608
574 380
603 341
652 366
547 367
501 568
340 666
412 642
395 642
315 577
312 621
341 407
495 639
625 365
661 343
510 352
587 315
358 643
436 652
390 692
518 628
552 403
402 652
563 402
513 340
582 375
551 400
394 692
405 706
495 636
568 315
345 677
578 322
344 421
511 575
402 649
580 369
496 628
523 632
629 339
568 402
560 352
588 312
517 595
504 619
403 713
312 620
390 620
631 365
357 697
387 624
296 588
516 578
560 335
359 734
527 385
429 675
617 344
626 339
576 382
363 712
375 697
527 392
555 375
583 379
565 328
516 618
552 357
492 641
556 373
412 645
344 665
321 623
511 364
394 643
604 372
321 559
551 389
505 418
342 666
662 347
493 366
515 595
357 701
340 685
349 416
411 641
591 378
362 712
314 604
341 684
331 632
324 565
418 711
576 318
342 638
596 377
664 348
525 632
494 639
556 382
358 645
358 616
566 404
519 629
508 593
359 690
659 361
550 370
584 374
379 620
511 359
624 365
326 626
547 388
570 323
344 677
658 338
574 403
606 383
655 358
581 362
574 379
637 338
388 641
579 363
511 596
343 675
355 731
309 581
363 615
393 625
647 358
377 691
397 728
360 641
395 732
576 380
382 616
530 349
397 635
509 364
365 647
626 344
656 335
413 674
372 633
293 588
348 417
343 402
535 350
349 417
347 416
583 378
556 375
358 683
335 413
637 353
302 592
314 608
660 347
374 632
507 583
359 628
400 639
369 620
620 333
576 362
375 713
378 615
359 720
646 341
661 358
380 743
584 322
636 338
404 702
360 701
587 319
320 613
339 644
318 607
537 389
328 642
302 599
308 608
450 722
636 349
324 567
339 421
401 638
397 727
636 347
343 409
341 646
507 577
402 687
341 401
406 702
304 594
569 389
377 704
312 608
350 429
360 692
504 562
580 368
578 363
383 610
550 368
641 350
505 583
574 378
384 610
612 374
654 364
325 631
651 334
399 682
344 403
314 612
541 349
621 342
337 653
511 354
331 638
366 623
495 635
504 621
503 587
600 380
553 382
393 619
539 356
500 629
598 382
310 575
535 346
567 320
353 689
364 736
578 377
364 617
341 414
507 593
553 400
552 371
354 733
649 364
573 392
420 676
413 709
340 646
506 592
390 647
553 351
510 355
587 324
605 554
649 336
334 660
437 652
573 383
336 643
633 336
532 357
353 735
581 314
322 624
365 618
328 644
320 570
328 632
516 595
351 646
346 643
297 588
419 710
407 713
360 616
346 408
386 621
368 718
341 667
392 605
558 379
325 629
360 651
370 633
366 648
300 594
625 345
332 659
511 593
506 584
509 629
320 636
361 713
513 587
572 384
434 677
438 661
375 699
388 621
508 592
305 585
538 413
349 682
406 662
513 596
510 364
320 607
363 695
342 686
368 737
557 328
620 458
503 583
546 346
513 339
663 357
350 708
615 372
349 715
437 640
418 674
585 377
509 581
605 368
374 710
379 687
411 674
327 646
336 426
606 370
560 361
498 587
488 634
321 624
420 707
549 368
506 623
549 374
650 356
531 371
359 733
417 639
340 671
334 413
404 713
515 577
565 353
323 569
405 649
512 345
336 648
368 634
400 658
400 659
560 356
335 656
406 705
353 736
349 644
578 310
580 365
530 375
333 654
407 645
339 665
502 562
351 714
497 633
391 640
309 624
516 364
529 364
620 456
559 362
321 639
575 405
334 638
392 640
381 612
621 335
301 595
502 589
624 338
407 660
597 553
500 365
330 408
432 674
365 716
344 639
334 647
436 640
311 620
567 382
558 378
344 635
582 321
573 321
530 346
543 390
360 705
350 634
618 348
550 369
514 354
566 405
305 602
305 600
391 620
514 356
327 645
310 581
312 624
393 640
624 371
397 638
597 550
584 328
553 368
558 354
511 356
556 372
396 635
499 587
529 375
372 730
300 595
622 365
388 620
324 564
337 633
336 657
358 718
322 570
318 566
412 646
399 633
517 362
564 332
311 581
505 617
389 649
390 693
315 621
652 364
506 621
545 413
660 360
573 324
412 708
337 634
398 698
372 632
538 356
662 351
652 352
500 608
574 394
399 692
503 584
335 415
614 373
562 340
401 713
313 617
375 621
573 379
578 375
353 719
404 711
363 614
386 692
616 349
345 639
339 664
295 589
320 442
511 353
522 631
339 426
554 347
381 608
440 665
505 618
528 386
504 592
376 699
590 328
365 719
372 621
557 378
346 421
621 343
405 679
515 355
437 651
548 381
511 420
570 384
551 367
529 368
419 635
356 721
510 365
382 689
292 590
421 629
448 718
363 696
580 366
432 659
626 353
658 335
408 642
348 682
569 390
535 351
375 701
313 616
367 717
323 561
344 674
541 389
361 630
370 628
510 603
347 430
651 338
529 376
565 361
535 387
509 416
601 555
349 640
557 327
653 331
509 360
503 608
514 579
345 673
355 691
360 684
571 379
391 690
364 692
538 384
407 642
524 633
561 377
398 695
634 354
407 655
526 386
548 360
499 366
553 371
405 709
595 377
514 569
399 731
403 700
517 634
501 633
302 588
299 592
529 362
552 372
601 374
331 408
561 402
592 374
509 608
370 741
499 608
654 334
428 647
323 570
493 362
341 415
559 341
351 644
545 410
337 426
338 677
626 363
589 325
527 366
369 741
338 635
557 377
448 722
398 703
558 377
299 591
598 343
333 660
565 389
528 368
636 348
421 627
653 367
370 695
340 667
595 379
497 588
617 343
571 400
503 421
651 357
303 588
619 352
516 368
662 338
410 648
340 409
410 673
524 630
498 364
501 585
546 347
619 348
340 421
359 715
516 362
559 368
662 344
365 711
651 354
513 581
466 613
556 341
382 688
661 337
499 588
371 717
422 650
452 721
506 614
555 327
341 416
504 616
404 712
342 668
584 377
445 669
532 360
400 724
337 647
353 686
450 721
357 690
533 388
665 347
421 703
345 666
364 646
395 632
630 359
513 595
359 696
395 704
370 634
559 340
600 336
399 636
500 635
570 322
574 395
562 368
573 399
352 735
593 332
304 582
345 640
399 695
377 706
423 649
365 617
530 373
534 348
560 385
575 403
660 342
628 363
509 418
381 620
638 350
553 361
295 581
490 631
404 720
505 616
415 673
409 674
501 635
320 639
531 383
327 572
327 573
600 373
399 691
514 362
362 710
358 721
494 367
434 651
373 713
387 607
568 318
406 704
373 619
546 405
376 618
395 705
413 641
644 341
626 367
520 626
355 698
580 314
626 354
507 631
321 576
492 596
357 735
618 344
390 619
547 362
602 373
352 731
408 674
338 655
395 702
405 722
652 332
527 364
512 360
382 610
634 344
370 624
324 631
400 657
583 330
673 362
515 619
318 635
515 340
553 374
385 622
439 664
409 705
583 331
624 369
564 402
527 390
338 675
334 410
401 633
343 639
509 578
353 691
497 635
374 738
346 645
422 648
573 328
418 638
356 683
569 391
342 420
356 737
648 334
438 676
347 422
513 582
394 689
358 701
363 710
409 706
509 358
534 381
438 618
299 586
346 682
344 676
515 348
345 642
371 620
633 365
553 362
576 320
627 341
371 635
571 330
663 336
358 734
321 575
381 706
376 705
338 664
321 631
435 674
593 377
494 366
403 654
358 713
318 646
360 645
566 385
540 356
575 396
556 332
296 590
435 672
586 312
522 634
653 333
342 640
559 382
388 694
498 365
327 627
509 367
346 416
509 563
591 336
404 652
504 620
384 608
396 731
358 719
437 641
537 353
323 563
376 620
591 332
313 626
528 367
327 639
373 690
558 402
421 704
357 698
353 684
370 729
544 348
606 378
404 715
500 626
503 616
631 340
549 377
344 407
586 323
626 364
515 370
360 646
363 728
364 721
439 645
341 406
314 603
368 738
326 629
548 361
428 649
554 346
598 336
516 369
357 723
515 597
353 713
351 691
324 562
509 625
403 642
640 351
510 353
529 347
564 361
355 719
637 345
510 593
377 703
588 378
518 625
338 666
339 420
657 340
533 371
513 366
498 633
361 638
403 711
548 367
311 621
302 601
334 641
541 392
537 354
540 411
418 680
504 631
592 371
584 330
548 375
426 674
296 584
351 730
363 721
517 622
398 634
593 331
498 605
370 625
439 676
326 574
530 362
613 373
576 381
504 618
360 628
503 362
350 427
387 688
352 730
574 399
623 361
376 706
507 606
394 601
668 356
377 740
404 690
509 593
528 393
502 591
604 384
562 342
562 402
535 348
506 618
394 623
504 575
361 732
369 720
508 625
558 334
331 644
512 595
547 376
516 342
440 652
581 323
654 335
653 332
572 327
293 589
366 725
573 323
533 348
306 607
376 713
382 706
507 607
408 648
552 388
574 400
401 727
320 632
505 574
364 712
398 640
503 632
623 365
435 640
419 639
354 691
601 367
551 363
346 635
360 630
322 562
375 711
527 365
329 626
330 407
344 634
567 326
342 667
353 734
513 360
592 375
510 601
587 317
302 586
524 377
387 610
441 664
321 625
345 684
645 361
382 705
643 342
540 357
613 374
329 627
406 652
582 362
626 341
658 332
330 639
396 633
443 666
509 580
570 403
339 639
395 692
495 638
361 703
624 356
418 639
317 622
530 357
320 623
532 383
378 689
364 710
365 691
399 640
394 640
419 677
347 408
398 638
514 630
651 359
573 394
672 360
312 614
630 337
591 374
412 709
394 603
564 392
377 713
373 743
347 634
392 601
533 360
400 693
560 353
585 378
443 651
372 708
498 628
575 394
568 331
356 724
597 339
405 701
621 372
390 691
369 628
539 385
339 634
416 638
336 636
355 725
520 635
402 654
538 350
520 367
553 349
665 358
452 720
520 630
525 371
373 694
511 592
378 706
394 602
536 353
352 646
398 699
663 337
597 345
360 615
631 354
531 386
341 640
417 637
408 657
621 338
315 576
304 588
382 690
334 653
509 359
374 713
531 359
370 635
527 377
310 605
382 684
586 319
296 579
389 690
514 583
613 347
392 650
554 373
658 337
496 601
391 693
535 388
553 398
371 629
555 326
317 634
374 711
641 337
389 643
604 554
562 358
339 638
552 404
357 692
439 653
379 689
517 363
572 400
495 634
636 350
605 552
431 674
408 647
310 576
512 580
428 646
520 361
628 360
407 678
574 396
398 691
516 636
508 575
608 372
354 646
407 644
564 343
667 357
514 570
601 373
560 334
505 422
379 739
535 347
565 329
376 621
560 379
520 636
439 662
621 366
400 725
563 342
659 359
546 408
504 574
621 341
558 332
522 380
393 621
354 645
663 352
516 623
567 402
407 652
491 630
363 629
621 339
400 683
375 698
463 605
602 368
588 326
589 329
402 713
522 378
537 349
508 603
339 666
512 578
344 682
344 642
508 624
594 334
513 578
366 687
521 380
579 311
401 654
561 358
384 611
551 403
662 341
515 631
530 386
349 420
343 665
400 638
621 345
430 649
580 370
498 361
585 316
510 356
320 622
505 567
500 627
573 406
552 374
312 580
510 591
370 716
380 688
342 683
601 384
395 622
512 339
650 333
633 339
553 363
614 346
630 339
416 640
333 426
334 652
394 631
607 353
346 426
633 353
437 648
579 305
625 343
660 361
620 362
359 616
326 571
437 654
552 401
675 367
651 339
334 661
351 710
340 428
590 375
557 373
589 334
374 618
671 360
575 383
561 357
501 634
407 647
492 642
405 702
674 367
405 718
630 363
636 352
306 602
319 645
412 640
321 609
319 626
510 588
515 353
400 643
559 402
520 362
445 667
581 322
319 635
631 352
438 658
364 694
564 383
417 640
450 720
534 354
543 355
618 349
531 385
658 334
495 365
549 366
317 606
365 616
422 638
591 334
394 632
362 629
384 615
509 589
552 380
411 643
547 403
593 549
372 686
372 619
400 652
533 349
619 345
356 736
408 708
419 640
395 641
345 634
635 339
601 379
363 613
622 345
347 421
500 587
400 656
334 634
602 367
613 348
376 614
435 651
560 338
515 346
573 327
389 647
594 336
600 379
331 647
341 412
550 373
507 617
312 615
516 344
466 612
619 344
366 735
425 620
399 638
668 361
504 583
547 387
348 430
297 584
580 317
619 456
423 672
400 686
344 404
394 708
566 328
333 645
592 376
380 620
386 623
542 411
595 330
598 333
366 736
509 595
397 637
506 565
443 667
534 378
342 415
321 642
403 715
569 403
341 687
581 367
493 596
537 386
509 621
381 607
376 692
377 687
367 618
378 621
624 358
346 429
353 724
497 629
340 634
608 348
652 365
335 648
513 631
563 353
633 343
344 409
504 364
568 323
349 418
434 674
540 391
365 722
313 613
515 345
412 706
635 338
586 317
315 605
503 589
658 339
360 649
651 364
582 370
406 703
375 706
552 351
320 569
517 636
451 721
366 730
544 389
374 709
367 716
520 376
353 731
305 603
433 677
393 727
359 713
341 409
492 601
630 365
437 617
572 326
607 554
581 310
441 647
406 707
512 571
340 420
501 629
374 613
560 343
617 349
366 689
339 671
515 578
358 693
422 706
411 707
398 636
369 630
360 639
606 381
396 691
567 362
511 578
436 671
345 403
660 337
438 647
510 583
420 672
532 371
625 344
321 611
506 365
310 574
661 347
664 349
339 674
386 607
561 362
421 672
402 650
386 624
642 337
416 710
409 704
592 335
400 698
327 640
515 362
366 649
314 625
439 669
416 709
301 584
626 372
355 737
492 365
502 564
511 624
530 353
516 340
335 635
531 372
339 675
421 630
336 633
502 631
561 340
578 315
337 676
502 584
554 358
548 386
304 589
394 624
658 331
356 695
334 651
505 562
359 718
525 633
502 428
515 621
565 332
541 388
339 672
390 641
378 695
414 709
339 419
406 661
323 632
626 356
380 708
504 591
388 626
503 562
347 423
386 617
595 336
545 347
326 569
547 375
301 599
319 609
399 641
381 609
506 418
505 364
310 607
499 631
543 389
573 384
577 363
646 343
600 369
325 571
578 313
322 642
320 633
321 610
365 713
502 567
388 627
418 635
513 365
545 412
506 630
351 709
405 721
302 598
369 619
379 619
584 321
619 354
512 356
549 350
600 343
584 326
553 347
355 723
630 354
596 550
359 641
586 318
506 631
594 330
492 632
596 336
547 383
537 390
511 595
603 367
399 701
511 603
332 657
589 333
532 376
297 590
547 377
362 624
420 630
332 636
506 361
646 360
548 407
403 684
516 370
364 727
515 569
636 344
424 650
630 367
566 326
621 336
305 584
505 591
561 385
579 321
359 624
438 662
519 635
527 393
556 361
370 627
553 367
381 705
346 686
515 356
600 370
509 606
564 333
575 320
343 407
533 370
534 355
327 641
342 409
438 659
509 562
645 360
517 624
405 683
672 364
622 355
587 326
439 657
590 380
369 622
325 632
504 563
506 617
304 602
654 336
607 347
546 388
634 355
515 579
436 674
433 675
320 626
512 408
552 367
338 636
343 431
304 590
666 355
514 597
344 683
421 650
409 647
506 620
539 390
372 634
405 652
359 654
322 572
519 368
581 319
364 631
501 587
618 373
502 566
577 379
555 382
531 380
532 386
352 724
638 339
494 595
492 631
369 717
396 692
373 737
391 606
361 733
383 625
516 343
356 685
635 343
320 572
630 366
601 343
315 622
438 651
310 608
354 725
532 348
590 313
615 345
654 356
404 683
511 599
625 369
407 709
592 332
303 591
635 347
417 641
575 315
439 643
667 356
595 381
491 633
355 645
390 640
363 731
440 666
556 342
300 593
591 379
301 591
354 737
509 623
505 614
581 375
515 366
420 638
492 634
347 425
369 694
449 719
576 319
510 420
525 629
412 644
355 644
357 699
420 674
628 366
412 674
540 412
493 602
543 409
327 569
506 629
509 605
418 679
605 366
403 714
317 565
655 356
319 567
323 626
559 359
534 368
343 686
573 386
529 370
515 350
386 690
661 362
347 684
320 638
313 608
511 583
514 577
409 708
303 585
564 359
362 637
407 711
350 709
593 333
515 596
522 376
331 409
528 363
511 339
515 634
590 550
636 354
341 427
361 737
528 365
605 383
494 600
531 379
365 734
565 392
569 323
404 709
320 625
649 335
312 623
598 344
300 586
427 654
436 676
542 389
577 315
364 730
655 359
371 619
662 340
332 633
414 640
383 689
527 395
626 358
382 620
319 608
559 334
431 673
660 358
357 693
513 359
297 587
635 336
520 366
396 727
368 719
496 587
438 660
393 605
313 580
571 406
580 364
586 315
397 700
391 727
508 580
652 331
355 714
561 333
382 619
373 734
302 596
489 632
658 336
358 641
554 344
421 707
362 634
622 372
593 376
502 590
507 569
501 427
591 375
404 726
325 570
498 606
518 367
619 333
506 572
647 341
376 631
381 708
514 585
589 326
500 632
502 563
530 345
298 584
439 639
389 652
348 416
393 690
361 624
339 647
647 360
357 718
513 338
579 377
578 321
635 350
438 669
557 366
401 655
591 371
587 313
348 715
602 380
520 360
369 728
392 603
544 357
539 349
495 358
624 372
564 353
327 642
362 717
390 651
498 367
402 642
336 649
345 641
503 631
533 368
356 691
665 348
334 650
328 625
358 690
376 616
366 728
510 599
636 342
293 590
342 639
507 363
548 373
664 358
361 643
420 705
592 378
536 386
321 577
525 374
365 690
507 414
664 336
630 364
558 356
503 423
400 726
392 626
375 631
393 689
424 638
520 629
358 735
389 619
507 604
369 629
303 590
404 717
513 583
373 745
531 348
337 636
612 347
333 641
662 358
529 357
426 672
550 380
489 631
582 379
579 375
546 375
377 695
546 404
440 664
528 366
340 415
565 351
379 706
409 660
622 346
517 627
425 650
509 603
438 655
585 314
318 565
321 644
318 622
661 344
652 356
560 386
508 416
492 640
346 427
553 380
562 383
407 674
371 738
421 705
390 645
343 638
648 356
299 584
521 632
623 336
507 360
588 373
605 381
373 689
427 651
497 640
338 647
348 429
504 608
505 608
399 683
506 608
398 696
506 609
499 609
498 609
498 603
499 603
498 602
499 602
497 602
496 602
496 603
586 501
495 603
494 603
495 604
494 604
494 602
492 363
552 358
593 551
560 383
333 632
313 612
370 611
508 414
605 556
332 645
439 666
321 561
597 554
345 409
388 690
594 551
378 741
347 429
310 611
356 645
398 702
662 350
350 682
347 686
365 725
523 376
596 552
383 624
495 605
495 606
494 606
493 606
493 607
493 605
493 608
492 608
491 608
492 609
491 607
492 610
490 607
492 611
489 607
493 611
491 611
488 607
489 606
487 607
489 605
487 606
486 606
485 606
486 605
485 607
486 604
485 608
485 604
486 608
442 629
485 603
486 609
641 351
484 603
485 602
487 609
640 352
635 355
651 342
483 603
485 601
488 609
651 340
486 601
484 601
488 610
487 601
483 601
482 601
483 600
481 601
481 600
481 599
480 599
479 599
479 600
478 600
477 600
476 600
477 601
476 601
476 599
477 602
476 598
478 602
477 603
475 598
478 603
476 603
474 598
479 603
475 603
474 597
480 603
479 604
474 603
474 596
479 605
473 603
474 604
474 602
475 596
474 595
478 605
472 603
476 596
473 595
477 605
478 606
471 603
477 596
477 606
470 603
478 596
476 606
469 603
470 604
478 597
478 595
476 607
468 603
479 597
476 608
467 603
480 597
476 609
466 603
481 597
476 610
465 603
466 604
476 611
464 603
466 605
475 611
463 603
466 606
475 612
462 603
465 606
466 607
474 612
475 613
461 603
462 602
464 606
466 608
473 612
474 613
476 613
461 604
461 602
463 606
464 607
466 609
472 612
473 613
473 611
476 614
461 605
461 601
466 610
472 611
473 614
476 615
461 600
466 611
472 610
476 616
461 599
467 611
341 405
472 609
476 617
461 598
434 645
476 618
460 598
435 644
477 618
475 618
476 619
460 597
434 644
478 618
474 618
475 619
460 596
422 646
434 643
479 618
478 619
473 618
459 596
433 642
479 619
478 620
472 618
423 646
434 642
471 618
472 619
423 647
472 620
473 620
471 620
473 621
470 620
473 622
469 620
469 621
469 619
469 622
468 622
469 623
467 622
467 623
467 621
466 621
467 620
465 621
467 619
464 621
465 622
467 618
463 621
464 622
463 622
463 620
463 623
462 623
461 623
460 623
459 623
459 622
459 621
458 621
458 620
458 619
459 619
457 619
458 618
456 619
458 617
455 619
456 620
458 616
456 621
459 616
457 616
455 621
456 622
459 615
456 616
455 622
457 622
456 623
460 615
459 614
455 616
455 623
461 615
459 613
454 616
455 617
455 615
454 623
455 624
453 616
455 625
453 617
453 615
456 625
452 615
457 625
452 614
457 626
451 614
452 613
458 626
457 627
453 613
459 626
457 628
460 626
459 627
456 628
457 629
461 626
455 628
458 629
462 626
454 628
455 629
459 629
458 630
462 627
453 628
454 627
455 630
459 630
463 627
453 629
453 627
456 630
454 630
459 631
464 627
453 630
453 626
456 631
454 631
460 631
465 627
464 628
464 626
452 630
453 631
452 626
460 632
453 632
451 626
461 632
450 626
451 625
449 626
450 627
451 624
448 626
449 627
452 624
451 623
448 625
449 628
453 624
452 623
450 623
447 625
449 629
452 622
446 625
447 624
449 630
452 621
446 626
447 623
445 626
446 627
444 626
447 627
443 626
442 626
442 627
442 625
441 627
442 624
440 627
441 628
439 627
441 629
438 627
441 630
437 627
436 627
435 627
435 626
434 626
433 626
432 626
432 625
431 625
432 624
430 625
432 623
429 625
430 626
430 624
432 622
428 625
429 626
430 627
430 623
433 622
427 625
328 639
428 624
429 627
434 622
427 626
428 623
435 622
434 623
426 626
428 622
436 622
435 621
426 627
428 621
437 622
436 621
435 620
425 627
426 628
428 620
437 623
436 620
424 627
425 628
428 619
436 619
423 627
424 626
425 629
427 619
437 619
423 628
426 619
427 618
437 618
422 628
425 619
516 569
516 570
517 570
516 571
518 570
518 571
519 571
520 571
521 571
520 570
522 571
521 570
523 571
521 569
521 568
521 567
522 567
522 566
523 566
522 565
524 566
521 565
521 564
520 564
521 563
521 562
522 562
521 561
520 561
521 560
520 560
521 559
520 559
522 559
521 558
520 558
519 558
518 558
518 559
518 557
517 557
518 556
519 556
518 555
520 556
519 555
517 555
516 555
515 555
516 554
514 555
515 556
516 553
514 554
515 557
517 553
516 552
513 554
514 553
517 552
517 551
518 551
517 550
519 551
517 549
520 551
519 552
516 549
521 551
520 552
516 548
522 551
515 548
516 547
523 551
522 550
515 547
516 546
524 551
523 552
523 550
522 549
514 547
516 545
524 550
523 549
521 549
516 544
517 544
515 544
514 544
515 543
513 544
513 545
512 545
511 545
511 546
510 546
510 547
510 548
509 548
510 549
508 548
509 549
507 548
508 549
509 550
507 549
509 551
506 549
507 550
509 552
505 549
504 549
505 548
503 549
505 547
503 550
504 547
502 550
504 546
502 551
504 545
503 545
504 544
502 545
505 544
502 546
502 544
506 544
505 543
501 546
505 542
500 546
501 547
505 541
499 546
500 545
504 541
498 546
499 547
500 544
504 540
499 548
504 539
498 548
505 539
504 538
497 548
498 549
506 539
497 549
507 539
496 549
508 539
507 538
495 549
496 550
509 539
507 537
496 551
509 540
506 537
507 536
497 551
510 540
506 536
497 552
511 540
505 536
506 535
497 553
512 540
505 535
513 540
504 535
505 534
514 540
513 541
513 539
503 535
515 540
502 535
516 540
515 541
515 539
502 536
516 541
515 538
501 536
517 541
514 538
500 536
518 541
500 537
500 535
519 541
500 538
499 535
500 534
519 542
501 538
499 538
500 539
498 535
500 533
520 542
519 543
501 539
498 538
498 536
498 534
499 533
521 542
519 544
497 538
499 532
522 542
496 538
498 532
523 542
522 543
496 539
496 537
498 531
524 542
523 541
496 540
495 537
498 530
525 542
523 540
496 541
494 537
497 530
526 542
525 543
523 539
497 541
493 537
497 529
526 543
523 538
492 537
497 528
526 544
523 537
492 538
496 528
527 544
526 545
522 537
523 536
492 539
496 527
528 544
521 537
496 526
529 544
528 545
528 543
520 537
496 525
530 544
529 545
529 543
528 546
495 525
496 524
531 544
528 547
494 525
495 524
496 523
531 545
529 547
494 524
497 523
496 522
531 546
530 547
494 523
498 523
496 521
531 547
530 548
493 523
499 523
496 520
532 547
530 549
492 523
500 523
499 524
499 522
496 519
533 547
531 549
529 549
492 522
501 523
500 522
499 525
497 519
531 550
491 522
492 521
500 525
497 518
532 550
531 551
490 522
492 520
501 525
500 526
498 518
532 551
530 551
489 522
490 523
492 519
502 525
499 518
533 551
530 552
488 522
490 524
491 519
492 518
530 553
488 523
488 521
491 518
531 553
530 554
488 524
487 521
488 520
532 553
529 554
530 555
488 525
487 520
489 520
532 554
488 526
486 520
489 519
533 554
532 555
489 526
487 526
488 527
485 520
489 518
533 555
490 526
486 526
484 520
488 518
534 555
533 556
485 526
486 525
483 520
487 518
488 517
533 557
485 527
486 524
483 521
483 519
534 557
484 527
485 524
483 522
483 518
534 558
484 528
483 523
484 518
534 559
484 529
482 523
484 517
533 559
534 560
483 529
484 516
535 560
482 529
484 515
536 560
485 515
484 514
537 560
536 559
483 514
484 513
537 561
482 514
484 512
538 561
537 562
481 514
483 512
484 511
539 561
538 562
482 512
539 562
538 563
482 511
539 563
538 564
482 510
538 565
482 509
539 565
481 509
539 566
480 509
540 566
480 510
480 508
540 567
480 507
541 567
540 568
480 506
542 567
539 568
481 506
479 506
543 567
542 568
478 506
479 505
544 567
543 568
542 569
478 507
479 504
545 567
543 569
542 570
477 507
480 504
479 503
545 566
543 570
541 570
542 571
476 507
479 502
545 565
542 572
476 508
479 501
546 565
544 565
545 564
543 572
475 508
480 501
479 500
547 565
545 563
543 573
474 508
480 500
479 499
547 566
543 574
473 508
479 498
548 566
547 567
542 574
543 575
473 507
479 497
549 566
547 568
543 576
472 507
550 566
549 565
547 569
544 576
471 507
550 567
550 565
549 564
548 569
546 569
544 577
470 507
551 567
549 563
549 569
548 570
545 569
545 577
544 578
470 508
470 506
550 563
549 562
550 569
549 568
546 577
543 578
470 505
551 563
548 562
549 561
551 569
547 577
471 505
469 505
551 564
548 561
549 560
552 569
551 570
547 578
547 576
472 505
471 504
468 505
550 560
549 559
553 569
552 568
551 571
547 579
548 576
472 504
471 503
468 506
468 504
551 560
549 558
552 571
549 576
471 502
467 506
468 507
468 503
551 561
549 557
552 572
550 576
549 575
472 502
471 501
466 506
552 561
549 556
553 572
550 577
550 575
549 574
472 501
471 500
465 506
553 561
552 562
550 556
554 572
551 575
549 573
473 501
470 500
465 507
554 561
553 562
554 573
551 574
550 573
548 573
474 501
464 507
555 561
553 563
555 573
554 574
548 572
474 502
474 500
464 508
555 560
554 563
556 573
555 574
649 341
474 499
464 509
556 560
554 564
556 572
475 499
474 498
465 509
556 559
555 564
557 572
556 571
476 499
474 497
557 559
556 564
558 572
557 571
476 500
476 498
558 559
557 558
556 565
559 572
558 571
557 570
477 500
559 559
558 560
558 558
557 557
556 566
560 572
559 573
559 560
556 557
555 566
560 573
559 574
560 560
555 557
560 574
559 575
561 560
560 561
561 574
560 575
558 575
562 560
561 559
562 574
557 575
562 561
561 558
562 575
562 573
556 575
561 557
562 572
560 557
561 556
563 572
562 556
564 572
562 555
565 572
564 571
562 554
565 573
564 570
563 554
562 553
565 574
564 569
562 552
566 574
564 574
562 551
562 550
562 549
562 548
563 548
561 548
564 548
560 548
561 547
564 547
560 547
561 546
565 547
561 545
566 547
560 545
561 544
566 546
559 545
560 544
562 544
567 546
558 545
559 546
562 543
558 546
558 544
563 543
557 546
558 543
564 543
557 547
558 542
565 543
564 544
556 547
557 542
566 543
556 542
566 544
555 542
556 543
567 544
554 542
568 544
553 542
568 545
568 543
552 542
569 543
568 542
551 542
552 543
552 541
569 542
568 541
550 542
552 540
570 542
569 541
568 540
552 539
570 541
569 540
553 539
551 539
569 539
553 538
550 539
570 539
553 537
549 539
570 538
553 536
548 539
549 538
571 538
570 537
552 536
547 539
549 537
570 536
552 535
547 540
550 537
548 537
549 536
570 535
551 535
552 534
546 540
547 541
547 537
570 534
550 535
551 534
545 540
546 541
546 537
570 533
550 534
544 540
546 542
571 533
569 533
570 532
544 539
546 543
571 532
570 531
546 544
572 532
569 531
570 530
545 544
546 545
568 531
569 530
571 530
545 545
567 531
569 529
544 545
567 532
567 530
568 529
569 528
543 545
568 528
570 528
542 545
543 546
543 544
568 527
570 527
542 544
567 527
568 526
567 526
568 525
566 526
567 525
565 526
566 525
567 524
564 526
565 525
567 523
564 527
568 523
567 522
563 527
567 521
563 528
568 521
566 521
562 528
563 529
569 521
565 521
561 528
564 529
569 520
560 528
561 529
561 527
570 520
560 529
561 530
561 526
571 520
570 519
559 529
561 531
560 526
561 525
571 521
571 519
570 518
558 529
559 530
562 531
561 524
572 519
570 517
558 528
562 532
561 523
573 519
569 517
570 516
558 527
562 533
560 523
561 522
574 519
568 517
571 516
570 515
557 527
563 533
562 534
574 520
567 517
568 518
571 515
570 514
556 527
563 534
575 520
572 515
569 514
570 513
555 527
556 528
556 526
576 520
575 521
572 514
569 513
570 512
554 527
556 525
577 520
573 514
570 511
554 528
556 524
574 514
573 513
570 510
553 528
557 524
556 523
574 513
573 512
571 510
569 510
570 509
552 528
556 522
573 511
571 509
569 509
570 508
552 529
552 527
557 522
555 522
574 511
572 511
572 509
570 507
551 529
552 530
551 527
557 521
555 521
574 510
573 509
571 507
569 507
552 531
550 527
551 526
554 521
575 510
571 506
568 507
550 528
551 525
553 521
576 510
575 509
572 506
568 506
549 528
550 525
553 520
577 510
576 511
576 509
575 508
572 505
549 529
550 524
552 520
553 519
577 511
576 512
574 508
575 507
573 505
549 530
549 524
551 520
553 518
575 512
576 507
574 505
548 524
551 521
553 517
577 507
547 524
551 522
553 516
578 507
577 508
547 523
551 523
554 516
553 515
579 507
552 515
553 514
580 507
579 508
579 506
551 515
554 514
581 507
580 508
580 506
579 509
550 515
551 516
555 514
581 506
580 509
580 505
579 510
550 516
550 514
582 506
581 505
581 509
580 504
579 511
549 516
549 514
550 513
583 506
581 504
582 509
580 503
580 511
548 516
549 513
582 510
579 503
580 502
581 511
547 516
548 517
549 512
582 511
581 502
546 516
548 512
582 512
581 501
545 516
582 513
582 501
581 500
545 517
545 515
583 513
581 513
582 514
583 501
582 500
580 500
545 518
544 515
584 513
580 513
582 515
584 501
583 502
545 519
543 515
585 513
580 514
583 515
585 501
584 502
584 500
543 516
585 512
580 515
583 516
584 499
542 516
585 511
579 515
580 516
585 499
541 516
586 511
580 517
585 498
540 516
587 511
585 497
539 516
540 515
588 511
587 512
586 497
538 516
540 514
589 511
587 513
586 496
537 516
538 517
539 514
589 512
589 510
587 514
586 495
536 516
539 513
589 509
588 514
585 495
586 494
535 516
536 515
538 513
590 509
589 514
588 515
584 495
586 493
535 517
535 515
536 514
538 512
590 508
589 515
583 495
584 496
586 492
535 518
534 515
537 512
538 511
591 508
590 507
590 515
589 516
582 495
583 496
586 491
536 518
535 519
537 511
539 511
538 510
591 507
590 506
591 515
590 516
581 495
586 490
537 518
536 511
537 510
540 511
592 507
589 506
592 515
590 517
580 495
581 494
585 490
586 489
537 519
535 511
540 510
593 515
592 514
590 518
581 493
584 490
585 489
586 488
537 520
534 511
535 510
541 510
540 509
594 515
591 518
589 518
580 493
583 490
586 487
536 520
533 511
535 509
540 508
595 515
592 518
589 519
579 493
586 486
536 521
532 511
541 508
540 507
596 515
593 518
592 517
578 493
579 492
585 486
586 485
536 522
532 510
542 508
540 506
596 516
593 519
593 517
578 492
579 491
587 485
586 484
536 523
531 510
543 508
542 507
539 506
540 505
596 517
594 519
577 492
579 490
586 483
535 523
530 510
531 509
543 507
542 506
540 504
596 518
576 492
577 491
580 490
587 483
534 523
535 524
530 511
531 508
544 507
540 503
597 518
596 519
575 492
588 483
533 523
535 525
529 511
530 512
530 508
531 507
544 506
540 502
598 518
597 519
596 520
574 492
588 484
588 482
532 523
533 524
534 525
528 511
531 512
530 513
530 507
531 506
544 505
540 501
599 518
589 484
588 481
531 523
533 525
527 511
531 513
529 513
541 501
539 501
500 360
599 519
589 485
589 481
530 523
531 524
533 526
527 510
531 514
528 513
542 501
538 501
539 500
336 402
599 520
590 481
589 480
529 523
533 527
527 509
531 515
542 502
537 501
539 499
335 402
591 481
590 482
589 479
528 523
534 527
526 509
527 508
530 515
531 516
543 502
542 503
537 502
537 500
540 499
539 498
328 403
592 481
591 480
590 483
589 478
528 522
535 527
534 528
525 509
526 508
527 507
529 515
531 517
543 503
542 504
536 502
540 498
538 498
539 497
332 400
593 481
589 477
536 527
534 529
524 509
527 506
532 517
531 518
544 503
540 497
538 497
334 402
328 404
593 482
593 480
589 476
537 527
534 530
524 508
528 506
526 506
527 505
531 519
540 496
538 496
332 401
333 402
594 480
590 476
538 527
535 530
533 530
523 508
528 505
530 519
538 495
330 403
329 404
595 480
591 476
590 475
538 528
538 526
536 530
532 530
522 508
529 505
529 519
538 494
332 402
595 479
592 476
590 474
539 528
539 526
538 525
536 531
532 531
522 509
522 507
529 504
529 520
538 493
330 404
592 477
589 474
540 526
538 524
537 531
521 509
522 506
539 493
332 403
593 477
588 474
540 525
538 523
537 532
521 510
521 506
540 493
331 404
594 477
587 474
588 473
540 524
538 532
520 506
540 492
332 404
587 473
541 524
539 532
519 506
520 505
540 491
333 404
587 472
541 491
539 491
334 404
587 471
542 491
541 490
538 491
334 405
334 406
588 471
587 470
542 492
542 490
541 489
538 490
447 727
446 727
588 470
586 470
543 492
542 493
543 490
540 489
537 490
538 489
444 734
443 727
445 727
589 470
585 470
543 493
543 489
540 488
536 490
537 489
442 735
443 734
589 469
584 470
544 493
543 494
536 491
434 731
444 727
589 468
584 471
584 469
545 493
543 495
535 491
536 492
445 728
589 467
583 471
583 469
584 468
545 492
544 495
534 491
537 492
441 733
588 467
582 471
583 468
546 492
545 491
545 495
533 491
534 492
441 735
587 467
588 466
581 471
546 491
533 492
442 734
586 467
588 465
547 491
532 492
435 731
588 464
547 490
444 728
589 464
587 464
548 490
547 489
445 729
590 464
589 463
586 464
587 463
549 490
546 489
441 734
591 464
589 462
585 464
549 491
549 489
436 731
435 732
592 464
591 463
590 462
585 463
550 491
444 729
592 465
585 462
551 491
440 734
436 732
592 466
584 462
552 491
551 490
443 731
444 730
439 734
593 466
592 467
584 461
553 491
552 492
437 732
442 731
443 730
440 711
594 466
591 467
584 460
553 490
439 733
438 732
442 730
439 711
439 732
441 730
595 466
583 460
554 490
553 489
439 712
438 715
439 731
596 466
595 465
582 460
583 459
554 489
440 730
439 713
439 715
439 730
596 467
596 465
595 464
582 461
583 458
554 488
439 714
438 730
596 468
597 465
595 463
581 461
582 462
584 458
555 488
440 714
438 729
598 465
580 461
581 462
582 463
584 457
556 488
439 728
441 714
599 465
598 464
579 461
581 463
582 464
585 457
584 456
557 488
438 728
437 727
441 715
599 466
598 463
581 464
586 457
584 455
558 488
557 487
438 727
442 715
441 716
598 462
587 457
586 458
584 454
558 489
557 486
444 717
438 726
439 725
599 462
588 457
584 453
559 489
558 490
558 486
556 486
557 485
436 724
442 716
443 717
443 723
600 462
588 456
584 452
559 486
555 486
556 485
557 484
438 725
437 724
442 717
443 722
601 462
588 455
583 452
584 451
560 486
554 486
555 485
444 721
438 724
442 718
601 461
588 454
553 486
554 485
442 722
443 721
438 723
441 718
601 460
589 454
552 486
442 721
439 723
441 719
602 460
590 454
552 485
442 720
439 722
603 460
602 459
591 454
590 455
590 453
551 485
441 720
430 705
602 458
592 454
550 485
439 721
440 720
602 457
593 454
592 455
549 485
550 486
432 704
431 705
601 457
602 456
593 453
592 456
549 484
550 487
430 706
439 720
600 457
601 456
602 455
594 453
593 456
592 457
548 484
549 483
549 487
432 705
431 706
438 720
599 457
600 456
602 454
594 452
548 483
433 705
432 706
436 708
599 458
602 453
547 483
436 710
437 709
438 719
440 717
598 458
602 452
546 483
547 482
433 706
436 709
436 720
438 718
439 717
603 452
545 483
546 484
547 481
433 707
435 709
435 720
438 717
433 708
604 452
544 483
546 485
432 709
434 709
434 720
437 717
605 452
543 483
544 484
433 709
434 710
433 720
436 717
433 710
605 451
543 484
543 482
433 719
434 716
434 718
435 717
433 711
432 712
433 716
606 451
605 450
542 484
543 485
543 481
433 718
434 717
433 712
433 717
433 713
432 717
433 714
606 450
605 449
543 486
544 481
542 481
543 480
429 709
431 717
432 714
428 709
426 717
431 716
432 715
605 448
545 481
544 480
541 481
543 479
428 710
427 717
431 715
427 710
427 716
429 716
430 715
605 447
544 479
542 479
427 711
428 716
430 714
427 712
428 715
429 714
427 713
606 447
545 479
544 478
428 714
426 715
427 714
426 714
606 446
544 477
425 714
423 711
424 712
423 715
424 714
607 446
606 445
543 477
544 476
423 712
423 714
421 715
420 714
608 446
607 445
606 444
543 476
545 476
423 713
421 714
422 713
609 446
608 445
542 476
543 475
546 476
421 713
421 712
609 447
609 445
608 444
542 475
543 474
547 476
334 428
341 431
329 428
318 441
610 447
609 448
608 443
541 475
544 474
543 473
548 476
547 477
320 441
337 428
334 429
340 431
609 449
608 442
540 475
543 472
549 476
340 433
327 427
328 428
328 430
610 449
609 450
539 475
543 471
549 475
318 440
320 440
337 429
334 430
339 433
610 450
608 450
609 451
538 475
544 471
543 470
550 475
549 474
340 432
325 426
324 427
327 428
611 450
609 452
537 475
538 476
538 474
542 470
543 469
551 475
549 473
328 429
319 440
320 439
612 450
608 452
536 475
542 469
552 475
548 473
549 472
336 429
335 430
613 450
612 451
607 452
608 453
536 476
536 474
542 468
553 475
339 432
325 427
327 429
319 439
614 450
607 453
608 454
535 474
536 473
541 468
553 476
553 474
336 430
338 432
615 450
606 453
607 454
608 455
534 474
537 473
536 472
540 468
554 474
325 428
326 429
616 450
615 449
607 455
533 474
534 475
540 469
555 474
317 438
319 438
617 450
615 448
606 455
533 473
540 470
556 474
555 473
618 450
617 451
617 449
614 448
605 455
532 473
533 472
540 471
557 474
556 473
619 450
604 455
605 454
532 472
539 471
540 472
558 474
620 450
619 449
604 456
532 471
538 471
541 472
540 473
558 473
621 450
620 449
619 448
531 471
532 470
537 471
559 473
558 472
622 450
621 449
619 447
532 469
559 472
558 471
623 450
622 451
620 447
618 447
532 468
560 472
557 471
558 470
623 451
623 449
620 446
533 468
532 467
561 472
623 452
623 448
533 467
531 467
562 472
624 452
623 453
623 447
533 466
530 467
563 472
562 473
623 454
624 447
622 447
623 446
533 465
529 467
530 466
564 472
563 471
562 474
624 454
623 455
624 446
534 465
528 467
529 466
564 471
563 474
562 475
625 454
623 456
624 445
534 464
527 467
528 466
564 474
561 475
622 456
625 445
526 467
527 466
528 465
565 474
621 456
622 457
625 444
526 466
565 475
447 728
621 455
626 444
526 465
565 476
447 726
447 725
627 444
525 465
526 464
565 477
448 723
624 360
627 445
627 443
524 465
526 463
566 477
565 478
451 720
627 446
628 443
524 464
526 462
565 479
626 446
627 447
628 442
526 461
566 479
564 479
628 447
627 448
629 442
628 441
526 460
563 479
629 447
628 448
627 449
627 441
628 440
527 460
526 459
562 479
563 480
630 447
626 449
627 440
629 440
527 459
525 459
561 479
562 480
562 478
630 448
630 446
627 439
630 440
527 458
525 458
560 479
630 449
631 446
627 438
631 440
630 439
527 457
524 458
630 450
627 437
632 440
631 441
630 438
528 457
523 458
524 457
631 450
626 437
627 436
633 440
632 439
629 438
528 456
522 458
523 459
523 457
626 436
628 436
627 435
633 441
528 455
521 458
523 456
625 436
628 435
633 442
529 455
520 458
521 459
523 455
625 435
634 442
633 443
530 455
519 458
521 460
524 455
522 455
625 434
635 442
632 443
531 455
519 459
522 460
525 455
521 455
625 433
636 442
635 443
635 441
631 443
532 455
518 459
526 455
521 454
626 433
625 432
637 442
635 444
635 440
533 455
532 456
526 454
520 454
521 453
625 431
636 444
635 439
534 455
526 453
520 453
635 438
534 456
526 452
520 452
635 437
535 456
534 457
526 451
636 437
536 456
534 458
526 450
537 456
538 456
537 455
538 457
538 458
539 458
540 458
540 457
540 456
540 455
540 454
540 453
541 453
542 453
541 452
543 453
542 454
544 453
542 455
544 452
545 452
544 451
546 452
546 453
546 451
546 454
547 451
547 450
547 449
548 449
546 449
549 449
545 449
546 448
549 450
544 449
546 447
550 450
549 451
547 447
545 447
551 450
549 452
548 447
544 447
551 451
551 449
548 452
549 453
544 446
552 451
552 449
551 448
550 453
544 445
553 451
552 448
551 447
550 454
543 445
554 451
553 448
552 447
551 446
551 454
542 445
554 452
554 448
550 446
552 454
541 445
555 452
555 448
549 446
550 445
553 454
541 444
555 453
540 444
539 444
538 444
539 445
539 443
539 442
539 441
538 441
539 440
537 441
540 440
537 440
541 440
536 440
537 439
541 439
536 439
535 439
534 439
533 439
532 439
531 439
532 440
532 438
532 437
532 436
532 435
532 434
533 434
532 433
534 434
532 432
535 434
532 431
535 433
531 431
532 430
536 433
530 431
531 430
533 430
537 433
530 430
537 434
537 432
529 430
538 434
528 430
539 434
538 435
528 431
528 429
527 429
528 428
528 427
527 427
526 427
526 428
526 426
526 425
526 424
527 424
526 423
527 423
525 423
524 423
524 424
524 422
524 421
523 421
524 420
524 419
524 418
525 418
523 418
526 418
525 417
522 418
527 418
525 416
521 418
522 417
526 416
524 416
520 418
521 417
470 615
526 415
520 417
521 416
526 414
519 417
527 414
526 413
519 416
526 412
518 416
527 412
525 412
517 416
518 415
528 412
524 412
518 414
529 412
528 411
524 413
517 414
518 413
530 412
528 410
523 413
516 414
518 412
530 413
530 411
522 413
515 414
516 413
530 410
522 412
516 412
531 410
522 411
515 412
532 410
531 409
522 410
514 412
515 411
533 410
521 410
514 411
533 411
533 409
513 411
534 409
512 411
513 410
535 409
511 411
512 412
536 409
510 411
511 412
536 410
510 412
510 410
511 413
537 410
509 412
510 413
509 410
510 409
511 414
538 410
537 411
509 413
508 410
510 408
511 415
539 410
538 409
508 413
509 414
507 410
508 409
290 591
289 591
289 592
289 593
290 593
288 593
289 594
291 593
290 594
287 593
287 594
287 592
287 595
286 592
287 596
285 592
286 591
288 596
286 596
287 597
285 591
289 596
285 596
284 591
285 590
290 596
285 595
283 591
285 589
284 589
285 588
284 588
283 588
282 588
283 587
281 588
283 586
281 589
281 587
280 589
280 587
281 586
279 589
280 590
281 585
278 589
277 589
277 588
277 587
277 586
276 586
276 585
275 585
276 584
274 585
277 584
276 583
274 586
276 582
273 586
277 582
276 581
272 586
337 402
278 582
276 580
271 586
272 585
278 581
277 580
276 579
271 587
272 584
278 580
276 578
270 587
279 580
277 578
275 578
269 587
270 588
279 579
274 578
275 577
270 589
279 578
273 578
275 576
270 590
280 578
279 577
272 578
273 577
275 575
269 590
272 577
276 575
274 575
275 574
277 575
276 574
274 574
277 576
277 574
276 573
273 574
274 573
278 574
272 574
273 573
279 574
278 573
271 574
272 573
280 574
270 574
272 572
280 575
272 571
281 575
273 571
271 571
272 570
282 575
274 571
270 571
282 576
274 570
270 572
270 570
283 576
274 569
270 569
284 576
275 569
273 569
271 569
270 568
285 576
284 575
276 569
271 568
286 576
285 575
277 569
276 568
271 567
276 567
272 567
271 566
277 567
272 566
270 566
278 567
272 565
269 566
279 567
268 566
269 565
280 567
269 564
280 568
280 566
268 564
269 563
281 566
280 565
267 564
268 563
281 565
280 564
266 564
267 563
281 564
280 563
266 565
267 562
281 563
279 563
265 565
266 562
282 563
281 562
278 563
279 562
264 565
266 561
282 562
278 562
263 565
266 560
283 562
277 562
262 565
263 564
265 560
284 562
261 565
262 566
263 563
264 560
284 561
260 565
262 567
285 561
260 564
262 568
286 561
285 560
259 564
262 569
287 561
286 562
285 559
258 564
287 562
285 558
257 564
258 563
288 562
287 563
284 558
257 565
258 562
289 562
287 564
283 558
256 565
289 563
289 561
287 565
283 559
255 565
290 561
288 565
282 559
254 565
291 561
289 565
282 560
253 565
254 566
254 564
292 561
290 565
281 560
252 565
254 567
293 561
291 565
290 564
252 564
254 568
293 562
293 560
292 565
251 564
253 568
294 562
293 563
294 560
293 559
252 568
253 569
295 562
294 563
292 563
293 564
295 560
293 558
252 569
252 567
253 570
295 563
295 559
292 558
293 557
251 569
251 567
254 570
295 564
296 559
291 558
292 557
250 569
255 570
296 564
297 559
296 558
291 559
292 556
249 569
250 568
298 559
292 555
248 569
299 559
293 555
292 554
248 570
248 568
300 559
291 554
248 571
247 568
301 559
291 553
248 572
247 567
302 559
290 553
291 552
246 567
303 559
302 560
302 558
289 553
292 552
246 566
304 559
303 560
302 557
288 553
289 552
293 552
246 565
305 559
303 557
287 553
288 554
247 565
246 564
305 560
305 558
304 557
288 555
247 564
245 564
306 558
304 556
287 555
245 563
307 558
306 557
244 563
245 562
308 558
306 556
243 563
246 562
245 561
307 556
306 555
243 564
243 562
245 560
308 556
307 555
243 565
242 562
243 561
245 559
309 556
308 555
243 566
241 562
246 559
245 558
310 556
240 562
311 556
310 555
240 563
240 561
311 555
239 563
240 564
312 555
241 564
313 555
312 554
241 565
313 556
313 554
312 553
241 566
312 552
241 567
313 552
311 552
242 567
241 568
313 551
310 552
241 569
314 551
313 550
309 552
310 553
240 569
315 551
312 550
316 551
311 550
312 549
317 551
312 548
318 551
317 550
313 548
311 548
319 551
313 547
310 548
319 550
314 547
319 549
315 547
314 546
319 548
315 546
314 545
319 547
316 546
318 547
319 546
316 545
319 545
317 545
316 544
320 545
315 544
321 545
315 543
322 545
315 542
323 545
322 544
316 542
314 542
323 544
317 542
323 543
318 542
317 541
323 542
319 542
324 542
323 541
320 542
319 541
325 542
321 542
320 541
325 543
325 541
326 543
327 543
328 543
327 542
329 543
327 541
329 544
327 540
330 544
329 545
327 539
331 544
330 545
328 545
327 538
332 544
331 545
327 545
327 537
333 544
331 546
326 537
333 545
331 547
326 536
334 545
332 547
330 547
326 535
335 545
334 546
333 547
326 534
336 545
334 547
333 548
325 534
326 533
336 544
335 547
324 534
326 532
336 543
336 547
324 533
326 531
336 542
337 547
324 532
327 531
326 530
337 542
335 542
336 541
337 546
325 530
326 529
338 542
334 542
336 540
324 530
327 529
326 528
339 542
336 539
323 530
328 529
326 527
339 541
336 538
322 530
329 529
325 527
340 541
336 537
322 529
330 529
329 530
324 527
325 526
341 541
322 528
331 529
325 525
342 541
322 527
331 530
326 525
343 541
342 542
321 527
331 531
327 525
342 543
320 527
328 525
342 544
320 526
342 545
320 525
341 545
320 524
340 545
340 546
340 544
339 546
340 547
340 548
340 549
339 549
340 550
339 550
340 551
340 552
341 552
340 553
342 552
340 554
342 553
342 551
341 554
340 555
343 551
341 555
339 555
343 550
342 555
338 555
344 550
343 555
342 556
338 556
338 554
344 555
342 557
337 554
338 553
345 555
342 558
336 554
338 552
346 555
343 558
341 558
347 555
348 555
349 555
348 554
349 556
348 553
350 556
349 557
351 556
350 557
352 556
351 557
351 555
352 555
351 558
352 554
352 558
353 554
352 553
353 558
353 553
353 552
353 551
354 551
355 551
356 551
357 551
358 551
359 551
360 551
361 551
361 552
361 553
361 554
362 554
361 555
363 554
360 555
361 556
363 555
360 556
362 556
361 557
364 555
363 556
359 556
364 556
363 557
358 556
359 557
358 557
358 555
359 558
358 558
358 554
358 559
357 554
357 559
357 553
357 560
356 553
357 561
357 562
358 562
359 562
359 563
360 563
360 564
361 564
362 564
362 565
363 565
364 565
365 565
364 566
364 564
365 564
366 564
367 564
366 563
368 564
367 563
369 564
368 565
369 563
369 562
370 562
368 562
369 561
371 562
372 562
373 562
374 562
375 562
374 563
376 562
375 561
374 564
377 562
375 560
376 560
374 560
376 559
373 560
377 559
376 558
373 559
378 559
377 558
375 558
376 557
372 559
377 557
375 557
371 559
378 557
377 556
370 559
371 558
379 557
377 555
379 558
379 556
377 554
378 554
377 553
378 553
376 553
377 552
379 553
375 553
377 551
375 552
377 550
378 550
376 550
379 550
378 549
376 549
380 550
379 549
376 548
381 550
377 548
382 550
381 551
377 547
383 550
381 552
377 546
384 550
381 553
377 545
384 551
384 549
381 554
377 544
384 552
384 548
382 554
378 544
377 543
384 553
385 548
384 547
379 544
378 543
377 542
385 553
383 553
386 548
380 544
376 542
377 541
387 548
386 549
381 544
375 542
376 541
387 549
382 544
375 543
376 540
388 549
382 543
376 539
389 549
388 550
383 543
376 538
390 549
389 550
383 542
377 538
375 538
390 550
390 548
383 541
378 538
374 538
391 550
391 548
384 541
382 541
383 540
374 537
392 548
391 547
385 541
383 539
373 537
393 548
391 546
386 541
372 537
373 536
394 548
393 549
392 546
391 545
387 541
371 537
372 538
373 535
392 545
390 545
370 537
371 538
372 539
374 535
372 535
393 545
369 537
370 536
372 540
375 535
374 534
394 545
393 544
369 538
369 536
373 540
372 541
375 534
374 533
394 546
394 544
368 536
374 540
371 541
375 533
374 532
395 544
370 541
371 542
376 533
373 532
374 531
396 544
369 541
370 542
377 533
373 531
397 544
396 545
396 543
368 541
378 533
373 530
398 544
397 545
368 542
378 532
372 530
398 543
397 546
368 543
379 532
371 530
372 529
399 543
397 547
369 543
380 532
370 530
371 529
400 543
398 547
369 544
380 533
369 530
400 542
399 547
369 545
381 533
369 529
401 542
400 547
399 548
370 545
369 546
382 533
381 534
368 529
369 528
402 542
401 541
400 548
399 549
382 534
381 535
367 529
368 528
401 540
401 548
399 550
383 534
367 528
401 539
398 550
399 551
383 535
366 528
401 538
400 551
399 552
366 527
402 538
401 551
399 553
365 527
366 526
403 538
401 550
399 554
367 526
404 538
400 554
398 554
399 555
367 525
405 538
399 556
368 525
367 524
400 556
398 556
369 525
368 524
367 523
401 556
397 556
398 557
370 525
369 526
367 522
402 556
397 557
397 555
370 526
370 524
367 521
402 555
396 557
397 558
371 526
371 524
403 555
395 557
371 523
404 555
395 558
395 556
372 523
405 555
394 558
394 556
373 523
405 556
393 556
374 523
373 522
405 557
392 556
393 557
393 555
374 522
373 521
405 558
392 557
375 522
373 520
406 558
391 557
376 522
375 521
372 520
373 519
407 558
391 558
376 523
373 518
408 558
391 559
376 524
374 518
372 518
373 517
409 558
408 559
390 559
391 560
375 524
376 525
375 518
373 516
410 558
409 559
409 557
390 560
392 560
377 525
374 516
373 515
411 558
409 556
390 561
393 560
378 525
377 526
375 516
372 515
373 514
412 558
411 559
408 556
389 561
390 562
393 561
378 526
378 524
375 515
371 515
374 514
412 559
412 557
389 562
394 561
393 562
376 515
370 515
371 514
413 559
413 557
412 556
389 563
394 562
376 514
371 513
413 560
388 563
395 562
376 513
370 513
371 512
414 560
413 561
387 563
376 512
369 513
372 512
371 511
415 560
413 562
386 563
376 511
368 513
369 512
372 511
416 560
415 559
385 563
377 511
376 510
368 514
373 511
384 563
385 564
376 509
373 510
384 562
375 509
374 510
384 561
375 508
374 508
375 507
373 508
375 506
376 506
375 505
377 506
378 506
378 507
378 505
378 508
379 505
378 509
379 504
378 510
379 503
378 503
379 502
377 503
380 502
377 502
381 502
376 502
381 503
381 501
375 502
382 503
382 501
375 501
382 504
374 501
383 504
373 501
384 504
372 501
385 504
384 503
371 501
372 500
386 504
385 503
371 502
372 499
387 504
385 502
371 503
373 499
371 499
388 504
387 503
372 503
370 503
374 499
371 498
388 505
387 502
369 503
374 498
370 498
371 497
389 505
388 502
369 504
369 502
369 498
372 497
371 496
390 505
388 501
368 504
369 497
373 497
371 495
391 505
367 504
368 505
368 497
373 496
371 494
392 505
367 503
367 497
368 496
373 495
372 494
370 494
371 493
392 506
392 504
366 497
371 492
392 507
392 503
365 497
366 496
372 492
370 492
393 507
391 507
392 508
392 502
364 497
366 495
373 492
394 507
392 509
392 501
363 497
367 495
366 494
395 507
391 509
392 510
392 500
362 497
363 498
363 496
366 493
395 506
390 509
391 510
393 510
392 511
392 499
363 499
363 495
395 505
389 509
392 512
392 498
363 500
362 495
363 494
395 504
393 512
391 512
391 498
392 497
364 500
362 494
363 493
396 504
394 504
395 503
393 513
390 512
392 496
365 500
364 493
363 492
397 504
393 514
390 511
393 496
391 496
365 501
363 491
398 504
394 514
393 515
390 496
391 495
366 501
365 502
362 491
363 490
399 504
398 503
395 514
392 515
389 496
391 494
364 502
361 491
363 489
399 505
396 514
395 515
391 515
392 516
389 497
392 494
391 493
363 502
360 491
361 492
364 489
400 505
396 515
395 516
391 514
388 497
393 494
390 493
363 503
359 491
361 493
364 488
401 505
400 506
397 515
394 516
395 517
387 497
394 494
390 492
363 504
359 490
402 505
398 515
397 516
396 517
386 497
394 493
389 492
363 505
358 490
359 489
403 505
402 506
398 514
386 498
386 496
394 492
388 492
364 505
363 506
357 490
360 489
359 488
403 506
403 504
399 514
398 513
385 498
386 495
395 492
393 492
388 491
365 505
363 507
356 490
361 489
359 487
404 506
404 504
400 514
399 513
398 512
385 495
396 492
393 491
388 490
364 507
359 486
405 506
400 515
398 511
397 492
393 490
388 489
364 508
359 485
405 507
405 505
401 515
398 492
397 493
393 489
388 488
364 509
358 485
405 508
402 515
394 489
389 488
387 488
363 509
357 485
404 508
405 509
402 516
390 488
389 487
386 488
363 510
356 485
357 484
405 510
402 517
391 488
386 487
362 510
355 485
405 511
385 487
361 510
354 485
355 484
384 487
360 510
353 485
355 483
384 488
384 486
352 485
354 483
355 482
383 486
384 485
352 484
355 481
382 486
385 485
384 484
355 480
381 486
384 483
356 480
355 479
380 486
381 485
385 483
384 482
356 479
354 479
355 478
379 486
386 483
383 482
357 479
355 477
379 485
387 483
382 482
383 481
354 477
355 476
379 484
381 482
383 480
353 477
382 480
383 479
352 477
382 479
383 478
351 477
383 477
351 478
351 476
384 477
383 476
350 478
350 476
351 475
385 477
384 476
349 478
350 475
352 475
385 478
384 475
349 479
352 474
385 475
352 473
385 474
351 473
352 472
351 472
350 472
350 471
350 470
349 470
348 470
347 470
346 470
347 471
347 469
345 470
346 469
347 468
345 471
346 468
348 468
344 471
346 467
348 467
343 471
349 467
342 471
342 472
341 472
340 472
341 473
340 471
339 471
338 471
337 471
338 470
336 471
337 470
335 471
336 470
335 472
335 470
335 473
334 470
336 473
335 474
334 469
337 473
335 475
333 469
334 468
338 473
336 475
334 475
334 467
339 473
337 475
333 475
334 476
333 467
334 466
339 474
333 476
333 474
335 466
334 465
339 475
333 477
332 474
333 465
334 464
340 475
333 478
331 474
332 465
335 464
341 475
340 476
334 478
333 479
330 474
331 475
332 466
336 464
335 463
342 475
340 477
332 479
333 480
329 474
330 473
331 466
337 464
335 462
340 478
328 474
329 473
330 466
335 461
339 478
327 474
328 475
329 472
334 461
335 460
338 478
339 479
328 476
328 472
334 460
336 460
335 459
338 479
338 477
339 480
327 476
328 477
328 471
333 460
337 460
335 458
332 460
337 459
334 458
335 457
337 458
333 458
338 458
332 458
333 457
331 458
333 456
330 458
332 456
329 458
330 459
330 457
331 456
330 456
331 455
330 455
331 454
329 455
331 453
328 455
330 453
328 454
327 454
326 454
327 453
325 454
327 452
324 454
325 455
323 454
324 453
325 456
322 454
324 452
326 456
324 456
321 454
322 455
324 451
327 456
323 456
321 453
322 456
325 451
323 451
327 457
320 453
322 457
326 451
322 451
319 453
322 458
322 450
318 453
322 459
322 449
317 453
318 454
318 452
322 460
323 449
318 455
323 460
321 460
322 461
324 449
318 456
320 460
322 462
325 449
317 456
320 461
322 463
325 448
317 457
320 462
323 463
325 447
316 457
324 463
325 446
315 457
316 458
325 445
314 457
315 456
326 445
313 457
314 458
315 455
327 445
312 457
313 456
314 455
315 454
328 445
327 444
311 457
312 458
316 454
328 446
327 443
310 457
328 447
326 443
309 457
310 458
310 456
329 447
325 443
326 442
308 457
310 459
310 455
329 448
326 441
310 460
311 455
330 448
326 440
311 460
309 460
312 455
331 448
325 440
326 439
308 460
312 454
331 449
331 447
324 440
327 439
326 438
307 460
312 453
332 449
332 447
323 440
325 438
326 437
313 453
333 447
332 446
326 436
313 452
334 447
327 436
325 436
326 435
314 452
335 447
328 436
327 435
326 434
315 452
336 447
329 436
327 434
325 434
316 452
337 447
336 446
330 436
324 434
338 447
331 436
330 437
330 435
323 434
338 446
332 436
330 438
330 434
322 434
323 435
338 445
333 436
332 437
332 435
331 438
330 439
322 435
322 433
323 436
338 444
334 436
333 437
332 434
329 439
330 440
321 435
322 436
322 432
339 444
337 444
335 436
333 434
332 433
320 435
322 431
340 444
336 444
337 443
336 436
335 437
333 433
331 433
319 435
323 431
322 430
341 444
340 443
336 443
337 442
337 436
335 438
333 432
318 435
324 431
321 430
322 429
342 444
340 442
337 441
334 432
318 436
325 431
322 428
335 432
318 437
325 430
322 427
336 432
335 433
319 437
317 437
318 438
325 429
337 432
336 431
600 518
601 518
602 518
603 518
603 517
604 517
603 516
605 517
603 515
605 518
605 516
605 519
605 520
605 521
605 522
605 523
605 524
604 524
603 524
604 525
602 524
604 526
601 524
602 523
603 526
601 525
603 527
601 526
603 528
603 529
603 530
603 531
604 531
605 531
606 531
606 530
607 530
608 530
607 529
609 530
609 531
609 529
610 531
609 532
609 528
611 531
608 532
609 533
609 527
612 531
611 532
611 530
607 532
610 533
609 526
612 530
611 533
610 526
612 529
612 533
611 526
610 525
612 534
610 524
613 534
612 535
614 534
611 535
615 534
610 535
611 536
616 534
615 533
611 537
617 534
610 537
611 538
618 534
609 537
610 538
612 538
618 533
609 538
613 538
612 539
618 532
614 538
612 540
618 531
614 539
611 540
612 541
618 530
614 540
612 542
619 530
611 542
620 530
610 542
620 529
610 543
621 529
609 543
622 529
609 544
622 530
622 528
609 545
622 527
608 545
609 546
623 527
607 545
608 546
609 547
624 527
623 526
606 545
610 547
609 548
624 526
623 525
605 545
606 544
609 549
625 526
623 524
604 545
608 549
625 525
623 523
603 545
604 546
607 549
626 525
624 523
623 522
602 545
603 544
604 547
606 549
627 525
622 522
623 521
601 545
602 544
603 547
606 548
628 525
627 526
624 521
600 545
601 546
603 548
606 547
629 525
627 527
625 521
624 520
599 545
601 547
603 549
628 527
627 528
624 519
598 545
600 547
604 549
603 550
625 519
623 519
599 547
603 551
626 519
622 519
623 518
598 547
604 551
626 520
622 518
598 548
605 551
621 518
597 548
308 621
307 621
306 621
305 621
306 622
305 620
304 620
305 619
303 620
306 619
302 620
303 619
307 619
302 619
303 618
301 619
303 617
301 618
302 617
300 618
301 617
302 616
299 618
301 616
302 615
299 619
300 616
303 615
298 619
299 620
300 615
304 615
298 620
300 620
299 615
300 614
300 621
301 614
301 621
