52 214
47 191
94 189
81 287
47 165
48 181
80 73
73 293
72 77
97 228
68 147
56 195
98 203
121 196
44 140
76 266
79 204
66 278
62 84
55 168
54 101
91 211
68 75
64 88
95 187
110 184
53 187
61 98
66 266
72 78
31 183
113 208
51 187
104 175
104 194
93 207
53 160
51 169
110 200
111 192
39 148
52 112
101 217
117 193
55 280
24 184
38 185
79 75
92 291
63 145
69 76
65 286
92 290
87 246
95 223
113 175
66 183
97 203
110 182
78 210
93 232
52 184
36 180
102 205
53 166
88 189
57 197
109 184
70 211
48 144
52 202
31 179
50 203
49 105
118 198
70 71
71 213
51 204
62 196
52 150
57 122
49 164
64 87
62 276
49 203
83 249
79 248
103 205
88 244
44 171
45 106
48 161
65 124
51 172
93 184
78 73
60 81
60 100
48 166
37 150
116 198
51 189
111 176
99 172
89 246
63 122
50 158
110 190
54 166
64 266
64 213
81 205
67 213
65 165
94 287
63 85
33 181
24 174
104 174
93 209
60 98
41 148
72 211
60 74
58 86
95 188
62 114
57 65
38 184
99 215
79 293
53 211
61 148
90 246
49 166
116 193
56 279
89 187
44 143
48 145
31 178
45 56
65 119
71 208
94 235
48 190
65 208
49 155
70 270
65 279
100 229
70 265
58 64
98 210
102 223
50 187
80 291
95 178
37 186
103 228
66 207
52 66
48 56
104 177
115 177
66 123
63 63
108 206
70 266
82 240
37 178
70 87
57 168
81 249
44 163
109 196
48 206
39 183
72 291
25 185
114 176
66 146
106 231
53 118
52 212
95 196
99 200
60 75
106 230
51 161
61 115
85 241
36 178
55 74
55 204
100 202
71 84
29 177
87 261
46 56
86 182
54 68
58 142
60 103
61 102
58 293
65 134
65 98
62 207
108 178
49 205
63 194
57 207
44 138
115 179
47 145
73 141
104 230
59 77
59 197
87 188
94 291
61 207
77 212
62 285
109 190
105 205
25 178
50 56
103 202
95 208
37 183
93 181
56 150
87 211
45 107
51 60
89 258
96 285
58 141
71 85
94 195
58 98
35 180
47 106
83 260
80 246
51 186
71 71
99 213
70 134
68 72
63 290
64 196
55 179
82 249
60 279
61 79
69 138
58 177
50 159
77 180
57 147
53 66
58 277
67 209
50 104
69 135
52 107
48 164
88 250
54 102
68 209
78 79
101 230
79 76
59 295
94 293
48 151
68 137
66 198
96 198
59 65
53 115
27 182
87 244
112 179
69 269
62 298
26 176
82 243
68 288
98 177
64 147
79 251
106 193
58 279
64 80
53 114
101 218
62 143
73 145
46 175
118 173
69 75
67 280
62 290
34 179
53 159
62 86
65 136
54 210
57 142
82 239
49 180
93 180
107 204
56 118
55 101
79 266
65 287
71 209
46 174
49 173
57 64
102 221
70 135
62 286
100 214
63 64
53 209
103 204
66 301
67 127
97 201
80 209
71 212
57 177
81 289
75 293
61 86
81 288
58 289
83 261
62 144
52 162
101 215
45 175
93 186
65 100
97 174
54 109
96 195
55 166
58 291
72 213
50 155
54 204
52 188
83 250
55 100
109 206
64 194
57 119
68 183
63 177
72 272
95 215
102 219
96 191
54 206
61 181
90 265
80 181
98 223
73 82
69 274
85 182
73 140
63 84
86 243
65 196
67 187
119 197
70 85
65 137
28 184
60 277
49 56
67 148
52 118
62 198
108 196
92 186
39 145
54 108
56 98
107 176
57 200
68 211
79 209
44 142
60 89
72 76
100 227
107 200
89 242
61 178
102 224
63 289
52 185
65 125
66 129
71 288
105 204
67 288
106 228
73 264
93 210
60 179
66 206
107 207
60 291
63 147
73 214
57 74
83 180
89 241
64 139
73 81
66 191
62 91
65 129
48 203
53 179
92 211
62 105
106 204
110 205
43 175
39 152
60 206
65 123
81 265
78 209
75 214
57 62
90 248
47 206
92 178
52 151
110 183
44 173
71 273
77 269
104 196
63 75
67 300
64 138
61 171
96 229
78 250
65 265
80 249
83 246
79 245
105 173
24 182
69 146
72 182
95 288
60 168
97 235
52 200
52 201
72 214
79 268
81 74
74 209
66 280
65 211
45 103
83 240
104 176
96 238
55 113
58 74
41 152
63 175
86 246
92 209
79 178
111 200
67 129
96 230
56 169
110 206
68 212
61 293
93 189
99 211
94 185
65 126
81 76
107 199
55 60
90 249
94 290
69 212
39 146
52 213
27 184
51 184
86 241
75 264
47 55
71 139
55 194
32 177
55 68
89 239
71 90
85 245
53 158
38 148
79 73
47 167
101 214
58 178
100 205
64 76
94 208
63 88
70 186
59 83
52 64
53 56
61 277
76 80
95 191
40 182
99 231
64 98
55 159
58 206
84 291
63 294
47 174
109 207
112 208
43 162
54 118
115 198
83 207
65 290
94 238
88 265
65 97
80 208
32 176
112 191
65 65
65 147
64 195
47 190
63 146
37 181
68 284
63 296
95 189
51 104
22 184
61 82
31 180
117 197
71 89
48 174
56 145
95 197
81 181
56 196
31 182
71 86
68 149
53 58
54 160
96 284
66 300
64 177
69 72
64 284
43 174
60 133
53 164
84 182
89 264
77 73
98 209
98 202
30 183
58 149
71 146
91 183
62 121
82 261
57 120
36 187
50 191
80 264
97 223
50 108
78 182
84 242
61 61
87 242
62 76
89 259
65 166
23 183
53 167
64 66
64 209
61 167
37 180
80 211
89 186
93 291
48 152
69 150
54 168
62 93
93 229
106 207
94 187
53 104
108 190
66 293
52 169
52 211
89 254
111 182
84 207
51 107
70 290
49 201
67 130
30 180
53 70
25 176
104 228
79 246
62 101
43 163
51 108
77 293
88 190
63 298
114 197
77 211
64 286
87 259
54 175
49 144
56 178
62 66
99 222
106 173
62 135
81 246
39 151
61 276
64 75
59 180
110 179
69 186
48 163
42 152
62 94
56 148
53 162
51 112
99 206
65 212
82 290
63 119
72 282
53 111
94 204
53 210
60 122
62 61
61 182
71 83
70 88
51 175
90 293
97 285
64 125
44 162
118 174
66 138
54 181
66 127
37 184
70 289
68 77
72 144
65 266
63 196
108 191
93 188
39 185
69 118
98 229
59 294
101 226
95 283
56 147
38 187
76 207
101 203
63 168
87 262
72 146
60 118
88 255
51 59
53 189
72 90
104 195
117 181
56 207
66 116
60 121
69 117
71 150
66 196
54 208
56 280
71 291
111 179
76 292
79 180
72 263
51 162
98 207
72 86
68 87
42 153
70 264
63 125
56 122
98 200
63 80
63 137
87 257
38 152
72 273
63 173
44 141
70 117
77 266
95 204
115 180
58 143
45 144
60 205
115 193
74 92
119 176
67 266
52 171
81 183
62 119
52 108
60 149
58 118
106 175
72 143
81 184
116 177
94 184
64 207
72 271
97 215
102 225
60 76
54 56
63 100
67 278
36 186
83 243
46 151
63 206
64 282
101 222
81 212
85 208
73 292
32 179
59 291
78 77
60 96
51 147
54 200
94 190
90 247
90 240
119 196
76 264
107 193
72 186
62 104
72 142
50 157
88 261
47 148
27 181
88 264
72 264
33 180
70 148
59 145
95 234
63 276
102 176
97 222
85 188
97 230
73 274
69 71
51 200
78 211
54 73
54 211
59 62
77 75
81 206
53 180
108 200
43 140
23 184
67 138
68 134
71 186
57 150
98 238
44 169
91 239
64 145
55 193
96 175
85 261
64 115
63 135
53 182
69 276
93 187
93 288
51 202
94 203
84 73
86 261
64 135
71 275
84 178
39 178
98 213
93 206
111 203
49 167
80 72
49 153
62 169
50 169
54 179
62 103
71 293
68 278
87 264
70 183
27 180
69 268
57 279
104 204
45 108
54 70
75 263
74 81
102 202
53 108
84 261
62 65
72 208
69 184
65 139
59 293
64 149
62 177
26 187
31 181
67 190
65 120
57 178
100 206
107 205
104 178
60 207
53 112
120 197
51 62
68 210
83 245
49 199
49 163
43 151
68 276
62 113
24 187
67 149
108 193
110 185
60 79
101 204
44 139
62 100
28 176
38 178
59 196
98 231
71 211
65 292
62 296
84 208
86 184
69 74
103 227
59 84
62 88
78 293
67 75
69 90
45 149
70 293
63 291
82 182
69 185
53 176
71 144
79 185
94 239
67 133
113 194
68 277
49 154
69 275
99 214
105 230
66 168
52 175
54 66
62 145
103 173
67 207
47 56
59 63
63 278
66 126
25 182
54 69
70 76
60 139
64 280
52 59
54 149
41 176
48 191
54 71
60 116
88 252
85 289
63 182
92 179
84 259
97 175
67 73
46 106
63 140
50 106
43 138
50 156
82 208
62 294
86 242
55 85
54 187
97 205
55 66
89 248
68 186
121 197
38 145
65 168
59 278
40 145
70 89
113 179
65 291
65 207
55 86
48 153
91 240
96 234
90 212
95 181
111 193
63 284
61 291
27 179
65 140
49 106
66 193
88 290
109 189
81 264
44 103
97 200
53 163
72 209
83 262
41 178
62 75
72 274
27 183
84 290
65 99
109 198
58 292
64 178
57 199
64 182
38 179
95 229
120 196
71 271
95 231
65 66
72 148
63 172
75 207
96 205
78 81
79 247
90 187
114 193
58 63
45 171
48 189
110 193
72 285
71 182
26 186
58 196
72 215
73 137
86 290
89 183
97 192
47 163
67 195
66 268
81 75
91 210
49 168
80 265
44 168
67 194
62 147
57 121
100 207
67 70
54 171
67 116
48 172
68 117
52 183
59 289
83 182
60 182
49 161
98 173
109 176
67 69
61 78
91 289
62 170
51 181
69 73
53 175
52 63
72 83
82 264
69 270
99 202
47 146
24 188
66 186
82 211
60 294
101 227
74 293
72 147
92 183
47 151
96 177
74 208
80 207
50 172
94 288
64 100
60 145
59 118
60 80
54 180
51 103
111 199
62 295
105 176
94 292
44 164
116 194
49 157
67 276
81 182
64 116
71 76
97 234
68 71
104 193
52 149
73 80
99 227
94 289
58 122
48 162
71 287
86 188
90 211
62 63
65 76
59 179
65 209
45 55
99 212
67 135
118 176
66 136
54 103
49 159
55 149
84 75
84 187
63 169
44 107
45 150
100 173
50 145
64 117
86 211
58 168
103 174
69 264
76 293
71 270
95 199
40 148
95 284
102 222
90 291
61 140
72 139
95 230
78 185
89 260
49 149
86 292
83 187
58 207
65 171
71 264
87 256
24 175
55 71
100 212
62 140
67 68
89 257
109 199
64 299
90 292
88 211
61 100
112 175
64 85
52 62
69 89
68 70
21 185
56 149
102 230
97 176
49 200
53 149
94 229
46 163
84 179
52 110
100 176
117 177
65 278
54 67
80 182
95 195
56 179
63 285
49 181
40 178
67 193
72 275
101 176
58 150
83 242
55 118
90 250
98 215
76 92
26 184
61 99
89 256
63 62
45 169
86 289
52 182
51 188
62 142
71 136
80 266
71 183
89 261
61 94
50 182
90 241
84 289
62 141
72 185
58 198
50 105
116 176
78 183
65 280
49 148
79 249
85 210
82 247
100 223
69 266
96 287
109 192
78 181
62 168
101 219
90 245
112 174
49 156
35 179
70 72
104 227
75 265
68 130
70 136
64 171
94 232
54 113
41 151
117 198
95 232
59 176
73 139
111 184
76 184
24 183
46 149
72 149
92 240
50 199
51 168
37 152
77 185
55 165
47 164
52 111
52 170
86 185
46 108
46 55
52 109
96 236
67 72
105 228
64 285
98 216
59 151
69 288
67 189
66 302
49 150
58 146
42 149
50 161
98 205
75 209
53 204
75 91
89 251
56 168
111 181
85 75
70 92
82 288
88 183
25 179
64 122
104 173
111 180
96 178
81 208
95 186
53 116
63 65
98 176
83 244
59 168
48 146
56 200
73 146
85 211
62 85
84 74
63 292
89 265
24 185
48 173
66 209
111 206
84 72
40 153
44 151
54 104
85 209
59 89
98 211
65 268
61 144
64 289
72 293
58 295
110 176
100 224
47 175
55 185
78 268
80 210
64 101
82 74
45 151
91 181
57 144
78 75
60 196
35 178
68 285
58 144
49 108
60 94
24 186
91 291
70 291
92 232
42 148
63 280
63 87
64 168
94 205
101 223
94 206
82 180
116 195
59 177
65 122
62 79
92 180
87 258
50 160
68 131
55 65
76 185
58 145
59 78
81 207
33 179
97 204
59 74
78 80
64 118
39 147
54 209
51 212
117 178
69 267
96 239
90 183
72 216
53 169
69 149
69 265
97 208
83 183
85 246
55 72
71 87
65 300
65 213
77 81
62 120
46 144
111 208
105 203
24 181
67 188
42 174
57 98
110 198
108 177
95 198
60 208
66 72
73 208
39 150
81 73
63 174
99 223
59 94
59 178
52 181
75 90
94 191
88 188
56 123
97 198
49 147
89 250
110 194
97 284
62 115
67 191
52 56
41 177
56 60
60 95
61 180
67 128
116 180
106 176
56 185
49 191
116 181
54 202
107 209
51 61
68 264
85 187
72 283
54 207
89 244
49 206
66 213
91 290
45 152
54 147
98 230
54 183
115 178
61 135
63 207
65 67
69 285
54 161
61 77
46 167
60 86
63 89
99 173
46 145
61 176
63 293
85 243
92 185
67 196
59 150
62 171
50 200
49 207
52 204
81 80
46 104
67 183
111 191
110 201
70 146
32 175
71 294
103 196
43 103
59 206
57 196
60 102
47 173
43 141
61 145
98 208
41 163
97 193
55 160
96 286
49 107
96 194
69 290
63 139
112 193
60 82
61 60
85 73
40 185
110 195
57 148
60 167
86 256
103 229
49 172
72 91
66 211
79 265
46 176
62 178
96 222
80 204
56 86
58 62
88 239
52 70
50 146
61 177
62 89
108 204
69 77
63 86
44 170
63 115
74 264
54 205
101 231
91 241
49 145
53 188
96 215
38 186
40 144
63 61
110 203
94 294
45 174
71 286
75 92
46 105
37 151
88 292
115 197
87 263
107 208
110 202
62 197
43 176
79 77
53 57
58 147
117 176
109 193
59 67
77 267
72 292
78 82
70 91
89 252
29 176
71 135
59 142
65 138
61 76
61 90
77 209
114 179
78 204
49 162
70 288
94 178
57 292
46 169
77 268
61 294
55 184
66 134
86 259
71 77
113 193
95 206
68 184
87 255
113 174
45 163
65 293
69 134
97 229
87 291
51 150
118 178
111 175
86 186
62 90
108 209
61 134
84 181
54 116
80 185
83 179
74 214
68 185
61 149
73 142
57 61
98 206
97 191
60 150
65 210
72 79
71 210
79 80
28 182
110 204
60 97
100 228
119 177
52 117
95 222
69 183
79 179
52 65
70 90
80 77
54 182
96 288
102 226
89 255
31 177
111 201
114 175
63 79
40 177
50 147
52 58
47 147
59 279
50 166
45 143
71 149
50 181
81 78
101 205
61 121
89 292
98 236
55 200
65 167
81 261
67 267
76 79
60 115
56 74
55 99
72 82
36 177
57 198
61 89
40 183
81 180
108 176
95 238
104 192
91 179
110 191
67 192
96 179
95 235
83 241
26 179
72 286
95 233
67 147
73 144
63 90
70 149
46 168
64 298
50 190
59 121
72 136
54 117
73 79
88 242
64 137
63 171
61 179
109 200
93 205
47 166
82 289
66 189
54 148
97 177
43 173
73 90
65 164
103 176
37 176
109 197
80 78
65 288
40 152
110 207
38 188
96 237
79 181
68 287
75 81
56 65
79 292
64 297
96 208
50 150
60 83
85 256
78 180
101 207
62 182
107 206
65 294
60 146
67 186
63 277
104 191
62 297
97 199
68 286
118 175
81 262
115 176
66 133
62 92
80 290
51 105
65 68
97 236
51 190
80 184
50 198
79 291
100 231
74 91
27 176
78 72
56 144
67 285
57 86
76 209
91 182
50 202
66 147
42 163
73 91
55 183
110 208
98 222
73 136
58 280
84 244
68 116
48 180
51 173
89 253
83 289
75 266
59 98
36 188
55 195
41 150
88 248
68 89
55 192
54 201
87 290
66 75
72 284
97 194
24 176
70 275
60 85
107 198
50 205
70 137
90 266
99 230
62 102
80 75
73 83
79 250
59 79
59 122
83 74
83 248
22 185
53 161
61 133
92 184
65 289
108 195
37 177
64 119
94 181
53 171
26 185
65 267
86 183
93 240
53 202
58 151
93 238
91 180
87 292
80 80
68 265
29 184
40 149
51 156
81 290
68 280
117 195
66 197
58 65
108 194
55 207
50 168
89 211
95 224
117 196
59 86
89 240
64 278
55 73
68 133
59 66
77 77
103 230
93 239
50 204
73 213
91 209
68 193
51 185
59 290
69 87
65 182
87 183
68 136
81 211
99 176
68 274
85 259
37 182
25 177
95 182
85 244
64 174
74 207
50 173
44 172
64 281
74 141
52 104
98 237
68 132
102 220
64 81
94 192
61 196
45 104
59 85
68 267
80 79
29 183
48 105
50 103
65 75
39 184
44 175
64 148
101 216
95 185
66 288
40 150
88 187
43 149
71 274
56 166
64 134
64 283
44 149
82 207
51 174
45 153
82 246
100 174
47 105
108 184
105 193
118 196
53 168
80 205
98 201
47 149
51 176
53 113
65 299
41 175
63 176
55 98
63 66
51 56
113 191
70 86
96 181
89 182
95 192
69 137
78 266
61 168
66 135
107 195
72 270
70 212
102 203
37 145
108 205
65 116
99 229
86 187
59 82
81 263
41 174
57 60
96 180
42 151
93 208
54 186
97 173
87 243
65 183
28 185
90 244
59 277
60 138
85 74
64 166
62 122
66 68
54 194
48 106
60 140
38 180
57 118
76 81
79 81
