113 83
84 118
113 86
96 96
177 98
147 103
88 114
76 119
92 101
207 103
161 108
88 115
104 102
131 106
95 58
246 69
155 101
150 125
250 68
88 104
235 72
188 94
94 62
127 136
117 85
103 112
83 115
247 75
195 90
93 116
112 104
151 131
103 71
223 86
153 100
158 124
95 104
184 113
185 145
127 106
191 136
115 58
152 106
108 137
185 110
115 136
101 71
129 138
106 88
162 113
195 85
219 76
97 95
118 116
111 99
112 98
151 125
114 127
174 102
158 110
77 117
121 121
86 91
104 68
84 105
187 96
213 70
153 132
86 50
196 85
112 89
224 83
158 101
212 100
216 89
107 71
212 98
195 89
246 68
204 78
183 93
90 94
179 109
188 137
209 96
107 59
97 97
182 117
159 110
189 92
114 139
250 73
111 100
113 124
132 109
246 61
116 133
208 91
154 125
182 110
98 60
155 131
223 85
108 148
120 102
133 109
89 90
89 46
130 95
189 129
228 71
145 127
240 70
137 122
98 58
115 116
96 83
111 59
179 121
111 116
99 102
159 98
190 113
126 120
189 140
115 55
124 137
156 126
247 61
156 127
92 117
131 61
224 70
86 37
221 78
119 91
108 96
126 144
116 91
182 122
248 68
119 120
84 39
88 116
122 104
116 141
99 71
131 142
203 137
245 62
206 82
152 126
248 77
213 97
170 102
105 73
197 92
104 107
116 116
112 142
82 117
135 117
118 147
102 110
189 128
221 85
107 83
88 53
194 137
95 91
125 136
106 74
163 109
102 92
135 120
209 80
119 57
103 81
224 87
107 56
95 119
190 111
113 89
173 101
106 113
216 90
213 91
116 127
111 87
124 121
113 60
114 86
94 120
103 109
187 140
151 132
249 70
125 100
158 119
224 90
214 71
243 69
185 122
101 97
101 70
198 140
81 90
122 94
129 142
83 102
216 76
165 109
129 137
114 128
141 124
222 83
116 124
127 61
186 94
91 124
190 118
77 111
213 77
181 110
103 61
106 76
135 113
90 62
186 109
122 96
105 94
91 96
97 61
119 149
105 68
81 46
95 121
179 94
156 100
190 135
88 95
122 144
128 101
236 72
186 110
156 110
192 138
113 138
116 58
130 97
84 110
108 95
227 69
185 106
91 55
191 138
156 112
174 100
238 78
184 128
120 93
245 73
203 136
83 107
92 59
191 116
149 120
119 55
108 59
231 70
154 117
105 91
160 110
155 102
99 96
98 96
209 95
215 89
107 113
112 84
99 62
96 62
186 95
237 78
186 112
115 141
90 103
124 136
187 138
212 79
155 107
101 102
130 61
117 148
178 95
127 104
203 79
120 149
116 96
172 105
101 91
190 134
119 97
154 101
131 60
131 143
196 141
101 84
120 57
109 148
188 93
92 105
170 106
184 143
119 85
112 140
79 118
110 108
84 103
228 69
95 59
129 146
184 122
111 109
131 119
189 138
105 136
94 99
152 99
133 107
131 99
209 101
166 103
230 69
247 69
84 104
83 111
110 82
84 42
158 118
121 150
154 129
246 64
84 91
82 90
173 110
107 87
115 56
106 96
102 96
181 117
98 95
147 106
159 121
116 128
233 68
114 144
247 74
184 114
111 82
113 90
83 46
215 100
224 81
216 85
185 147
137 113
90 58
194 142
189 133
214 92
185 131
110 139
251 68
157 123
217 88
237 79
226 70
121 57
145 125
207 92
156 125
105 65
129 120
117 126
82 111
96 103
221 77
155 130
108 72
116 89
102 109
111 84
116 93
247 60
198 88
194 84
182 94
208 102
110 136
121 149
107 110
110 99
106 80
204 94
117 93
215 87
135 121
196 86
91 59
213 71
88 59
125 57
187 111
111 86
90 97
130 103
161 104
122 149
122 136
92 116
113 117
115 123
206 77
177 105
218 87
188 112
189 91
107 112
95 105
110 79
89 88
104 110
213 76
156 132
160 102
95 88
131 100
207 77
192 142
113 140
155 132
124 99
97 58
130 144
239 77
210 100
95 98
215 99
150 123
214 89
118 149
149 121
214 84
192 135
82 47
205 82
195 137
115 144
92 43
182 115
175 110
154 107
113 61
120 118
97 101
120 58
164 109
115 96
84 40
110 75
81 114
88 57
157 132
89 55
108 80
103 70
236 80
92 62
118 134
108 73
137 115
179 120
249 78
88 85
207 78
89 85
121 148
168 110
85 91
81 115
207 84
191 113
147 123
195 136
97 105
93 95
122 143
139 115
84 107
239 75
95 87
157 118
90 90
110 146
163 113
129 105
92 58
107 82
83 91
196 92
118 133
150 109
121 147
96 59
110 96
107 78
124 144
99 93
210 98
166 110
204 92
135 63
101 108
93 104
215 71
221 74
179 95
109 60
156 99
194 141
83 42
87 113
249 75
171 101
105 64
95 101
206 92
155 124
203 141
135 110
163 107
198 92
219 87
204 141
118 118
109 81
93 55
165 103
94 121
133 110
103 77
110 98
214 90
233 73
209 97
96 104
99 59
131 65
135 109
113 141
115 140
86 89
180 112
115 54
158 132
197 87
247 59
213 72
104 136
224 88
103 92
105 84
97 107
108 145
129 104
185 139
168 105
194 83
187 113
197 85
130 60
120 91
115 143
107 76
158 100
119 84
179 117
86 117
90 46
149 106
156 106
86 114
221 69
121 136
247 63
220 76
184 126
130 102
131 141
113 128
119 144
116 98
186 141
112 143
222 81
88 105
81 45
100 99
248 70
132 141
182 121
191 118
87 95
190 140
116 54
94 44
95 123
161 109
249 71
95 90
116 125
173 102
158 123
135 112
156 118
210 99
158 106
153 102
121 145
96 84
189 132
79 110
219 84
105 90
228 68
112 139
175 99
180 110
108 112
83 114
167 107
76 111
187 139
185 107
203 91
87 107
175 107
237 72
83 49
184 105
114 58
80 113
110 145
85 119
199 141
121 104
111 110
116 87
91 88
102 101
77 119
125 120
92 61
185 144
153 99
102 63
92 60
214 88
129 58
105 67
130 58
236 78
190 126
123 140
90 45
157 131
131 135
97 83
217 84
159 112
191 114
216 88
105 66
205 94
172 106
138 115
93 100
156 113
96 124
172 111
186 128
111 81
155 117
198 91
159 122
120 96
136 117
92 99
94 92
185 93
119 134
117 92
119 118
148 123
191 137
103 63
88 90
229 68
150 130
154 105
125 121
112 99
106 137
201 141
104 69
120 121
247 77
107 81
190 127
163 103
88 44
186 142
89 87
117 97
198 90
94 105
89 91
102 82
146 123
209 98
101 96
123 94
132 106
177 100
188 113
92 56
249 72
188 130
185 130
118 91
117 149
190 129
110 84
106 84
105 63
149 119
116 88
108 75
161 110
225 82
173 100
133 62
93 94
99 101
158 129
116 95
89 89
89 116
183 111
208 94
95 92
107 61
185 121
84 43
213 100
170 105
128 120
102 83
207 79
161 103
118 87
182 114
126 145
130 121
120 145
116 136
160 103
97 89
159 105
244 69
96 122
196 140
81 120
203 135
237 81
94 122
132 101
86 110
112 96
238 74
201 140
131 64
126 137
208 80
77 118
210 96
93 98
130 135
104 85
118 115
221 75
186 111
243 67
119 132
170 109
113 95
112 59
128 135
184 148
224 85
240 78
92 44
188 92
186 139
170 104
82 113
212 80
179 100
129 59
245 63
158 105
155 99
94 56
217 85
209 81
87 112
118 85
112 117
172 110
195 83
112 108
244 62
166 107
129 103
116 56
117 146
182 116
94 117
100 91
104 135
153 128
112 145
185 142
203 93
84 102
240 79
108 136
125 99
135 119
96 117
83 105
93 119
178 93
138 116
178 108
113 108
114 89
95 106
114 95
89 58
126 59
212 89
111 101
124 122
95 97
106 81
78 111
167 104
204 76
135 115
123 137
120 116
132 146
125 104
134 107
228 70
95 124
128 104
199 76
93 44
130 119
131 95
96 81
234 70
85 44
207 82
185 146
94 98
98 85
189 94
83 92
117 91
125 144
216 95
134 117
85 103
105 92
116 137
87 111
89 84
104 103
123 96
245 68
174 110
104 111
129 94
90 104
91 116
105 87
136 108
185 108
92 102
124 143
206 93
96 85
135 123
158 99
243 66
135 111
208 103
173 109
213 99
233 72
91 44
111 103
83 41
195 142
96 120
100 102
131 134
87 90
238 75
246 67
124 57
105 93
110 97
218 76
100 96
208 95
221 84
90 95
111 122
211 81
248 63
117 124
109 96
138 122
104 61
159 132
202 91
233 69
137 121
121 58
123 138
222 69
106 135
155 114
106 60
154 132
83 48
82 40
110 103
192 141
111 113
200 141
99 97
115 114
82 39
102 84
185 95
103 74
187 92
240 80
102 74
150 131
90 47
106 56
119 87
110 80
120 103
209 82
108 56
176 105
77 120
177 110
95 93
107 62
99 92
185 120
115 59
122 121
87 108
212 73
191 135
112 146
189 111
119 116
100 63
113 107
121 96
170 110
83 118
113 97
121 144
96 93
86 113
84 44
100 100
154 99
105 60
184 123
103 85
127 120
205 83
136 118
115 146
158 103
242 70
82 103
124 98
190 136
117 56
202 141
126 60
101 93
92 55
159 111
178 98
217 93
107 88
213 79
213 98
110 135
115 132
248 72
203 94
134 115
112 122
116 140
195 88
78 117
152 129
124 149
210 81
82 41
104 86
115 124
183 147
238 71
111 146
223 71
105 110
179 93
241 70
158 102
101 68
211 101
126 94
97 92
149 124
152 125
239 70
188 132
120 117
115 115
183 112
111 111
115 142
111 135
190 93
99 69
213 90
145 126
210 80
249 77
125 58
228 67
198 87
232 70
99 70
217 90
217 95
86 109
99 100
109 139
107 96
123 103
206 78
206 91
195 139
188 96
114 124
214 86
88 58
97 62
83 47
177 106
107 79
155 129
83 40
150 106
97 100
110 76
166 108
92 57
225 84
191 128
91 104
133 94
96 79
110 140
186 93
218 89
122 58
205 78
163 108
118 122
155 123
197 142
156 133
114 91
111 102
206 79
102 102
214 85
83 45
95 57
93 62
115 60
148 106
100 60
118 97
195 141
115 130
135 118
81 44
110 116
113 129
131 118
183 114
244 74
123 121
96 87
158 109
202 137
117 87
248 73
242 65
159 119
212 83
93 118
115 131
183 113
249 73
88 106
221 71
125 119
180 120
98 90
131 63
127 102
128 94
120 88
85 105
91 58
96 106
117 116
120 119
126 136
114 130
119 145
213 83
108 74
171 109
126 101
185 111
215 93
214 83
130 66
178 100
183 121
104 67
104 92
211 79
113 137
181 114
157 106
104 104
96 118
176 108
187 106
174 103
155 128
80 119
176 107
109 145
88 55
156 102
116 94
123 104
97 86
79 113
111 88
96 107
122 134
156 105
130 145
115 117
119 92
109 105
92 119
115 137
106 82
129 95
148 120
217 89
220 84
136 121
99 68
110 148
195 91
212 77
84 114
116 97
177 113
148 107
240 76
161 107
135 122
124 104
91 105
108 76
213 74
96 80
110 102
112 128
110 144
110 107
188 131
193 137
120 90
167 103
129 121
216 71
153 113
187 141
180 146
129 141
132 95
185 105
158 114
243 64
125 118
151 108
151 106
97 60
158 98
82 102
119 121
238 73
90 116
224 84
173 104
162 108
207 91
169 107
239 78
103 102
137 114
214 76
186 96
113 130
128 137
82 107
204 79
90 105
227 68
206 141
218 84
190 92
114 53
195 138
156 122
130 101
246 66
134 111
86 111
131 105
249 76
118 113
159 102
133 106
83 113
234 69
116 134
153 133
176 110
176 98
248 69
223 70
115 95
137 124
131 101
86 119
103 101
184 144
198 142
107 136
242 66
184 127
130 120
112 113
86 49
87 53
179 111
139 124
123 95
113 123
224 82
117 58
153 125
85 51
251 69
81 116
174 107
245 67
178 96
192 92
87 116
218 83
184 112
219 88
88 88
123 139
86 108
236 79
91 100
80 114
96 119
182 120
95 89
128 146
100 71
244 68
106 89
94 63
132 94
109 109
132 98
147 104
82 93
184 94
131 144
82 118
88 107
77 110
188 138
82 112
104 71
84 45
208 92
97 117
110 106
155 127
213 78
208 82
195 84
97 81
112 109
167 110
193 138
126 100
222 73
95 56
115 57
157 110
223 81
151 129
129 140
248 61
104 112
129 101
112 60
154 106
148 122
198 89
163 111
121 135
117 147
105 85
106 57
114 60
79 111
183 92
182 146
122 102
144 124
239 76
156 103
110 105
246 63
107 73
115 139
131 146
107 70
153 114
206 76
203 92
86 90
162 111
214 82
90 44
224 89
108 79
98 92
92 103
90 96
194 92
130 67
153 129
184 146
111 108
207 101
156 117
186 107
136 63
97 90
103 75
249 69
84 49
108 111
96 123
205 141
123 142
184 142
92 104
111 112
94 119
158 121
114 85
114 55
85 49
187 94
224 86
196 139
105 80
111 140
127 94
159 120
170 103
149 122
96 82
81 113
116 126
110 137
96 60
93 89
114 146
108 110
201 139
201 138
177 108
86 52
172 101
121 102
93 96
213 89
218 92
190 112
154 104
156 129
179 112
198 141
212 81
165 110
111 117
126 146
182 93
145 123
107 63
84 113
127 101
102 70
115 127
111 89
217 76
243 65
111 114
123 135
130 122
97 93
86 53
129 102
246 60
237 80
94 100
109 108
84 119
108 71
109 75
91 62
94 104
203 76
228 66
181 122
104 63
106 91
104 108
115 89
138 124
96 92
82 91
76 110
124 145
105 89
181 94
220 83
163 106
201 91
215 84
202 76
109 137
202 94
123 143
129 57
81 117
132 65
130 142
108 60
135 108
135 62
194 135
204 77
89 105
134 119
88 54
132 63
79 117
157 100
112 144
118 96
222 72
81 47
218 77
216 93
189 112
89 44
207 94
105 88
103 80
87 114
81 40
155 116
118 135
193 142
208 101
129 60
156 111
232 73
217 87
91 102
105 72
109 103
94 89
213 96
106 79
106 64
234 71
102 91
246 65
104 80
108 108
245 74
151 128
87 117
205 140
150 120
93 57
118 123
133 119
194 139
111 85
197 86
131 97
182 123
122 103
133 95
219 77
195 92
130 96
243 70
172 109
159 123
92 98
201 76
211 84
221 68
104 62
134 123
123 122
87 44
221 72
184 125
223 68
207 141
104 109
145 124
178 110
97 85
110 87
163 105
120 92
178 113
167 105
96 105
146 105
182 119
182 118
109 138
166 102
99 90
230 68
95 118
120 97
106 92
132 142
223 69
111 60
183 122
152 113
104 74
107 84
116 132
98 59
133 101
106 75
103 104
216 86
160 108
163 102
107 77
215 96
109 111
222 82
185 128
91 87
181 146
238 70
229 69
107 72
157 114
222 84
88 56
100 98
131 98
216 94
117 133
110 115
109 61
122 137
89 47
115 91
104 60
245 65
162 112
246 74
173 105
210 101
154 128
121 146
227 70
81 119
83 109
135 114
91 89
105 86
216 96
79 119
104 70
95 116
214 99
124 97
248 76
91 45
149 126
84 38
91 97
126 102
86 88
153 105
136 114
119 115
79 112
170 107
115 122
217 92
84 111
93 97
177 96
186 113
188 129
211 98
108 84
95 82
244 65
104 134
201 137
197 141
127 145
115 145
107 103
93 123
230 70
91 123
94 82
157 129
134 62
193 92
221 76
125 59
86 44
212 82
147 107
112 86
118 58
123 149
147 105
221 70
106 59
84 108
119 122
123 55
85 38
180 118
176 100
168 108
131 62
143 124
185 113
200 91
92 100
133 111
199 91
110 85
97 103
155 125
215 76
91 57
194 136
188 111
187 129
119 88
199 77
85 37
177 104
187 128
156 123
214 97
118 124
187 107
88 96
99 60
153 131
103 76
105 95
116 138
128 60
131 66
123 141
103 60
169 109
179 113
79 114
190 128
113 122
115 90
106 58
153 103
116 135
120 150
225 70
167 106
88 89
122 57
86 51
132 62
138 123
151 109
206 94
140 124
206 90
158 104
153 106
184 124
169 108
239 79
185 92
181 118
149 125
92 97
119 56
154 103
108 103
206 84
130 105
213 75
155 103
89 86
109 104
97 87
200 138
164 103
190 133
94 116
191 92
128 100
110 114
215 86
217 86
94 123
110 83
215 97
146 106
87 51
207 83
132 119
247 70
104 101
106 63
106 114
91 94
131 104
134 116
209 103
84 106
120 120
109 82
189 137
129 143
116 146
126 138
179 110
100 90
247 62
122 56
136 116
182 147
191 117
204 93
97 88
168 109
218 74
212 84
115 138
111 123
102 93
114 143
189 136
174 99
156 121
105 96
180 94
213 92
89 96
210 79
113 139
166 109
181 120
82 92
97 94
119 86
151 107
162 103
102 85
191 111
168 107
151 130
94 118
97 102
238 80
115 53
99 63
127 60
122 55
213 73
159 124
101 69
160 120
109 80
127 105
208 79
103 134
194 134
178 97
104 72
191 115
93 56
184 92
106 110
118 132
123 57
248 74
159 106
133 108
185 129
96 97
81 107
132 135
119 93
101 109
119 98
193 143
233 70
154 113
112 103
238 72
96 95
110 147
214 72
178 118
129 135
185 109
234 72
132 96
191 93
171 106
98 100
99 61
183 110
155 115
106 136
123 97
112 105
162 110
109 110
157 113
179 108
193 141
113 84
212 92
122 135
192 139
184 147
202 139
212 71
250 69
85 114
92 89
125 102
149 123
218 75
207 93
80 117
125 103
178 107
241 79
214 93
190 110
221 73
118 57
118 148
157 109
112 97
176 99
128 145
117 141
119 148
91 90
210 103
98 69
99 91
142 124
94 101
247 76
179 118
118 114
175 98
84 109
200 76
155 113
90 55
101 63
75 119
178 106
112 141
186 105
188 140
197 91
128 136
92 123
130 146
154 100
184 95
110 60
142 123
105 74
174 104
103 73
115 87
