180 109
159 158
102 174
180 92
117 122
219 158
153 145
97 172
117 160
108 157
202 78
128 130
167 133
207 61
119 153
202 67
137 132
188 151
177 142
223 89
132 134
137 133
169 101
188 112
219 88
114 122
147 146
110 150
217 82
116 205
180 111
202 76
177 117
138 140
157 122
163 143
162 130
117 205
99 174
154 135
200 93
116 118
178 103
190 146
197 156
151 137
115 155
200 156
115 154
210 158
96 188
199 93
191 145
98 170
98 185
120 143
224 161
177 143
124 163
189 93
184 96
166 155
96 187
166 156
152 115
157 149
166 123
179 138
126 169
93 189
125 140
114 169
178 108
218 152
168 83
154 132
131 243
113 169
121 165
151 143
202 61
136 133
125 228
211 154
202 79
123 124
198 91
111 174
98 176
225 89
204 71
110 170
206 62
181 153
198 95
168 87
116 174
123 153
125 227
144 138
164 131
197 155
123 159
140 230
163 82
133 136
216 152
108 158
220 154
124 225
168 101
204 76
122 222
167 134
165 93
160 93
131 234
164 125
169 161
186 94
200 96
125 166
165 165
190 116
166 153
119 156
90 183
157 152
120 209
129 134
197 137
166 82
192 94
127 141
153 114
121 137
161 122
128 230
203 159
117 163
167 151
192 161
181 95
107 158
101 176
170 133
208 75
199 91
199 158
156 76
201 144
207 60
214 85
203 60
163 96
125 152
101 186
141 139
225 162
95 181
197 95
160 123
204 77
214 83
160 88
110 152
180 93
110 151
123 123
170 100
156 132
166 87
185 92
177 140
124 151
149 118
221 164
108 201
165 82
205 66
218 163
124 136
205 159
160 90
154 116
105 195
189 97
123 148
209 158
178 119
176 103
170 121
118 129
151 120
102 172
101 180
115 208
165 123
171 91
165 121
124 146
219 87
95 177
102 196
148 141
210 159
154 114
171 92
164 142
170 123
160 132
129 235
200 68
157 147
123 226
217 91
96 179
217 86
97 177
149 144
193 97
213 157
217 154
205 86
147 116
123 146
124 167
177 104
167 160
211 158
158 129
126 136
179 119
149 145
93 168
206 94
208 68
165 151
181 116
124 226
203 84
157 129
169 121
170 160
205 158
162 133
128 241
95 192
114 216
151 144
203 59
106 192
154 144
225 83
183 152
220 156
205 77
204 56
173 138
155 144
204 85
189 92
180 121
174 92
116 161
173 104
164 83
219 78
201 64
206 96
190 160
92 192
172 145
176 143
173 114
118 163
197 149
221 157
157 123
228 90
129 228
163 122
120 215
134 234
156 146
114 172
158 141
118 122
109 171
175 135
160 91
186 115
180 120
112 154
182 135
193 161
96 180
194 143
222 86
131 232
210 91
197 89
225 84
180 154
155 132
193 147
218 82
160 94
179 104
171 164
132 233
127 170
219 89
202 96
219 79
206 92
198 143
194 145
97 180
133 137
211 155
166 120
119 221
171 98
218 91
176 107
201 161
214 156
117 212
187 135
189 114
148 147
182 151
175 134
177 118
97 187
94 168
179 92
211 86
227 89
88 189
167 140
121 163
205 69
150 121
182 144
207 158
166 130
100 185
178 118
166 168
123 126
169 133
126 168
129 230
193 143
146 144
150 123
167 161
133 138
172 131
160 92
103 188
171 120
149 136
125 236
124 164
226 162
180 119
138 233
203 56
216 90
216 85
150 122
228 87
150 117
166 141
121 162
181 98
214 151
123 147
116 121
113 154
191 92
157 132
178 86
211 87
155 120
219 90
218 86
210 87
178 157
218 92
155 152
171 132
184 98
149 148
94 192
154 117
224 85
169 165
160 86
127 238
163 92
197 138
121 143
181 135
200 92
113 201
160 118
190 161
125 141
202 75
112 158
218 89
120 126
226 81
91 192
157 150
173 120
114 171
197 152
124 126
174 143
165 84
175 144
201 63
209 91
191 97
116 127
128 140
148 143
111 169
97 178
89 178
149 141
152 114
91 191
174 104
142 140
227 88
162 159
205 89
164 122
172 93
159 143
230 162
156 121
165 89
103 176
88 190
156 141
174 86
166 143
105 175
219 161
102 185
103 189
175 116
164 94
201 142
183 151
195 95
174 102
215 93
224 162
120 217
166 92
172 133
176 140
135 139
107 195
179 111
169 120
155 146
162 143
88 185
109 174
159 76
217 89
186 92
134 233
97 174
118 124
182 154
195 145
129 238
109 201
102 175
164 91
142 129
173 113
163 157
167 92
140 231
181 83
150 141
173 85
204 86
126 133
118 174
164 124
197 91
142 139
109 196
163 133
110 155
214 93
157 148
191 146
149 142
98 171
196 153
126 238
207 62
109 155
147 142
110 157
179 156
165 83
207 86
110 154
218 93
165 158
202 158
169 91
153 118
208 89
151 117
217 151
222 158
182 118
163 145
135 134
214 94
138 131
168 84
101 197
162 82
101 192
165 85
112 174
203 85
118 125
196 160
175 136
111 173
112 175
150 138
202 77
122 143
111 167
126 227
119 173
213 152
153 134
204 68
119 125
207 65
153 143
216 79
215 154
180 135
96 186
170 168
200 61
174 140
188 116
116 213
104 198
192 143
187 92
186 151
114 214
213 92
211 90
208 74
225 85
142 141
186 152
184 95
187 148
118 157
117 131
171 113
198 96
220 85
113 218
116 165
199 140
99 175
209 63
178 106
142 232
183 118
187 147
228 91
217 92
160 77
163 91
187 136
97 194
96 168
173 103
116 171
217 155
130 237
136 139
199 144
173 143
197 145
200 145
161 86
97 179
167 155
121 222
133 134
134 134
116 155
123 163
124 128
168 161
176 104
117 162
122 147
229 163
121 166
159 159
122 166
163 128
158 122
129 237
142 138
178 111
181 102
173 92
167 146
130 232
179 90
118 130
106 173
179 116
119 219
216 154
167 87
94 180
218 162
91 187
178 93
124 129
221 153
177 90
172 146
181 93
168 168
96 192
123 224
189 113
234 162
210 90
121 217
182 94
99 183
181 154
127 224
163 161
186 117
128 238
123 125
120 125
143 129
114 202
171 99
90 180
124 165
111 196
175 85
192 96
202 93
220 164
163 130
213 83
107 160
140 138
217 162
123 138
162 80
174 118
159 90
156 119
174 130
181 97
112 153
199 96
205 80
167 120
185 135
117 119
207 91
159 132
102 197
106 193
175 145
125 151
206 95
160 96
122 173
163 117
159 121
164 156
176 135
101 196
212 92
97 169
153 144
174 142
95 178
155 114
168 122
217 94
183 135
125 146
142 131
105 197
96 184
205 83
206 67
98 172
181 112
219 86
125 226
167 148
170 167
176 116
103 190
168 133
125 148
118 128
101 172
168 146
168 139
195 160
200 62
177 107
177 144
181 113
99 184
124 166
95 168
134 133
211 88
91 189
123 149
164 126
152 143
197 146
155 133
190 97
128 134
171 95
117 165
174 91
152 124
205 68
171 93
118 131
115 206
206 91
171 146
211 92
204 67
168 158
204 93
153 117
119 163
218 151
155 134
122 137
221 158
225 88
114 154
96 193
107 161
214 84
97 195
175 87
218 165
177 139
100 179
173 141
159 155
212 151
115 212
231 162
120 153
182 146
101 174
135 233
200 60
165 147
173 101
144 144
168 148
186 149
170 120
109 194
178 89
148 116
210 58
158 159
163 151
223 87
166 93
160 121
118 220
166 157
131 235
154 134
102 186
173 160
201 66
121 125
112 157
109 156
127 151
221 155
216 151
109 164
184 150
219 164
180 84
202 63
97 173
106 194
155 116
218 87
180 91
178 120
119 155
136 233
115 207
202 71
118 144
126 224
113 165
178 144
178 85
175 107
152 138
116 166
175 133
134 139
173 134
150 124
109 162
101 177
208 59
124 148
122 152
106 197
131 134
166 166
220 153
166 146
208 90
152 117
103 198
196 143
234 163
143 130
113 171
116 168
192 147
123 142
107 159
175 92
117 117
110 153
179 113
166 158
175 103
157 121
202 159
171 134
172 113
184 135
208 157
206 75
201 91
89 182
196 91
227 87
205 61
149 137
151 141
124 153
127 229
116 210
119 218
200 73
158 153
231 164
203 75
200 157
119 144
153 146
172 100
186 150
202 160
186 136
167 121
150 118
115 169
156 128
210 88
205 88
188 94
141 131
89 185
173 144
160 143
146 142
107 197
164 128
124 224
161 143
96 189
176 141
206 85
199 67
89 190
166 165
147 137
147 140
154 146
150 120
214 154
125 237
170 161
159 142
109 157
96 177
94 189
117 144
227 163
161 84
163 84
177 133
177 87
122 145
186 90
102 184
155 143
153 119
171 161
156 151
175 139
119 222
178 135
129 240
201 72
103 173
163 94
158 160
212 157
164 133
181 117
121 160
189 147
163 127
189 116
159 91
125 142
163 87
118 217
178 107
132 243
203 86
157 146
222 162
119 224
201 61
93 179
205 91
94 169
223 88
101 181
202 95
120 163
99 173
230 88
160 87
139 138
119 130
147 115
163 132
139 233
212 153
167 165
144 140
161 159
167 164
176 87
138 139
117 218
187 151
229 89
224 89
215 91
203 57
139 139
183 98
128 169
92 189
163 95
226 80
201 97
200 69
180 103
102 192
200 59
158 161
109 173
167 150
112 200
184 149
166 102
186 91
117 173
161 77
88 187
166 144
166 151
89 188
191 147
180 104
124 150
129 242
110 158
203 87
109 161
152 136
202 59
181 103
173 118
157 128
141 129
167 158
169 156
109 199
119 154
201 65
171 133
177 135
214 92
106 159
164 88
218 164
207 92
232 162
138 232
166 152
204 66
117 154
154 120
206 80
154 143
168 147
188 146
165 120
178 87
167 156
206 76
130 243
161 90
164 82
160 89
218 158
163 144
219 163
207 68
162 86
203 71
202 94
93 192
219 156
143 138
162 134
129 241
180 95
215 85
215 79
127 225
162 123
178 141
194 146
149 147
181 115
99 182
160 154
227 90
171 131
102 173
136 134
225 82
98 184
195 148
144 130
146 143
148 139
179 84
140 131
201 160
96 181
112 196
183 94
113 121
200 141
197 158
154 119
158 126
109 170
159 118
133 234
109 163
91 178
172 120
186 137
158 132
179 108
130 230
91 188
218 153
161 85
200 140
165 87
172 130
219 80
147 144
124 127
180 156
173 94
218 80
174 85
116 169
171 112
221 87
120 173
117 132
207 63
162 122
160 122
160 95
119 212
126 237
173 89
226 85
186 148
161 87
222 160
198 141
119 127
195 153
177 91
115 220
173 130
180 134
159 160
205 58
146 116
113 216
205 87
174 119
175 102
159 77
185 118
119 142
174 137
162 84
98 177
132 231
164 101
168 156
165 126
120 210
166 145
88 178
148 137
179 135
230 164
94 194
123 152
197 157
170 131
204 95
165 166
186 93
104 175
127 131
134 235
205 62
213 156
145 144
191 94
167 132
199 95
101 195
172 141
118 212
154 136
182 98
103 195
173 121
96 190
181 91
216 80
139 141
220 77
204 58
183 148
205 63
178 102
170 165
99 177
118 158
126 132
150 139
123 129
163 159
100 174
120 136
126 131
117 155
102 183
198 145
157 151
188 93
100 197
180 144
120 159
176 133
106 198
130 134
103 197
147 143
159 95
118 162
131 231
197 154
152 120
178 139
178 142
126 140
101 175
121 136
157 126
128 229
114 217
195 143
131 135
211 157
218 94
203 61
108 198
110 167
166 167
222 164
119 122
221 84
183 149
208 63
157 141
182 153
185 149
214 91
164 93
173 145
114 220
122 153
116 170
126 129
207 66
108 191
218 83
202 84
119 143
128 228
117 158
175 91
121 164
102 191
181 94
165 142
188 117
127 138
168 121
106 176
127 136
127 227
102 194
116 215
187 95
127 134
180 102
194 147
101 194
138 138
197 159
128 131
206 81
116 209
121 161
230 163
91 190
213 155
178 121
156 75
174 90
144 141
116 216
117 124
116 123
157 127
206 69
163 158
217 93
131 230
114 168
220 158
177 116
122 125
117 127
185 150
180 112
87 178
182 147
196 95
203 58
197 150
194 161
157 143
201 96
167 154
200 94
115 121
167 131
160 160
164 121
201 68
96 185
148 145
181 121
88 188
186 116
168 140
117 121
163 93
115 213
128 235
161 161
176 115
204 159
107 173
198 153
199 145
121 159
104 196
203 62
102 193
126 141
202 157
169 92
185 117
163 80
206 78
95 185
175 142
119 216
119 126
181 156
95 179
203 67
200 91
160 133
174 146
183 154
115 209
90 177
208 58
224 86
113 194
202 83
172 143
137 232
110 200
123 223
159 141
214 82
220 84
179 110
164 123
123 222
117 164
197 153
210 59
114 213
167 149
160 155
141 231
218 84
200 158
180 82
174 132
162 146
163 126
198 89
181 155
165 157
151 124
222 84
216 91
141 138
172 138
155 77
96 182
199 159
140 229
216 78
143 140
167 130
136 232
198 142
199 97
128 129
115 119
162 81
132 139
180 108
182 145
168 86
161 78
123 227
150 144
114 203
195 161
93 188
114 215
107 198
116 117
165 141
191 161
206 79
199 139
128 227
98 186
177 141
115 165
197 148
117 204
148 117
97 196
151 123
118 142
171 96
173 86
228 86
124 149
216 89
196 158
164 143
111 197
101 179
98 169
220 157
171 147
103 187
169 100
173 119
107 172
145 141
168 92
96 194
191 95
167 101
107 191
203 93
119 210
180 152
131 237
123 144
137 131
121 218
113 215
216 82
156 120
207 64
87 177
203 76
146 141
119 215
189 115
100 181
174 88
180 153
181 118
201 143
90 179
225 81
184 151
211 91
122 151
195 91
191 93
87 186
128 139
200 64
204 70
198 90
101 185
166 119
165 130
164 130
100 182
114 120
161 80
120 124
207 75
151 121
115 204
207 82
221 163
140 232
165 164
206 83
161 133
109 158
122 144
123 141
117 161
153 120
98 175
179 120
187 146
173 116
90 178
131 236
202 74
113 202
208 76
163 146
182 115
204 92
198 158
104 194
179 105
199 94
199 68
162 141
89 181
112 195
89 187
217 80
103 177
168 85
113 170
127 139
162 142
154 115
97 175
114 121
148 138
162 160
116 126
182 96
208 158
220 162
185 94
180 85
196 147
149 139
90 184
204 69
116 172
116 173
132 234
125 136
187 116
179 121
204 94
123 166
153 113
116 212
222 87
162 161
118 123
194 144
160 161
149 117
215 86
98 178
196 159
130 235
143 131
197 151
127 133
206 68
143 137
117 123
156 130
167 90
189 117
163 118
177 92
110 173
221 162
122 162
124 123
156 143
174 145
120 221
167 159
133 135
219 77
108 155
223 161
122 146
190 92
174 141
118 173
173 102
168 82
206 158
172 92
94 190
108 161
92 190
197 92
173 137
161 94
230 87
220 152
125 131
176 132
139 131
163 125
197 139
169 168
213 151
165 101
123 164
158 143
182 136
113 217
201 158
108 173
146 140
155 129
116 211
103 194
122 159
160 119
172 94
179 134
230 89
109 172
100 184
102 195
119 217
191 98
181 146
177 138
103 175
150 116
188 113
173 139
159 156
220 86
141 128
166 140
117 166
185 119
103 191
95 194
195 147
164 144
164 129
204 91
96 175
137 139
119 220
101 182
219 162
123 137
92 168
191 96
218 150
178 156
167 162
173 136
161 93
213 154
166 124
175 141
156 152
163 86
124 122
119 223
171 97
176 91
145 138
166 147
147 147
125 224
118 222
212 152
160 153
201 74
121 173
122 127
113 200
179 103
222 159
113 220
226 88
181 145
164 157
160 157
179 139
126 137
116 119
99 172
179 102
203 83
174 139
217 150
178 92
125 168
117 143
116 167
220 159
132 135
209 59
107 196
201 73
117 118
172 95
88 186
218 159
118 117
178 116
96 172
161 79
222 161
179 109
94 179
112 170
151 138
198 139
156 131
166 101
226 163
189 145
156 129
106 175
189 94
187 111
127 140
116 120
206 84
133 139
123 165
131 233
117 217
186 135
127 171
164 89
210 89
97 189
114 204
181 119
205 90
205 56
113 219
167 89
171 145
180 113
218 156
201 84
119 141
206 61
158 152
204 60
195 144
188 115
123 210
163 131
175 88
89 183
233 162
168 155
201 141
140 233
217 156
205 94
153 121
170 164
197 147
219 84
126 151
115 205
105 176
226 161
109 200
167 88
179 85
213 93
193 96
174 136
170 122
88 184
116 214
206 86
162 118
177 105
192 160
174 89
167 153
180 114
174 129
198 137
109 198
164 90
167 168
110 196
149 143
167 163
160 152
109 152
123 136
97 168
114 153
138 141
228 89
114 165
113 122
174 116
125 153
119 211
172 161
157 144
217 153
98 182
166 121
104 195
96 171
161 118
173 161
116 132
182 148
181 148
182 152
159 117
121 210
88 183
218 81
126 170
201 62
201 59
187 112
128 151
153 142
201 67
128 225
139 137
188 147
109 150
142 132
106 196
200 144
106 191
160 162
179 83
106 172
120 164
184 118
207 59
220 87
206 77
194 96
206 97
158 75
161 95
152 137
90 181
201 71
159 157
198 144
146 139
153 136
128 170
181 96
172 121
124 142
157 76
218 149
189 146
220 155
163 160
111 154
176 131
221 152
217 159
147 145
127 137
173 100
197 160
228 163
122 210
111 168
121 221
191 99
118 127
142 231
158 76
169 84
206 82
122 142
122 126
129 239
164 87
110 169
171 100
111 170
178 105
129 243
173 133
117 216
216 93
118 156
109 195
208 91
184 94
102 187
111 157
186 95
170 91
164 151
100 196
120 216
106 195
160 120
180 83
111 200
113 195
158 121
202 82
117 159
90 188
165 143
178 90
207 90
188 95
118 154
215 82
106 174
209 76
212 154
127 129
173 115
231 161
174 87
97 184
186 96
194 95
200 70
206 66
223 86
180 145
162 83
180 115
197 136
156 77
148 140
95 189
179 144
125 238
127 135
128 240
174 117
125 129
168 165
101 178
207 58
174 133
197 142
121 153
125 167
187 110
109 197
126 167
