99 122
54 158
142 150
81 141
83 108
81 108
163 168
55 150
45 144
83 126
81 144
50 166
114 160
136 202
145 197
79 131
138 162
67 149
144 152
156 158
54 163
160 169
78 113
64 119
80 118
151 160
64 108
151 143
77 162
63 123
81 131
46 109
39 160
47 102
149 157
85 106
104 161
161 164
89 126
172 178
47 100
139 196
73 150
146 185
150 161
68 151
158 192
99 124
177 179
78 112
65 110
112 169
116 141
100 137
140 189
38 154
83 119
66 122
94 162
45 158
89 128
156 192
101 164
149 179
62 117
169 171
111 159
66 119
64 111
114 166
91 123
62 114
74 124
36 162
63 113
79 161
104 141
156 140
135 157
133 199
112 167
126 203
71 148
157 140
79 160
152 194
118 149
159 142
115 166
102 142
65 116
85 171
155 146
116 147
52 153
104 132
167 183
131 172
98 118
70 124
140 144
110 138
96 177
172 173
134 147
105 136
150 143
65 147
167 164
156 162
78 136
143 195
52 128
75 150
133 148
116 137
104 159
129 173
117 197
145 157
91 122
138 151
99 128
142 212
78 154
95 125
134 160
43 147
54 154
107 176
128 144
141 159
127 171
159 155
116 171
101 118
116 166
119 171
42 145
99 134
172 177
173 164
70 135
114 154
147 166
69 142
110 165
153 158
104 140
173 176
138 203
64 116
77 131
116 144
118 144
58 150
126 197
133 171
183 184
122 164
179 179
154 158
123 197
78 158
79 138
152 142
141 169
144 171
149 162
167 168
167 184
151 162
109 142
170 178
145 167
155 191
172 165
139 219
99 130
158 162
120 202
70 136
155 148
129 171
78 157
171 170
170 179
45 103
145 224
48 161
145 152
114 169
155 194
121 169
155 183
168 171
60 117
116 143
126 171
150 162
182 183
59 140
160 142
114 141
83 162
134 195
126 200
60 147
150 142
147 143
44 145
98 119
125 147
145 166
148 166
158 175
142 218
90 125
120 145
75 137
98 125
77 150
141 213
104 180
141 144
183 181
89 121
64 117
141 188
102 176
116 142
160 160
64 106
117 195
86 162
73 126
168 181
39 159
118 197
61 146
110 140
71 136
99 117
165 181
155 159
81 123
128 143
78 116
77 154
77 164
34 161
105 181
123 143
125 170
88 120
94 123
142 141
34 160
89 127
62 124
143 212
114 163
145 171
138 157
147 228
45 163
50 169
154 141
157 171
74 116
62 125
51 123
76 151
77 117
123 164
79 159
157 192
64 122
138 202
185 180
91 164
81 109
72 134
155 180
71 147
103 180
137 214
51 128
67 147
40 151
128 197
132 140
131 208
86 107
143 190
106 171
167 163
157 193
62 146
136 206
123 148
54 157
158 140
49 124
172 180
146 198
90 121
119 148
42 146
148 228
98 133
154 140
61 112
40 148
77 167
136 152
146 173
115 155
106 172
159 162
155 178
149 163
100 139
87 162
113 166
94 122
144 212
130 141
119 160
73 128
141 207
61 147
77 169
50 130
94 163
174 181
117 175
118 153
126 206
76 153
171 163
146 218
132 142
125 195
76 133
101 120
99 178
171 178
76 136
45 104
76 134
154 163
50 161
97 125
97 162
146 164
117 152
85 164
75 125
127 200
86 109
134 171
143 193
157 162
160 167
78 166
146 228
80 159
167 181
99 118
146 153
158 172
64 121
82 108
117 171
143 218
51 148
76 149
122 170
73 134
82 125
70 141
88 159
141 217
87 127
64 120
58 140
47 101
135 215
128 202
144 188
149 152
50 124
90 123
152 145
114 164
119 169
149 156
133 161
140 198
52 162
129 196
144 196
79 108
119 159
157 190
185 177
156 157
80 131
61 120
183 178
55 152
167 165
155 179
90 118
53 159
79 106
50 100
115 159
108 174
168 178
96 129
72 125
156 154
39 148
140 148
42 161
141 157
57 119
135 143
136 196
100 123
148 150
105 133
64 114
59 130
134 146
50 95
120 199
163 181
45 160
71 149
122 147
78 170
116 138
147 162
74 125
78 161
90 126
119 152
107 142
117 172
134 149
74 150
123 167
61 118
142 196
80 130
121 168
68 122
150 149
102 182
156 146
82 132
78 129
100 120
115 158
112 168
145 217
154 143
175 168
148 162
74 133
160 164
168 180
135 160
102 184
105 172
46 106
76 111
53 123
47 99
102 183
54 119
179 180
42 147
152 182
153 162
154 181
62 153
38 155
97 129
114 155
51 149
103 178
65 143
146 171
125 171
83 117
152 193
59 147
117 146
144 144
147 159
123 150
123 146
60 150
46 104
134 207
73 149
138 200
149 226
59 120
52 130
142 194
153 191
125 194
155 154
141 192
129 167
145 211
103 183
71 140
59 150
142 148
48 169
83 125
143 147
108 170
53 97
164 179
72 150
78 165
78 168
52 110
148 155
172 179
51 97
62 109
91 125
90 160
60 115
44 109
38 148
149 151
110 145
84 168
166 182
120 147
75 116
77 136
155 195
73 127
56 152
126 199
35 148
189 176
51 111
58 141
64 149
158 163
144 169
71 142
152 196
79 109
123 144
122 144
102 175
47 164
51 126
110 166
53 153
147 150
55 159
64 112
69 141
96 178
141 209
139 223
132 157
96 126
132 161
75 131
113 154
136 194
102 140
104 158
139 163
156 166
135 159
169 178
103 171
105 171
134 145
59 122
98 122
141 206
46 158
52 157
137 199
81 132
80 141
151 158
78 101
148 227
133 162
127 202
154 162
85 169
139 151
100 138
80 103
50 101
136 203
79 137
130 170
115 141
82 126
142 147
137 146
162 169
131 206
65 114
157 166
159 161
150 182
51 121
110 136
61 151
134 216
159 163
132 171
158 190
119 146
79 120
109 169
53 155
153 141
144 197
152 191
44 146
154 144
122 150
55 119
48 163
142 146
148 188
151 191
38 157
151 159
151 183
34 150
76 164
115 167
49 101
50 112
146 216
42 109
116 140
133 144
151 195
146 219
47 162
178 170
116 195
152 153
138 163
140 207
55 115
170 163
132 172
60 130
86 161
135 217
78 128
60 143
139 213
107 136
89 160
83 107
56 118
53 114
109 139
80 101
139 220
49 168
155 184
119 156
49 167
121 197
98 123
109 143
146 196
61 145
76 125
121 167
138 148
143 146
114 162
134 215
77 109
118 176
143 211
175 166
135 194
136 214
108 175
34 159
130 144
107 175
141 208
109 140
87 119
80 111
80 126
50 109
98 124
148 161
132 200
150 181
82 133
103 170
141 191
79 156
101 169
78 126
78 153
52 115
50 102
41 143
166 161
180 180
82 144
132 160
46 161
63 147
109 168
46 105
81 143
115 168
38 159
99 123
109 141
149 228
63 146
59 121
130 199
44 102
41 148
152 195
54 121
147 186
188 176
110 157
60 113
102 180
49 128
74 131
80 112
129 207
149 188
96 163
124 148
63 114
152 143
128 204
35 150
129 146
135 153
113 153
131 167
102 143
84 164
90 122
141 193
65 105
134 217
129 141
104 176
147 184
105 158
100 177
172 164
88 126
80 157
133 203
46 108
156 176
48 128
76 152
158 155
136 160
72 138
167 162
164 168
145 213
87 120
61 113
175 170
91 160
110 146
102 161
149 180
66 147
179 181
136 204
140 223
70 140
121 164
64 123
48 124
138 214
83 166
136 163
144 211
149 150
68 121
124 142
177 183
37 161
139 162
123 166
151 193
83 118
83 141
148 196
131 200
55 160
54 115
41 108
153 194
111 169
107 156
102 181
81 125
141 142
54 120
165 184
38 150
70 126
156 178
145 222
95 119
91 161
146 172
42 110
82 122
51 130
118 172
125 142
166 181
35 147
184 177
129 142
146 225
61 143
78 111
158 171
96 128
87 161
175 165
140 194
79 168
42 160
62 110
83 142
128 206
169 170
120 146
140 193
68 148
49 160
46 107
160 140
141 218
160 163
128 173
95 122
49 100
76 154
146 174
127 172
92 162
77 127
79 122
174 165
178 181
159 160
126 205
157 156
71 144
114 168
95 176
154 183
112 165
52 95
45 159
77 161
38 153
65 144
86 164
143 167
66 113
142 144
60 125
140 219
59 124
144 167
82 136
97 163
129 168
50 128
96 125
148 199
175 167
156 159
64 113
83 171
101 119
98 130
131 157
158 173
112 140
62 127
110 143
75 149
144 220
76 109
144 147
46 101
80 139
155 140
41 150
39 152
85 170
81 164
159 140
131 140
155 143
52 124
149 197
149 183
68 149
147 158
84 169
88 161
113 160
86 165
112 139
82 134
109 157
87 126
77 120
60 132
143 221
130 206
145 189
147 160
117 169
158 193
118 155
91 162
49 108
52 102
31 149
79 129
116 156
97 118
158 161
140 213
142 162
43 102
165 167
184 180
100 141
78 98
79 154
177 170
129 208
115 136
53 127
70 148
118 194
154 184
77 111
108 138
51 102
105 135
94 125
161 142
100 178
100 119
165 179
130 146
166 167
155 162
155 176
154 175
89 120
134 144
107 158
90 120
134 161
104 156
145 228
102 171
119 153
51 151
149 149
96 124
48 168
113 141
62 106
126 166
34 147
38 156
124 194
129 205
105 175
65 115
131 207
126 201
91 124
138 213
61 126
156 165
178 168
165 165
129 206
47 169
142 223
152 161
53 110
52 113
177 180
64 109
131 171
147 226
135 207
66 118
129 169
60 116
131 141
61 144
83 165
69 124
150 157
175 182
60 139
137 152
113 167
111 135
99 135
118 151
137 207
47 170
49 98
172 175
145 212
158 176
63 127
136 195
146 217
155 175
121 170
174 180
120 157
79 121
49 166
173 175
144 151
126 142
122 196
80 160
72 140
118 173
149 155
59 143
80 100
47 103
138 199
149 154
155 185
68 152
72 149
156 177
121 166
53 121
56 150
53 122
135 154
145 156
78 118
176 168
118 150
132 207
126 202
143 170
148 189
60 149
150 197
143 151
141 155
48 125
146 224
52 96
50 168
145 215
84 97
78 150
135 199
79 104
108 173
105 132
50 162
31 150
90 161
105 142
92 123
141 141
107 170
170 170
150 147
139 161
89 119
118 174
39 149
65 145
77 98
84 98
130 167
122 146
62 105
132 158
161 177
138 201
141 198
105 179
112 159
76 150
142 169
140 209
81 98
140 158
98 116
134 143
132 199
185 184
99 129
74 132
115 157
106 132
155 156
111 165
142 221
183 177
64 118
109 158
80 138
81 122
52 109
139 160
95 123
166 166
50 150
48 108
146 215
71 141
55 158
118 196
80 164
107 171
144 210
161 163
85 140
51 150
79 155
152 158
145 188
61 128
77 138
55 153
108 158
100 164
79 150
81 118
183 182
117 174
59 123
81 124
136 199
118 154
99 133
89 118
59 132
100 171
125 169
36 149
85 118
159 170
122 142
68 147
112 141
79 98
140 162
168 179
139 197
169 168
146 214
88 125
83 124
135 158
61 148
135 210
152 192
65 123
146 188
172 170
146 199
109 170
153 145
62 112
157 191
52 103
143 210
117 170
104 155
45 161
137 215
81 133
51 157
121 198
78 169
50 113
150 148
97 179
73 135
158 170
173 174
46 99
143 188
154 146
82 123
148 184
175 181
92 163
106 136
149 164
76 115
76 131
111 168
56 116
50 97
105 180
50 99
76 120
139 189
49 113
52 108
41 149
83 140
119 198
82 142
141 143
95 163
176 181
187 176
136 146
120 201
51 152
56 117
52 104
84 171
59 142
159 156
118 169
177 182
133 204
168 172
96 179
145 221
124 141
80 108
84 172
148 226
146 197
80 154
111 158
125 167
78 97
63 106
81 157
84 118
79 112
144 215
146 143
59 118
127 173
81 127
78 114
136 208
52 126
101 170
183 185
100 122
65 113
45 109
77 137
126 198
133 147
174 178
123 142
81 126
52 125
131 199
176 179
52 121
133 207
51 101
45 143
159 157
117 176
43 161
104 160
119 170
30 149
80 133
75 136
73 137
126 172
142 145
117 177
187 177
38 152
141 210
150 195
139 198
47 107
119 157
62 123
149 166
116 136
113 159
104 171
121 196
88 124
60 131
77 115
37 159
63 143
76 124
151 144
50 163
41 159
152 162
54 153
125 166
168 167
171 175
103 177
50 164
182 184
129 197
85 126
183 180
139 209
141 148
94 161
54 162
162 164
109 159
144 193
138 149
79 164
63 149
45 102
136 197
98 115
148 143
103 142
62 143
78 109
105 141
106 173
107 157
101 171
162 167
154 145
144 168
95 121
128 203
105 176
151 197
79 105
38 151
183 179
113 164
79 102
66 123
64 110
143 169
168 162
61 125
56 153
150 183
173 170
41 161
159 176
109 137
85 105
130 171
83 164
51 110
78 127
72 126
142 151
159 193
135 214
68 150
46 163
166 165
62 151
127 206
79 130
52 101
136 153
137 151
115 169
121 165
158 174
80 122
131 205
153 183
135 156
79 107
103 141
78 167
49 165
164 167
83 98
116 139
150 158
120 200
99 180
68 123
183 183
88 121
173 173
186 177
161 160
149 161
68 124
93 123
65 119
70 123
156 186
141 162
101 176
146 144
160 176
135 209
176 180
65 106
83 163
133 170
82 164
106 142
57 149
136 145
156 156
80 104
76 137
160 156
62 128
46 144
60 121
170 172
100 140
89 161
146 150
101 141
125 150
72 148
169 169
155 181
145 223
116 157
66 111
147 216
135 151
84 140
151 196
61 140
90 163
132 159
118 148
78 115
96 127
146 155
124 150
99 179
75 135
152 183
70 134
150 141
103 161
147 161
148 154
75 130
149 160
86 126
119 158
33 150
184 183
174 177
142 191
86 172
50 98
129 145
118 147
56 115
49 130
134 148
136 162
142 213
137 157
99 136
53 156
91 120
37 153
42 143
69 148
148 183
113 165
177 184
124 196
117 155
79 119
78 102
166 183
101 177
95 120
140 157
78 164
78 131
80 99
149 143
74 136
102 141
79 136
60 140
52 114
110 142
155 139
81 145
116 155
142 190
114 170
77 112
129 144
142 197
61 141
136 207
37 162
55 149
53 111
37 150
63 124
145 165
79 114
120 198
147 187
73 125
43 162
170 173
72 139
177 168
67 122
157 155
105 134
95 162
81 104
157 178
35 149
32 150
54 160
83 168
65 146
140 218
125 196
148 164
140 159
82 98
58 142
51 100
142 220
66 112
164 181
60 119
127 198
142 222
92 125
133 205
122 145
93 163
124 147
61 119
82 97
140 190
143 171
101 122
123 198
106 175
139 199
147 183
163 167
70 125
93 124
49 97
71 143
111 160
121 195
128 207
43 145
140 187
174 170
96 119
164 180
138 160
99 141
135 149
44 144
60 148
159 159
47 161
101 161
135 195
156 163
37 160
68 120
106 158
171 173
140 160
126 143
63 112
143 172
166 160
128 169
51 122
41 147
123 149
121 145
188 177
147 225
158 168
155 155
42 111
61 150
124 146
153 181
78 160
45 101
147 151
96 176
51 112
179 182
157 167
72 128
135 150
41 160
166 179
75 154
52 152
37 156
176 183
132 206
132 205
147 185
136 151
79 126
142 210
50 108
81 156
100 136
103 158
81 159
82 145
135 155
169 173
67 124
79 115
72 124
80 140
168 173
79 157
50 96
154 194
47 108
171 164
137 202
48 100
156 153
155 147
80 98
154 159
53 124
104 157
114 161
99 164
52 97
63 145
62 141
67 151
129 147
127 143
31 151
123 165
72 136
145 155
103 179
126 196
161 169
35 162
110 169
156 185
38 149
98 164
173 179
147 188
98 117
51 162
143 220
138 207
145 214
140 220
140 169
136 198
108 136
152 160
123 145
147 199
73 138
129 172
160 170
135 144
77 97
166 162
99 183
142 149
141 151
77 160
185 183
146 154
154 191
123 196
60 123
145 190
79 117
101 121
115 142
134 208
125 168
83 167
169 183
59 131
140 188
156 155
62 152
157 139
110 159
171 169
76 116
134 156
64 107
134 170
51 113
101 163
139 157
80 155
49 129
168 183
79 166
47 163
77 116
157 176
79 118
172 171
71 146
127 207
144 222
173 180
149 181
120 169
91 163
140 147
116 169
146 152
109 138
80 102
128 199
74 134
71 125
154 142
78 110
35 160
129 143
98 163
50 110
129 204
77 163
85 125
139 148
82 118
86 163
54 161
141 190
82 135
133 163
178 182
32 151
128 198
59 119
172 176
74 117
117 142
64 147
53 115
140 151
146 170
78 159
181 180
160 168
36 150
115 165
61 129
74 127
176 169
162 166
161 167
174 164
132 141
139 207
56 154
70 137
52 155
88 160
73 136
58 139
168 168
37 158
157 168
118 195
53 157
82 119
109 136
118 198
40 160
45 142
142 168
139 222
142 208
98 132
103 176
167 167
133 143
169 179
84 107
173 178
159 141
50 123
162 176
86 108
106 174
141 197
137 162
177 181
182 180
117 145
38 158
43 109
117 143
160 175
49 161
99 182
56 151
53 162
158 169
165 183
138 220
136 209
118 156
77 118
143 196
96 123
85 172
98 179
75 133
111 136
136 144
99 184
139 221
143 222
44 101
124 167
118 152
98 131
111 140
138 189
146 151
177 185
150 153
117 168
156 191
77 126
141 156
165 166
161 176
142 188
60 124
143 219
56 119
52 127
151 153
117 144
58 119
78 120
111 138
39 151
183 176
100 162
130 169
133 142
129 199
117 147
145 220
76 126
110 144
57 150
97 119
149 153
50 111
117 194
139 149
137 160
145 219
41 109
34 162
120 148
52 154
61 130
146 165
99 181
108 142
143 194
85 107
64 148
66 121
52 107
154 195
148 197
98 136
142 159
101 175
158 164
147 164
99 119
153 142
42 144
84 126
162 165
54 159
81 142
134 199
74 130
90 162
145 144
101 162
77 152
50 165
88 158
61 127
124 149
143 144
97 120
145 218
154 174
142 193
115 161
79 97
44 161
71 145
155 182
149 165
61 117
105 173
147 197
115 160
176 170
62 111
85 98
