347 399
334 373
305 245
336 371
374 321
357 283
379 315
259 238
274 247
392 298
350 379
277 209
293 258
387 308
276 205
256 242
256 229
259 243
336 392
341 383
332 371
398 309
354 389
359 406
245 232
271 248
363 323
278 220
367 323
277 251
336 419
270 248
353 383
259 229
402 323
251 245
335 393
339 391
362 380
291 264
379 318
376 378
365 321
387 307
256 245
346 373
240 248
355 329
357 336
301 251
265 230
296 256
356 330
300 241
306 241
396 305
277 224
339 369
339 357
353 408
224 247
340 367
374 309
353 394
389 305
271 247
357 328
369 307
356 385
250 237
273 227
367 308
384 305
352 410
354 329
357 384
280 218
302 243
261 227
226 250
300 240
354 339
392 305
261 244
226 249
352 379
258 230
332 372
275 228
387 309
289 244
409 323
398 312
275 211
264 228
377 312
351 374
373 309
231 204
379 308
227 252
360 408
244 242
359 388
294 248
243 243
244 241
338 377
285 207
399 328
345 403
342 351
333 383
288 242
340 414
284 220
368 380
263 244
351 406
395 315
277 226
337 383
355 377
340 379
391 291
227 251
346 367
357 403
252 227
337 386
281 248
251 244
285 210
382 304
350 339
331 375
380 317
357 375
249 239
358 321
283 216
378 311
336 376
247 240
396 314
240 238
309 253
340 371
267 227
274 210
386 295
266 224
350 334
382 292
268 230
302 242
249 238
400 309
291 267
342 407
266 225
345 361
361 323
382 305
278 208
301 241
350 343
265 224
358 403
352 397
367 322
283 206
398 307
390 303
392 304
264 245
345 402
397 309
290 267
217 166
262 229
294 251
354 411
244 232
340 375
176 210
354 410
259 237
274 227
367 321
344 366
392 306
358 325
353 378
371 379
370 382
367 326
284 210
295 270
360 312
337 376
275 227
345 378
352 333
327 371
257 230
347 401
343 398
341 368
356 375
335 372
354 402
340 409
252 240
333 371
254 228
273 226
347 383
246 240
341 371
344 350
353 342
303 248
352 390
354 380
354 403
356 403
332 381
343 351
345 401
350 342
339 378
372 321
295 264
350 406
398 313
359 320
379 381
356 383
352 330
244 240
330 370
387 292
260 244
295 250
228 253
288 262
257 228
354 381
346 365
260 225
274 246
290 251
366 377
362 409
289 262
375 376
381 304
348 408
358 376
363 298
305 244
286 221
345 379
338 379
253 242
378 381
356 338
305 243
345 404
302 241
332 373
333 387
289 256
354 408
352 373
359 387
250 239
336 379
359 324
295 249
402 324
282 216
224 220
345 383
291 268
276 204
349 397
334 371
396 318
341 393
383 305
281 219
288 211
359 390
392 295
291 265
357 377
347 376
331 385
295 263
392 296
389 312
258 242
359 378
271 231
359 405
395 316
399 323
305 246
284 206
290 266
348 399
269 249
367 309
347 405
343 365
362 326
387 295
382 314
394 314
262 226
290 263
341 358
337 367
334 265
252 228
337 371
244 238
403 325
293 269
294 263
250 238
364 377
353 343
352 372
358 388
346 374
257 227
352 341
304 248
397 323
343 397
250 244
347 357
346 372
351 385
355 398
342 383
358 377
259 239
251 237
387 299
349 379
266 228
386 300
341 394
339 356
256 243
350 345
376 321
342 398
396 301
286 250
340 410
364 327
397 318
365 309
294 270
380 381
295 252
239 240
263 225
336 414
358 406
369 322
402 325
258 241
284 250
389 296
355 325
360 276
280 251
237 250
355 409
356 331
353 328
397 312
376 313
386 292
356 337
357 406
357 390
357 326
387 298
342 394
337 392
353 392
392 301
407 326
292 268
314 243
292 253
366 375
407 324
276 210
255 236
344 406
283 220
289 260
408 322
395 304
330 375
312 240
291 258
357 383
363 326
245 241
281 220
379 303
339 415
295 269
342 365
361 380
240 241
253 244
379 313
349 344
396 322
374 319
342 355
368 307
353 329
277 247
399 309
338 371
252 246
291 251
269 245
354 373
400 323
299 241
353 398
265 223
245 233
290 250
363 318
394 303
341 359
342 352
279 223
356 341
283 218
274 245
237 251
258 237
294 262
326 372
257 226
327 369
352 371
343 375
399 308
292 255
341 410
340 377
338 376
380 313
362 382
269 250
289 255
303 238
347 404
272 231
238 251
342 366
348 376
230 253
405 326
390 296
353 410
335 379
308 243
365 380
356 402
340 358
271 229
341 374
393 300
312 242
397 307
364 320
385 292
408 323
349 410
373 376
281 205
343 394
344 375
338 374
241 247
265 244
273 246
350 373
358 327
337 419
377 314
358 323
384 293
388 307
346 350
283 208
329 371
332 385
271 246
259 244
345 371
286 247
347 384
363 322
346 358
251 240
374 312
350 397
355 408
240 239
351 338
338 268
340 380
380 314
262 225
229 169
253 240
353 385
359 398
365 318
367 307
351 376
339 383
336 417
346 401
369 320
296 255
392 294
287 239
277 204
398 318
341 392
368 379
268 231
342 374
276 247
313 245
271 228
396 309
270 233
246 232
338 378
275 247
381 292
355 400
294 252
355 382
386 306
397 324
383 303
353 332
290 242
400 308
345 353
280 253
377 378
306 240
344 379
358 405
331 388
332 369
360 379
335 380
374 310
351 377
355 406
272 228
342 395
355 383
371 321
394 302
358 386
389 310
257 234
258 244
355 339
391 298
291 255
289 259
359 399
362 323
368 322
345 359
278 222
361 325
352 406
367 327
407 325
353 373
377 319
345 407
279 224
346 376
362 376
227 249
362 320
288 251
364 380
359 407
390 295
244 237
343 355
300 238
347 366
351 383
342 408
349 406
372 309
367 377
320 253
341 353
268 247
282 213
347 370
375 312
387 310
356 404
396 319
311 253
350 338
244 239
257 237
331 370
346 371
385 303
376 316
354 340
268 249
363 317
346 380
359 377
359 401
283 212
261 225
301 240
330 376
340 394
290 252
287 251
246 242
372 383
354 379
244 234
292 257
394 323
283 204
346 349
266 229
227 253
374 320
394 312
354 406
270 232
290 255
280 224
292 270
340 378
280 246
285 220
293 270
368 378
331 373
356 278
280 247
395 323
268 227
287 245
377 376
243 238
290 209
393 299
342 376
388 305
347 406
381 313
396 311
375 319
339 374
269 248
298 238
334 380
292 263
396 321
251 239
343 352
356 382
353 390
297 252
377 374
355 402
380 318
376 376
369 306
242 238
371 322
284 209
342 411
303 239
352 394
312 241
353 393
353 344
243 242
266 245
367 324
269 227
257 229
346 347
405 325
357 337
283 253
378 319
396 324
250 240
391 297
281 203
328 368
344 363
337 369
361 320
344 362
305 241
364 321
347 407
268 250
269 251
248 238
302 238
341 375
297 253
378 312
326 259
244 235
347 346
255 229
394 313
355 410
351 341
246 241
332 370
346 399
265 245
254 244
396 310
202 183
253 241
298 251
398 314
354 375
349 339
396 306
357 327
278 219
354 342
340 372
280 225
374 374
253 245
340 411
337 379
248 240
360 311
199 183
244 233
346 369
363 407
291 259
359 400
295 266
294 258
342 354
225 251
338 381
279 206
313 246
369 383
266 247
353 340
295 258
339 367
392 300
285 221
333 385
345 354
395 305
381 314
340 392
198 184
360 310
374 308
359 391
338 369
304 247
345 358
349 378
394 300
285 250
398 310
352 408
352 398
353 375
377 377
402 327
288 244
349 336
224 249
355 399
380 304
390 291
277 222
272 227
301 247
269 246
328 369
376 380
279 225
255 244
266 226
257 244
366 309
253 228
282 203
270 216
338 269
358 338
350 346
277 227
346 375
396 317
289 263
404 326
260 241
287 210
349 411
266 246
369 321
351 373
379 310
391 301
277 252
251 229
342 384
333 388
361 375
280 252
337 417
281 221
346 384
359 325
290 211
286 248
353 376
409 322
382 303
341 395
349 398
401 323
338 382
340 374
282 220
398 324
333 380
343 367
371 383
275 249
365 378
345 408
288 241
282 214
356 339
293 254
301 238
312 243
390 300
201 185
295 255
369 382
334 382
374 377
262 244
364 382
365 377
260 228
289 210
241 238
344 396
248 239
263 227
399 319
245 242
354 386
285 212
338 415
373 323
343 395
291 266
395 314
288 239
360 382
300 250
328 370
342 367
348 407
342 409
373 382
346 370
341 367
394 297
284 204
285 211
394 301
356 325
373 383
408 324
356 324
361 408
362 408
254 246
366 321
379 304
330 371
273 225
359 379
261 243
284 253
379 380
313 241
353 379
376 379
341 351
385 306
400 319
284 205
296 253
293 263
267 247
289 242
351 379
279 219
351 342
256 246
352 329
295 253
349 409
354 405
345 352
289 261
352 407
290 259
348 344
347 345
377 381
269 232
281 212
346 383
351 384
247 238
257 245
279 226
300 252
379 379
251 228
356 329
279 253
402 328
267 248
345 372
284 252
255 245
346 407
374 375
290 261
354 333
291 256
260 240
352 331
374 324
333 384
356 377
325 370
344 403
351 407
356 340
299 252
337 384
292 252
259 241
347 344
350 340
338 417
340 357
263 245
351 340
363 382
283 205
362 375
343 358
355 378
353 391
257 241
351 375
347 358
289 243
409 320
285 248
259 240
338 370
362 327
256 236
271 230
401 308
345 370
245 230
368 381
346 379
342 375
410 320
398 328
395 303
379 307
390 305
388 310
311 240
335 394
295 248
350 336
387 304
351 330
373 321
338 368
360 323
280 207
355 407
353 377
257 242
268 228
372 378
388 303
274 228
396 315
344 372
275 248
340 413
359 376
395 301
389 311
259 227
284 208
308 241
280 248
354 385
348 356
347 403
255 246
278 247
360 325
346 356
374 311
347 400
383 292
357 385
354 387
245 235
360 407
279 205
384 302
336 383
373 325
291 263
326 369
356 406
198 183
354 331
337 414
362 324
294 272
252 229
364 323
279 247
277 203
335 373
327 372
397 317
339 416
353 341
225 248
389 309
338 380
373 378
346 348
345 365
346 354
406 326
409 321
308 242
389 302
378 313
399 324
359 310
379 306
296 254
381 318
304 239
400 328
284 251
385 305
308 240
278 209
301 239
373 324
380 315
280 250
335 392
291 269
280 249
354 388
274 243
379 309
363 376
378 382
340 373
359 375
402 326
286 245
288 252
391 305
334 392
358 379
295 265
333 386
279 211
397 315
201 183
349 377
385 293
366 379
278 252
274 244
337 385
396 320
351 333
286 246
340 369
381 312
309 243
273 231
257 225
307 244
344 351
351 397
373 375
347 360
353 371
360 322
275 246
286 208
373 319
241 248
390 302
279 204
410 321
272 246
386 310
397 308
310 242
375 321
277 210
384 303
375 318
290 210
270 228
332 388
353 397
364 383
302 252
411 319
357 374
257 232
353 395
380 316
344 364
401 328
336 382
273 232
390 294
364 318
346 404
288 240
354 377
388 304
274 248
378 318
334 383
367 325
340 384
296 264
238 240
348 377
348 357
343 399
252 247
293 252
392 293
390 293
223 247
345 360
283 219
257 233
241 243
361 382
395 324
350 344
342 356
346 355
358 339
353 396
332 380
348 383
370 383
407 322
254 229
366 288
338 372
270 246
309 240
388 306
282 212
288 210
200 183
251 246
368 320
379 305
261 228
331 381
341 360
345 362
332 389
290 243
345 356
347 347
371 380
305 242
355 331
376 314
310 232
351 386
359 381
335 371
366 376
346 366
354 401
359 338
268 246
396 312
354 325
343 357
347 356
344 373
358 322
363 320
299 238
406 322
314 244
357 330
281 208
331 374
366 273
393 304
369 380
359 321
278 218
360 380
348 360
376 319
253 243
256 234
351 334
201 184
362 407
282 252
390 299
338 383
380 309
363 319
389 300
350 330
225 247
343 384
378 314
292 258
390 301
280 206
377 375
285 249
346 381
257 243
340 383
346 360
396 316
348 346
312 244
304 242
268 229
253 246
261 226
228 249
340 412
278 226
269 244
342 350
284 212
335 383
240 249
352 391
276 227
345 351
338 392
339 392
243 232
344 365
343 407
258 232
354 400
310 240
349 383
347 343
346 377
357 329
365 379
363 377
278 211
289 239
281 253
364 326
303 243
348 409
241 240
282 208
391 299
286 207
342 410
372 379
284 207
245 231
373 322
338 367
271 244
339 375
393 297
358 390
259 230
240 240
359 402
360 321
265 228
311 242
353 333
358 375
346 382
256 235
353 389
289 252
282 253
278 210
345 350
354 407
263 228
288 245
336 420
264 229
364 381
391 306
343 396
384 301
350 337
342 382
379 311
259 228
242 243
393 298
314 242
269 231
356 405
396 313
307 240
313 244
359 403
271 245
275 210
266 227
282 215
306 244
390 304
266 230
226 251
350 383
362 325
351 336
353 402
356 282
390 292
346 398
294 271
370 381
257 235
340 376
376 312
357 339
368 377
359 389
342 357
381 311
229 253
296 251
262 228
346 378
352 385
354 382
357 386
342 385
337 415
391 296
270 227
399 318
225 249
337 420
397 322
359 386
353 331
292 269
339 417
311 254
411 320
358 330
360 381
328 371
373 377
358 407
286 251
376 377
278 204
256 237
375 375
362 406
330 389
277 223
270 247
341 370
279 208
342 358
346 362
370 380
361 321
304 243
279 207
352 402
376 315
286 210
357 325
396 307
244 236
386 304
301 252
377 380
345 381
344 398
282 204
344 407
374 382
345 398
344 410
349 376
326 370
410 323
292 256
345 375
283 217
378 320
351 335
292 254
353 382
317 229
291 252
339 414
387 300
192 212
278 253
403 326
304 246
303 246
278 224
302 246
353 406
343 410
302 247
302 248
341 369
337 418
258 225
300 251
358 310
280 219
357 282
356 342
348 406
388 300
281 206
331 389
343 408
387 306
334 374
301 248
300 248
300 249
295 256
281 224
349 399
298 250
297 250
342 353
296 250
400 327
298 252
306 246
307 246
308 246
307 247
309 246
310 246
311 246
310 247
311 245
310 248
311 248
309 248
312 248
308 248
313 248
335 381
308 249
308 250
309 250
310 250
311 250
311 251
312 251
311 252
313 251
257 231
314 251
324 369
315 251
324 370
316 251
316 250
317 250
316 249
318 250
316 248
319 250
395 306
319 251
319 249
319 252
319 248
319 253
319 247
350 374
320 247
320 254
319 255
321 247
320 246
321 254
320 255
318 255
319 256
321 248
320 245
317 255
318 256
319 257
321 249
320 257
322 249
321 257
323 249
322 257
321 258
323 248
323 257
321 259
246 231
323 247
324 257
323 258
320 259
247 198
323 246
325 257
324 258
276 203
320 260
297 238
324 246
322 246
326 257
324 245
322 245
327 257
326 258
324 244
322 244
328 257
327 256
325 244
321 244
328 258
328 256
327 255
326 244
321 243
329 258
328 259
329 256
327 244
326 243
321 242
330 258
327 245
326 242
322 242
320 242
330 259
328 245
327 246
322 241
319 242
330 260
329 245
322 240
319 241
330 261
329 246
323 240
322 239
331 261
329 261
324 240
321 239
332 261
329 262
320 239
321 238
333 261
328 262
320 238
334 261
333 262
328 263
319 238
320 237
335 261
333 263
318 238
320 236
336 261
335 260
332 263
333 264
341 373
320 235
337 261
333 265
317 237
318 236
319 235
338 261
337 260
348 397
333 266
317 236
318 235
339 261
338 262
337 259
333 267
228 252
318 234
340 261
338 263
336 259
337 258
334 267
333 268
317 234
318 233
341 261
337 263
335 267
333 269
318 232
341 260
337 264
332 269
319 232
317 232
342 260
341 259
337 265
319 231
316 232
341 258
337 266
320 231
315 232
316 231
340 258
338 266
314 232
315 233
316 230
339 258
340 257
339 266
313 232
315 234
317 230
315 230
339 257
340 256
339 267
312 232
313 233
314 230
340 255
339 268
312 231
313 234
339 255
340 268
339 269
311 231
313 235
338 255
340 269
339 270
310 231
311 230
312 235
313 236
338 256
339 271
309 231
311 235
337 256
340 271
308 231
310 235
341 271
308 230
310 236
342 271
341 270
308 229
309 236
310 237
342 272
307 229
309 237
342 273
307 228
343 273
341 273
306 228
307 227
341 274
306 227
340 274
306 226
339 274
340 275
338 274
340 276
341 276
340 277
341 277
342 277
343 277
343 278
343 279
344 279
345 279
344 280
346 279
345 280
347 279
345 281
348 279
347 280
347 278
346 281
348 280
347 277
349 280
350 280
351 280
352 280
351 279
352 281
352 279
352 282
353 279
353 278
354 278
355 278
355 279
356 279
356 280
357 280
356 281
358 280
352 335
359 280
358 281
358 279
405 328
360 280
359 281
359 279
370 322
360 279
359 282
359 278
359 283
359 277
360 283
360 277
405 327
361 283
361 277
361 284
362 277
361 278
361 276
361 285
362 276
361 275
362 285
339 272
363 276
361 274
363 285
362 286
361 287
364 276
360 274
362 287
360 287
364 277
364 275
359 274
363 287
359 287
365 275
364 274
358 274
359 273
364 287
363 288
359 288
365 274
323 369
358 275
358 273
365 287
363 289
359 289
365 273
357 275
365 288
365 286
365 272
356 275
365 289
360 402
366 272
364 272
365 290
367 272
365 291
368 272
366 291
368 273
367 291
366 292
369 273
368 291
367 292
366 293
369 274
368 292
368 290
366 294
370 274
369 292
369 290
367 294
371 274
370 292
367 295
372 274
371 275
371 292
370 291
367 296
372 275
371 276
372 292
371 291
366 296
373 275
371 277
373 292
372 291
366 297
374 275
374 292
366 298
375 275
374 276
374 274
367 298
365 298
375 274
367 299
364 298
367 300
364 299
368 300
369 300
370 300
369 301
371 300
369 302
372 300
371 301
370 302
368 302
373 300
370 303
367 302
374 300
367 303
375 300
350 377
367 304
376 300
375 299
366 304
377 300
365 304
378 300
377 301
364 304
378 299
278 221
364 305
379 299
362 305
364 306
380 299
365 306
363 306
381 299
366 306
362 306
381 298
361 306
382 298
361 307
361 305
383 298
382 297
360 307
361 308
383 297
382 296
359 307
362 308
384 297
382 295
359 306
368 298
362 309
385 297
381 295
382 294
358 306
363 309
362 310
393 323
385 298
385 296
380 295
383 294
357 306
358 305
364 309
361 310
386 298
385 295
376 317
380 296
383 293
239 238
239 237
238 237
237 237
236 237
237 236
236 238
237 235
235 238
236 235
234 238
235 235
233 238
234 239
233 237
234 240
232 237
233 240
234 241
232 236
234 242
232 235
233 242
233 235
231 235
232 234
233 243
233 234
231 234
232 243
233 244
234 234
281 207
231 243
234 244
233 245
270 215
271 215
231 244
231 242
235 244
234 245
232 245
272 215
314 250
231 245
231 241
234 246
272 214
279 213
272 213
230 245
230 241
235 246
234 247
278 213
273 213
277 213
229 245
229 241
236 246
401 319
234 248
275 200
274 213
228 245
237 246
276 213
276 200
228 244
237 247
277 201
400 307
275 213
227 244
238 247
276 201
226 244
239 247
238 248
275 212
226 245
239 246
238 249
276 202
226 246
239 249
237 249
275 203
225 246
226 247
231 233
230 233
231 232
229 233
230 232
228 233
229 234
230 231
227 233
229 235
230 230
231 230
230 229
232 230
229 229
233 230
229 228
233 229
233 228
233 227
233 226
233 225
233 224
232 224
233 223
234 223
233 222
235 223
233 221
236 223
234 221
232 221
237 223
236 224
232 220
238 223
237 222
236 225
232 219
238 222
231 219
238 221
231 218
238 220
230 218
231 217
237 220
232 217
231 216
236 220
230 216
236 219
229 216
230 215
236 218
228 216
236 217
227 216
236 216
226 216
227 217
236 215
227 218
236 214
227 219
235 214
236 213
226 219
236 212
225 219
226 220
237 212
235 212
236 211
224 219
225 220
226 221
238 212
234 212
236 210
224 218
227 221
238 211
233 212
224 217
228 221
238 210
233 211
223 217
228 222
228 220
239 210
238 209
233 210
223 216
240 210
238 208
222 216
223 215
241 210
239 208
238 207
221 216
224 215
242 210
241 211
237 207
238 206
221 217
224 214
243 210
242 209
236 207
238 205
220 217
221 218
243 209
235 207
238 204
220 218
221 219
243 208
235 206
238 203
219 218
244 208
243 207
234 206
235 205
239 203
237 203
218 218
219 219
245 208
233 206
234 205
235 204
240 203
218 217
219 220
232 206
233 207
235 203
240 202
218 216
220 220
218 220
232 205
233 208
234 203
241 202
219 216
217 216
217 220
232 204
234 202
242 202
219 215
216 216
217 219
234 201
243 202
219 214
216 217
216 215
216 219
234 200
244 202
219 213
215 217
215 215
235 200
245 202
220 213
218 213
219 212
214 217
215 218
215 214
235 199
246 202
245 203
220 212
214 216
215 213
235 198
246 201
245 204
221 212
213 216
216 213
215 212
234 198
235 197
246 200
245 205
221 211
214 212
233 198
234 197
245 200
246 199
244 205
222 211
221 210
213 212
234 196
244 200
247 199
243 205
223 211
221 209
212 212
234 195
243 200
248 199
223 212
222 209
220 209
221 208
212 213
212 211
243 199
222 208
221 207
212 214
212 210
243 198
223 208
221 206
211 214
213 210
212 209
244 198
242 198
243 197
224 208
210 214
211 215
214 210
212 208
245 198
242 197
243 196
225 208
224 207
209 214
212 207
241 197
244 196
225 209
208 214
211 207
240 197
244 195
225 210
207 214
208 213
210 207
211 206
239 197
240 196
244 194
224 210
206 214
209 207
211 205
240 195
245 194
243 194
244 193
206 215
208 207
239 195
245 193
242 194
206 216
208 206
246 193
207 216
205 216
206 217
247 193
205 217
247 192
204 217
205 218
247 191
203 217
246 191
247 190
203 218
203 216
248 190
247 189
202 218
249 190
247 188
201 218
249 191
247 187
201 219
201 217
250 191
246 187
200 219
201 220
251 191
246 186
200 220
201 221
252 191
251 192
246 185
201 222
252 192
252 190
251 193
247 185
245 185
201 223
252 189
251 194
244 185
202 223
200 223
251 189
244 186
244 184
199 223
243 186
243 184
198 223
243 183
198 224
198 222
243 182
198 225
197 222
244 182
243 181
199 225
197 225
197 221
245 182
242 181
199 226
196 221
197 220
246 182
242 180
199 227
195 221
196 220
241 180
200 227
194 221
196 219
240 180
241 179
193 221
196 218
240 181
241 178
192 221
193 222
239 181
242 178
241 177
192 222
192 220
193 223
238 181
243 178
242 177
240 177
191 222
192 223
191 220
193 224
237 181
243 177
239 177
191 223
190 220
193 225
236 181
237 182
237 180
243 176
239 176
190 223
190 221
190 219
235 181
236 180
243 175
190 224
189 221
190 218
235 182
236 179
244 175
190 225
188 221
190 217
234 182
235 183
236 178
189 225
187 221
189 217
190 216
233 182
237 178
236 177
188 225
186 221
187 222
189 216
190 215
232 182
233 181
237 177
236 176
187 225
185 221
187 223
190 214
231 182
233 180
236 175
186 225
187 226
187 224
185 220
190 213
230 182
231 181
185 225
187 227
185 219
191 213
190 212
229 182
186 227
187 228
185 218
192 213
191 212
189 212
228 182
229 181
186 228
185 217
191 211
228 183
229 180
185 228
186 229
186 217
185 216
192 211
227 183
228 184
228 180
229 179
184 228
186 230
187 217
184 216
185 215
193 211
192 210
226 183
229 184
230 179
183 228
187 216
183 216
194 211
352 386
226 182
231 179
182 228
182 216
183 215
195 211
194 212
194 210
225 182
182 229
181 216
182 217
194 209
224 182
181 229
180 216
182 218
195 209
194 208
224 183
180 229
180 215
195 208
193 208
223 183
224 184
180 228
179 215
196 208
192 208
193 207
222 183
179 228
178 215
179 214
197 208
196 207
191 208
221 183
178 228
178 216
178 214
198 208
190 208
220 183
221 184
178 227
178 217
178 213
199 208
198 207
220 182
221 185
177 227
178 226
178 218
177 213
200 208
199 209
198 206
220 181
176 227
178 225
177 218
177 212
201 208
197 206
198 205
219 181
176 228
179 225
177 219
176 212
177 211
197 205
198 204
219 180
176 229
179 224
176 219
177 220
176 211
177 210
197 204
219 179
176 230
179 223
175 219
178 220
175 211
218 179
175 230
176 231
180 223
178 223
174 219
175 220
217 179
218 178
177 231
174 220
174 218
218 177
178 231
177 232
173 218
219 177
218 176
178 232
173 217
218 175
178 233
172 217
218 174
178 234
171 217
218 173
179 234
177 234
170 217
171 216
217 173
179 235
176 234
169 217
170 218
171 215
217 172
180 235
179 236
175 234
176 233
168 217
169 216
172 215
217 171
181 235
179 237
175 233
169 215
217 170
181 234
179 238
175 232
216 170
217 169
182 234
178 238
179 239
216 169
218 169
217 168
182 233
177 238
180 239
216 168
218 168
217 167
183 233
176 238
177 239
181 239
215 168
219 168
286 244
184 233
176 237
182 239
181 240
214 168
220 168
185 233
183 239
213 168
221 168
220 169
220 167
186 233
213 167
222 168
221 169
186 234
212 167
222 169
187 234
212 166
222 170
188 234
211 166
223 170
189 234
188 233
210 166
224 170
190 234
188 232
198 182
210 167
225 170
191 234
190 235
209 167
225 171
225 169
192 234
191 235
191 233
208 167
226 171
226 169
225 168
192 235
192 233
191 236
207 167
227 171
225 167
192 236
193 233
191 237
207 168
227 172
226 167
225 166
193 236
190 237
206 168
227 173
227 167
224 166
225 165
193 237
205 168
226 173
228 167
223 166
225 164
194 237
193 238
204 168
205 167
225 173
229 167
228 168
222 166
226 164
224 164
195 237
193 239
204 169
204 167
205 166
224 173
230 167
229 166
228 169
222 165
196 237
192 239
204 170
203 167
223 173
230 168
230 166
197 237
196 238
196 236
191 239
204 171
203 166
223 174
223 172
230 165
198 237
196 235
190 239
191 240
204 172
203 165
222 174
223 175
198 238
198 236
195 235
191 241
204 173
203 164
223 176
199 236
198 235
191 242
203 173
204 164
203 163
199 235
198 234
203 174
205 164
204 163
202 163
203 162
199 234
197 234
202 174
203 175
205 163
201 163
203 161
199 233
202 175
204 175
206 163
201 162
203 160
199 232
201 175
202 176
204 176
206 162
203 159
200 232
198 232
204 177
206 161
202 159
201 232
197 232
205 177
207 161
202 158
202 232
201 233
201 231
206 177
208 161
201 158
203 232
201 230
206 178
206 176
209 161
204 232
206 179
206 175
210 161
204 233
204 231
206 180
207 175
211 161
205 233
204 234
205 231
206 181
208 175
212 161
211 162
211 160
206 233
203 234
204 235
206 231
205 181
208 176
213 161
212 162
211 163
206 234
202 234
204 236
206 230
204 181
214 161
213 160
212 163
210 163
206 235
205 236
207 230
203 181
204 182
210 164
202 181
203 180
209 164
201 181
202 182
303 252
303 253
304 253
305 253
306 253
307 253
306 254
308 253
187 233
