220 221
257 229
203 248
227 203
214 229
240 169
187 224
241 235
162 171
250 256
235 188
186 202
253 190
248 248
203 246
174 207
186 242
231 180
245 213
218 245
214 225
175 253
263 213
212 245
252 171
256 216
165 203
252 169
218 220
235 164
184 243
215 242
194 230
191 211
191 227
190 214
168 201
257 213
217 232
233 193
167 244
168 182
171 172
243 170
258 230
164 242
237 215
172 175
170 199
217 243
203 245
235 246
237 191
163 172
241 170
169 191
221 215
249 250
186 216
166 204
178 253
240 166
265 225
172 174
228 163
186 226
187 241
175 213
262 222
237 211
239 179
231 184
256 174
172 176
240 221
189 211
174 247
258 175
171 180
171 167
171 193
246 228
262 211
236 250
216 226
257 201
217 242
172 167
249 180
255 197
247 213
224 171
242 169
153 239
232 159
187 243
173 245
260 198
268 210
166 242
239 251
234 249
257 212
159 206
187 207
171 237
189 222
247 182
173 230
188 208
185 232
238 217
178 216
239 220
212 253
266 226
262 217
235 159
248 214
232 179
170 238
238 212
224 169
187 215
255 236
252 172
220 223
247 212
265 236
220 246
169 210
262 220
162 213
236 166
253 206
194 229
238 160
181 225
190 222
177 230
161 246
258 220
188 225
153 236
209 252
245 178
234 178
245 163
263 235
238 162
248 174
168 258
164 238
234 176
247 249
243 171
178 232
218 250
191 225
242 193
241 186
245 228
222 245
230 158
249 173
218 218
245 190
260 206
190 199
259 224
257 198
262 219
159 217
270 207
160 208
180 208
255 239
171 168
224 175
190 223
188 204
247 176
265 209
177 209
228 247
228 181
213 230
251 240
169 230
239 170
221 245
180 233
170 232
171 230
216 229
237 179
238 189
224 212
220 176
231 209
244 228
170 215
253 163
227 247
263 225
172 171
228 177
247 192
183 206
225 176
246 249
172 228
181 244
258 228
176 228
241 227
243 172
186 237
230 163
164 171
237 220
236 170
187 230
245 175
252 237
216 231
257 197
158 237
246 230
163 205
251 190
243 226
173 256
255 238
163 238
231 179
164 241
265 208
215 225
248 180
233 158
177 231
265 206
188 228
247 228
251 213
229 163
189 208
162 231
226 213
187 242
232 162
253 172
217 244
244 190
236 216
176 229
239 229
255 231
172 230
207 251
187 225
195 223
253 166
162 172
172 184
194 224
167 258
176 227
225 208
172 170
261 223
235 166
233 166
219 242
260 219
185 236
207 252
233 194
182 231
243 230
258 174
250 180
266 206
249 187
192 250
216 233
245 164
248 182
241 228
173 209
232 210
181 229
162 230
181 217
234 191
186 201
262 208
251 171
265 222
224 204
174 251
224 176
193 227
212 247
237 216
255 209
241 190
236 179
208 252
231 192
159 207
236 158
246 229
192 225
169 184
157 205
225 201
162 232
168 204
257 216
159 208
169 241
243 231
181 232
240 170
248 245
164 206
262 218
170 231
235 163
252 174
232 161
259 199
228 164
234 245
177 250
187 244
167 260
251 193
230 248
166 181
158 208
259 228
253 178
240 190
243 225
174 209
175 228
246 177
253 207
255 234
240 188
176 244
234 195
233 192
253 174
254 176
239 176
167 205
171 216
181 245
228 248
247 233
242 222
240 164
246 233
227 243
260 173
168 244
187 231
170 257
239 188
169 238
254 170
222 216
168 170
241 191
230 184
166 253
188 237
255 196
167 201
167 255
230 245
175 249
172 178
252 191
163 204
242 165
227 245
216 230
212 248
175 208
220 171
229 179
240 220
181 228
233 154
228 246
263 210
164 239
184 229
258 221
175 227
233 178
257 175
240 249
183 225
178 252
260 226
224 205
245 212
234 211
218 216
169 246
189 228
241 231
167 202
228 205
243 233
253 176
179 232
260 217
261 201
242 167
240 213
213 249
186 230
188 207
236 180
247 234
177 208
261 226
199 245
221 212
167 204
249 213
231 247
216 222
231 193
259 176
237 230
161 229
246 215
164 173
189 213
264 207
173 207
172 216
221 223
263 208
234 155
167 242
224 213
241 189
264 225
248 213
252 193
225 178
249 177
262 235
257 233
164 207
159 213
173 242
257 225
187 210
153 238
162 212
196 225
254 175
218 243
163 232
236 163
266 208
173 206
256 198
203 249
230 179
251 242
169 182
251 207
237 212
238 170
259 210
247 175
184 208
241 167
172 186
226 212
220 222
260 174
213 222
225 209
190 197
189 227
164 246
238 220
264 211
232 167
186 198
170 230
255 191
248 186
181 234
214 244
161 211
168 241
174 213
263 207
240 185
232 193
258 177
223 221
169 232
217 221
258 209
224 245
183 208
229 183
224 211
213 244
255 174
237 250
241 252
254 237
177 228
233 167
242 189
205 249
252 194
184 244
242 164
154 236
223 213
181 218
248 215
243 164
258 211
219 245
180 220
249 174
251 214
172 242
250 242
173 244
201 245
235 250
188 217
187 209
220 169
177 213
249 184
244 231
250 252
171 209
240 167
186 203
251 191
207 246
236 211
191 215
246 190
243 190
170 195
230 197
162 203
198 243
230 247
232 185
258 213
226 172
211 245
249 186
191 223
212 249
238 191
189 216
172 172
170 196
260 172
165 238
249 188
241 212
252 208
253 241
235 171
161 215
177 232
253 189
188 198
190 226
233 209
247 163
175 254
218 251
225 246
173 212
237 163
255 235
263 224
238 254
178 243
152 238
182 217
261 217
169 171
242 192
231 183
240 178
234 186
190 246
164 170
256 230
229 197
259 219
258 178
247 227
175 243
196 243
261 210
235 212
254 198
204 247
239 193
164 233
161 245
224 206
219 250
166 240
230 212
247 174
235 162
192 223
221 224
178 230
230 210
249 190
171 181
178 248
187 240
180 225
229 175
174 255
168 256
172 179
186 238
245 211
183 217
251 196
256 209
269 208
180 219
174 178
248 191
238 246
216 228
225 180
247 226
262 205
255 237
210 251
227 209
173 231
244 163
167 240
216 173
232 158
163 203
246 213
219 169
245 172
238 253
247 214
234 188
250 260
195 247
173 228
172 183
248 183
175 214
169 256
232 187
182 208
231 197
165 249
228 179
225 207
226 205
264 209
189 209
225 247
165 247
219 248
239 164
260 209
211 253
224 221
198 246
181 235
165 172
168 209
161 208
161 233
261 198
266 224
190 202
259 211
236 178
221 221
244 211
163 208
238 230
171 257
161 209
251 250
164 208
252 170
170 184
161 230
218 219
242 168
244 249
157 237
247 173
187 232
262 207
215 227
260 233
183 235
189 221
253 196
245 249
153 235
238 179
264 220
181 230
206 247
229 215
265 223
187 197
249 176
159 233
191 197
189 243
253 209
189 244
167 259
233 156
234 185
163 212
171 198
252 250
246 227
185 208
172 187
175 216
226 209
257 226
246 234
237 170
171 228
154 237
187 237
244 227
238 164
218 227
263 209
263 218
253 170
190 198
179 253
257 230
223 171
224 179
215 245
254 235
174 208
171 169
189 215
188 246
186 241
266 225
243 232
167 254
263 196
225 211
184 235
262 204
190 228
237 162
218 244
238 161
264 191
180 218
257 235
167 253
168 190
272 209
222 213
228 182
237 189
262 202
265 190
232 160
249 244
171 247
177 253
177 216
253 173
190 247
170 200
246 231
174 174
169 235
239 191
194 225
221 240
249 243
218 217
229 216
231 195
190 213
158 216
156 208
241 223
165 248
185 242
256 197
183 245
172 244
163 206
256 170
170 214
184 226
158 236
163 242
182 207
217 173
226 204
229 248
187 204
234 192
232 248
212 252
238 221
258 219
257 224
234 193
222 218
235 158
258 234
248 185
259 229
250 251
167 233
167 191
234 161
241 249
219 251
221 214
230 180
239 252
178 227
252 238
166 202
195 249
219 171
187 198
185 235
245 230
258 200
257 210
229 198
168 188
229 154
223 245
247 248
226 201
168 233
190 248
166 235
259 174
239 187
225 203
197 247
172 180
261 236
184 200
224 173
238 249
258 199
250 190
180 230
180 209
257 214
171 194
235 176
262 206
259 230
262 209
173 176
256 175
173 182
194 231
215 224
238 250
166 243
189 246
261 235
272 206
244 189
262 192
240 212
260 176
240 250
233 189
183 226
271 207
252 239
253 236
220 174
233 243
248 246
170 201
171 192
243 235
170 192
255 170
171 256
158 217
246 178
167 241
179 209
227 210
165 171
231 158
244 232
248 234
253 164
224 218
188 210
215 223
169 192
218 173
263 220
219 240
238 188
223 217
252 167
196 246
240 235
257 222
172 256
180 243
259 222
186 236
255 176
193 226
170 242
163 233
243 249
161 247
175 251
248 257
176 246
228 243
273 206
261 232
221 246
164 234
225 172
194 223
231 210
256 235
247 216
228 210
251 181
172 243
259 216
262 201
243 163
241 224
175 255
237 246
190 220
186 215
173 233
268 208
246 232
216 221
170 197
178 217
252 209
240 189
233 242
183 230
252 241
225 244
184 217
218 241
216 225
194 227
239 166
193 247
160 217
220 170
234 248
224 203
194 247
229 176
190 215
222 172
258 224
232 249
166 203
213 253
176 216
164 244
225 177
234 210
254 178
179 233
259 231
240 229
213 245
185 200
170 183
241 192
263 214
235 198
223 205
266 207
167 238
171 217
229 245
270 208
187 238
242 231
243 192
233 244
187 227
250 243
256 222
224 174
166 205
195 226
260 231
255 177
262 193
167 252
246 173
249 175
257 220
262 203
213 252
164 235
249 254
225 245
242 226
189 226
249 245
182 245
213 250
170 194
212 250
166 171
179 246
165 202
185 226
242 166
243 212
229 209
175 248
205 247
188 206
189 245
220 240
251 241
220 173
157 208
160 230
226 200
160 212
186 208
183 200
243 169
233 249
250 259
242 235
231 168
176 230
189 220
248 247
155 237
234 166
221 216
168 174
238 219
161 210
229 177
236 212
179 243
184 245
162 233
188 244
234 162
156 237
180 228
268 209
219 249
166 206
237 249
225 216
174 248
231 162
217 219
242 249
170 198
173 210
168 175
174 182
222 221
169 206
262 223
219 220
166 236
187 223
167 190
174 216
174 173
214 222
191 248
201 244
227 184
171 242
256 211
256 226
173 178
179 210
168 234
170 246
228 162
160 233
239 246
186 209
219 243
186 200
222 212
165 181
173 216
253 191
159 236
166 245
262 191
249 257
165 243
226 183
263 212
178 228
181 207
258 201
188 219
172 181
232 186
247 177
243 223
230 211
233 155
169 170
257 211
242 227
178 210
179 220
252 212
159 234
264 219
194 215
216 227
199 244
227 217
264 235
247 186
217 250
193 223
257 234
238 180
248 243
176 243
254 263
169 257
228 180
252 179
230 155
249 253
177 244
247 191
232 156
167 257
263 191
213 254
231 156
189 210
186 232
189 198
233 208
193 250
248 249
264 190
249 249
173 211
164 172
232 246
252 196
171 238
235 196
251 256
216 232
240 246
156 209
215 243
185 203
234 177
263 223
190 211
214 245
171 206
241 221
231 170
169 236
253 237
215 229
212 246
261 229
222 217
179 252
226 218
232 184
176 208
186 204
177 247
170 247
267 208
172 209
182 216
237 214
178 250
167 171
161 217
242 233
173 247
171 210
171 243
262 196
224 172
167 186
220 175
248 163
246 163
185 243
250 174
213 246
239 250
237 166
215 246
247 183
182 228
220 172
188 213
239 160
182 232
218 247
234 187
161 172
163 243
217 226
252 236
170 248
245 231
236 191
248 250
228 245
237 188
251 179
259 226
227 211
246 182
216 220
243 227
166 244
229 178
182 225
225 218
274 206
181 199
249 189
192 249
242 170
165 173
215 222
180 235
248 184
244 172
191 249
160 213
176 245
229 246
161 212
234 250
252 231
240 230
251 238
228 197
238 163
167 182
261 206
232 157
241 253
194 249
153 237
220 216
167 188
251 236
256 239
230 199
239 212
224 219
236 246
162 170
258 216
259 217
233 188
168 202
186 199
168 238
162 214
235 167
184 236
169 233
169 190
162 202
248 235
218 242
260 201
173 232
238 190
258 217
258 176
168 173
172 185
184 242
178 246
174 228
173 173
242 190
226 179
265 220
195 225
214 243
228 217
167 189
166 173
225 215
249 247
263 211
262 195
235 191
167 187
241 233
226 181
185 216
251 239
194 248
263 219
269 209
263 222
152 235
223 208
253 175
247 215
185 214
233 190
239 178
242 234
172 255
232 195
261 197
233 210
225 202
184 198
216 219
250 235
230 156
207 249
243 211
200 245
233 179
239 186
254 173
165 246
182 233
229 181
233 245
252 178
194 216
172 182
255 222
207 247
199 246
266 223
170 235
252 207
189 212
235 211
224 208
191 226
231 196
238 229
188 216
173 172
183 199
261 225
183 228
185 215
233 195
262 226
165 234
192 215
253 231
229 210
195 224
168 200
233 153
155 209
224 215
174 243
214 226
241 222
171 244
233 186
254 209
262 194
173 213
252 195
259 201
167 256
198 245
194 228
243 222
237 213
260 235
263 195
255 230
257 178
234 158
275 206
226 217
263 204
233 162
224 170
162 208
166 238
179 247
190 201
168 185
258 223
177 214
250 236
168 184
272 208
171 184
232 245
166 239
235 245
164 205
247 193
178 249
219 244
259 209
254 199
229 184
231 169
220 220
235 178
177 246
165 242
221 213
243 191
175 245
238 165
235 195
163 234
186 243
176 250
218 246
226 211
260 227
176 253
219 176
210 252
248 181
216 242
260 229
211 244
171 215
253 197
260 232
197 243
167 170
230 167
166 234
180 207
170 210
261 209
166 237
173 174
236 165
259 175
249 256
199 243
207 250
227 180
219 216
169 201
189 219
170 228
181 233
261 207
238 166
250 247
183 227
258 235
163 246
165 206
266 236
163 244
252 168
258 222
238 252
233 191
166 207
265 235
155 210
246 172
166 182
235 170
250 258
241 250
191 222
272 207
182 199
257 209
226 203
170 241
231 167
168 210
196 247
160 215
158 206
225 217
260 199
173 254
223 173
260 228
241 251
197 246
257 215
242 221
218 240
177 243
254 191
161 216
228 244
183 232
181 231
178 247
240 186
168 206
260 234
258 225
236 247
218 226
202 245
160 214
177 215
250 257
205 248
242 212
253 167
173 234
188 218
261 219
221 173
246 175
231 191
180 244
226 180
246 179
173 255
261 205
172 206
162 246
203 247
264 206
225 171
229 217
213 229
187 216
251 212
220 247
225 179
173 177
261 224
246 214
168 186
249 191
159 235
243 224
178 218
224 214
184 206
237 217
254 231
238 218
175 250
222 173
227 182
227 205
213 251
170 170
262 197
261 199
258 198
247 190
230 154
228 183
259 234
193 225
224 207
172 247
219 173
188 205
227 183
259 202
250 213
183 207
187 239
241 230
184 232
165 241
259 215
253 177
239 218
242 194
255 173
251 192
193 215
230 191
177 210
249 259
178 251
174 211
259 225
169 234
253 165
187 226
174 242
239 177
254 197
248 226
251 180
167 234
158 205
187 236
241 171
219 247
226 247
170 206
238 213
216 241
251 174
231 163
190 200
211 252
168 205
194 250
250 250
163 245
239 192
182 235
183 229
184 216
185 199
234 159
188 227
206 249
232 247
179 218
225 210
241 193
167 173
184 199
171 170
235 197
249 235
169 183
257 236
248 251
248 252
248 253
229 199
248 255
249 255
248 256
248 259
247 259
248 260
246 259
247 260
248 261
245 259
246 258
249 261
248 262
244 259
245 260
248 263
243 259
245 261
248 264
243 260
243 258
244 261
247 264
248 265
242 260
242 258
249 265
242 261
241 258
242 257
250 265
242 262
240 258
251 265
250 266
241 262
242 263
240 259
252 265
251 264
250 267
239 259
253 265
252 264
250 268
239 260
254 265
253 264
250 269
239 261
255 265
254 266
253 263
250 270
238 261
253 262
249 270
250 271
237 261
248 270
250 272
237 262
247 270
249 272
250 273
236 262
237 263
247 269
248 272
250 274
235 262
238 263
237 264
246 269
247 272
250 275
235 263
235 261
239 263
238 264
246 272
251 275
250 276
235 264
234 261
235 260
246 273
252 275
250 277
234 264
236 260
245 273
253 275
251 277
249 277
233 264
234 265
267 278
244 273
245 274
254 275
253 274
252 277
251 278
248 277
233 263
244 274
244 272
254 274
253 273
252 278
251 279
243 274
244 275
254 273
253 278
251 280
242 274
243 275
244 276
255 273
254 272
253 279
241 274
254 279
240 274
254 280
239 274
255 280
254 281
239 275
255 281
238 275
256 281
238 276
257 281
256 282
238 277
256 283
238 278
256 284
237 278
238 279
256 285
236 278
237 279
238 280
257 285
256 286
237 280
258 285
257 286
255 286
256 287
237 281
259 285
256 288
236 281
260 285
257 288
236 282
261 285
257 289
235 282
236 283
262 285
261 286
258 289
257 290
236 284
262 284
261 287
256 290
257 291
236 285
263 284
262 287
261 288
255 290
258 291
235 285
236 286
263 283
261 289
254 290
258 292
234 285
235 286
263 282
262 289
261 290
253 290
258 293
233 285
234 286
263 281
262 290
253 291
253 289
259 293
257 293
232 285
233 286
233 284
234 287
263 280
263 290
252 289
259 294
257 294
232 286
233 283
234 288
262 280
263 291
251 289
260 294
259 295
231 286
234 283
232 283
234 289
262 279
264 291
250 289
251 290
230 286
232 282
235 289
234 290
262 278
249 289
251 291
230 287
232 281
234 291
262 277
251 292
230 288
232 280
234 292
262 276
251 293
229 288
230 289
232 279
233 292
262 275
252 293
250 293
228 288
231 289
230 290
232 278
233 293
262 274
253 293
249 293
250 294
227 288
228 289
231 290
230 291
233 278
233 294
262 273
253 294
249 294
249 292
227 287
228 290
231 291
230 292
234 278
234 294
263 273
261 273
253 295
248 294
249 295
248 292
227 286
227 290
231 292
234 277
234 295
264 273
261 272
252 295
248 291
251 294
227 285
226 290
234 276
235 295
234 296
265 273
264 274
260 272
261 271
248 290
227 284
225 290
234 275
236 295
233 296
265 272
264 275
261 270
247 290
227 283
224 290
225 291
233 275
237 295
233 297
266 272
265 275
246 290
223 290
224 291
224 289
232 275
233 298
266 275
246 291
222 290
223 289
224 288
231 275
232 276
232 274
266 276
266 274
221 290
223 288
224 287
231 274
232 273
266 277
220 290
222 288
223 287
230 274
233 273
232 272
267 277
266 278
219 290
220 291
229 274
231 272
232 271
268 277
218 290
219 289
220 292
232 270
269 277
218 289
219 288
220 293
232 269
269 278
269 276
218 288
221 293
232 268
270 278
269 275
217 288
250 187
222 293
231 268
271 278
216 288
222 292
230 268
231 267
272 278
216 289
230 269
231 266
273 278
215 289
229 269
230 270
274 278
273 277
275 278
274 277
275 279
275 277
275 280
276 280
274 280
277 280
274 281
277 279
274 282
278 279
273 282
279 279
278 278
272 282
273 283
279 278
273 284
280 278
272 284
281 278
282 278
283 278
284 278
283 277
284 279
284 277
283 276
285 279
285 277
284 276
286 279
285 276
287 279
286 278
285 275
287 280
285 274
288 280
287 281
286 274
289 280
287 282
287 274
290 280
286 282
287 283
288 274
287 284
289 274
288 275
288 273
288 284
286 284
290 274
288 272
289 284
290 275
290 273
287 272
289 285
289 286
289 287
290 287
291 287
290 288
291 288
290 289
289 289
290 290
288 289
291 290
290 291
287 289
292 290
291 291
290 292
293 290
294 290
293 291
295 290
294 289
293 292
294 288
292 292
292 293
292 294
293 294
291 294
292 295
290 294
292 296
290 295
291 296
289 295
288 295
287 295
286 295
285 295
286 294
284 295
285 296
283 295
285 297
283 296
286 297
284 297
285 298
282 296
283 297
285 299
286 299
287 299
288 299
287 300
289 299
288 300
290 299
288 301
290 298
289 301
289 302
290 302
289 303
291 302
288 303
292 302
287 303
293 302
286 303
293 301
286 304
286 302
294 301
285 304
286 305
295 301
294 300
287 305
286 306
296 301
295 302
295 300
288 305
287 306
285 306
297 301
296 300
295 299
288 306
284 306
297 302
295 298
288 307
283 306
298 302
296 298
295 297
288 308
282 306
299 302
296 297
294 297
295 296
287 308
288 309
281 306
282 307
300 302
299 303
299 301
294 296
295 295
286 308
288 310
280 306
281 307
300 303
299 300
288 311
280 307
301 303
300 300
298 300
289 311
280 308
301 300
289 312
280 309
301 299
290 312
289 313
281 309
280 310
301 298
290 313
289 314
282 309
280 311
301 297
283 309
281 311
279 311
302 297
300 297
283 310
282 311
281 312
278 311
303 297
299 297
284 310
281 313
277 311
278 310
304 297
303 296
284 311
280 313
281 314
277 312
304 298
304 296
279 313
281 315
276 312
304 299
304 295
278 313
281 316
276 313
304 294
282 316
276 314
304 293
282 317
275 314
276 315
304 292
276 316
305 292
303 292
304 291
275 316
276 317
306 292
302 292
274 316
276 318
306 291
301 292
302 291
273 316
274 317
276 319
300 292
302 290
273 317
273 315
276 320
303 290
301 290
272 317
273 318
272 315
273 314
276 321
301 289
272 318
276 322
301 288
272 319
277 322
300 288
301 287
271 319
278 322
301 286
270 319
278 321
300 286
270 320
270 318
279 321
270 321
269 318
270 317
280 321
269 321
270 316
268 321
269 322
269 316
270 315
268 322
268 320
270 314
267 322
267 320
266 322
265 322
265 323
265 321
264 323
265 324
264 324
265 325
263 324
264 325
262 324
263 325
263 326
263 327
262 327
263 328
261 327
263 329
260 327
264 329
263 330
259 327
265 329
258 327
259 328
259 326
265 330
265 328
257 327
259 329
259 325
266 330
265 331
258 329
259 330
260 325
267 330
264 331
265 332
258 330
260 330
259 331
260 324
264 332
266 332
257 330
259 332
264 333
256 330
259 333
255 330
259 334
255 331
255 329
260 334
258 334
255 332
260 335
257 334
256 332
261 335
256 334
257 332
262 335
261 336
255 334
263 335
262 336
254 334
255 335
264 335
254 333
265 335
264 336
253 333
266 335
265 336
264 337
253 332
265 337
264 338
252 332
264 339
251 332
252 331
265 339
250 332
251 333
252 330
265 340
249 332
253 330
251 330
266 340
265 341
249 333
251 329
265 342
249 334
251 328
266 342
249 335
250 328
251 327
267 342
250 335
248 335
250 327
268 342
267 343
251 335
247 335
250 326
269 342
267 344
252 335
251 336
246 335
270 342
269 341
268 344
252 336
252 334
246 336
271 342
269 340
269 344
252 337
246 337
271 343
271 341
269 339
252 338
246 338
271 344
270 339
253 338
251 338
245 338
270 338
254 338
253 339
244 338
271 338
255 338
243 338
244 337
272 338
255 339
255 337
242 338
244 336
272 337
256 339
255 340
241 338
243 336
244 335
272 336
257 339
256 340
240 338
241 339
242 336
244 334
273 336
272 335
257 340
257 338
239 338
242 335
273 335
272 334
257 341
238 338
241 335
242 334
273 334
272 333
258 341
237 338
241 334
274 334
273 333
272 332
259 341
237 339
237 337
241 333
275 334
274 333
272 331
259 342
259 340
237 340
236 337
240 333
276 334
272 330
260 340
236 340
237 341
236 336
240 332
277 334
273 330
272 329
261 340
235 340
236 341
237 342
235 336
236 335
240 331
277 333
274 330
272 328
234 340
236 342
238 342
237 343
234 336
235 335
236 334
240 330
278 333
274 329
272 327
235 342
239 342
237 344
233 336
234 335
235 334
237 334
236 333
240 329
278 332
271 327
237 345
232 336
233 335
241 329
239 329
240 328
279 332
278 331
271 326
236 345
237 346
232 337
233 334
242 329
238 329
279 331
278 330
270 326
235 345
232 338
243 329
280 331
277 330
278 329
269 326
234 345
231 338
244 329
243 328
281 331
279 329
278 328
269 327
230 338
244 330
243 327
281 330
280 329
277 328
243 326
281 329
280 328
277 327
243 325
282 329
277 326
244 325
242 325
283 329
278 326
276 326
242 324
284 329
283 330
283 328
279 326
242 323
285 329
283 331
280 326
242 322
286 329
284 331
283 332
281 326
242 321
287 329
283 333
281 325
243 321
241 321
288 329
287 330
283 334
281 324
240 321
241 320
289 329
287 331
283 335
281 323
289 330
289 328
282 335
290 330
289 327
281 335
290 331
288 327
291 331
288 326
292 331
288 325
293 331
292 332
294 331
293 332
295 331
294 332
294 330
295 332
295 330
294 333
294 329
295 329
294 334
293 329
295 328
295 334
294 335
293 328
296 328
296 334
294 336
292 328
296 327
297 334
296 335
294 337
291 328
297 327
298 334
297 333
294 338
298 327
299 334
298 335
297 332
293 338
299 327
298 326
298 336
297 331
292 338
300 327
299 326
298 325
298 337
292 337
300 328
298 324
299 337
291 337
301 328
298 323
300 337
290 337
302 328
297 323
298 322
301 337
300 336
290 338
302 329
301 336
300 335
289 338
290 339
303 329
288 338
290 340
304 329
288 339
288 337
290 341
304 330
304 328
287 339
288 336
291 341
289 341
290 342
304 331
286 339
289 336
288 335
292 341
290 343
305 331
303 331
285 339
293 341
292 342
290 344
306 331
284 339
285 338
293 342
293 340
290 345
306 332
306 330
294 342
294 340
290 346
307 332
295 342
289 346
308 332
307 333
296 342
289 347
309 332
308 333
308 331
289 348
310 332
309 331
308 330
289 349
309 330
289 350
310 330
309 329
290 350
289 351
309 328
291 350
289 352
310 328
292 350
291 349
290 352
288 352
289 353
311 328
310 327
292 349
291 348
291 352
290 353
287 352
289 354
312 328
311 329
293 349
290 354
286 352
287 351
289 355
312 329
312 327
291 354
286 353
287 350
288 355
289 356
313 329
312 330
292 354
287 349
287 355
293 354
286 349
287 348
286 355
294 354
287 347
285 355
295 354
294 355
287 346
284 355
295 353
294 356
286 346
284 356
296 353
295 352
293 356
294 357
285 346
284 357
297 353
295 357
294 358
284 346
298 353
297 352
296 357
295 358
284 345
299 353
298 354
297 351
283 345
299 352
298 355
298 351
297 350
282 345
283 344
300 352
299 351
298 356
296 350
297 349
281 345
282 346
283 343
298 357
295 350
298 349
282 347
283 342
298 358
282 348
282 342
299 358
297 358
281 348
300 358
297 359
280 348
301 358
297 360
280 347
301 359
301 357
297 361
280 346
301 360
298 361
279 346
301 361
298 362
278 346
278 347
278 345
277 347
278 348
278 349
277 349
278 350
277 350
279 350
278 351
277 351
279 351
276 351
279 352
280 352
279 353
281 352
278 353
277 353
277 354
276 354
276 355
275 355
276 356
274 355
277 356
273 355
274 354
278 356
273 354
279 356
278 355
279 357
