201 223
261 169
185 143
117 150
157 131
311 247
276 182
314 225
187 118
216 98
215 95
218 199
157 175
219 193
249 154
243 174
260 211
198 225
136 197
116 150
137 136
117 165
206 213
265 212
193 121
209 242
156 122
356 227
267 173
272 170
166 122
158 180
186 184
182 124
187 146
157 187
112 150
202 178
203 117
335 235
311 223
143 210
163 123
209 241
191 171
286 223
190 171
147 211
167 158
181 180
136 224
201 98
309 247
212 177
178 117
213 178
137 220
284 219
135 146
263 171
209 214
186 80
173 165
164 181
207 92
144 149
309 246
134 152
211 113
177 126
188 114
365 226
151 187
329 241
173 152
273 180
204 122
170 162
191 124
196 188
137 215
270 191
305 234
188 117
139 137
304 234
355 219
177 87
217 194
211 216
123 153
192 188
173 146
210 173
169 182
272 210
192 178
174 167
211 224
307 241
189 167
133 127
167 156
190 178
180 172
215 215
261 171
133 139
311 226
186 141
157 132
193 191
186 170
264 190
187 173
182 106
184 136
206 212
184 140
304 229
216 235
201 174
179 172
277 213
220 195
268 200
190 76
153 126
137 200
225 198
120 165
170 148
180 165
272 200
194 169
244 173
206 211
186 122
329 240
283 222
187 145
269 187
204 117
180 169
222 193
207 222
150 204
310 242
164 129
277 209
210 170
318 233
301 241
282 220
142 221
203 225
332 220
303 233
201 178
215 99
266 178
212 215
129 141
278 201
174 178
195 71
206 226
187 172
143 221
217 231
220 164
174 165
240 153
278 199
191 182
176 185
263 186
134 134
336 236
273 201
165 184
211 215
188 106
143 222
182 108
221 192
205 121
324 233
160 146
323 229
154 142
268 203
208 93
177 144
175 181
214 99
164 148
205 86
128 144
153 145
184 169
271 177
237 160
331 238
268 211
219 215
138 204
133 131
134 151
271 179
251 166
194 174
164 150
168 184
211 240
305 237
270 199
311 213
193 171
185 111
136 205
265 190
187 182
138 216
192 74
205 89
214 234
186 117
183 180
174 184
142 200
345 229
195 129
295 230
220 160
162 130
136 196
157 137
249 159
352 226
232 163
221 197
151 194
256 165
172 153
174 120
191 85
269 184
170 163
149 199
270 174
181 174
285 220
303 231
176 125
134 207
194 88
308 244
180 173
186 167
255 174
330 221
277 201
155 198
116 165
108 164
147 146
111 157
238 151
110 155
264 169
217 195
193 131
346 222
320 231
339 217
206 99
275 163
224 196
175 168
129 202
310 218
181 169
171 149
304 237
303 232
193 118
210 215
220 223
202 92
171 148
279 221
189 170
152 197
182 185
327 237
333 241
192 122
302 240
202 179
150 202
210 236
182 186
211 225
209 237
142 219
210 172
219 218
144 150
180 135
153 193
174 187
179 164
213 183
124 147
139 214
170 174
230 164
267 178
180 167
346 224
178 170
147 123
184 170
222 194
277 220
237 161
192 190
221 213
280 204
219 213
176 119
191 187
188 174
113 164
194 118
314 226
220 192
310 226
218 197
219 194
217 224
215 194
245 173
129 145
139 213
155 187
245 155
208 107
203 233
129 201
130 226
300 232
180 142
165 130
153 134
208 98
236 159
181 145
138 206
167 180
220 191
354 225
280 208
308 222
276 163
373 227
309 241
193 174
191 130
157 130
300 231
206 223
191 180
179 135
164 132
142 218
266 213
268 201
275 202
256 176
133 135
154 134
189 171
134 135
175 171
334 235
204 222
184 115
198 183
280 221
175 184
148 153
269 165
136 146
323 232
257 176
170 178
214 198
186 183
182 127
235 159
156 175
262 167
174 121
238 161
206 112
241 154
191 81
177 125
140 136
280 201
177 148
359 224
317 232
215 188
358 218
186 182
203 226
262 171
206 222
150 201
191 175
302 228
243 175
221 163
254 178
274 212
194 117
209 173
269 185
238 152
339 216
185 120
225 164
193 181
271 190
268 192
159 178
179 136
158 128
133 136
174 172
268 195
152 198
209 108
190 167
316 232
329 222
197 90
151 129
170 175
187 144
268 189
178 185
188 133
194 190
306 240
345 224
184 185
168 159
292 229
352 228
185 83
148 147
251 165
200 180
178 87
223 192
331 218
268 213
152 128
337 218
222 232
320 233
140 149
288 227
196 118
271 189
281 207
114 148
191 126
187 130
271 180
271 214
209 239
120 148
120 154
253 174
296 233
295 228
240 162
112 158
179 163
323 235
182 130
204 99
175 144
202 90
155 132
307 240
145 156
350 227
157 143
217 192
157 134
166 121
190 77
160 144
331 223
316 233
143 200
374 227
191 80
214 200
138 200
138 148
155 202
242 155
114 149
288 225
250 158
173 175
146 149
188 87
274 166
155 195
246 159
302 227
200 181
217 223
246 175
188 110
278 198
178 85
220 201
279 166
265 213
135 209
157 182
148 155
259 174
220 207
312 226
218 90
177 118
330 240
332 218
198 182
239 175
114 147
158 184
176 150
185 169
186 185
158 141
234 162
132 135
334 241
195 91
165 125
146 148
204 114
198 181
195 69
185 84
192 173
309 243
207 102
216 161
315 235
213 194
220 213
125 148
260 173
203 176
342 229
159 140
142 210
189 77
199 120
186 128
190 175
276 201
152 201
139 220
181 112
188 181
111 158
299 231
164 124
228 163
328 240
216 96
191 174
316 237
214 238
267 203
234 163
149 124
177 172
311 244
203 91
146 142
331 222
199 90
137 218
239 152
219 164
309 248
175 84
185 186
124 142
218 91
195 90
186 84
173 155
304 236
319 227
306 233
304 227
143 150
277 210
247 150
179 112
158 142
148 212
166 161
142 208
143 223
340 215
217 222
189 174
146 152
182 180
271 197
174 123
120 151
328 222
291 226
296 231
174 153
179 134
164 133
216 193
129 223
124 152
212 222
212 224
191 192
144 200
211 222
185 108
172 167
347 228
171 167
155 177
184 83
190 81
220 206
181 135
188 171
264 214
273 211
143 142
208 95
215 196
136 149
120 153
132 133
154 201
273 168
257 177
144 221
209 111
113 158
141 221
128 223
210 232
128 224
180 175
186 178
151 195
111 152
262 168
312 247
221 231
187 111
239 153
180 127
184 117
282 221
214 170
174 179
152 125
307 210
200 224
332 219
275 207
311 214
135 138
241 174
281 206
362 224
269 167
217 230
349 227
141 149
119 168
174 86
201 91
248 152
185 85
165 132
206 91
275 181
171 175
167 148
269 211
254 177
180 174
298 231
207 210
176 167
137 198
327 235
209 240
173 153
244 159
222 207
251 163
168 133
179 167
157 203
137 137
243 176
187 105
132 150
199 188
167 155
202 115
174 170
268 204
145 209
270 192
156 178
131 139
159 180
313 220
202 177
157 141
269 168
192 181
185 141
266 209
217 193
213 184
157 184
207 208
163 129
274 219
253 172
202 89
214 95
221 160
221 195
189 177
208 176
263 172
356 223
253 165
304 240
308 227
341 228
186 168
260 177
208 237
217 92
152 126
135 222
191 129
190 192
153 123
164 147
159 132
159 128
206 240
343 229
141 211
154 189
184 112
221 223
133 220
182 105
268 188
159 130
276 181
341 222
195 189
193 91
209 176
187 101
181 110
278 209
317 235
272 172
188 182
188 120
183 132
133 198
155 134
212 191
316 234
139 200
153 144
153 187
226 197
139 206
204 118
215 169
143 224
205 177
204 123
149 204
181 172
145 125
288 229
278 216
270 214
158 129
274 217
214 194
310 250
203 92
206 98
214 162
131 136
330 241
263 208
134 147
162 180
286 225
122 153
202 118
219 162
338 220
170 164
160 140
187 85
266 194
181 144
279 223
192 123
150 200
208 210
205 113
191 188
210 235
188 107
261 211
176 121
148 142
175 121
206 100
134 133
158 139
144 125
188 89
138 144
370 227
152 127
357 227
192 183
135 195
198 118
161 150
294 228
202 176
211 94
176 149
352 231
133 128
272 203
204 232
269 174
357 224
192 127
209 212
218 195
140 137
199 91
153 133
309 249
175 170
272 211
256 172
208 108
185 170
155 199
215 238
352 229
187 131
119 167
148 124
305 236
146 138
111 153
277 208
141 151
135 133
265 185
184 141
266 169
344 229
261 172
194 91
137 210
182 107
292 228
280 206
131 199
159 137
193 74
212 179
134 144
132 202
249 160
152 187
162 131
204 177
188 102
320 230
220 197
215 218
200 99
190 87
278 223
139 212
200 222
125 151
306 234
185 188
187 170
220 165
149 125
193 183
132 197
362 222
136 202
272 209
146 155
141 199
357 225
146 147
271 167
178 116
206 108
220 222
192 94
306 239
310 217
141 212
153 185
220 204
195 118
145 138
260 208
183 117
114 161
114 151
326 223
225 165
131 223
195 116
324 226
155 146
128 140
255 173
289 228
245 156
331 243
153 194
158 134
214 98
170 177
216 217
196 126
277 202
120 142
179 85
147 122
304 238
143 219
173 120
173 178
202 117
317 233
201 181
210 237
271 170
178 126
311 241
344 226
130 200
185 177
154 146
316 231
162 178
251 170
214 199
179 146
142 125
192 88
211 189
294 230
190 85
188 130
320 227
166 157
119 150
275 180
373 226
183 134
206 214
280 211
187 179
218 196
182 111
184 143
187 128
268 178
211 223
178 88
138 202
213 187
277 223
109 165
170 149
153 201
283 221
207 176
326 222
269 198
189 81
269 213
142 124
265 204
254 174
188 132
203 241
203 114
193 130
155 136
207 91
315 240
132 199
235 163
254 165
146 154
322 226
172 180
237 157
184 177
347 229
111 165
269 196
171 179
195 88
273 202
248 160
154 193
185 176
166 160
258 174
272 173
293 229
274 183
333 219
269 207
251 161
216 176
194 130
205 213
193 88
158 137
166 133
200 223
208 104
171 147
210 112
225 197
280 202
237 156
165 124
272 208
327 221
280 223
175 183
178 169
167 154
254 176
262 177
161 151
187 180
216 99
175 149
266 177
137 213
214 215
267 198
174 85
160 182
217 219
277 166
195 115
136 221
179 169
157 140
205 92
152 191
223 206
195 128
212 194
318 234
188 75
113 160
190 74
276 183
207 239
185 110
181 182
271 174
237 159
140 220
211 175
125 145
320 232
188 90
208 223
152 196
215 233
155 197
217 93
268 208
183 175
211 96
120 150
193 123
312 251
273 169
225 159
278 208
194 127
334 219
213 96
152 143
111 154
152 190
161 144
137 212
184 86
273 167
193 173
210 178
326 224
181 127
351 228
176 87
213 222
127 150
133 208
146 151
211 239
217 196
270 185
209 232
321 227
188 104
127 151
268 187
114 158
209 106
188 178
134 199
213 188
182 126
205 90
196 93
219 216
338 236
190 179
218 211
145 142
241 172
194 184
168 182
148 125
110 165
269 212
203 115
152 193
204 223
210 93
268 181
338 221
191 72
310 241
212 180
178 84
240 161
169 152
353 225
129 139
205 239
186 102
194 69
214 167
149 200
332 242
356 219
276 166
271 169
185 178
114 162
146 210
154 145
296 227
144 219
208 103
182 125
137 208
247 153
279 198
138 149
318 229
220 230
210 238
161 147
152 188
131 205
203 222
148 126
239 154
323 226
150 197
215 193
163 148
290 225
189 130
325 224
201 224
156 176
193 127
190 80
276 218
225 161
142 217
180 146
255 172
207 212
187 174
266 191
218 223
259 211
174 180
155 184
272 171
145 210
196 185
168 156
278 211
312 223
181 185
187 121
208 96
119 152
210 96
149 211
185 112
204 241
268 197
167 179
157 178
134 200
175 185
175 148
312 250
158 147
207 90
366 225
268 196
193 70
204 231
154 187
216 216
305 230
250 170
205 87
267 189
180 168
178 125
188 109
180 83
210 223
300 226
214 115
209 231
136 207
143 125
327 240
192 118
194 68
161 132
187 114
187 147
308 221
318 235
220 219
205 226
162 129
239 161
147 153
321 225
151 124
253 176
147 200
112 154
210 111
151 201
186 81
213 215
197 179
147 124
318 226
184 144
182 135
313 221
225 163
155 133
316 229
134 150
245 160
293 226
188 88
187 133
202 223
206 111
203 99
144 210
208 110
120 152
201 175
209 105
198 188
251 164
180 112
316 227
241 173
306 243
139 202
125 144
370 225
205 222
146 124
333 237
224 162
141 150
205 91
278 213
325 233
247 152
260 210
191 122
191 127
185 121
163 180
226 160
150 198
213 189
210 176
216 215
209 107
267 213
145 140
277 211
295 232
298 227
323 233
181 118
182 112
138 135
266 172
169 153
269 214
142 206
173 172
204 119
174 152
311 210
298 226
131 225
224 195
217 218
255 176
132 205
215 235
320 228
296 232
230 163
208 212
265 168
188 185
210 208
270 180
166 184
150 203
174 154
338 216
285 224
221 164
149 127
229 163
212 96
200 90
291 228
201 119
123 142
353 226
237 158
150 199
146 156
149 197
339 218
266 192
211 220
145 141
182 145
182 179
277 181
119 148
137 147
297 227
179 147
162 152
157 186
190 70
219 210
208 94
216 95
342 222
211 178
157 145
133 130
156 199
179 118
124 146
191 71
207 105
134 148
354 227
125 152
288 228
322 223
305 235
258 177
159 146
143 149
153 132
264 204
125 149
212 113
328 241
115 164
263 177
162 148
156 132
197 118
137 138
245 154
167 160
182 118
268 173
268 185
360 224
272 190
176 151
183 178
206 113
169 149
198 180
170 176
196 127
137 205
264 209
273 212
227 159
214 168
187 84
322 235
341 213
190 75
147 197
190 71
274 202
302 244
199 119
216 224
128 202
199 122
269 191
175 180
318 227
149 128
262 169
302 243
196 119
167 183
187 102
265 209
201 99
266 198
173 147
191 86
115 150
185 168
277 162
328 221
185 131
155 196
205 212
267 186
134 139
178 147
211 172
144 138
129 226
167 150
179 145
216 233
174 168
175 86
294 229
129 144
115 162
250 161
220 200
153 146
310 208
324 223
168 149
309 207
145 147
321 235
168 131
363 226
279 222
309 240
138 197
186 118
138 211
143 138
158 130
172 189
268 202
183 187
188 168
188 80
178 171
151 190
277 212
218 208
316 230
142 201
159 184
266 179
176 148
223 205
158 186
211 226
316 238
337 220
126 144
180 171
165 148
336 220
165 153
193 132
134 137
159 139
183 118
334 240
147 142
352 230
196 123
367 227
126 149
237 162
185 107
209 100
175 120
207 241
177 165
187 178
152 130
233 163
263 167
239 156
269 180
268 209
308 226
219 207
205 99
270 197
211 188
183 176
205 103
158 131
219 214
182 168
113 149
247 151
174 122
139 144
248 158
213 186
144 222
217 176
178 167
219 212
275 219
309 222
310 213
220 203
184 120
146 144
277 207
267 197
213 166
211 219
335 218
123 152
251 172
267 209
134 145
109 164
190 86
161 152
208 239
134 206
313 249
160 181
272 199
206 225
175 153
207 178
129 200
173 144
114 160
129 150
276 164
156 137
314 222
234 164
186 131
144 141
203 113
241 153
204 120
218 191
113 152
119 166
196 183
183 128
249 158
215 197
206 110
206 109
205 108
259 209
149 126
269 205
272 191
184 85
219 192
181 143
372 225
206 89
208 111
288 226
276 212
270 190
161 180
211 173
216 238
218 165
333 216
150 195
170 160
286 224
202 91
208 208
196 125
259 175
210 233
211 170
331 221
183 135
308 238
277 214
140 212
186 108
317 226
173 173
238 160
221 230
267 204
158 138
189 129
193 126
182 169
187 89
209 211
154 202
154 199
157 133
342 228
170 152
164 123
214 175
175 87
218 198
195 186
118 165
308 241
167 122
220 229
248 172
278 166
169 160
276 219
213 171
111 155
245 157
215 162
211 187
119 147
112 165
334 237
176 144
133 132
343 223
255 175
213 113
208 222
130 139
261 208
273 200
194 188
212 190
289 226
203 230
334 239
169 179
214 94
152 124
186 82
187 87
174 125
114 152
188 118
172 179
310 249
210 105
303 244
277 224
154 195
210 104
141 215
266 190
200 179
172 178
187 168
171 180
270 170
181 181
113 148
140 148
210 171
192 87
186 112
172 154
138 215
226 164
269 197
202 97
217 165
192 191
179 144
117 152
311 225
276 216
259 176
138 219
312 217
298 230
255 178
308 208
207 87
208 100
228 162
209 223
151 123
223 194
158 183
299 227
190 82
125 147
194 67
218 192
188 146
249 172
194 170
165 123
299 226
219 199
313 241
295 231
178 135
156 187
133 199
143 148
242 154
166 123
164 151
343 224
223 207
174 183
178 124
147 144
225 160
326 233
220 209
286 221
201 179
242 176
113 147
183 127
309 208
206 232
247 173
181 126
333 221
174 124
153 124
182 83
307 222
252 165
174 171
195 127
181 83
277 180
280 205
126 150
303 234
139 136
258 212
338 214
188 103
134 203
323 234
205 123
177 164
179 184
143 141
319 233
114 150
314 240
198 179
281 223
222 158
188 108
369 226
187 83
314 241
222 159
138 145
166 126
135 206
151 197
187 86
195 183
208 174
167 153
178 144
222 231
245 175
115 151
219 230
215 164
268 210
174 144
206 103
186 114
370 226
220 198
356 221
286 222
161 133
183 140
176 152
156 146
174 177
204 115
338 237
215 234
186 115
228 164
333 236
209 208
199 225
154 135
131 133
270 179
340 229
308 246
133 129
287 223
202 98
285 221
274 170
142 207
212 187
250 168
208 173
267 181
239 160
154 185
161 131
224 204
196 90
277 167
211 227
192 93
129 142
275 223
193 192
309 221
124 143
136 194
278 221
210 239
183 136
212 234
184 118
217 162
135 196
338 222
242 174
191 193
130 202
202 222
260 172
131 228
209 213
212 236
277 169
118 150
140 201
212 176
293 227
152 189
175 186
272 169
219 211
208 232
269 166
363 227
186 83
330 218
139 149
293 228
223 162
338 218
244 154
134 208
326 221
217 163
143 143
179 143
213 114
173 154
261 176
220 199
275 216
318 231
307 243
216 165
185 171
135 150
305 240
311 222
189 173
171 177
306 230
341 224
211 174
219 198
134 222
213 181
133 206
279 224
188 77
170 179
277 168
153 195
174 186
171 145
342 224
164 134
131 137
358 224
173 174
312 248
137 219
326 234
221 191
183 138
358 225
357 221
349 228
137 207
215 236
133 197
155 135
151 128
190 129
307 209
187 140
178 172
283 220
277 216
193 128
132 137
188 76
284 224
246 173
222 196
365 225
213 97
266 186
209 93
140 215
312 241
264 167
176 143
194 181
307 221
205 232
210 174
208 109
187 148
270 167
264 191
223 196
188 144
362 221
307 238
147 196
162 179
367 225
270 211
208 236
274 181
357 218
303 240
261 177
211 221
137 209
330 238
149 144
344 225
200 92
225 196
273 203
175 124
157 180
316 235
275 218
217 95
192 121
193 177
333 217
183 131
195 117
279 169
157 146
119 149
257 172
268 186
132 222
221 222
191 131
135 152
183 133
304 228
214 169
217 232
307 233
310 243
332 243
245 176
147 147
345 225
223 160
196 179
220 221
138 210
278 220
169 150
213 182
181 177
113 150
177 167
210 100
141 137
220 162
362 220
152 192
135 205
163 122
248 173
311 217
211 112
270 182
177 185
138 146
318 232
167 184
370 228
177 149
158 181
209 170
134 138
180 86
189 182
183 83
323 228
172 165
203 122
198 89
247 160
175 85
282 207
187 78
275 212
250 160
321 233
214 197
171 164
274 213
282 224
309 220
218 162
227 163
185 167
279 208
314 223
161 146
207 103
203 228
341 229
180 126
161 140
122 142
315 239
207 177
245 174
157 144
176 124
205 100
211 180
265 169
302 241
157 139
146 123
139 205
270 175
178 149
131 150
139 221
193 69
173 145
213 200
338 238
138 224
310 222
117 151
184 176
216 232
169 132
334 218
195 92
318 228
276 207
280 199
220 210
203 123
215 217
191 70
199 121
211 234
271 211
336 218
156 177
271 199
167 182
148 154
274 214
153 190
195 185
210 189
276 220
203 229
223 204
259 173
181 178
195 89
172 147
357 220
207 111
208 101
210 188
209 236
273 173
136 150
206 106
207 240
240 174
132 136
264 215
311 245
212 223
188 115
357 219
266 195
164 130
220 202
181 142
165 128
155 137
323 225
212 175
186 121
156 123
207 173
163 152
218 92
175 182
197 89
208 99
181 136
212 193
157 202
139 207
244 155
134 146
346 223
152 145
258 171
122 141
175 165
182 131
266 204
221 199
184 142
186 113
339 222
273 170
207 88
155 183
208 90
128 151
143 206
372 226
124 144
158 182
279 201
209 210
175 119
139 201
238 156
133 151
312 245
184 145
265 186
136 223
304 226
180 164
273 191
193 93
177 163
311 208
179 166
274 179
206 224
131 226
121 153
165 152
195 70
303 228
186 146
166 132
333 218
184 131
191 120
204 113
133 138
239 155
201 115
367 226
272 183
321 226
246 154
183 130
187 181
249 170
154 144
183 112
331 240
187 80
273 217
134 202
287 226
137 199
164 131
181 134
214 97
133 137
154 143
175 169
193 92
304 230
188 91
130 150
192 119
199 118
210 214
169 133
271 175
147 143
135 147
271 198
154 190
311 216
213 170
213 115
250 169
112 151
141 206
311 209
192 174
168 132
184 119
222 223
200 225
315 227
188 81
219 165
214 166
133 133
171 146
327 234
193 176
137 197
217 217
214 163
173 125
215 195
141 208
142 149
267 193
159 185
312 208
195 179
268 174
355 225
186 143
201 118
219 208
136 198
263 207
180 185
210 225
371 226
267 182
167 149
255 165
151 132
265 171
243 177
304 231
268 199
365 227
207 232
207 89
258 170
198 226
195 188
334 238
215 189
187 171
189 178
192 70
149 145
175 166
132 132
147 150
334 236
368 226
145 139
277 215
344 227
210 216
280 200
156 202
183 84
331 241
194 191
179 173
310 246
194 172
176 165
269 190
269 204
255 166
316 228
141 219
236 163
176 118
147 210
321 234
186 140
194 171
353 231
327 238
148 197
313 248
273 172
275 217
309 218
152 144
137 149
196 189
203 231
361 224
131 200
196 124
111 151
225 204
198 90
224 194
370 224
373 225
178 115
179 125
202 175
329 221
213 180
165 183
149 129
208 97
209 96
279 199
350 225
362 225
178 148
194 129
195 130
270 176
302 233
219 209
168 179
183 169
351 227
110 164
308 218
277 163
129 143
167 159
243 154
178 118
113 162
210 221
215 165
298 232
154 186
147 121
138 198
121 142
349 229
115 163
203 116
169 131
281 221
140 200
176 172
131 222
178 89
340 222
119 164
186 116
192 120
222 192
301 226
202 114
218 216
323 224
248 154
191 87
186 147
210 92
203 175
140 147
164 126
304 239
262 208
205 242
195 184
144 201
358 227
152 132
192 124
142 209
205 106
211 238
171 152
204 91
164 152
184 178
364 227
351 226
268 190
215 96
175 172
222 162
359 227
225 162
310 220
275 167
257 175
191 83
191 178
355 218
191 191
331 220
324 224
168 122
189 88
263 169
165 127
218 222
234 159
149 143
216 162
206 177
207 112
270 212
147 145
219 219
187 106
208 105
219 222
210 234
141 217
204 240
195 181
221 162
307 208
221 196
192 171
132 151
146 150
200 91
309 226
138 218
150 124
309 223
254 172
125 153
180 84
134 221
190 83
151 127
227 162
211 218
137 221
214 236
217 94
171 153
151 200
215 166
245 159
214 188
191 125
157 179
207 99
207 93
153 196
173 190
283 223
113 165
268 214
267 195
266 170
267 190
243 173
138 212
212 178
250 167
225 199
187 185
157 142
150 145
149 201
274 167
302 242
190 182
173 189
296 228
143 137
263 209
131 202
212 189
165 129
237 163
330 242
190 79
269 183
355 227
196 120
270 183
135 203
313 223
266 210
332 221
191 84
184 186
160 150
279 211
137 204
136 222
139 215
231 163
265 214
213 195
116 164
311 211
155 123
183 145
245 158
168 153
146 153
216 94
186 144
168 160
117 164
132 128
222 208
173 121
197 184
311 215
151 145
269 178
328 223
314 227
154 123
266 171
142 199
125 146
134 220
339 213
173 188
211 217
139 224
354 226
136 219
278 169
212 192
151 131
185 142
164 183
256 174
219 217
133 202
182 129
258 172
316 236
175 167
131 138
275 166
215 176
134 198
252 172
163 181
166 153
195 180
204 176
251 162
191 189
185 187
212 235
272 174
199 179
164 146
307 239
152 195
327 239
204 121
311 224
182 109
178 86
251 167
280 203
213 185
197 188
311 250
184 187
346 229
219 203
342 227
285 219
190 189
129 151
267 172
234 160
220 220
195 187
136 147
148 143
269 206
291 227
326 226
205 88
219 231
133 222
171 165
136 195
200 118
226 163
165 126
330 239
137 224
319 232
357 226
170 147
241 161
264 186
187 77
180 125
160 145
183 186
216 189
309 219
141 216
191 190
224 207
175 152
140 199
210 177
187 129
240 154
182 178
183 129
190 176
323 236
271 168
204 106
182 110
314 221
148 211
258 211
138 136
206 102
268 180
204 242
276 202
276 165
222 205
131 227
303 226
195 190
247 159
203 227
227 160
269 192
161 148
188 121
135 153
208 112
317 227
167 181
135 208
164 182
126 151
172 168
181 164
132 206
255 164
339 223
163 149
180 118
136 138
139 204
272 175
185 86
357 222
111 156
147 198
357 223
155 182
183 137
258 213
181 146
191 74
203 93
151 202
193 124
239 174
311 212
142 137
197 225
196 92
202 99
135 207
207 242
184 132
337 219
192 80
274 182
158 132
185 179
207 106
213 175
337 236
272 180
290 226
335 236
185 109
135 148
150 125
273 183
211 95
150 123
262 170
212 170
114 159
167 132
363 225
197 183
214 193
203 240
193 178
183 139
175 83
315 230
217 225
169 162
339 214
213 236
362 223
161 134
250 172
138 221
339 215
177 183
187 132
222 160
179 185
146 200
174 176
148 200
160 132
251 171
302 226
189 176
323 227
188 167
326 225
218 231
204 226
348 228
297 232
140 206
358 219
192 130
187 79
221 207
197 117
160 180
327 236
173 86
344 228
224 193
192 125
174 188
278 219
343 225
145 200
187 110
131 224
322 224
137 203
308 243
328 239
180 85
202 240
223 161
140 219
175 178
173 176
215 237
173 167
185 117
266 193
274 171
158 185
281 208
168 183
235 158
206 101
113 163
341 223
194 90
287 225
270 178
270 177
187 104
209 97
187 112
212 172
189 181
191 73
311 246
205 240
177 84
187 75
145 149
193 67
332 241
135 204
158 146
186 186
312 246
191 181
220 205
179 165
138 147
315 238
214 176
167 157
119 165
176 183
151 130
313 226
154 184
153 198
215 97
194 183
276 223
185 115
155 200
140 221
308 245
274 180
137 202
208 242
129 140
221 202
259 177
351 225
170 161
130 223
271 183
164 149
283 224
267 199
158 178
247 154
262 166
192 192
340 213
195 126
260 209
204 233
209 209
275 179
192 92
145 124
218 218
169 159
