2864 1674
2871 1584
2869 1651
2859 1667
2813 1710
2861 1567
2859 1564
2867 1640
2860 1614
2829 1742
2821 1708
2829 1656
2868 1614
2848 1675
2862 1684
2851 1696
2836 1756
2835 1638
2838 1741
2868 1673
2863 1589
2864 1609
2830 1718
2862 1558
2833 1741
2787 1761
2864 1595
2852 1720
2840 1713
2811 1750
2867 1672
2829 1750
2851 1647
2836 1758
2859 1589
2878 1661
2865 1652
2864 1654
2867 1621
2819 1747
2862 1596
2875 1630
2867 1671
2833 1755
2788 1755
2866 1623
2885 1630
2837 1738
2863 1596
2852 1643
2854 1666
2872 1656
2865 1578
2786 1771
2869 1637
2857 1733
2844 1707
2865 1639
2818 1711
2865 1648
2849 1641
2831 1739
2855 1687
2882 1639
2874 1631
2855 1663
2855 1664
2829 1734
2854 1641
2854 1669
2876 1661
2873 1653
2853 1723
2825 1706
2840 1741
2863 1683
2859 1628
2861 1680
2870 1677
2835 1756
2862 1599
2879 1661
2789 1761
2866 1621
2874 1586
2841 1655
2862 1589
2857 1723
2863 1673
2837 1710
2866 1627
2857 1689
2862 1712
2875 1603
2867 1606
2867 1605
2875 1604
2851 1650
2867 1608
2866 1638
2863 1559
2863 1685
2821 1757
2827 1719
2868 1674
2863 1605
2827 1713
2876 1630
2822 1719
2853 1653
2864 1648
2839 1741
2829 1718
2859 1614
2837 1652
2867 1636
2860 1602
2878 1579
2874 1655
2853 1708
2855 1708
2867 1592
2864 1587
2839 1653
2821 1726
2838 1654
2819 1713
2835 1641
2821 1758
2876 1582
2866 1671
2861 1560
2862 1609
2813 1755
2863 1594
2853 1669
2878 1605
2824 1749
2866 1606
2856 1734
2863 1578
2828 1722
2866 1666
2852 1648
2828 1719
2862 1673
2865 1615
2873 1674
2852 1718
2834 1645
2865 1672
2838 1714
2870 1631
2859 1698
2860 1670
2827 1743
2824 1717
2866 1609
2858 1681
2861 1593
2865 1570
2826 1717
2836 1757
2863 1691
2838 1655
2859 1670
2851 1697
2855 1685
2876 1625
2790 1759
2862 1590
2857 1732
2867 1614
2866 1619
2855 1704
2873 1584
2852 1736
2810 1751
2838 1707
2861 1618
2834 1717
2876 1626
2876 1605
2856 1706
2851 1740
2865 1622
2861 1722
2797 1758
2850 1649
2825 1745
2876 1577
2867 1641
2865 1592
2859 1594
2835 1741
2832 1751
2865 1644
2841 1654
2850 1668
2850 1646
2849 1644
2825 1724
2820 1708
2855 1684
2839 1715
2819 1708
2851 1695
2812 1751
2861 1561
2787 1765
2821 1746
2872 1575
2850 1748
2859 1605
2888 1637
2785 1764
2856 1724
2859 1700
2828 1744
2826 1749
2861 1589
2813 1749
2872 1682
2862 1615
2859 1563
2790 1753
2787 1767
2880 1585
2822 1750
2869 1655
2854 1662
2862 1569
2861 1724
2829 1737
2865 1641
2870 1601
2841 1707
2788 1767
2862 1689
2864 1665
2868 1574
2820 1714
2811 1757
2830 1648
2854 1686
2822 1718
2873 1655
2863 1628
2856 1705
2860 1685
2888 1638
2818 1746
2826 1722
2852 1645
2861 1602
2831 1651
2864 1625
2821 1714
2822 1748
2838 1712
2840 1650
2848 1706
2791 1760
2855 1673
2868 1607
2877 1655
2864 1621
2854 1724
2852 1650
2785 1771
2864 1714
2822 1755
2872 1654
2854 1568
2881 1628
2862 1711
2858 1732
2835 1652
2835 1639
2851 1673
2830 1740
2801 1757
2865 1630
2859 1593
2860 1628
2874 1692
2875 1585
2859 1681
2857 1680
2864 1678
2840 1711
2852 1693
2788 1760
2864 1622
2878 1584
2824 1713
2863 1561
2872 1579
2857 1710
2827 1718
2829 1745
2863 1653
2837 1707
2861 1600
2866 1576
2885 1638
2858 1698
2831 1716
2798 1759
2828 1718
2871 1577
2812 1749
2888 1639
2861 1601
2848 1642
2855 1568
2820 1749
2812 1755
2876 1604
2821 1756
2876 1628
2822 1725
2862 1668
2815 1753
2882 1637
2854 1665
2858 1605
2874 1600
2853 1691
2852 1662
2845 1653
2861 1565
2851 1741
2824 1722
2856 1735
2869 1604
2858 1649
2863 1616
2850 1747
2868 1675
2847 1676
2833 1718
2860 1677
2866 1645
2882 1630
2871 1603
2823 1707
2806 1753
2864 1667
2865 1606
2815 1711
2835 1645
2861 1685
2863 1579
2871 1653
2874 1659
2863 1714
2827 1737
2878 1634
2828 1732
2849 1741
2870 1608
2856 1726
2878 1585
2861 1698
2864 1666
2882 1635
2848 1677
2791 1754
2872 1674
2841 1710
2876 1603
2865 1719
2828 1751
2807 1750
2854 1705
2867 1639
2861 1597
2833 1654
2864 1688
2855 1689
2792 1754
2863 1692
2857 1675
2849 1740
2849 1704
2832 1718
2862 1614
2848 1641
2847 1641
2831 1647
2861 1594
2873 1690
2789 1755
2831 1648
2852 1666
2853 1726
2823 1725
2863 1603
2863 1656
2859 1561
2869 1608
2853 1651
2886 1641
2846 1704
2838 1710
2881 1633
2841 1653
2864 1645
2789 1762
2822 1726
2790 1754
2830 1716
2838 1715
2837 1654
2820 1755
2819 1754
2828 1728
2862 1579
2856 1684
2865 1593
2804 1753
2861 1613
2870 1603
2878 1625
2856 1725
2868 1676
2865 1623
2868 1630
2787 1759
2860 1566
2795 1760
2870 1676
2858 1736
2856 1736
2818 1745
2833 1653
2871 1630
2872 1657
2879 1585
2864 1677
2823 1713
2813 1709
2852 1642
2869 1635
2874 1658
2811 1751
2816 1711
2854 1673
2864 1672
2840 1710
2863 1574
2836 1643
2840 1715
2880 1656
2880 1635
2795 1759
2872 1600
2860 1647
2821 1713
2850 1739
2829 1730
2837 1742
2846 1641
2864 1579
2831 1715
2864 1709
2863 1639
2878 1656
2857 1649
2873 1573
2864 1612
2827 1741
2870 1694
2873 1601
2823 1718
2864 1683
2842 1650
2831 1649
2819 1753
2881 1629
2833 1756
2860 1726
2853 1668
2814 1745
2793 1762
2840 1738
2863 1719
2847 1706
2814 1746
2876 1655
2833 1743
2836 1651
2863 1650
2858 1601
2882 1634
2875 1692
2866 1577
2841 1738
2865 1716
2824 1718
2792 1761
2850 1740
2868 1575
2788 1759
2827 1714
2853 1662
2870 1602
2866 1716
2878 1604
2892 1694
2870 1606
2867 1620
2868 1677
2864 1646
2869 1673
2863 1619
2838 1717
2832 1753
2861 1614
2855 1653
2851 1645
2860 1714
2800 1752
2867 1654
2849 1744
2877 1661
2818 1708
2860 1589
2815 1708
2850 1705
2829 1739
2856 1649
2882 1640
2873 1585
2801 1752
2830 1652
2854 1664
2826 1715
2867 1630
2827 1720
2863 1684
2877 1579
2869 1615
2863 1568
2822 1749
2811 1755
2855 1660
2859 1682
2863 1640
2863 1657
2785 1769
2855 1662
2884 1639
2865 1649
2846 1676
2822 1751
2851 1700
2849 1675
2828 1656
2851 1674
2845 1649
2854 1709
2870 1605
2872 1584
2865 1671
2845 1705
2866 1718
2880 1658
2863 1669
2851 1649
2822 1714
2818 1754
2832 1651
2827 1707
2872 1599
2856 1703
2854 1710
2862 1595
2863 1600
2863 1573
2838 1738
2848 1664
2875 1693
2866 1631
2832 1654
2811 1754
2863 1651
2868 1591
2870 1657
2868 1633
2853 1721
2864 1628
2877 1605
2866 1689
2832 1755
2865 1613
2859 1710
2799 1758
2864 1627
2865 1674
2879 1634
2863 1641
2871 1657
2861 1727
2857 1568
2857 1703
2814 1748
2856 1655
2844 1653
2800 1757
2784 1771
2868 1636
2868 1612
2830 1741
2827 1717
2827 1729
2856 1733
2855 1667
2866 1575
2789 1754
2865 1624
2851 1669
2875 1581
2873 1654
2828 1729
2865 1717
2820 1758
2863 1598
2868 1616
2871 1601
2822 1708
2863 1655
2861 1673
2856 1672
2885 1631
2836 1644
2828 1725
2880 1578
2859 1674
2863 1678
2862 1692
2880 1662
2850 1746
2839 1713
2798 1758
2856 1652
2864 1583
2858 1700
2852 1706
2809 1751
2862 1719
2829 1657
2823 1722
2863 1665
2840 1651
2879 1577
2851 1666
2824 1719
2866 1685
2866 1567
2861 1651
2829 1735
2820 1756
2841 1709
2830 1717
2860 1681
2864 1686
2804 1757
2861 1568
2877 1581
2866 1678
2828 1721
2847 1642
2863 1590
2814 1751
2818 1744
2853 1654
2830 1719
2804 1755
2871 1631
2830 1653
2849 1645
2863 1654
2836 1649
2824 1706
2851 1737
2876 1692
2863 1592
2836 1647
2838 1742
2814 1750
2821 1749
2826 1740
2819 1712
2830 1739
2856 1707
2827 1749
2840 1655
2862 1608
2864 1588
2826 1724
2868 1672
2865 1581
2856 1668
2861 1696
2830 1752
2863 1686
2828 1749
2881 1635
2858 1701
2862 1724
2855 1657
2865 1640
2852 1704
2836 1639
2862 1603
2828 1750
2862 1672
2865 1631
2859 1562
2877 1584
2831 1650
2825 1723
2837 1641
2864 1619
2794 1761
2795 1758
2895 1691
2845 1741
2868 1615
2865 1619
2868 1640
2793 1761
2786 1764
2841 1716
2844 1742
2853 1684
2828 1736
2862 1588
2870 1604
2820 1754
2836 1653
2850 1674
2860 1559
2864 1590
2843 1741
2842 1653
2863 1571
2862 1629
2886 1629
2864 1623
2857 1684
2791 1753
2863 1621
2804 1754
2860 1562
2863 1572
2880 1628
2862 1618
2811 1710
2862 1714
2858 1689
2833 1740
2863 1612
2834 1719
2853 1693
2862 1625
2867 1652
2834 1757
2813 1748
2869 1653
2857 1727
2869 1652
2880 1580
2850 1744
2865 1686
2863 1646
2834 1741
2829 1738
2865 1608
2861 1683
2865 1577
2861 1728
2853 1673
2813 1746
2810 1754
2853 1724
2865 1689
2864 1659
2836 1641
2858 1699
2864 1624
2831 1741
2861 1605
2844 1652
2842 1741
2863 1659
2851 1736
2864 1561
2873 1631
2858 1702
2866 1622
2868 1642
2833 1652
2849 1749
2835 1649
2815 1755
2864 1594
2880 1655
2863 1652
2861 1684
2834 1743
2863 1658
2902 1676
2869 1640
2855 1661
2865 1582
2867 1615
2842 1707
2835 1744
2859 1725
2857 1735
2867 1575
2860 1723
2856 1667
2832 1647
2850 1678
2881 1663
2860 1679
2830 1654
2839 1652
2861 1721
2960 1748
2859 1673
2792 1760
2811 1749
2870 1653
2827 1715
2850 1641
2838 1652
2822 1746
2829 1732
2852 1719
2849 1649
2859 1592
2865 1666
2858 1648
2863 1617
2833 1646
2867 1612
2864 1608
2868 1592
2853 1648
2847 1705
2827 1735
2836 1741
2865 1685
2861 1558
2825 1717
2823 1712
2850 1704
2863 1560
2861 1559
2873 1658
2866 1717
2869 1657
2852 1651
2827 1728
2827 1706
2881 1658
2851 1694
2825 1715
2831 1718
2851 1648
2879 1655
2794 1759
2873 1692
2855 1666
2804 1752
2863 1648
2829 1744
2873 1632
2818 1753
2812 1711
2864 1643
2828 1730
2816 1753
2879 1629
2833 1758
2823 1706
2873 1662
2855 1736
2841 1737
2853 1640
2848 1743
2872 1580
2882 1629
2864 1682
2863 1690
2836 1740
2856 1673
2866 1615
2870 1574
2796 1757
2879 1604
2822 1724
2860 1648
2864 1629
2863 1575
2814 1749
2877 1583
2868 1606
2865 1569
2862 1606
2847 1649
2879 1576
2857 1702
2960 1721
2861 1607
2867 1607
2850 1734
2869 1609
2864 1647
2818 1752
2869 1574
2836 1645
2862 1628
2849 1665
2824 1748
2851 1642
2862 1718
2824 1745
2864 1606
2841 1717
2831 1742
2823 1748
2790 1760
2870 1607
2819 1711
2874 1629
2859 1567
2882 1632
2868 1654
2872 1577
2879 1656
2878 1626
2874 1653
2836 1650
2790 1755
2874 1601
2843 1654
2862 1600
2867 1626
2874 1662
2842 1652
2850 1650
2881 1655
2802 1755
2868 1613
2869 1638
2851 1734
2862 1665
2866 1593
2867 1631
2829 1741
2879 1628
2856 1568
2797 1757
2793 1759
2858 1685
2862 1667
2859 1723
2885 1639
2874 1581
2879 1584
2818 1749
2836 1652
2860 1588
2855 1656
2862 1605
2873 1576
2860 1592
2814 1710
2871 1580
2863 1627
2831 1752
2835 1653
2865 1642
2869 1676
2806 1752
2850 1666
2834 1718
2834 1758
2859 1719
2826 1747
2815 1709
2865 1574
2853 1652
2878 1578
2829 1733
2810 1755
2844 1705
2825 1722
2858 1667
2787 1766
2861 1720
2830 1745
2867 1619
2818 1751
2877 1628
2795 1757
2886 1640
2851 1698
2786 1769
2825 1747
2828 1724
2859 1724
2880 1579
2854 1640
2834 1641
2862 1671
2852 1707
2850 1702
2852 1644
2885 1632
2863 1660
2823 1724
2878 1628
2817 1752
2874 1628
2839 1707
2839 1648
2787 1757
2862 1710
2862 1674
2802 1754
2859 1565
2875 1691
2867 1686
2853 1717
2864 1568
2865 1575
2863 1618
2864 1675
2865 1629
2853 1689
2882 1638
2854 1569
2829 1651
2830 1651
2856 1704
2839 1650
2869 1630
2825 1708
2819 1749
2866 1652
2861 1649
2868 1687
2875 1661
2850 1642
2861 1627
2864 1600
2852 1669
2871 1674
2860 1605
2885 1629
2860 1730
2862 1670
2865 1579
2881 1585
2852 1673
2856 1723
2862 1647
2817 1756
2858 1711
2863 1591
2878 1583
2863 1662
2850 1738
2829 1654
2824 1724
2859 1711
2858 1606
2864 1591
2869 1631
2870 1614
2875 1659
2864 1611
2871 1634
2818 1750
2873 1656
2823 1720
2863 1610
2830 1751
2858 1684
2878 1575
2864 1605
2827 1705
2805 1755
2848 1704
2852 1725
2821 1718
2799 1756
2866 1580
2854 1648
2856 1709
2853 1655
2862 1565
2844 1706
2858 1567
2848 1748
2827 1724
2864 1673
2844 1649
2787 1762
2860 1678
2857 1679
2786 1768
2852 1641
2846 1705
2788 1758
2826 1708
2849 1748
2876 1629
2873 1602
2860 1649
2844 1654
2853 1705
2842 1706
2894 1692
2871 1573
2855 1688
2868 1641
2863 1709
2880 1663
2822 1747
2860 1719
2794 1758
2877 1626
2857 1673
2855 1655
2867 1616
2848 1649
2869 1636
2863 1599
2861 1557
2866 1677
2853 1692
2880 1661
2867 1593
2854 1736
2854 1706
2852 1696
2861 1629
2864 1663
2826 1735
2860 1673
2872 1578
2857 1726
2851 1667
2821 1748
2858 1733
2864 1615
2874 1585
2836 1739
2868 1629
2837 1714
2834 1652
2862 1725
2864 1691
2877 1582
2863 1710
2833 1645
2852 1705
2817 1743
2843 1651
2852 1734
2864 1689
2860 1669
2872 1601
2829 1751
2862 1604
2861 1677
2873 1629
2789 1763
2865 1715
2858 1647
2870 1637
2882 1633
2858 1680
2869 1614
2853 1722
2826 1721
2852 1640
2861 1628
2864 1652
2875 1662
2844 1741
2853 1736
2859 1604
2880 1634
2863 1611
2862 1626
2862 1659
2865 1643
2863 1689
2892 1693
2857 1688
2819 1746
2856 1653
2822 1713
2863 1593
2862 1616
2839 1649
2864 1575
2826 1707
2832 1754
2860 1710
2861 1711
2864 1585
2825 1748
2838 1737
2862 1680
2861 1719
2843 1706
2863 1586
2850 1645
2842 1738
2851 1738
2842 1651
2880 1660
2827 1716
2787 1764
2855 1649
2851 1699
2882 1636
2868 1626
2858 1675
2854 1689
2872 1581
2862 1678
2847 1678
2851 1702
2863 1668
2869 1654
2837 1739
2850 1647
2796 1759
2836 1710
2855 1709
2853 1696
2858 1566
2867 1591
2863 1597
2853 1707
2835 1644
2807 1752
2870 1674
2866 1628
2865 1576
2822 1756
2857 1567
2856 1663
2807 1751
2836 1654
2792 1750
2864 1584
2865 1665
2854 1704
2862 1640
2862 1677
2860 1594
2858 1563
2858 1731
2819 1757
2857 1676
2874 1630
2851 1704
2828 1743
2875 1583
2862 1649
2867 1628
2812 1710
2818 1747
2843 1738
2903 1676
2864 1708
2864 1592
2828 1657
2825 1707
2880 1576
2856 1654
2864 1719
2832 1652
2952 1699
2864 1715
2864 1717
2825 1714
2839 1651
2862 1607
2893 1692
2841 1708
2803 1755
2874 1602
2860 1698
2820 1717
2863 1625
2816 1752
2862 1627
2827 1740
2842 1705
2861 1714
2857 1667
2869 1626
2859 1602
2869 1674
2864 1573
2854 1685
2864 1574
2861 1697
2883 1639
2802 1752
2875 1584
2787 1768
2864 1690
2868 1608
2858 1709
2824 1743
2841 1656
2808 1748
2867 1666
2865 1594
2861 1609
2836 1642
2839 1710
2832 1741
2868 1639
2880 1657
2861 1562
2804 1756
2834 1756
2869 1632
2844 1651
2826 1748
2865 1567
2864 1716
2810 1753
2859 1730
2837 1708
2865 1663
2941 1759
2849 1742
2864 1664
2847 1675
2841 1649
2862 1597
2814 1753
2822 1707
2875 1582
2850 1745
2836 1640
2851 1701
2863 1638
2788 1764
2785 1770
2869 1634
2842 1708
2859 1683
2880 1627
2850 1665
2786 1766
2862 1571
2861 1661
2886 1639
2830 1742
2864 1607
2865 1568
2825 1713
2856 1710
2838 1711
2858 1674
2861 1729
2883 1629
2872 1574
2868 1632
2863 1661
2827 1736
2879 1575
2852 1691
2821 1717
2861 1730
2870 1638
2865 1691
2836 1646
2879 1626
2855 1654
2840 1714
2872 1658
2856 1650
2866 1651
2836 1708
2867 1627
2817 1744
2819 1756
2881 1662
2861 1675
2871 1633
2837 1717
2793 1760
2872 1631
2801 1756
2862 1593
2840 1716
2830 1732
2866 1719
2865 1678
2851 1668
2846 1649
2817 1711
2877 1577
2839 1738
2867 1637
2825 1725
2863 1595
2848 1640
2879 1627
2853 1725
2842 1649
2861 1670
2861 1676
2862 1651
2860 1567
2861 1569
2866 1640
2863 1558
2862 1669
2834 1742
2854 1684
2808 1750
2827 1742
2867 1677
2886 1642
2802 1756
2832 1752
2848 1678
2835 1717
2853 1737
2864 1668
2835 1651
2859 1601
2880 1659
2865 1580
2864 1589
2802 1753
2861 1647
2811 1756
2850 1675
2826 1743
2858 1723
2857 1674
2799 1757
2868 1652
2851 1693
2865 1614
2861 1723
2829 1655
2882 1663
2878 1655
2855 1686
2862 1602
2853 1690
2835 1716
2865 1583
2882 1664
2864 1613
2866 1672
2843 1742
2823 1719
2850 1703
2855 1724
2857 1736
2817 1708
2867 1678
2788 1762
2809 1752
2867 1638
2809 1750
2865 1645
2856 1651
2895 1692
2853 1718
2854 1649
2815 1710
2859 1731
2814 1755
2868 1628
2828 1726
2836 1717
2827 1721
2789 1760
2870 1633
2865 1682
2853 1666
2787 1760
2833 1647
2873 1675
2859 1669
2811 1758
2883 1663
2813 1747
2823 1721
2872 1573
2859 1649
2789 1764
2866 1570
2882 1631
2857 1563
2833 1641
2871 1574
2810 1752
2862 1650
2849 1743
2863 1649
2792 1759
2860 1711
2818 1756
2869 1573
2875 1660
2863 1609
2883 1634
2853 1709
2881 1683
2864 1662
2851 1735
2837 1740
2824 1744
2844 1655
2887 1639
2859 1668
2844 1740
2878 1633
2864 1616
2873 1581
2856 1689
2828 1731
2860 1680
2788 1756
2858 1646
2841 1741
2869 1633
2860 1722
2801 1754
2825 1743
2862 1570
2841 1651
2868 1576
2860 1684
2856 1732
2862 1685
2862 1661
2884 1629
2809 1749
2859 1726
2854 1733
2843 1649
2862 1713
2825 1746
2840 1707
2838 1713
2861 1599
2859 1600
2838 1740
2797 1756
2877 1580
2859 1684
2828 1742
2814 1752
2864 1586
2848 1705
2830 1714
2818 1709
2809 1748
2868 1593
2829 1736
2866 1608
2847 1677
2859 1679
2820 1746
2861 1726
2855 1733
2788 1757
2808 1752
2869 1641
2831 1714
2814 1747
2819 1714
2849 1676
2875 1602
2878 1577
2860 1565
2872 1576
2871 1637
2862 1591
2838 1716
2873 1572
2866 1682
2805 1753
2828 1727
2857 1711
2864 1641
2832 1717
2862 1568
2858 1710
2834 1744
2871 1654
2853 1647
2867 1682
2849 1664
2869 1682
2870 1682
2869 1683
2871 1682
2869 1684
2852 1700
2816 1708
2869 1685
2855 1726
2868 1685
2874 1584
2867 1685
2870 1684
2871 1684
2871 1685
2872 1685
2877 1660
2872 1686
2851 1678
2872 1687
2851 1679
2872 1688
2854 1680
2872 1689
2852 1679
2787 1771
2872 1690
2853 1680
2852 1680
2871 1690
2900 1677
2852 1681
2852 1682
2870 1690
2871 1691
2851 1683
2852 1683
2870 1689
2871 1692
2851 1684
2852 1684
2869 1689
2871 1693
2879 1579
2868 1689
2872 1693
2870 1693
2879 1583
2867 1689
2868 1688
2873 1693
2873 1685
2873 1684
2873 1683
2874 1683
2875 1683
2876 1683
2875 1684
2877 1683
2876 1682
2875 1685
2877 1684
2875 1686
2877 1685
2875 1687
2878 1685
2879 1685
2880 1685
2879 1686
2881 1685
2880 1684
2879 1687
2882 1685
2880 1683
2880 1687
2879 1688
2882 1686
2879 1683
2851 1703
2881 1687
2880 1688
2784 1772
2883 1686
2881 1682
2880 1689
2884 1686
2880 1690
2884 1687
2864 1692
2880 1691
2885 1687
2881 1691
2880 1692
2885 1688
2882 1691
2880 1693
2885 1689
2882 1692
2880 1694
2886 1689
2881 1694
2887 1689
2882 1694
2881 1695
2887 1688
2887 1687
2887 1686
2888 1686
2889 1686
2890 1686
2889 1685
2890 1687
2889 1684
2891 1687
2890 1688
2890 1684
2888 1684
2889 1683
2892 1687
2889 1688
2891 1684
2890 1683
2887 1684
2889 1682
2892 1688
2889 1689
2892 1684
2889 1681
2893 1688
2892 1689
2889 1690
2893 1684
2892 1685
2892 1683
2889 1691
2894 1684
2892 1682
2890 1691
2793 1750
2892 1681
2891 1691
2793 1751
2792 1751
2892 1680
2891 1692
2791 1751
2788 1771
2893 1680
2892 1692
2891 1693
2791 1752
2895 1684
2895 1685
2895 1683
2895 1686
2895 1682
2896 1686
2894 1686
2897 1686
2898 1686
2898 1687
2898 1685
2898 1688
2898 1684
2897 1688
2898 1683
2897 1689
2899 1683
2896 1689
2897 1690
2900 1683
2899 1682
2895 1689
2898 1690
2900 1682
2899 1681
2899 1690
2899 1680
2900 1680
2899 1679
2900 1679
2898 1679
2843 1743
2900 1678
2898 1678
2852 1721
2901 1678
2898 1677
2902 1678
2901 1677
2899 1677
2901 1676
2904 1676
2905 1676
2906 1676
2907 1676
2906 1675
2908 1676
2907 1677
2906 1674
2909 1676
2907 1678
2906 1673
2910 1676
2907 1679
2907 1673
2906 1672
2910 1675
2907 1680
2908 1673
2906 1671
2906 1680
2907 1681
2909 1673
2908 1672
2906 1670
2905 1680
2908 1681
2909 1674
2909 1672
2908 1671
2904 1680
2909 1681
2908 1682
2910 1672
2908 1670
2909 1680
2908 1683
2909 1670
2908 1669
2910 1680
2907 1683
2910 1670
2909 1669
2907 1669
2911 1680
2907 1684
2911 1670
2910 1669
2912 1680
2907 1685
2912 1670
2911 1671
2913 1680
2912 1679
2913 1670
2912 1669
2914 1680
2913 1681
2914 1670
2915 1680
2914 1681
2914 1679
2913 1682
2915 1670
2914 1671
2915 1679
2914 1678
2915 1669
2914 1672
2916 1679
2914 1677
2915 1668
2915 1672
2917 1679
2916 1678
2915 1677
2916 1668
2914 1668
2916 1672
2915 1673
2917 1680
2917 1678
2915 1676
2916 1667
2914 1667
2917 1672
2917 1681
2918 1678
2916 1676
2916 1666
2918 1672
2917 1673
2935 1767
2917 1682
2919 1678
2917 1676
2917 1666
2918 1673
2918 1682
2916 1682
2917 1683
2920 1678
2917 1675
2918 1666
2917 1665
2919 1682
2917 1684
2920 1679
2920 1677
2918 1675
2918 1665
2917 1664
2916 1684
2920 1676
2918 1664
2916 1664
2915 1684
2921 1676
2919 1676
2915 1664
2915 1685
2922 1676
2921 1675
2914 1664
2915 1665
2915 1686
2923 1676
2922 1675
2913 1664
2914 1663
2914 1686
2915 1687
2923 1677
2922 1674
2914 1662
2913 1686
2916 1687
2914 1661
2912 1686
2913 1687
2916 1688
2913 1661
2914 1660
2911 1686
2916 1689
2912 1661
2915 1660
2914 1659
2916 1690
2911 1661
2914 1658
2917 1690
2915 1690
2911 1662
2911 1660
2913 1658
2914 1657
2918 1690
2914 1690
2910 1662
2911 1663
2911 1659
2915 1657
2919 1690
2914 1691
2914 1689
2909 1662
2910 1663
2912 1663
2916 1657
2919 1691
2919 1689
2913 1691
2914 1692
2909 1663
2909 1661
2917 1657
2916 1656
2920 1691
2920 1689
2913 1692
2914 1693
2909 1664
2908 1661
2909 1660
2917 1658
2916 1655
2920 1692
2920 1688
2912 1692
2915 1693
2908 1664
2917 1655
2921 1692
2920 1693
2921 1688
2920 1687
2911 1692
2916 1693
2908 1665
2918 1655
2922 1692
2920 1694
2922 1688
2910 1692
2911 1693
2908 1666
2918 1656
2922 1693
2919 1694
2923 1688
2910 1693
2907 1666
2908 1667
2923 1693
2922 1694
2924 1688
2909 1693
2906 1666
2922 1695
2924 1687
2908 1693
2906 1665
2923 1695
2924 1686
2907 1693
2905 1665
2906 1664
2924 1695
2925 1686
2923 1686
2906 1693
2907 1692
2905 1664
2925 1695
2924 1696
2926 1686
2925 1685
2905 1693
2907 1691
2904 1664
2905 1663
2926 1695
2905 1694
2907 1690
2903 1664
2904 1663
2927 1695
2926 1696
2926 1694
2905 1695
2908 1690
2906 1690
2902 1664
2904 1662
2926 1697
2926 1693
2909 1690
2901 1664
2902 1665
2903 1662
2904 1661
2926 1698
2926 1692
2902 1666
2902 1662
2904 1660
2926 1699
2927 1692
2926 1691
2901 1662
2902 1661
2927 1699
2925 1699
2926 1700
2928 1692
2925 1691
2926 1690
2902 1660
2927 1700
2926 1701
2929 1692
2924 1691
2901 1660
2902 1659
2927 1701
2925 1701
2930 1692
2924 1692
2900 1660
2902 1658
2928 1701
2924 1701
2925 1702
2931 1692
2930 1691
2899 1660
2900 1661
2903 1658
2925 1703
2932 1692
2899 1659
2925 1704
2933 1692
2932 1693
2932 1691
2898 1659
2899 1658
2926 1704
2933 1693
2932 1690
2897 1659
2927 1704
2926 1705
2934 1693
2933 1694
2931 1690
2897 1660
2897 1658
2927 1705
2926 1706
2935 1693
2933 1695
2931 1689
2896 1660
2897 1661
2896 1658
2928 1705
2926 1707
2935 1692
2931 1688
2898 1661
2895 1658
2896 1657
2929 1705
2926 1708
2935 1691
2930 1688
2931 1687
2894 1658
2896 1656
2930 1705
2927 1708
2925 1708
2926 1709
2935 1690
2932 1687
2931 1686
2893 1658
2894 1659
2897 1656
2895 1656
2896 1655
2928 1708
2924 1708
2925 1709
2934 1690
2935 1689
2930 1686
2931 1685
2892 1658
2893 1657
2898 1656
2895 1655
2896 1654
2924 1709
2924 1707
2925 1710
2936 1689
2931 1684
2892 1659
2892 1657
2896 1653
2923 1707
2924 1706
2937 1689
2930 1684
2931 1683
2892 1660
2897 1653
2895 1653
2922 1707
2938 1689
2929 1684
2930 1683
2932 1683
2891 1660
2892 1661
2898 1653
2894 1653
2922 1708
2938 1690
2938 1688
2930 1682
2890 1660
2891 1661
2898 1654
2898 1652
2921 1708
2922 1709
2939 1688
2929 1682
2930 1681
2889 1660
2891 1662
2899 1654
2898 1651
2922 1710
2940 1688
2928 1682
2930 1680
2889 1661
2889 1659
2900 1654
2897 1651
2898 1650
2921 1710
2922 1711
2941 1688
2940 1687
2927 1682
2928 1683
2931 1680
2929 1680
2889 1662
2900 1653
2896 1651
2897 1650
2921 1711
2922 1712
2942 1688
2926 1682
2929 1679
2889 1663
2896 1650
2920 1711
2923 1712
2922 1713
2942 1689
2925 1682
2926 1683
2929 1678
2890 1663
2888 1663
2896 1649
2924 1712
2921 1713
2943 1689
2924 1682
2925 1683
2926 1684
2929 1677
2890 1664
2895 1649
2924 1713
2920 1713
2921 1714
2930 1677
2929 1676
2895 1648
2921 1715
2930 1676
2928 1676
2895 1647
2922 1715
2920 1715
2927 1676
2896 1647
2894 1647
2922 1716
2920 1716
2926 1676
2927 1675
2896 1646
2923 1716
2920 1717
2927 1674
2897 1646
2923 1717
2920 1718
2897 1645
2924 1717
2923 1718
2920 1719
2924 1718
2923 1719
2920 1720
2923 1720
2919 1720
2920 1721
2924 1720
2918 1720
2925 1720
2924 1721
2917 1720
2918 1719
2926 1720
2916 1720
2917 1721
2926 1721
2916 1721
2916 1719
2917 1722
2927 1721
2916 1722
2915 1719
2916 1718
2928 1721
2916 1723
2914 1719
2929 1721
2915 1723
2916 1724
2913 1719
2929 1722
2929 1720
2915 1724
2917 1724
2912 1719
2929 1719
2914 1724
2915 1725
2917 1725
2911 1719
2929 1718
2915 1726
2917 1726
2911 1720
2930 1718
2929 1717
2914 1726
2917 1727
2910 1720
2931 1718
2930 1717
2929 1716
2914 1727
2918 1727
2917 1728
2909 1720
2932 1718
2931 1719
2930 1716
2913 1727
2914 1728
2919 1727
2908 1720
2932 1719
2913 1728
2919 1726
2907 1720
2908 1719
2932 1720
2920 1726
2919 1725
2906 1720
2908 1718
2932 1721
2921 1726
2906 1721
2906 1719
2907 1718
2908 1717
2932 1722
2922 1726
2906 1722
2905 1719
2909 1717
2908 1716
2933 1722
2922 1727
2922 1725
2907 1722
2906 1723
2908 1715
2922 1728
2922 1724
2906 1724
2908 1714
2923 1728
2922 1729
2923 1724
2922 1723
2906 1725
2907 1714
2908 1713
2921 1729
2922 1730
2923 1723
2906 1726
2907 1713
2909 1713
2921 1730
2922 1731
2906 1727
2906 1713
2910 1713
2920 1730
2923 1731
2922 1732
2907 1727
2905 1727
2906 1728
2905 1713
2910 1714
2919 1730
2924 1731
2923 1732
2922 1733
2908 1727
2907 1728
2904 1727
2905 1714
2905 1712
2924 1732
2922 1734
2909 1727
2907 1729
2903 1727
2904 1726
2904 1714
2904 1712
2925 1732
2921 1734
2922 1735
2910 1727
2909 1728
2907 1730
2903 1726
2903 1714
2904 1715
2926 1732
2925 1733
2910 1726
2902 1726
2903 1725
2903 1715
2927 1732
2926 1731
2925 1734
2910 1725
2902 1715
2903 1716
2928 1732
2927 1733
2925 1735
2910 1724
2901 1715
2903 1717
2929 1732
2928 1731
2924 1735
2925 1736
2911 1724
2909 1724
2910 1723
2904 1717
2903 1718
2929 1731
2928 1730
2925 1737
2912 1724
2903 1719
2929 1730
2927 1730
2928 1729
2925 1738
2912 1725
2902 1719
2903 1720
2930 1730
2927 1729
2926 1738
2925 1739
2903 1721
2931 1730
2927 1728
2858 1697
2926 1739
2924 1739
2904 1721
2903 1722
2926 1728
2928 1738
2927 1739
2923 1739
2902 1722
2925 1728
2926 1727
2928 1739
2928 1737
2922 1739
2925 1729
2926 1726
2929 1739
2928 1740
2928 1736
2922 1740
2922 1738
2925 1730
2926 1725
2930 1739
2928 1735
2922 1741
2921 1738
2922 1737
2927 1725
2926 1724
2930 1740
2930 1738
2929 1735
2923 1741
2921 1741
2921 1737
2923 1737
2927 1724
2931 1740
2930 1737
2929 1734
2923 1742
2920 1741
2921 1742
2928 1724
2932 1740
2931 1737
2924 1742
2923 1743
2919 1741
2920 1740
2929 1724
2928 1723
2933 1740
2932 1741
2932 1737
2931 1736
2925 1742
2922 1743
2923 1744
2919 1742
2920 1739
2930 1724
2933 1739
2922 1744
2923 1745
2931 1724
2934 1739
2921 1744
2924 1745
2935 1739
2921 1745
2936 1739
2935 1740
2937 1739
2935 1741
2938 1739
2937 1738
2936 1741
2939 1739
2937 1737
2937 1741
2936 1742
2940 1739
2939 1740
2939 1738
2936 1737
2938 1741
2937 1742
2936 1743
2939 1741
2939 1737
2936 1736
2938 1742
2940 1741
2940 1737
2936 1735
2938 1743
2940 1742
2941 1737
2937 1735
2936 1734
2938 1744
2941 1742
2940 1743
2938 1735
2936 1733
2939 1744
2940 1744
2937 1733
2936 1732
2939 1745
2937 1732
2939 1746
2937 1731
2940 1746
2939 1747
2937 1730
2940 1747
2938 1747
2936 1730
2937 1729
2941 1747
2938 1748
2935 1730
2938 1729
2942 1747
2935 1731
2939 1729
2943 1747
2942 1746
2939 1728
2943 1748
2940 1728
2939 1727
2943 1749
2938 1727
2939 1726
2942 1749
2943 1750
2937 1727
2940 1726
2944 1750
2943 1751
2936 1727
2937 1726
2941 1726
2943 1752
2937 1725
2941 1725
2944 1752
2942 1752
2943 1753
2941 1724
2944 1753
2941 1752
2942 1753
2943 1754
2942 1724
2941 1723
2940 1752
2941 1751
2943 1755
2943 1724
2940 1723
2939 1752
2940 1753
2943 1756
2943 1725
2943 1723
2939 1723
2940 1722
2938 1752
2939 1751
2944 1756
2943 1757
2943 1726
2944 1723
2939 1722
2937 1752
2945 1756
2943 1758
2945 1723
2937 1753
2946 1756
2943 1759
2945 1722
2936 1753
2937 1754
2947 1756
2946 1755
2943 1760
2946 1722
2947 1757
2946 1754
2868 1655
2943 1761
2947 1722
2948 1757
2947 1754
2946 1753
2943 1762
2948 1722
2947 1721
2948 1754
2946 1752
2944 1762
2943 1763
2948 1723
2949 1754
2948 1753
2946 1751
2945 1762
2949 1723
2950 1754
2948 1752
2945 1763
2949 1724
2950 1755
2950 1753
2949 1752
2948 1751
2945 1764
2949 1725
2950 1756
2950 1752
2948 1750
2946 1764
2944 1764
2945 1765
2950 1725
2951 1756
2949 1750
2948 1749
2944 1765
2945 1766
2951 1725
2951 1757
2950 1750
2943 1765
2952 1725
2951 1724
2952 1757
2951 1750
2942 1765
2943 1766
2952 1726
2951 1723
2953 1757
2952 1750
2941 1765
2943 1767
2952 1727
2952 1723
2953 1758
2953 1756
2952 1749
2940 1765
2942 1767
2951 1727
2952 1728
2952 1722
2954 1758
2954 1756
2953 1749
2952 1748
2939 1765
2940 1764
2941 1767
2951 1728
2952 1729
2952 1721
2876 1691
2954 1759
2954 1755
2954 1749
2940 1763
2940 1767
2953 1721
2955 1755
2954 1754
2954 1748
2939 1763
2939 1767
2953 1720
2954 1753
2955 1748
2954 1747
2938 1763
2939 1762
2938 1767
2953 1719
2955 1753
2953 1753
2954 1752
2956 1748
2955 1747
2938 1764
2938 1762
2872 1683
2938 1768
2952 1719
2955 1752
2957 1748
2956 1749
2955 1746
2938 1761
2940 1761
2939 1760
2938 1769
2952 1718
2955 1751
2956 1746
2955 1745
2938 1760
2940 1760
2939 1759
2939 1769
2937 1769
2952 1717
2957 1746
2954 1745
2937 1760
2941 1760
2939 1758
2940 1769
2939 1770
2936 1769
2953 1717
2952 1716
2958 1746
2957 1745
2953 1745
2941 1769
2940 1770
2936 1768
2953 1716
2951 1716
2959 1746
2958 1747
2952 1745
2953 1746
2953 1744
2941 1770
2935 1768
2954 1716
2950 1716
2960 1746
2959 1745
2953 1743
2934 1768
2955 1716
2950 1717
2950 1715
2938 1732
2960 1745
2959 1744
2952 1743
2934 1769
2934 1767
2956 1716
2950 1718
2949 1715
2952 1696
2960 1744
2959 1743
2951 1743
2934 1770
2957 1716
2948 1715
2953 1699
2961 1744
2958 1743
2933 1770
2934 1771
2957 1717
2957 1715
2947 1715
2954 1699
2961 1743
2957 1743
2958 1742
2932 1770
2934 1772
2958 1717
2957 1718
2957 1714
2947 1714
2953 1696
2957 1742
2932 1771
2933 1772
2934 1773
2959 1717
2958 1714
2946 1714
2953 1698
2954 1698
2956 1742
2931 1771
2933 1773
2934 1774
2959 1718
2959 1714
2945 1714
2946 1713
2953 1697
2930 1771
2933 1774
2934 1775
2960 1718
2959 1719
2959 1713
2946 1712
2954 1697
2930 1770
2935 1775
2961 1718
2959 1720
2960 1713
2959 1712
2946 1711
2955 1697
2930 1769
2936 1775
2935 1776
2962 1718
2960 1720
2959 1721
2960 1712
2947 1711
2945 1711
2956 1697
2929 1769
2936 1776
2963 1718
2962 1719
2959 1722
2960 1711
2948 1711
2945 1710
2964 1718
2963 1717
2961 1711
2960 1710
2944 1710
2960 1709
2960 1708
2961 1708
2959 1708
2960 1707
2962 1708
2959 1707
2963 1708
2964 1708
2963 1709
2964 1707
2965 1707
2964 1706
2964 1705
2964 1704
2964 1703
2965 1703
2964 1702
2965 1702
2963 1702
2965 1701
2962 1702
2963 1701
2966 1701
2961 1702
2963 1700
2967 1701
2966 1700
2961 1701
2968 1701
2961 1700
2969 1701
2961 1699
2970 1701
2962 1699
2960 1699
2970 1702
2970 1700
2962 1698
2960 1698
2971 1700
2962 1697
2959 1698
2971 1699
2963 1697
2962 1696
2959 1697
2971 1698
2964 1697
2958 1697
2959 1696
2972 1698
2957 1697
2960 1696
2959 1695
2961 1746
2962 1746
2963 1746
2963 1747
2963 1748
2962 1748
2963 1749
2962 1749
2961 1749
2960 1749
2853 1663
