214 231
229 187
209 243
214 219
226 203
236 189
242 178
235 251
166 204
198 202
257 183
265 201
247 175
220 232
210 243
253 160
241 230
231 253
209 198
173 200
274 174
296 197
239 219
203 229
198 194
271 173
219 220
221 233
247 229
229 202
256 157
249 184
188 214
221 214
204 221
262 214
226 252
263 202
236 239
211 200
235 164
221 223
229 265
237 236
260 214
238 207
288 197
240 218
259 206
241 250
248 180
249 235
270 180
239 254
250 161
189 216
287 188
244 181
240 182
184 221
231 252
246 177
180 216
262 201
182 211
177 210
216 241
215 226
234 187
275 197
218 238
193 201
260 225
215 209
267 203
257 239
257 220
268 184
227 262
167 206
280 214
230 165
222 269
240 250
178 201
182 213
244 259
281 211
196 196
275 215
214 227
178 207
220 269
238 259
238 211
182 223
200 194
208 233
243 233
225 234
229 203
193 199
223 232
208 231
195 244
220 235
251 163
237 235
195 202
237 185
222 240
229 240
280 189
235 267
240 222
228 232
201 203
233 252
284 176
215 213
261 196
272 173
186 200
274 190
211 203
289 192
226 245
252 233
216 261
240 200
199 196
227 242
246 200
230 249
213 220
257 188
246 179
222 214
288 176
252 186
290 251
238 252
197 201
219 262
233 238
202 244
252 234
251 226
293 198
178 213
225 239
257 155
237 240
247 236
257 218
220 217
275 212
229 190
217 213
230 204
220 267
221 221
177 207
233 260
277 177
203 204
256 236
198 244
232 273
273 180
175 195
230 252
228 258
264 230
195 243
201 187
263 197
241 184
243 230
237 202
289 188
240 213
257 195
255 173
287 197
200 195
230 236
257 219
257 222
237 183
287 198
288 188
272 177
220 263
219 238
232 252
227 234
178 199
268 185
286 176
202 188
255 171
275 193
239 214
238 213
233 258
275 213
276 175
240 197
206 244
241 257
246 202
208 243
243 236
203 248
197 202
264 238
246 206
219 217
233 259
207 197
202 243
231 272
227 202
224 224
227 248
241 236
209 193
238 260
222 232
206 201
165 212
213 231
175 220
220 221
255 180
202 197
222 270
260 230
283 177
227 250
216 212
257 174
277 175
243 197
202 204
220 272
228 243
258 174
254 178
239 200
172 207
211 193
249 163
170 203
219 271
257 225
177 214
251 222
295 197
285 184
244 173
291 193
209 235
255 185
224 230
264 240
210 236
263 175
213 233
171 207
216 207
202 229
224 272
225 244
241 241
255 213
271 202
227 249
238 182
200 188
182 199
241 213
213 205
222 228
259 195
207 194
245 209
224 259
227 265
265 180
261 201
166 203
188 212
176 221
172 209
256 221
256 182
260 238
228 202
195 197
185 200
291 194
258 183
233 274
222 221
209 201
264 201
167 203
174 209
232 234
295 189
260 213
261 214
193 198
220 214
211 197
255 188
258 182
239 191
236 203
221 268
295 191
234 251
256 219
260 226
213 219
166 205
240 184
231 257
230 269
247 230
235 186
260 204
236 198
274 192
273 178
236 183
185 212
232 238
225 240
237 211
237 255
255 221
232 237
221 232
271 201
243 178
264 235
276 214
175 196
245 181
261 175
169 202
186 211
229 252
199 190
173 201
258 192
257 156
207 198
233 257
289 194
166 200
171 202
197 195
258 193
276 187
204 224
271 181
206 230
178 197
188 221
259 239
274 182
215 227
261 174
234 252
275 214
287 186
230 259
295 187
258 175
173 202
261 230
276 208
228 241
241 256
235 254
252 162
237 171
241 221
212 192
216 218
290 189
219 240
219 274
227 245
275 206
255 175
230 202
288 185
239 198
223 225
199 244
220 238
219 273
223 248
232 265
251 234
259 232
275 175
225 259
293 199
177 213
226 262
234 184
219 216
259 175
301 187
240 178
234 185
176 208
261 227
240 221
180 200
203 231
237 204
240 224
244 210
175 209
263 176
263 240
239 242
227 251
237 191
221 222
289 186
245 256
177 218
266 178
179 201
294 196
178 209
256 158
212 240
205 246
183 226
183 212
264 237
231 166
246 236
235 195
242 176
259 191
281 188
215 242
277 190
248 238
261 226
272 213
230 257
295 188
292 187
245 183
233 256
242 177
285 180
252 221
236 180
202 202
245 236
226 271
244 234
237 200
300 187
285 186
276 206
243 173
205 198
278 214
204 202
292 198
217 269
259 190
284 188
228 248
238 201
223 272
294 198
235 183
238 208
276 191
281 214
268 183
226 234
285 178
168 202
213 193
205 245
221 271
245 206
219 235
205 227
186 223
231 265
165 206
210 201
233 272
246 178
226 244
268 203
202 200
280 213
229 262
288 177
264 203
223 268
178 224
173 203
238 240
240 171
204 228
243 177
235 204
217 212
247 203
294 197
229 188
177 216
257 214
203 187
219 261
274 175
234 264
236 241
226 250
275 209
240 196
239 180
250 238
177 221
229 238
234 267
236 179
238 235
205 221
238 169
259 205
235 184
261 195
285 182
210 232
178 227
246 205
241 258
241 237
212 221
233 189
223 228
285 179
273 175
244 233
226 206
233 251
266 198
285 187
246 208
204 200
242 170
194 244
213 234
245 230
257 173
242 231
253 186
252 166
229 258
221 230
176 196
298 187
231 189
251 164
279 189
255 158
271 197
200 189
179 228
229 184
237 169
268 202
261 215
217 237
247 228
217 268
293 187
272 198
234 183
214 232
221 228
280 188
205 229
215 212
234 256
183 199
239 238
270 181
219 267
266 201
250 185
210 242
171 201
231 190
238 206
277 215
227 247
237 217
278 190
193 202
229 236
244 198
254 221
255 186
175 203
240 198
273 204
258 225
270 197
257 189
225 241
208 230
266 176
233 275
292 189
208 232
200 198
241 171
275 208
240 192
206 196
250 234
290 196
237 258
224 267
298 196
242 196
215 210
245 174
221 235
212 238
246 258
220 215
232 253
265 175
178 210
168 203
210 193
261 240
228 265
236 242
266 183
247 237
200 243
265 203
284 186
229 266
264 236
227 260
286 187
234 202
255 237
263 229
245 172
274 193
215 204
256 186
299 187
262 227
236 200
232 240
299 186
254 239
245 235
231 187
178 214
260 205
170 202
271 204
178 208
263 173
251 165
291 196
208 235
254 160
238 233
248 184
193 197
268 186
173 195
260 239
253 167
233 164
243 250
226 231
240 225
287 187
246 230
256 237
235 239
240 201
239 182
178 226
238 241
228 260
258 242
175 201
204 227
258 209
291 189
226 202
251 187
179 222
257 238
209 229
172 205
248 228
242 241
212 237
216 240
217 227
201 197
194 202
238 171
254 218
230 258
256 194
170 207
402 248
255 170
247 182
227 243
237 210
210 244
267 178
185 223
234 266
188 213
199 198
231 188
241 170
247 235
234 265
204 231
177 198
184 223
200 196
242 168
211 199
224 225
236 187
242 258
227 233
224 239
204 246
200 191
294 194
216 205
237 168
226 241
245 177
222 231
211 196
266 227
233 239
268 181
210 202
256 240
236 208
238 218
222 272
241 229
295 192
274 213
236 233
210 200
209 232
253 222
259 224
298 197
205 230
239 220
240 202
191 199
238 212
221 236
237 190
263 234
238 214
213 238
246 181
241 240
234 196
263 230
202 230
243 180
291 197
204 226
274 197
289 189
274 212
190 199
257 212
286 177
272 176
263 199
246 228
178 220
188 222
250 229
209 233
242 208
188 200
215 219
266 180
240 227
226 246
268 180
267 179
181 216
211 231
181 199
240 206
233 204
257 211
206 198
235 187
174 203
233 182
230 166
272 203
221 263
166 202
284 181
264 232
272 202
237 205
293 193
201 188
297 197
293 196
278 192
222 262
250 163
240 228
223 260
228 201
264 202
251 161
250 164
265 174
256 172
208 196
237 199
200 193
255 187
237 167
249 161
260 240
277 176
217 226
207 196
274 205
188 223
237 192
282 188
233 250
203 247
211 239
238 217
245 229
234 164
212 205
243 258
213 240
212 223
267 186
248 182
296 194
241 185
165 210
211 202
221 224
205 199
237 181
214 242
217 219
221 227
259 213
242 251
239 211
202 196
179 212
245 173
223 224
249 229
185 222
242 167
255 178
172 208
277 214
262 174
224 263
242 239
222 268
263 227
214 228
228 262
268 198
224 231
218 269
234 259
277 191
256 218
214 207
236 235
235 207
213 236
239 229
256 173
225 267
241 207
197 244
273 181
245 205
257 187
186 210
212 204
217 238
194 203
229 239
226 205
263 232
190 209
177 215
240 258
238 242
245 178
238 209
237 234
202 231
211 195
273 197
237 233
178 228
254 180
237 166
217 207
244 230
229 167
253 166
207 200
180 201
294 187
231 235
227 264
258 239
183 223
256 214
273 177
249 185
177 225
208 228
207 230
276 213
214 206
247 180
267 176
269 202
249 166
254 158
185 211
272 201
219 269
265 235
227 203
244 236
262 175
295 190
274 204
220 273
290 198
230 250
202 195
260 175
180 224
274 191
217 261
217 218
257 240
188 211
284 183
165 207
221 229
257 209
220 227
233 248
265 198
216 219
206 202
257 186
203 245
288 198
166 197
232 251
246 176
254 175
257 193
207 245
278 186
178 221
185 201
257 194
212 197
242 169
212 231
261 239
241 209
251 227
215 211
285 189
255 176
256 211
226 265
259 225
198 195
233 240
232 256
273 173
231 270
257 237
238 253
258 191
236 255
226 204
202 194
245 198
238 170
205 228
267 184
177 226
255 222
211 242
179 197
182 225
284 185
241 172
234 258
271 198
244 257
236 201
273 212
165 209
232 188
187 211
236 202
216 209
234 188
165 211
165 201
255 217
219 275
213 221
190 210
231 164
236 195
240 251
166 210
257 223
216 217
257 180
236 199
239 259
210 234
257 190
246 199
234 203
275 211
214 230
261 197
177 196
204 201
260 231
257 242
240 209
239 230
241 178
255 184
219 270
238 236
180 199
262 173
180 212
240 239
213 235
268 179
237 189
264 198
210 235
238 254
215 205
241 208
274 195
231 269
229 237
251 186
254 186
231 248
210 198
172 200
227 271
173 204
174 218
183 200
232 274
315 237
288 186
239 252
184 199
277 187
210 231
236 254
264 227
224 226
176 226
208 201
254 177
218 239
232 187
256 156
237 216
168 206
284 184
182 208
203 226
229 268
236 207
214 229
232 235
236 259
245 257
269 197
260 202
231 274
291 195
229 166
272 205
174 195
265 227
263 228
262 202
238 193
208 193
235 196
236 196
283 182
286 198
241 214
247 209
216 242
263 237
250 235
235 238
224 260
283 188
224 262
296 198
228 250
267 198
175 218
166 199
214 221
194 197
255 160
175 200
277 206
188 217
274 210
202 203
166 206
246 259
221 234
261 202
262 226
206 227
211 240
166 198
239 201
273 179
185 199
223 214
257 210
200 192
239 239
217 214
296 187
246 174
266 184
262 196
192 199
273 213
164 201
249 228
234 255
246 182
230 256
242 173
175 194
241 196
207 231
227 261
218 215
172 206
236 197
217 209
219 239
202 242
255 159
230 251
244 260
239 218
234 253
240 226
203 201
256 235
225 272
203 246
174 210
189 199
236 164
248 163
229 163
267 180
166 201
232 264
241 173
217 215
266 199
273 196
216 244
184 224
240 259
228 271
231 204
224 232
216 226
263 239
230 235
229 186
228 236
182 209
229 189
240 242
230 270
196 197
241 217
231 238
266 200
235 209
225 246
261 231
220 220
245 234
232 266
229 257
253 237
210 233
182 226
240 236
287 199
224 247
289 191
221 237
275 207
212 193
262 199
237 259
204 222
189 211
229 250
241 177
267 177
222 271
257 181
249 162
246 183
230 203
247 179
250 188
230 164
226 266
246 203
245 199
246 175
248 237
240 193
242 230
263 198
218 228
257 184
253 177
230 265
227 244
275 195
208 244
199 243
212 194
285 188
247 183
213 241
275 205
186 222
271 172
179 221
181 212
217 239
221 231
233 163
239 171
236 232
261 213
289 198
243 181
221 272
184 212
181 217
275 194
194 198
218 237
251 166
177 208
251 167
267 202
176 220
292 194
291 198
251 237
186 220
235 235
219 215
240 217
287 177
256 184
279 214
182 216
237 208
211 221
258 190
178 222
239 222
211 235
242 179
217 205
284 182
239 193
209 197
177 201
278 191
259 208
278 188
263 235
266 175
297 187
248 235
216 211
189 200
289 193
203 196
232 272
290 193
235 185
203 228
262 225
211 241
237 187
234 204
246 204
177 217
255 174
233 264
254 237
214 205
208 229
176 197
236 204
225 271
272 204
316 220
173 209
281 212
245 258
225 262
286 197
187 200
274 177
274 196
241 239
202 232
269 180
240 243
220 222
238 215
259 192
179 224
222 238
250 237
289 190
204 219
260 195
232 241
255 157
272 181
255 216
236 215
204 204
277 188
269 198
274 183
204 223
274 215
273 174
249 227
222 261
239 209
239 213
204 225
279 188
178 211
273 176
237 164
218 261
217 270
179 214
218 268
234 239
239 251
215 217
251 238
178 223
215 261
223 233
230 163
259 207
293 194
174 200
227 241
239 199
177 197
214 233
257 241
252 238
210 204
262 229
283 189
176 218
285 181
255 168
253 168
201 198
178 212
274 181
175 208
275 191
294 191
189 222
235 259
295 193
291 187
279 190
244 258
241 238
233 237
233 242
207 195
223 239
255 169
263 231
266 235
263 196
251 168
207 229
179 215
208 245
284 177
174 201
237 179
222 224
182 210
215 244
238 255
202 245
220 231
186 221
189 210
244 178
249 238
263 233
242 180
224 246
218 205
250 160
207 199
219 218
270 202
229 267
177 224
234 235
182 212
210 237
277 207
268 177
229 168
275 210
233 183
240 183
221 238
234 272
276 176
213 237
235 194
211 204
242 236
224 234
217 208
218 227
246 207
253 238
219 228
238 202
240 229
239 223
254 238
196 195
187 223
257 221
207 193
237 206
190 222
223 263
264 175
203 199
175 219
240 181
260 232
171 200
204 199
240 191
228 233
219 263
233 241
256 195
225 263
275 204
256 241
229 185
177 199
236 188
196 244
238 172
220 213
234 254
233 249
256 183
233 235
244 197
196 202
260 203
226 260
240 180
238 210
176 195
244 209
210 199
212 200
296 193
206 245
231 271
232 254
248 183
214 213
184 222
251 221
210 195
264 239
250 227
255 215
253 165
202 247
255 172
226 259
227 263
230 188
196 203
233 185
211 194
202 198
232 257
244 232
232 182
179 199
245 233
236 240
235 206
242 250
256 181
224 268
228 259
255 177
188 216
238 198
212 222
232 164
259 209
183 222
246 209
219 219
204 203
255 181
203 188
235 234
251 160
218 267
236 185
239 206
240 223
243 196
227 246
297 188
255 214
193 200
257 217
235 208
244 231
180 215
231 249
200 190
240 212
220 240
214 241
219 237
250 187
212 234
240 214
223 226
216 206
238 203
228 189
199 197
257 224
268 182
201 243
225 226
224 233
258 195
173 205
229 235
176 201
241 226
237 193
253 221
233 184
214 210
186 199
262 231
246 201
216 239
226 267
262 239
256 210
228 203
188 215
186 224
245 184
272 212
233 188
223 227
273 198
257 179
232 181
252 160
223 246
216 269
222 263
220 268
198 196
186 225
255 218
225 231
224 273
219 227
239 240
232 204
252 163
285 177
233 236
202 199
276 190
258 213
266 203
237 182
238 243
227 236
250 186
230 268
182 224
223 247
214 212
281 213
236 181
257 213
261 200
256 175
237 165
241 180
181 224
288 192
218 219
239 221
277 186
222 239
165 208
232 184
228 240
255 235
254 168
250 166
216 243
237 215
227 252
225 252
255 179
207 201
295 194
261 241
261 242
261 243
262 243
267 181
204 220
262 244
262 245
262 246
261 246
262 247
260 246
261 247
263 247
259 246
260 245
261 248
264 247
259 247
260 244
264 246
258 247
259 244
264 245
258 248
264 244
257 248
258 249
264 243
256 248
257 249
265 243
256 247
266 243
255 247
267 243
254 247
268 243
253 247
254 248
269 243
268 242
253 248
253 246
269 242
253 249
270 242
252 249
271 242
270 241
251 249
271 243
270 240
251 250
322 247
272 243
271 240
250 250
251 251
273 243
271 239
250 251
252 251
251 252
274 243
271 238
249 251
253 251
275 243
274 242
254 251
253 252
276 243
254 250
253 253
277 243
276 244
255 250
254 253
278 243
276 245
255 249
255 253
279 243
275 245
256 253
279 242
275 246
256 254
280 242
279 241
275 247
257 254
281 242
278 241
279 240
257 255
282 242
281 241
279 239
257 256
282 243
282 241
280 239
278 239
282 244
281 239
277 239
283 244
282 245
276 239
283 245
281 245
275 239
276 240
283 246
280 245
284 246
283 247
279 245
280 246
285 246
281 189
278 245
280 247
286 246
285 247
285 245
280 248
285 248
285 244
279 248
286 248
279 249
286 249
278 249
287 249
286 250
278 250
286 251
278 251
285 251
278 252
279 252
277 252
280 252
279 253
276 252
281 252
279 254
279 255
279 256
278 256
279 257
277 256
280 257
279 258
281 257
282 257
281 256
282 258
281 255
283 258
282 255
284 258
282 254
284 259
285 259
284 260
286 259
284 261
286 260
286 258
285 261
286 257
287 257
286 256
288 257
289 257
288 258
290 257
289 256
291 257
291 256
291 255
290 255
291 254
292 254
293 254
292 253
294 254
293 255
292 252
295 254
292 251
295 255
293 251
291 251
295 256
294 251
293 250
291 250
296 256
294 256
293 249
294 257
292 249
293 248
294 248
295 248
294 247
296 248
295 249
295 247
296 249
296 247
296 246
297 246
298 246
297 245
297 244
296 244
297 243
298 243
297 242
299 243
297 241
300 243
297 240
301 243
297 239
302 243
297 238
302 242
297 237
303 242
302 241
296 237
303 241
302 240
295 237
304 241
303 240
294 237
305 241
304 240
303 239
306 241
305 242
307 241
306 240
305 243
308 241
307 242
307 240
305 244
309 241
307 239
306 244
304 244
309 240
307 238
366 282
304 245
310 240
308 238
306 238
304 246
311 240
308 237
306 237
305 246
303 246
311 239
309 237
308 236
305 237
306 246
303 247
310 237
309 236
304 237
307 246
311 237
310 236
309 235
303 237
304 236
308 246
307 247
312 237
309 234
302 237
309 246
308 247
308 245
307 248
312 238
312 236
310 234
309 247
311 234
310 233
312 234
311 233
310 232
313 234
309 232
314 234
313 233
309 231
314 235
309 230
314 236
308 230
314 237
314 238
315 238
316 238
317 238
316 239
317 239
318 239
319 239
318 240
320 239
319 238
318 241
319 237
319 241
318 242
319 236
317 242
318 243
320 236
317 243
318 244
321 236
319 244
321 237
320 244
321 238
320 245
320 243
322 238
321 245
320 246
323 238
322 245
321 246
324 238
323 237
322 244
321 247
325 238
323 236
322 243
321 248
326 238
325 239
325 237
324 236
323 243
322 242
321 249
327 238
325 236
323 242
322 249
320 249
328 238
325 235
323 241
319 249
320 250
329 238
328 239
328 237
325 234
324 241
323 240
319 248
320 251
329 237
325 233
322 240
319 251
330 237
325 232
331 237
325 231
331 236
324 231
325 230
331 235
323 231
326 230
331 234
322 231
332 234
330 234
321 231
322 230
332 233
333 233
332 232
334 233
331 232
330 232
329 232
329 231
329 230
330 230
330 229
330 228
330 227
329 227
329 226
329 225
330 225
331 225
330 224
332 225
331 224
333 225
334 225
335 225
334 224
335 226
335 224
334 223
335 227
336 224
335 223
333 223
335 228
333 222
336 228
332 222
333 221
337 228
331 222
338 228
331 221
338 229
330 221
339 229
329 221
339 230
329 222
329 220
340 230
328 222
328 220
329 219
341 230
327 222
328 223
330 219
329 218
342 230
327 221
330 218
328 218
342 231
330 217
327 218
343 231
330 216
327 219
343 232
330 215
326 219
344 232
331 215
329 215
325 219
345 232
331 214
324 219
346 232
331 213
324 218
346 233
331 212
323 218
346 234
331 211
322 218
346 235
330 211
331 210
322 217
346 236
329 211
330 210
332 210
321 217
347 236
345 236
346 237
329 212
333 210
320 217
348 236
347 237
344 236
333 209
320 216
349 236
348 237
344 237
344 235
334 209
333 208
319 216
320 215
349 237
349 235
348 238
344 238
344 234
335 209
333 207
318 216
321 215
350 237
350 235
348 239
343 238
344 239
336 209
333 206
317 216
351 235
347 239
342 238
344 240
333 205
316 216
317 217
352 235
347 240
341 238
344 241
332 205
333 204
315 216
316 215
347 241
340 238
341 237
344 242
334 204
333 203
314 216
316 214
348 241
346 241
340 237
341 236
343 242
335 204
333 202
313 216
314 217
349 241
339 237
340 236
342 242
335 205
333 201
312 216
313 215
314 218
350 241
338 237
341 242
342 243
336 205
334 201
333 200
311 216
312 215
315 218
313 218
350 242
338 236
341 241
342 244
337 205
335 201
332 200
311 217
311 215
312 214
316 218
315 219
312 218
351 242
341 240
341 244
342 245
338 205
337 206
331 200
310 217
310 215
312 213
316 219
315 220
352 242
351 243
340 240
340 244
342 246
338 206
337 207
331 201
331 199
312 212
353 242
352 243
351 244
340 243
342 247
331 198
311 212
354 242
352 244
339 243
342 248
332 198
331 197
310 212
354 241
353 244
338 243
339 242
343 248
333 198
330 197
310 211
354 240
344 248
343 249
329 197
330 196
309 211
355 240
344 249
344 247
330 195
309 210
344 250
329 195
308 210
344 251
328 195
307 210
345 251
344 252
327 195
306 210
346 251
344 253
326 195
327 194
305 210
306 209
346 252
346 250
343 253
344 254
325 195
326 196
304 210
306 208
347 252
347 250
342 253
344 255
324 195
325 196
325 194
303 210
304 209
307 208
347 253
348 250
341 253
344 256
303 211
307 207
349 250
340 253
341 254
344 257
303 212
307 206
350 250
349 251
340 252
345 257
343 257
344 258
302 212
308 206
351 250
350 251
339 252
345 258
342 257
343 258
302 213
309 206
308 205
351 251
351 249
339 251
346 258
342 258
342 256
301 213
310 206
309 207
352 251
351 252
338 251
347 258
346 259
341 258
341 256
300 213
337 251
347 257
346 260
299 213
336 251
348 257
347 256
346 261
298 213
299 214
336 252
349 257
347 255
345 261
346 262
297 213
299 215
336 253
348 255
346 255
347 262
296 213
298 215
299 216
335 253
349 255
348 254
348 262
296 214
300 216
334 253
350 255
349 262
296 215
301 216
300 217
333 253
334 254
350 256
350 262
295 215
333 254
351 262
350 263
294 215
332 254
350 264
293 215
294 214
331 254
332 255
351 264
349 264
330 254
351 265
349 265
329 254
330 255
351 266
348 265
328 254
329 253
330 256
350 266
348 266
331 256
329 256
330 257
350 267
348 267
331 257
329 257
349 267
350 268
347 267
348 268
328 257
351 268
346 267
348 269
327 257
328 258
352 268
345 267
346 266
347 269
327 256
352 269
344 267
346 265
347 270
352 270
343 267
346 264
346 270
351 270
342 267
343 268
345 270
350 270
341 267
344 270
345 269
350 271
341 266
343 270
344 271
350 272
340 266
342 270
344 272
350 273
340 265
344 273
351 273
350 274
340 264
352 273
353 273
352 274
354 273
353 274
352 275
355 273
353 275
355 272
353 276
355 271
353 277
356 271
354 277
352 277
353 278
356 270
354 278
356 269
354 279
357 269
356 268
354 280
357 268
356 267
355 280
358 268
356 266
355 281
359 268
358 267
355 266
356 265
356 281
360 268
357 265
357 281
361 268
360 269
360 267
357 264
358 281
357 282
361 269
360 270
360 266
358 264
357 263
359 281
358 282
357 283
362 269
361 270
360 271
360 265
358 263
360 281
356 283
360 264
361 281
355 283
360 263
362 281
354 283
355 284
361 263
363 281
362 282
354 284
364 281
362 283
365 281
361 283
366 281
366 280
366 279
365 279
365 278
364 278
365 277
363 278
365 276
363 279
363 277
365 275
362 277
365 274
361 277
362 276
366 274
365 273
360 277
367 274
366 273
364 273
359 277
368 274
367 275
366 272
363 273
358 277
359 278
368 275
366 271
358 276
368 276
367 271
365 271
357 276
369 276
368 277
368 271
367 270
356 276
370 276
369 277
367 269
371 276
372 276
373 276
372 277
374 276
372 278
375 276
374 277
371 278
376 276
375 277
371 279
377 276
376 277
376 275
371 280
377 277
377 275
376 274
372 280
370 280
378 275
377 274
373 280
372 281
370 281
379 275
377 273
374 280
372 282
369 281
379 276
379 274
377 272
375 280
373 282
368 281
380 274
379 273
376 272
377 271
376 280
375 279
374 282
368 282
376 271
378 271
377 270
374 283
368 283
379 271
378 270
374 284
369 283
368 284
378 269
373 284
374 285
370 283
368 285
378 268
373 285
375 285
374 286
368 286
379 268
377 268
378 267
376 285
374 287
368 287
376 268
378 266
373 287
374 288
368 288
376 269
378 265
372 287
375 288
374 289
368 289
379 265
378 264
371 287
372 286
375 289
368 290
380 265
377 264
371 286
368 291
381 265
370 286
371 285
367 291
368 292
382 265
367 292
369 292
382 266
366 292
367 293
370 292
369 293
383 266
382 267
366 293
367 294
370 293
382 268
367 295
370 294
383 268
367 296
371 294
384 268
368 296
367 297
372 294
385 268
384 269
384 267
367 298
373 294
372 293
385 267
384 270
368 298
367 299
374 294
373 295
386 267
384 271
366 299
367 300
374 295
374 293
373 296
387 267
386 266
383 271
384 272
365 299
367 301
375 293
388 267
386 265
384 273
364 299
366 301
367 302
376 293
375 292
389 267
387 265
363 299
364 298
365 301
366 302
376 294
390 267
388 265
363 300
364 297
366 303
377 294
376 295
391 267
388 264
362 300
364 296
366 304
378 294
376 296
388 263
361 300
367 304
379 294
378 293
376 297
389 263
387 263
361 301
361 299
368 304
367 305
380 294
378 292
377 297
376 298
390 263
361 302
361 298
369 304
367 306
380 293
377 292
376 299
391 263
361 297
370 304
366 306
367 307
391 264
391 262
362 297
370 305
365 306
366 307
392 264
392 262
371 305
370 306
365 307
393 264
371 306
369 306
370 307
365 308
394 264
393 265
372 306
370 308
395 264
394 265
394 263
371 308
370 309
395 263
394 262
372 308
370 310
396 263
395 262
371 310
369 310
397 263
396 262
395 261
371 311
369 311
397 264
396 261
372 311
369 312
397 261
396 260
368 312
397 260
397 259
398 259
398 258
399 258
398 257
400 258
398 256
400 259
397 256
398 255
401 259
398 254
399 254
400 254
399 253
401 254
399 252
401 253
400 252
398 252
402 253
397 252
398 251
403 253
397 251
398 250
404 253
399 250
405 253
399 249
405 254
400 249
400 248
400 247
400 246
401 246
402 246
401 245
402 247
399 257
