301 279
257 243
232 201
255 255
291 301
232 206
267 239
288 267
274 230
300 318
245 215
228 306
290 270
271 308
280 283
281 302
287 277
242 250
198 248
218 286
304 290
182 330
210 299
237 234
311 274
201 299
293 295
274 310
287 312
267 234
301 303
283 297
196 320
275 229
179 329
310 275
235 296
320 268
297 309
276 273
266 313
266 307
239 225
190 329
207 322
216 285
302 294
260 250
246 214
234 227
235 223
277 302
264 237
278 231
216 289
284 298
229 315
240 237
215 293
270 304
225 179
219 318
193 332
235 311
297 301
296 303
254 278
267 249
202 321
297 311
236 220
199 246
277 280
205 322
232 226
212 309
262 233
252 280
303 294
281 308
178 332
211 299
226 192
257 280
236 234
279 293
237 296
268 304
193 254
201 301
291 274
289 309
204 243
252 278
192 319
280 273
275 276
261 274
231 194
242 249
232 209
287 292
220 314
271 307
206 241
277 234
300 278
204 319
219 199
239 291
201 298
278 293
285 261
227 185
270 243
318 272
218 248
215 309
275 309
295 292
279 274
195 317
260 253
269 257
231 313
278 296
292 267
242 243
276 268
296 311
282 309
195 326
223 197
287 273
218 314
286 253
238 217
221 201
238 294
283 128
280 266
300 298
279 282
257 276
292 258
263 241
265 282
275 234
287 259
302 316
183 329
302 310
275 310
307 273
238 305
271 260
257 255
294 301
277 304
292 261
236 223
266 255
268 276
270 254
214 284
222 318
268 231
292 317
194 244
267 242
231 202
265 281
226 189
214 290
229 317
257 281
277 266
284 309
249 279
219 198
283 292
302 278
276 236
280 269
241 285
298 301
281 279
194 248
230 200
196 315
267 253
301 281
203 248
274 309
269 247
179 330
220 296
223 181
302 296
305 267
310 291
231 207
237 201
236 304
195 331
220 199
259 255
276 267
288 314
276 276
279 291
271 261
209 301
229 176
231 198
297 303
242 283
281 307
287 261
267 233
284 294
236 219
259 283
239 290
204 249
287 311
267 276
259 304
268 243
289 314
226 179
190 330
224 176
266 238
212 314
187 328
271 243
220 317
236 225
299 290
269 241
256 281
300 274
281 297
267 310
268 245
259 246
296 318
245 219
236 310
223 300
272 308
291 285
213 293
300 289
213 307
241 215
237 233
275 244
213 285
229 314
291 267
298 312
202 301
267 255
221 194
273 228
215 256
241 249
283 259
237 294
226 191
258 258
196 317
288 284
268 232
226 315
294 272
229 192
290 257
280 261
227 204
228 185
292 252
189 323
216 291
299 318
292 270
282 262
262 241
282 302
265 258
210 297
236 294
302 286
256 283
289 257
277 262
283 127
221 199
288 308
296 310
212 313
293 294
219 195
258 247
289 255
288 291
236 302
207 300
302 289
290 317
219 255
258 257
189 319
286 274
212 307
229 309
190 331
280 279
240 216
292 260
229 313
223 316
224 314
305 308
224 198
277 278
198 314
294 318
259 242
297 302
237 226
289 265
232 313
259 279
225 300
284 268
272 244
292 301
214 249
232 204
302 320
226 178
304 305
287 309
300 319
266 234
294 315
256 261
236 221
193 316
231 204
235 203
296 276
237 203
190 328
257 257
266 253
210 322
221 318
273 310
284 253
290 274
196 316
281 304
233 198
211 286
204 250
300 276
281 271
290 305
294 303
241 253
294 295
281 300
265 241
203 250
187 327
297 308
236 313
300 299
209 296
213 309
283 126
232 308
278 230
185 328
294 285
209 302
236 238
230 313
189 320
263 307
204 248
282 265
284 267
276 262
301 275
282 131
289 310
258 261
240 248
262 275
235 307
234 301
204 318
309 271
189 322
269 305
196 330
283 267
227 184
267 281
281 299
238 308
206 248
234 205
291 311
281 306
275 266
228 204
299 298
237 240
215 294
290 273
224 201
258 239
276 234
242 242
218 288
282 251
297 280
301 286
277 292
222 319
299 293
201 321
228 310
280 298
290 275
234 295
288 317
259 282
210 321
290 306
318 273
252 279
269 307
241 254
280 300
184 329
177 327
217 242
266 310
260 273
300 277
277 233
193 252
235 305
238 236
226 313
305 291
257 258
280 308
260 283
297 248
190 317
180 327
305 274
285 314
274 259
269 255
186 326
230 203
226 305
215 312
269 256
194 332
262 284
233 217
234 238
244 274
211 290
204 246
266 237
302 274
274 278
308 291
234 200
274 274
301 296
270 246
189 326
223 196
240 289
309 273
215 297
274 308
192 326
208 318
284 252
192 256
244 241
248 271
266 308
196 249
256 282
270 259
295 285
228 205
232 200
267 251
214 309
299 295
316 276
271 244
278 292
236 218
229 200
227 189
263 282
231 206
301 294
284 126
254 280
261 236
266 232
224 241
208 322
259 241
228 179
221 195
280 232
288 253
280 272
290 304
196 314
196 250
267 282
279 294
235 229
232 309
270 311
239 296
256 254
247 214
297 295
228 192
195 245
255 260
238 295
284 254
178 327
282 296
179 328
178 331
263 283
195 330
179 333
273 230
303 310
244 244
237 224
214 299
236 308
293 301
276 295
292 263
231 315
280 304
222 300
279 232
228 312
293 251
302 277
299 277
290 267
236 296
283 285
267 240
191 329
229 308
293 250
206 319
231 309
209 247
245 274
302 304
263 258
286 128
251 278
281 265
227 179
272 230
306 291
269 253
285 130
298 279
272 242
263 237
234 225
292 273
225 197
262 308
241 281
279 295
297 249
241 216
200 301
283 125
256 258
197 317
213 286
278 262
215 284
284 313
275 308
190 333
224 181
295 294
243 277
268 260
288 251
216 247
269 312
217 248
245 242
193 320
227 313
305 310
283 313
216 287
310 289
286 278
269 313
240 224
294 293
235 312
312 273
269 276
245 275
236 197
296 249
245 246
294 323
299 311
225 193
226 180
209 310
240 287
284 129
290 285
226 176
224 180
280 289
210 315
319 268
258 274
287 283
249 275
260 239
204 247
301 287
236 301
292 311
316 274
242 288
301 315
297 278
277 295
225 181
239 216
231 318
295 317
236 235
300 295
263 281
291 262
227 176
240 286
243 215
241 214
274 307
282 306
285 309
246 240
309 290
210 294
244 278
256 280
288 263
195 250
279 286
233 203
258 275
270 275
242 215
225 313
291 317
213 294
278 286
270 306
192 316
285 253
234 303
293 303
213 295
293 270
234 229
234 237
234 195
274 273
205 240
236 236
197 320
241 252
258 238
269 245
258 245
264 258
273 275
234 204
229 177
295 318
288 259
275 273
292 285
236 303
237 237
243 145
280 268
258 246
279 263
286 293
240 257
230 205
277 230
210 310
279 266
264 256
231 195
197 314
265 256
286 276
256 255
216 298
211 285
246 276
267 314
302 311
206 321
255 261
241 213
258 250
280 281
237 223
192 325
276 259
285 287
203 300
257 277
242 277
206 240
215 289
236 222
265 251
281 255
177 331
280 230
256 306
227 207
297 293
202 318
194 317
244 277
196 243
209 321
291 263
235 298
307 274
295 319
256 284
228 176
271 232
308 270
198 249
244 247
218 197
284 312
225 184
288 305
243 274
234 300
260 274
271 303
287 308
216 309
270 247
289 306
260 241
223 201
267 241
186 329
218 315
233 230
264 255
221 304
229 205
269 258
229 316
284 306
289 264
216 313
213 283
283 269
307 291
224 298
220 200
237 235
191 254
262 239
287 254
177 329
256 285
228 184
266 256
281 262
233 209
235 233
298 294
234 235
277 277
295 321
229 319
287 305
196 246
295 315
274 276
232 208
231 317
214 294
239 250
212 284
296 314
216 312
279 288
283 129
244 216
264 274
242 290
273 307
273 306
301 319
279 268
286 280
299 303
264 275
233 213
209 309
279 284
224 313
299 304
235 237
204 244
228 206
284 260
206 318
283 268
280 249
293 322
181 331
210 298
284 262
234 214
306 273
237 232
250 278
271 262
238 225
289 285
266 272
263 280
282 270
308 290
242 239
282 268
244 217
216 314
264 277
302 295
216 288
304 274
270 245
287 279
243 290
226 194
237 238
300 282
291 264
276 277
303 285
245 244
282 254
260 280
290 253
299 296
266 275
304 309
272 245
290 266
266 236
289 258
202 320
256 240
293 254
234 226
276 260
261 259
214 288
239 293
245 241
243 276
240 238
260 258
241 290
301 304
258 242
265 233
237 303
232 193
183 330
210 316
274 304
218 292
200 322
270 258
189 318
246 241
270 276
223 195
266 274
190 314
221 316
241 251
209 300
244 240
293 271
274 234
260 256
235 217
314 273
283 304
298 318
298 280
302 315
225 176
265 234
293 316
224 312
257 261
243 248
290 307
300 292
205 241
229 310
283 309
205 247
277 303
235 300
283 254
275 259
282 308
286 255
293 253
264 252
315 277
294 300
209 303
191 333
269 242
245 276
299 302
306 266
280 290
300 297
294 253
210 286
262 237
284 292
208 248
221 297
241 248
217 299
295 302
288 274
204 242
254 279
283 270
228 307
259 253
296 302
234 231
203 319
236 217
289 259
315 274
281 261
258 255
281 298
214 289
226 184
259 306
276 310
221 317
293 285
308 272
258 243
320 269
248 273
242 289
227 315
240 225
189 324
235 195
281 272
240 223
287 265
241 239
292 262
223 176
281 266
288 256
200 318
227 181
195 325
202 322
297 294
261 283
319 272
260 238
223 303
245 243
294 271
231 197
264 313
195 320
225 315
193 325
302 280
238 203
302 314
236 215
208 317
244 243
316 275
222 303
188 321
284 285
285 292
224 183
272 310
275 305
235 306
278 280
238 216
208 302
229 193
178 329
293 252
241 282
208 300
234 201
297 277
247 270
281 313
288 254
306 267
301 320
220 318
300 300
228 202
271 263
291 252
295 308
230 206
222 201
282 252
258 259
272 232
287 291
257 144
242 253
299 286
301 300
224 194
201 314
222 195
286 275
251 275
278 233
258 244
253 278
285 305
288 255
283 264
240 214
298 303
244 219
304 291
284 259
210 300
268 259
282 295
320 272
301 314
193 256
234 217
270 307
232 230
292 271
232 232
304 304
279 309
295 291
222 198
299 282
216 310
285 282
287 263
283 295
303 303
226 306
287 266
275 235
224 299
258 260
203 246
237 231
293 300
264 279
218 289
263 313
286 309
311 291
304 266
229 318
218 296
199 313
261 258
278 304
209 316
260 236
262 307
246 243
279 280
190 316
300 286
303 315
233 240
190 324
213 311
194 330
268 310
232 198
294 250
272 261
280 284
265 314
223 305
276 303
315 273
289 256
262 258
211 291
295 290
217 289
238 237
214 311
197 318
231 316
235 210
295 295
304 307
255 284
238 296
288 283
195 243
289 311
281 301
218 293
217 316
261 241
234 215
224 184
286 291
208 303
286 295
239 247
310 274
275 245
250 275
234 197
290 264
300 279
266 239
232 196
208 304
238 201
301 282
262 242
225 298
226 197
192 245
283 266
264 276
194 326
316 277
200 321
221 301
277 267
294 292
276 265
266 249
209 295
290 269
267 313
193 251
275 262
269 310
225 301
244 248
271 259
291 273
214 291
237 277
213 284
238 250
201 313
274 277
285 273
233 204
243 243
238 233
211 289
235 212
238 249
288 290
304 267
215 298
261 234
266 280
283 265
238 306
256 243
210 320
228 178
234 305
233 232
303 304
248 274
234 213
237 230
228 200
258 249
275 278
239 289
290 252
281 251
295 313
283 252
280 130
280 282
288 268
199 247
297 247
259 250
215 255
288 252
225 190
276 266
238 232
273 276
295 322
309 274
212 283
217 315
191 331
227 187
237 217
211 309
290 271
292 302
259 254
234 312
276 304
233 206
230 193
239 248
218 198
181 330
233 309
240 212
189 321
287 260
228 203
286 294
192 244
222 180
286 296
301 311
180 330
220 201
287 310
292 315
235 225
241 277
209 294
296 290
231 314
232 205
307 267
295 293
285 306
209 248
275 230
216 248
265 274
280 267
297 318
216 256
244 218
271 310
300 293
211 310
266 248
201 246
187 320
235 211
255 280
213 313
266 309
271 230
235 238
308 271
250 279
216 290
282 304
278 273
261 307
282 260
234 210
193 326
280 285
295 320
301 274
284 261
301 313
226 304
260 307
270 312
234 240
295 284
219 294
231 203
240 239
280 294
209 297
296 315
209 317
298 311
270 231
278 274
210 296
195 244
216 286
208 321
280 302
298 291
285 284
302 285
242 240
273 244
227 206
231 308
312 274
208 320
178 328
227 186
261 280
236 312
267 237
205 300
286 305
310 290
287 313
234 302
264 281
289 301
296 308
275 236
236 216
235 224
240 285
198 319
215 299
304 310
286 254
258 248
237 241
242 241
233 199
237 297
261 233
272 259
241 255
296 247
285 285
268 255
286 277
211 287
205 248
287 274
247 213
301 288
270 255
276 230
270 232
290 301
204 245
279 229
262 276
277 296
227 198
215 291
242 284
299 278
301 278
249 280
265 232
261 239
216 315
212 308
259 307
272 262
280 303
237 302
292 316
267 252
285 286
260 237
188 320
235 303
236 309
297 282
193 327
288 260
224 304
268 258
239 249
263 279
239 241
226 206
200 319
228 208
296 299
188 326
286 310
291 315
286 287
221 315
220 304
270 261
302 287
264 236
261 235
261 275
238 307
193 255
256 305
280 255
299 289
209 250
263 275
268 254
267 231
195 333
290 263
314 272
292 256
241 256
240 213
263 277
294 316
215 254
298 290
256 242
202 319
235 227
289 300
271 264
288 264
232 202
260 257
275 267
228 199
234 209
290 310
198 318
229 208
234 198
223 299
235 289
199 318
207 248
245 214
269 304
239 238
275 304
307 268
278 294
215 287
280 307
265 313
271 231
238 286
279 290
202 246
273 305
239 292
305 273
191 316
190 327
281 270
226 183
234 216
238 202
289 253
185 329
279 308
230 208
261 240
260 242
301 290
218 297
232 227
296 300
234 239
289 317
284 314
215 285
285 313
282 313
234 234
281 294
177 330
279 287
283 258
272 304
205 242
296 284
221 305
192 332
273 229
233 214
225 304
285 283
179 331
313 273
222 316
180 328
205 318
297 276
228 186
226 190
300 275
234 194
231 208
278 229
274 244
217 285
202 314
236 307
237 225
288 316
228 201
218 295
226 198
289 315
296 282
211 315
280 265
262 240
298 282
296 313
236 195
283 257
295 249
269 311
264 307
178 333
295 300
228 308
234 212
283 303
227 317
235 204
286 273
187 329
230 308
240 215
298 278
256 241
227 205
283 308
200 300
227 306
281 295
202 300
235 196
286 292
228 198
222 199
287 271
216 299
219 295
269 306
224 315
207 245
283 305
190 326
284 270
206 322
304 311
234 310
258 276
287 272
193 321
279 304
218 291
257 249
241 291
264 278
283 306
240 211
223 304
290 259
227 188
272 309
259 281
301 289
281 285
219 314
231 193
245 277
280 131
242 251
195 258
221 302
273 304
194 245
217 295
249 273
194 250
287 251
266 281
302 281
289 305
256 307
279 289
279 230
266 251
280 274
266 276
320 270
274 275
299 288
221 202
303 290
280 313
234 230
287 282
206 300
284 293
319 267
297 290
213 312
224 182
246 219
294 322
309 272
239 286
226 181
199 314
221 296
188 328
265 252
230 192
237 236
192 254
197 245
216 246
248 270
235 200
258 305
284 308
277 273
283 256
204 300
266 235
289 266
225 175
221 303
257 305
290 260
286 261
304 308
292 272
194 329
275 246
298 319
254 260
285 127
283 294
289 284
244 246
212 315
297 310
221 300
242 285
194 331
209 249
291 270
267 250
272 243
247 274
209 308
287 314
291 275
200 312
257 245
221 298
246 274
303 316
290 311
268 313
221 299
304 314
290 315
273 259
301 280
235 299
280 233
233 201
265 242
262 283
296 283
278 266
303 274
239 239
193 253
207 319
286 282
290 276
293 314
277 279
251 277
268 233
219 293
308 269
235 219
240 256
191 334
267 244
296 292
316 273
259 258
244 215
255 257
239 295
224 185
239 240
265 307
304 315
237 218
288 310
280 280
235 310
239 237
227 312
245 218
278 291
259 280
264 241
236 314
209 318
211 288
288 258
221 180
284 271
296 312
234 199
228 175
301 312
280 286
286 313
212 312
194 249
212 299
194 316
193 315
306 274
231 226
255 256
227 316
241 289
224 300
270 310
251 276
224 316
226 301
280 251
226 185
299 300
292 257
266 241
201 319
234 233
229 178
215 311
236 212
272 263
262 238
248 272
290 258
218 290
304 306
209 315
189 325
268 244
303 278
285 129
292 259
211 284
283 262
282 297
283 298
267 248
259 239
234 223
284 264
194 333
231 227
281 254
223 194
223 198
294 249
296 294
276 261
272 303
218 285
234 241
259 305
237 200
236 311
274 231
235 228
237 307
225 198
308 274
259 274
190 315
249 278
282 261
300 315
239 294
303 293
193 250
219 196
229 312
201 300
291 259
208 319
233 301
294 302
235 197
281 284
294 317
233 310
215 292
240 288
265 257
234 232
244 245
200 246
278 295
198 247
320 271
278 232
307 269
218 298
299 301
269 231
215 310
268 242
307 272
317 273
300 294
235 216
280 250
249 274
293 261
220 295
231 196
218 199
235 221
219 197
235 297
288 266
279 261
200 313
241 283
213 299
290 268
252 277
222 181
303 289
258 280
292 314
282 129
235 198
278 290
237 239
244 279
267 307
276 231
275 268
218 299
268 253
301 283
289 274
232 199
291 316
236 305
206 299
233 226
236 203
279 262
279 300
257 262
221 314
199 249
278 234
234 236
307 271
257 256
258 262
255 307
191 332
301 297
300 311
207 303
243 249
188 325
247 241
248 241
248 242
249 242
248 243
249 243
250 243
249 244
249 245
250 245
251 245
250 246
250 247
250 248
249 248
197 247
226 193
196 248
235 295
196 247
225 194
286 279
252 276
196 245
283 263
230 311
250 273
197 319
194 320
229 311
193 319
286 281
200 314
249 277
190 318
190 313
266 273
187 326
191 326
285 128
271 245
282 130
230 307
193 244
224 195
281 131
250 249
251 249
250 250
252 249
249 250
250 251
253 249
252 248
248 250
250 252
254 249
252 247
247 250
251 252
255 249
246 250
252 252
255 248
245 250
253 252
256 248
245 249
264 308
253 253
253 251
256 247
253 254
256 246
254 254
257 246
254 255
240 258
241 258
239 258
242 258
241 259
238 258
241 260
238 259
238 257
242 260
237 259
238 260
237 257
238 256
238 261
238 255
239 261
238 262
239 255
237 255
240 261
238 263
236 255
237 254
238 264
235 255
236 254
237 253
239 264
237 264
235 256
236 253
237 265
235 253
236 265
234 253
235 265
236 266
233 253
234 252
234 265
232 253
234 251
233 265
231 253
254 251
232 265
230 253
213 288
231 265
232 264
229 253
230 252
233 249
230 265
232 263
229 254
230 251
232 249
233 248
229 265
195 247
233 263
231 263
228 254
230 250
231 249
229 266
233 262
227 254
299 294
230 249
229 267
234 262
226 254
227 255
227 253
228 267
234 261
226 253
227 256
227 267
228 268
235 261
225 253
228 256
226 256
227 257
228 269
235 260
224 253
228 270
297 317
223 253
227 270
228 271
223 254
223 252
226 270
229 271
222 254
223 251
225 270
229 272
222 255
224 251
222 251
223 250
225 269
230 272
223 249
224 269
225 268
300 303
230 273
223 248
224 268
226 268
231 273
223 247
224 267
232 273
231 274
224 247
223 246
224 266
232 274
231 275
223 245
224 265
233 274
230 275
231 276
223 244
224 264
234 274
233 275
229 275
231 277
224 244
222 244
224 263
228 275
232 277
230 277
231 278
225 244
224 243
221 244
223 263
227 275
233 277
231 279
226 244
224 242
220 244
223 262
226 275
227 274
232 279
231 280
226 243
225 242
219 244
220 243
223 261
225 275
226 274
233 279
227 243
218 244
220 242
222 261
224 275
233 280
228 243
227 242
217 244
218 243
221 242
222 260
223 275
224 276
234 280
233 281
228 244
227 241
216 244
218 242
222 259
223 274
224 277
235 280
233 282
254 307
227 240
215 244
218 241
221 259
222 258
222 274
225 277
224 278
235 279
233 283
226 240
227 239
214 244
215 243
218 240
220 259
222 257
221 274
222 273
226 277
224 279
236 279
235 278
234 283
232 283
233 284
227 238
213 244
219 240
218 239
220 260
220 258
221 257
221 275
223 279
237 279
235 283
233 285
227 237
212 244
213 245
213 243
217 239
219 258
220 275
238 279
236 283
233 286
227 236
211 244
212 243
213 246
213 242
218 258
238 278
237 283
234 286
232 286
228 236
210 244
213 247
218 257
238 277
235 286
228 235
210 245
214 247
217 257
218 256
239 277
217 298
236 286
235 287
228 234
209 245
210 246
214 248
216 257
219 256
240 277
237 286
235 288
208 245
210 247
215 248
225 174
226 174
225 173
226 173
224 173
226 172
223 173
224 172
227 172
223 172
227 171
223 171
227 170
223 170
228 170
224 170
223 169
229 170
228 169
230 170
228 168
230 171
229 168
231 171
229 167
232 171
231 172
230 167
229 166
232 172
232 170
228 166
229 165
233 172
233 170
229 164
234 172
233 169
230 164
228 164
237 136
234 173
233 168
230 163
227 164
228 163
234 168
233 167
226 164
227 163
235 168
226 165
227 162
236 168
235 169
235 167
225 165
227 161
235 170
235 166
227 160
227 159
227 158
228 158
226 158
227 157
229 158
228 157
225 158
230 158
228 156
225 157
228 155
225 156
227 155
226 156
224 156
226 155
227 154
223 156
224 155
227 153
222 156
224 154
228 153
221 156
222 155
229 153
228 152
221 157
221 155
230 153
229 152
220 155
230 154
230 152
229 151
220 154
231 154
231 152
229 150
220 153
232 154
232 152
229 149
221 153
219 153
233 154
232 155
233 152
230 149
228 149
218 153
232 156
233 151
231 149
227 149
228 148
217 153
232 157
232 149
226 149
217 154
217 152
232 158
232 148
226 148
217 151
232 147
225 148
218 151
216 151
217 150
233 147
231 147
224 148
219 151
216 150
231 146
223 148
224 149
219 150
216 149
231 145
224 150
215 149
231 144
224 151
214 149
215 148
231 143
213 149
214 148
230 143
213 148
229 143
213 147
229 142
212 147
228 142
211 147
228 141
210 147
211 146
228 140
209 147
210 148
211 145
227 140
228 139
208 147
212 145
227 139
228 138
207 147
212 144
226 139
229 138
206 147
207 148
207 146
225 139
230 138
205 147
207 149
224 139
225 140
225 138
231 138
230 139
230 137
204 147
207 150
224 138
225 137
232 138
231 137
230 140
204 148
204 146
208 150
206 150
224 137
226 137
225 136
233 138
232 137
231 136
204 145
208 151
206 151
224 136
227 137
234 138
231 135
203 145
204 144
209 151
223 136
235 138
231 134
202 145
223 135
236 138
230 134
202 146
237 138
230 133
201 146
237 139
237 137
201 147
237 140
274 147
200 147
237 141
238 136
200 148
238 141
239 136
199 148
239 141
240 136
239 135
199 149
240 141
241 136
239 134
198 149
199 150
240 142
242 136
240 134
197 149
240 143
240 133
196 149
197 150
239 143
240 144
195 149
197 151
238 143
239 144
241 144
194 149
197 152
237 143
242 144
193 149
198 152
236 143
242 145
242 143
192 149
199 152
236 144
236 142
243 143
192 148
199 153
235 142
244 143
192 147
200 153
244 144
191 147
201 153
200 154
245 144
190 147
201 152
200 155
246 144
189 147
201 151
200 156
247 144
246 143
188 147
189 146
199 156
200 157
248 144
188 148
188 146
189 145
200 158
249 144
248 145
248 143
188 149
187 146
189 144
201 158
200 159
250 144
248 142
186 146
187 145
188 144
189 143
202 158
200 160
251 144
247 142
203 158
200 161
252 144
204 158
203 159
203 157
201 161
199 161
253 144
252 145
205 158
203 160
198 161
254 144
252 146
205 157
197 161
255 144
254 145
253 146
251 146
206 157
197 160
255 143
197 159
256 143
255 142
196 159
257 143
254 142
255 141
258 143
257 142
254 141
259 143
258 144
257 141
253 141
260 143
259 144
259 142
258 145
257 140
253 140
261 143
259 145
258 146
256 140
253 139
261 142
259 146
258 147
254 139
252 139
262 142
259 147
257 147
252 138
263 142
262 141
257 148
264 142
263 143
256 148
257 149
265 142
255 148
257 150
265 143
265 141
255 149
255 147
257 151
266 143
265 144
265 140
258 151
256 151
257 152
267 143
264 140
265 139
259 151
256 152
268 143
256 153
268 144
268 142
255 153
256 154
268 145
269 142
268 141
255 154
257 154
211 294
269 145
267 141
254 154
270 145
269 146
267 140
253 154
271 145
267 139
253 155
272 145
271 146
267 138
252 155
253 156
273 145
268 138
266 138
267 137
254 156
253 157
274 145
273 146
273 144
269 138
268 137
252 157
275 145
268 136
251 157
275 146
275 144
268 135
251 158
251 156
275 147
275 143
267 135
251 159
250 156
275 148
274 143
266 135
267 134
250 159
251 160
249 156
276 148
274 148
274 142
267 133
249 159
251 161
248 156
249 157
277 148
274 149
273 142
268 133
266 133
249 158
251 162
248 155
277 149
277 147
268 132
265 133
248 158
251 163
278 147
268 131
265 134
265 132
252 163
250 163
251 164
279 147
264 134
253 163
249 163
251 165
280 147
263 134
254 163
249 162
251 166
280 146
262 134
254 162
248 162
252 166
281 146
261 134
255 162
248 161
253 166
252 167
282 146
261 133
256 162
247 161
254 166
253 165
283 146
261 132
256 163
255 166
284 146
260 132
261 131
257 163
255 167
285 146
259 132
261 130
256 167
255 168
286 146
285 145
258 132
260 130
257 167
254 168
255 169
260 129
258 167
254 169
256 169
255 170
259 129
260 128
259 167
258 166
253 169
254 170
258 129
261 128
259 166
253 170
254 171
257 129
262 128
261 127
260 166
259 165
253 171
263 128
262 127
261 126
253 172
264 128
263 129
262 126
261 125
252 172
265 128
264 127
262 125
252 173
266 128
262 124
252 174
262 123
252 175
262 122
251 175
263 122
262 121
250 175
251 176
264 122
262 120
249 175
250 174
265 122
264 123
264 121
262 119
249 174
264 124
263 119
261 119
248 174
249 173
264 119
260 119
261 118
247 174
265 119
259 119
260 120
261 117
265 118
260 121
260 117
261 116
266 118
265 117
259 121
260 122
262 116
267 118
259 122
260 123
262 115
267 119
260 124
263 115
268 119
259 124
264 115
269 119
269 120
270 120
271 120
271 121
271 119
272 121
271 118
273 121
272 122
274 121
275 121
276 121
277 121
276 120
278 121
276 119
279 121
280 121
279 122
280 122
281 122
280 123
282 122
283 122
282 123
282 124
283 124
196 251
197 251
198 251
197 252
198 252
197 253
198 253
196 253
198 254
196 254
196 255
197 255
195 255
196 256
197 256
196 257
195 257
303 286
