155 211
151 160
164 112
155 188
151 211
163 149
196 116
144 222
211 145
220 230
182 211
161 208
135 182
288 245
158 184
183 151
188 135
142 223
275 264
197 132
181 221
141 207
152 178
177 223
169 211
164 111
167 212
183 212
215 147
151 126
283 245
211 139
149 187
277 257
173 205
148 131
195 137
179 125
204 131
156 115
136 131
267 269
255 266
179 131
215 148
176 209
193 136
179 207
218 236
147 187
176 213
210 144
172 210
214 240
181 219
175 137
282 240
155 181
169 123
138 132
142 160
174 210
139 204
124 153
153 147
156 149
177 206
286 240
135 221
184 211
170 150
277 264
200 124
141 183
297 156
139 200
133 193
258 269
132 152
266 270
151 187
258 268
148 133
151 146
215 245
135 152
192 129
172 212
136 183
135 185
132 218
133 185
149 158
150 147
150 172
139 164
160 208
172 204
278 264
162 125
152 125
162 207
160 127
203 129
280 239
285 262
263 249
145 212
271 241
148 178
207 143
282 247
281 250
155 156
138 131
135 184
162 184
289 245
171 129
208 153
264 270
134 156
208 141
150 178
169 150
152 209
176 128
197 118
141 220
150 142
152 156
163 144
178 224
144 133
140 169
146 139
136 184
157 211
142 129
152 154
151 185
148 180
175 149
179 219
217 236
149 178
196 127
176 139
157 184
162 142
147 136
179 151
131 156
207 148
168 218
133 156
154 125
142 211
197 119
163 110
279 266
153 136
138 153
188 136
282 250
144 212
283 250
214 242
202 131
141 168
140 185
164 113
214 245
152 214
168 217
275 265
212 144
164 208
215 241
173 138
161 123
143 217
213 242
288 155
130 149
158 209
180 145
224 220
150 158
135 183
153 126
163 142
278 256
163 211
289 242
140 151
160 109
172 214
137 218
291 243
156 111
147 183
142 132
281 255
222 203
158 183
181 123
147 142
183 211
165 148
204 153
199 124
208 152
182 123
139 126
143 163
160 185
135 219
164 182
211 146
146 137
160 130
207 149
146 138
168 214
167 146
146 153
179 135
142 209
156 127
208 151
136 204
132 156
177 137
156 103
169 125
142 161
212 241
155 180
136 158
217 239
134 220
134 187
152 183
280 252
173 137
176 206
138 164
185 212
181 145
153 215
296 184
137 194
163 109
176 205
142 138
145 170
140 184
146 156
196 137
197 129
145 152
136 205
185 138
175 211
205 133
136 194
255 268
217 240
150 214
166 149
154 213
121 149
290 243
188 117
190 113
161 207
140 187
150 155
175 228
177 227
193 129
149 153
141 210
159 106
279 254
125 221
142 205
154 214
282 249
139 128
140 218
141 202
145 145
257 270
148 181
180 131
188 134
177 140
156 118
282 265
283 240
185 145
170 126
148 179
145 185
137 164
281 251
161 130
148 182
169 124
143 221
320 173
156 110
152 134
178 211
213 245
159 150
282 263
200 129
209 144
215 238
125 153
160 128
138 159
270 271
178 136
147 213
165 112
157 115
193 113
192 135
131 152
156 215
139 132
155 183
140 132
287 244
135 153
159 149
141 133
142 125
140 163
171 140
155 212
155 178
160 122
159 208
143 184
161 146
140 208
143 138
152 136
139 129
142 137
176 150
150 154
156 156
184 124
207 146
173 128
184 146
198 137
214 144
158 107
155 176
198 123
210 139
144 137
152 208
147 154
176 211
144 132
153 182
183 125
138 168
185 127
154 185
196 115
145 169
149 142
136 201
165 212
166 112
156 213
161 213
198 125
179 143
151 182
284 250
142 204
135 191
181 151
214 147
214 238
180 215
141 187
152 151
154 156
181 218
205 150
149 215
129 152
139 203
157 109
282 246
135 130
169 126
145 159
139 127
194 132
145 213
280 261
137 201
183 126
287 240
275 254
122 152
216 244
138 204
280 264
137 189
151 125
143 129
177 205
177 150
147 137
141 150
154 178
202 129
137 198
203 128
208 134
279 263
155 133
191 113
280 251
148 187
134 190
141 132
161 212
142 150
176 127
190 135
211 241
204 132
134 182
138 188
160 149
188 128
210 146
166 148
283 243
173 223
280 262
192 132
137 166
137 185
156 211
145 137
170 211
151 155
146 214
151 207
277 256
137 158
173 210
215 234
153 157
132 185
136 191
174 127
186 140
214 141
183 213
136 202
215 240
189 129
166 145
194 129
178 127
175 132
208 142
137 220
175 204
132 221
219 239
137 132
134 152
158 208
164 123
131 222
162 215
180 216
162 213
159 107
162 109
201 130
282 242
221 238
153 137
129 220
160 119
176 137
136 193
209 156
209 155
142 218
139 199
285 263
156 128
284 239
150 175
182 126
127 150
161 145
139 131
140 198
165 208
145 144
267 270
138 154
139 169
188 129
133 219
177 224
139 187
154 187
209 138
175 223
146 182
197 130
153 150
163 215
197 131
285 240
137 167
284 262
171 212
172 150
288 242
135 220
131 153
140 217
155 129
166 144
136 132
157 112
145 184
142 221
196 117
282 202
178 135
222 238
173 140
215 246
205 128
132 217
174 126
149 186
284 264
158 126
153 135
165 211
184 213
159 151
153 152
162 122
145 163
160 120
213 159
181 215
163 121
283 202
191 129
156 104
164 115
199 125
218 239
161 119
208 135
138 197
139 202
185 126
162 205
167 149
153 138
144 139
177 228
286 244
145 183
214 244
130 220
142 136
202 132
156 116
142 135
152 211
149 133
186 145
151 186
144 153
209 139
283 246
284 245
135 202
284 240
317 172
153 148
141 126
135 156
199 127
143 148
157 185
143 133
282 253
184 147
172 202
128 219
129 219
215 235
123 218
179 150
136 220
143 185
285 264
258 267
182 152
282 241
207 156
260 270
197 123
176 228
214 160
197 115
222 240
146 141
207 138
278 266
144 152
179 216
146 142
212 145
134 193
180 218
144 224
189 135
123 152
149 157
214 239
132 194
152 206
159 109
126 220
147 214
164 211
177 132
212 159
132 193
174 130
164 181
149 156
293 157
143 151
177 139
207 151
216 234
288 241
151 170
152 155
268 269
177 225
123 220
287 241
136 187
140 130
159 126
154 184
154 124
206 150
178 220
141 152
279 255
177 221
178 132
187 140
185 128
139 163
129 150
140 154
185 143
138 219
146 183
146 144
139 194
208 138
282 248
143 152
176 212
165 207
174 131
173 202
180 133
268 270
153 211
145 214
207 154
173 224
177 208
123 149
168 213
214 142
202 130
157 117
124 151
153 156
130 156
170 151
214 236
280 257
152 133
198 131
178 149
283 242
195 115
146 143
181 143
173 151
150 174
142 217
154 186
151 158
161 109
211 138
151 142
136 156
200 127
155 179
292 159
282 262
289 244
191 135
159 108
222 241
184 138
257 269
186 139
148 142
178 148
255 267
215 242
212 243
197 124
145 153
208 159
143 161
143 149
222 239
317 173
159 110
124 220
194 113
164 144
213 238
133 190
124 156
189 255
163 212
176 132
169 147
185 139
192 137
163 182
180 211
141 188
214 159
157 107
163 148
190 131
261 269
150 157
146 170
138 195
136 134
177 220
161 147
154 139
187 129
185 142
276 254
171 126
161 127
157 215
145 133
141 130
216 246
207 144
207 150
140 220
282 255
202 127
175 205
191 131
165 219
211 144
260 269
195 129
141 125
186 143
206 128
160 126
156 126
151 206
146 212
145 217
196 126
180 143
323 175
164 183
155 111
184 148
140 126
161 184
140 211
197 114
147 188
228 213
216 238
256 267
211 156
128 152
167 123
138 171
152 172
171 128
279 256
142 219
142 163
143 139
155 107
173 225
131 218
156 181
187 136
147 170
213 144
175 140
152 144
175 127
195 116
147 157
153 207
185 144
135 160
223 239
170 212
321 172
168 212
174 128
133 220
178 131
269 270
205 153
179 140
160 184
141 211
149 184
279 262
162 143
160 148
154 189
205 134
168 123
168 144
157 111
141 129
138 185
151 145
215 243
146 158
286 242
153 151
148 132
162 120
187 130
177 136
174 211
154 207
174 205
201 127
179 141
163 147
181 220
212 158
191 133
179 144
179 229
151 177
128 150
193 135
287 242
213 244
156 214
124 150
173 150
212 156
147 135
293 160
204 127
179 149
292 158
205 132
175 150
280 240
192 133
320 172
136 203
140 202
153 178
141 159
151 147
138 218
210 157
165 113
197 137
140 162
157 103
154 188
154 183
137 186
141 162
141 134
128 218
182 124
208 143
137 135
255 269
168 215
136 133
147 134
193 130
175 213
130 218
182 125
173 222
164 219
151 144
281 264
146 159
124 221
207 134
209 134
141 161
282 264
143 215
149 134
144 169
173 204
162 147
152 153
157 210
263 268
205 148
146 217
163 111
216 147
163 123
167 217
179 124
193 137
145 218
149 155
178 140
124 148
139 201
133 218
139 151
146 157
133 157
276 264
128 151
282 252
143 216
174 150
155 213
207 145
186 212
162 206
130 152
133 155
135 190
146 140
140 183
209 136
161 185
197 122
137 187
280 263
167 214
146 216
161 148
189 136
126 150
180 151
172 213
144 136
280 260
173 132
154 212
150 153
206 154
193 213
141 205
283 244
138 196
138 133
153 133
166 111
136 198
138 165
167 218
163 127
159 118
177 209
174 213
183 144
195 113
156 183
211 141
281 247
177 222
142 164
179 126
150 170
151 143
158 109
209 137
167 145
124 149
153 149
174 132
145 162
197 121
156 133
166 212
162 130
198 119
138 194
183 210
205 154
154 133
142 203
156 109
141 184
161 125
145 140
179 211
204 129
134 202
139 167
214 143
131 151
153 214
216 148
151 214
178 222
274 254
139 154
171 150
153 186
160 118
139 171
134 185
208 158
148 170
193 127
162 212
265 270
214 237
322 172
283 262
195 114
131 221
131 155
169 149
224 239
182 143
139 159
131 154
215 237
156 117
146 169
212 146
123 154
136 160
144 220
206 155
168 211
155 177
157 209
124 157
286 243
196 128
162 144
192 113
131 148
142 202
146 155
133 217
149 214
139 133
179 139
143 214
166 219
196 132
212 147
152 149
178 124
151 133
151 171
154 150
162 123
125 157
153 124
131 149
142 222
177 212
168 216
182 215
185 211
134 188
133 221
164 127
156 107
139 205
125 220
178 143
172 203
158 118
141 206
185 140
158 114
157 126
162 183
156 106
156 105
154 138
136 159
146 184
139 130
157 149
151 178
291 157
137 153
182 145
157 118
136 197
171 130
183 124
182 213
140 210
202 128
144 184
275 256
288 243
282 251
156 129
156 125
190 114
123 155
179 134
152 210
140 212
150 173
124 155
164 116
292 157
172 139
136 130
280 256
141 138
124 218
183 143
190 132
147 169
151 184
179 145
222 237
123 219
173 136
139 198
172 205
164 148
206 149
156 130
135 186
141 167
183 146
180 132
148 157
122 149
161 124
182 146
193 126
140 155
281 263
143 169
155 182
177 211
320 166
182 122
153 134
142 184
176 138
224 240
162 121
148 214
162 145
135 187
141 163
150 211
193 132
180 124
279 257
160 121
145 136
146 164
174 224
150 159
174 140
163 209
153 153
142 165
180 217
142 169
165 144
196 136
270 270
180 219
181 210
184 126
281 262
139 220
177 214
138 167
206 148
173 129
178 228
144 163
190 204
133 152
186 129
280 265
139 188
149 185
285 245
144 214
208 144
209 140
139 185
210 158
138 158
153 140
144 211
174 202
134 181
182 218
148 134
294 139
167 219
141 151
136 195
171 127
134 221
136 192
142 220
142 210
132 195
129 149
213 147
280 259
179 228
216 149
209 135
152 140
212 242
160 129
281 261
281 240
144 223
154 140
177 149
206 153
204 128
156 131
196 129
146 211
281 256
190 129
318 173
199 126
210 134
177 127
220 240
216 240
163 208
323 168
163 183
176 126
283 147
215 244
138 198
141 185
194 137
164 180
174 133
209 141
164 114
144 154
127 220
127 219
197 120
278 267
277 265
196 125
151 176
131 195
199 137
179 136
163 210
176 210
194 116
139 170
149 216
127 149
140 204
141 208
173 139
256 269
143 150
148 154
151 183
134 203
173 131
162 127
179 137
155 149
207 155
192 134
146 215
161 121
150 184
195 132
144 155
160 125
184 143
141 160
169 212
134 194
163 150
168 145
181 211
147 186
123 153
182 151
151 172
154 149
168 147
257 271
178 219
130 219
210 156
154 206
137 188
297 158
144 144
150 133
152 207
144 140
214 234
174 129
138 220
187 116
182 214
135 194
209 154
169 148
136 157
153 125
280 266
145 164
177 207
181 124
212 138
142 128
152 184
215 236
201 124
157 114
280 258
209 142
167 147
137 165
144 221
150 176
177 226
139 168
140 159
282 254
158 149
153 212
155 127
141 169
169 215
153 187
178 126
156 132
165 123
162 211
158 182
288 244
197 128
168 149
278 263
151 179
177 213
175 224
124 152
216 233
276 255
139 196
152 160
178 142
157 113
180 134
137 134
211 140
208 154
142 168
197 125
136 153
213 246
136 154
178 207
150 187
155 155
171 139
186 128
176 208
140 209
209 158
146 154
155 125
156 184
138 201
176 224
141 135
149 170
220 241
165 206
274 264
161 110
166 123
152 147
139 218
153 183
173 213
143 211
220 239
142 133
216 236
212 157
139 152
172 151
176 226
197 117
162 214
159 128
200 130
151 159
157 156
162 208
179 142
171 125
193 128
134 189
282 261
159 184
221 241
137 133
138 152
206 134
290 244
192 131
148 183
180 229
207 147
172 129
204 130
125 150
187 212
188 212
187 211
189 212
188 211
187 210
190 212
188 210
190 213
188 209
191 213
190 214
188 208
192 213
191 214
189 208
187 208
191 215
189 207
192 215
190 207
192 216
190 206
192 217
184 149
185 141
172 136
295 140
290 139
259 269
175 139
262 269
162 150
263 269
264 269
192 218
193 218
191 218
192 219
190 218
192 220
189 218
192 221
188 218
189 219
193 221
187 218
188 219
194 221
193 222
186 218
195 221
194 220
195 222
196 222
195 223
195 224
195 225
194 225
195 226
193 225
196 226
193 226
193 224
197 226
192 226
198 226
197 225
192 227
198 227
192 228
198 228
199 228
198 229
200 228
200 229
200 227
200 230
200 226
199 230
200 231
201 226
200 232
202 226
201 225
201 232
199 232
203 226
202 227
199 233
203 227
203 225
202 228
199 234
202 229
308 178
198 234
202 230
197 234
198 235
203 230
197 235
198 236
204 230
196 235
197 236
199 236
198 237
204 229
195 235
205 229
194 235
195 236
206 229
193 235
194 234
207 229
192 235
194 233
207 230
207 228
191 235
195 233
194 232
207 231
208 228
191 236
191 234
195 232
208 231
209 228
208 227
191 237
190 234
191 233
209 231
208 232
208 226
190 237
191 238
190 233
209 232
209 226
189 237
192 238
191 239
210 232
210 226
193 238
190 239
191 240
210 233
211 226
210 227
193 239
189 239
211 227
211 225
188 239
212 227
211 228
187 239
188 240
213 227
187 240
188 241
214 227
213 228
213 226
186 240
189 241
188 242
215 227
213 229
213 225
187 242
188 243
216 227
215 226
214 229
213 224
189 243
216 228
215 225
213 223
189 244
216 229
216 225
213 222
189 245
217 229
216 230
217 225
214 222
212 222
190 245
218 229
216 231
217 224
215 222
212 221
191 245
219 229
215 231
216 232
218 224
216 222
212 220
192 245
191 246
220 229
219 228
214 231
154 111
219 224
216 221
213 220
211 220
210 133
193 245
191 247
272 233
220 228
214 232
134 196
219 223
217 221
213 219
194 245
193 244
191 248
221 228
220 227
134 195
219 222
218 221
217 220
214 219
195 245
194 246
191 249
222 228
187 117
187 119
219 221
215 219
195 244
190 249
187 118
219 220
215 220
215 218
196 244
195 243
189 249
190 250
186 118
135 196
178 117
216 218
197 244
194 243
188 249
190 251
185 118
176 121
179 117
217 218
197 245
187 249
190 252
184 118
178 120
178 122
217 217
189 252
190 253
177 121
179 118
217 216
188 252
190 254
183 118
217 215
187 252
191 254
189 254
178 121
216 215
187 251
191 255
180 118
182 118
216 214
186 251
191 256
180 122
179 121
215 214
216 213
190 256
191 257
181 118
180 121
181 119
215 213
217 213
190 257
191 258
180 120
181 120
183 120
214 213
218 213
190 258
182 120
182 121
271 271
271 273
272 273
213 213
219 213
271 272
274 273
272 272
274 272
273 272
274 271
212 213
213 214
220 213
273 271
273 270
273 269
275 270
211 213
213 215
221 213
273 268
276 270
210 213
221 214
221 212
275 269
221 215
221 211
274 268
221 216
276 269
222 216
274 267
223 216
222 217
280 268
277 269
315 179
223 215
222 218
274 266
279 268
277 268
225 216
224 215
222 219
274 265
284 265
225 217
225 215
223 219
222 220
278 268
277 267
226 217
225 218
225 214
223 220
227 217
226 214
225 213
223 221
227 218
227 214
224 221
223 222
228 218
227 213
223 223
229 218
227 212
222 223
229 219
228 212
226 212
229 212
226 211
229 213
225 211
230 213
229 214
225 210
231 213
224 210
225 209
231 212
223 210
226 209
232 212
231 211
223 209
227 209
231 210
223 208
232 210
224 208
223 207
233 210
222 207
234 210
222 206
235 210
221 206
236 210
235 211
221 205
237 210
235 212
221 204
238 210
237 211
237 209
234 212
235 213
220 204
221 203
239 210
238 211
238 209
237 212
235 214
219 204
221 202
240 210
235 215
221 201
240 211
240 209
234 215
222 201
221 200
240 212
241 209
240 208
234 216
223 201
239 212
240 213
242 209
239 208
223 202
223 200
239 213
240 214
243 209
224 202
223 199
239 214
244 209
243 210
224 199
222 199
238 214
239 215
245 209
224 198
239 216
246 209
245 208
224 197
238 216
239 217
247 209
246 208
225 197
237 216
247 210
246 207
225 196
237 217
247 211
247 207
225 195
237 218
248 211
246 211
247 212
226 195
236 218
237 219
249 211
248 212
245 211
246 212
238 219
249 212
238 220
250 212
238 221
251 212
239 221
238 222
252 212
240 221
238 223
253 212
240 222
240 220
238 224
254 212
253 211
240 223
240 219
255 212
241 223
256 212
255 211
241 224
256 213
256 211
255 210
242 224
256 214
255 209
242 225
257 214
256 209
254 209
243 225
242 226
258 214
257 209
242 227
258 215
257 208
243 227
241 227
258 208
257 207
243 228
241 228
258 207
259 207
260 207
261 207
260 206
261 208
260 205
262 208
261 205
260 204
263 208
264 208
263 209
263 207
265 208
263 206
265 209
264 206
266 209
265 210
264 205
267 209
266 210
265 205
267 208
266 211
266 205
267 211
266 212
267 205
266 204
268 211
266 213
267 206
266 203
268 212
266 214
267 203
265 203
268 213
267 214
266 215
268 203
267 202
264 203
265 215
266 216
268 202
267 216
268 201
268 216
269 201
269 216
270 201
270 216
271 201
270 202
271 216
271 202
272 216
272 202
273 216
273 202
273 217
274 202
274 217
273 218
275 202
275 217
274 218
273 219
276 202
275 216
272 219
273 220
277 202
276 203
276 216
275 215
271 219
278 202
277 201
277 216
274 215
271 220
279 202
278 216
274 214
271 221
280 202
279 201
278 217
273 214
271 222
279 200
272 214
273 213
271 223
280 200
278 200
273 212
272 223
278 199
274 212
272 212
273 223
272 224
277 199
274 211
271 212
273 224
272 225
277 198
271 225
277 197
270 225
276 197
277 196
270 226
270 224
275 197
278 196
270 227
275 196
279 196
278 195
271 227
270 228
275 195
280 196
278 194
272 227
270 229
276 195
275 194
281 196
280 195
279 194
270 230
276 194
274 194
275 193
282 196
281 197
198 122
270 231
273 194
283 196
282 195
281 198
271 231
273 193
282 194
281 199
272 231
271 232
272 193
283 194
282 199
272 232
272 230
271 233
271 193
272 192
283 193
283 199
273 230
271 234
272 191
284 193
283 200
274 230
270 234
271 235
271 191
285 193
284 192
284 200
283 201
275 230
272 235
270 191
286 193
285 192
223 236
276 230
275 229
273 235
269 191
270 190
286 194
286 192
224 237
223 237
277 230
275 228
273 236
270 189
286 195
287 192
278 230
195 227
274 228
273 237
269 189
270 188
286 196
288 192
287 191
278 231
278 229
272 237
270 187
285 196
286 197
284 202
288 193
288 191
278 232
279 229
272 238
269 187
270 186
286 198
289 193
279 232
278 233
271 238
268 187
271 186
270 185
286 199
290 193
280 232
278 234
270 238
268 186
272 186
270 184
291 193
280 233
277 234
270 239
267 186
268 185
273 186
272 187
270 183
291 192
280 234
269 239
270 240
266 186
268 184
272 188
271 183
292 192
291 191
280 235
268 239
270 241
265 186
268 183
272 189
271 182
293 192
291 190
281 235
280 236
268 238
269 241
267 183
268 182
273 189
293 193
292 190
291 189
282 235
280 237
267 238
268 241
269 242
267 182
268 181
274 189
294 193
291 188
283 235
281 237
280 238
266 238
267 237
269 243
268 180
295 193
294 194
291 187
284 235
281 238
133 216
266 237
267 236
268 243
269 244
269 180
295 192
294 195
292 187
291 186
284 234
189 205
265 237
268 236
268 244
189 117
270 180
296 192
294 196
293 187
290 186
291 185
285 234
284 233
190 205
264 237
267 244
271 180
270 181
296 191
293 196
294 197
294 187
293 186
289 186
292 185
291 184
286 234
285 233
289 140
264 236
266 244
272 180
271 179
292 196
293 197
295 197
294 186
288 186
289 185
290 184
287 234
286 235
294 140
290 140
263 236
264 235
265 244
266 243
273 180
293 198
294 185
288 187
288 185
287 235
286 236
288 142
294 141
262 236
264 234
264 244
265 245
266 242
273 181
273 179
293 199
295 185
294 184
287 187
287 185
288 184
288 235
286 237
290 141
289 142
279 147
261 236
262 235
265 234
264 245
265 246
265 242
274 181
273 178
292 199
293 200
296 185
295 184
294 183
286 187
287 188
289 235
293 141
290 142
260 236
264 246
265 247
264 242
273 177
291 199
292 200
294 200
297 185
294 182
285 187
290 235
289 234
280 147
293 142
259 236
260 237
260 235
263 246
266 247
291 200
291 198
294 201
298 185
297 186
295 182
285 188
285 186
291 235
290 236
289 233
290 143
280 148
260 234
263 247
267 247
290 198
298 186
296 182
285 189
284 186
292 235
291 234
290 237
290 233
289 232
292 142
290 144
282 147
281 148
261 234
259 234
263 248
267 248
267 246
299 186
298 187
296 183
296 181
286 189
284 189
293 235
291 233
291 237
289 231
292 143
291 144
282 148
292 144
258 234
264 248
268 248
298 188
297 181
296 180
283 189
284 190
292 233
283 148
293 144
285 147
284 148
258 235
258 233
299 188
298 181
297 180
295 180
296 179
282 189
294 144
285 148
294 145
285 149
257 235
299 189
298 180
294 180
295 179
296 178
282 188
294 146
289 146
286 149
295 146
256 235
299 180
293 180
292 156
289 155
290 146
255 235
256 234
300 180
292 180
286 150
295 147
317 169
318 168
255 236
255 234
301 180
300 181
292 181
292 179
323 172
322 173
291 146
287 150
255 237
254 234
255 233
302 180
301 179
292 178
296 147
297 148
256 237
254 237
255 232
302 181
301 178
292 177
317 168
316 167
257 237
254 238
256 232
254 232
255 231
303 181
301 177
291 177
292 176
322 171
253 238
254 231
304 181
301 176
290 177
292 175
291 147
252 238
254 230
305 181
302 176
301 175
289 177
293 175
289 151
252 239
253 230
305 182
301 174
288 177
289 178
294 175
288 150
306 182
305 183
302 174
301 173
287 177
288 178
288 176
295 175
296 148
317 167
307 182
301 172
288 175
296 175
295 174
294 157
290 157
291 148
289 150
308 182
300 172
288 174
296 176
296 174
296 149
317 166
295 155
309 182
299 172
287 174
288 173
297 176
324 172
323 173
291 149
276 256
309 181
299 173
299 171
288 172
290 150
295 149
318 166
309 180
298 173
289 172
322 170
295 157
291 150
309 179
290 172
289 171
294 149
323 160
324 161
318 165
290 156
309 178
289 170
292 150
294 150
323 161
325 165
321 163
309 177
289 169
319 165
296 156
297 157
293 150
300 153
308 177
309 176
290 169
302 155
323 162
325 164
321 164
307 177
309 175
290 168
320 165
325 172
293 151
299 153
307 178
310 175
290 167
301 155
323 163
324 164
322 164
311 175
290 166
321 165
323 174
293 152
312 175
289 166
290 165
299 154
300 155
323 164
322 165
323 170
313 175
312 174
288 166
291 165
290 164
296 157
287 153
293 153
299 155
314 175
313 174
288 167
292 165
290 163
297 161
323 165
295 156
314 176
293 165
292 166
289 163
287 154
294 153
315 176
314 177
293 166
288 163
299 156
297 160
323 166
316 176
315 177
314 178
294 166
293 167
287 163
288 162
322 167
290 155
317 176
316 175
315 178
313 178
295 166
294 167
293 168
286 163
288 161
288 154
318 176
312 178
296 166
293 169
288 160
294 154
319 176
311 178
312 179
312 177
296 165
292 169
293 170
289 160
298 156
319 177
319 175
312 180
290 160
297 159
298 158
320 177
319 178
319 174
291 160
323 167
324 168
320 174
319 173
292 160
323 169
289 154
294 155
165 180
166 180
167 180
166 181
166 179
166 182
166 178
166 183
166 177
167 183
165 177
166 176
167 184
165 176
167 176
166 175
168 184
167 185
168 176
167 175
169 184
167 174
170 184
169 183
167 173
171 184
170 185
170 183
168 173
167 172
172 184
170 186
168 172
166 172
172 185
170 187
168 171
165 172
173 185
172 186
170 188
169 171
165 171
174 185
170 171
164 171
174 186
174 184
170 170
164 170
175 186
174 183
171 170
163 170
176 186
175 183
174 182
172 170
163 169
177 186
176 183
172 171
163 168
177 187
177 183
176 184
176 182
172 172
162 168
178 187
177 184
177 182
173 172
172 173
161 168
179 187
177 181
174 172
160 168
179 186
178 181
177 180
174 171
159 168
160 167
180 186
179 181
176 180
175 171
160 166
181 186
180 181
179 180
175 180
176 171
175 170
180 182
179 179
174 180
175 181
176 170
175 169
180 179
174 179
175 168
174 168
175 167
176 167
176 166
176 165
177 165
176 164
178 165
175 164
176 163
178 164
174 164
176 162
179 164
173 164
177 162
176 161
180 164
172 164
173 163
176 160
181 164
180 165
171 164
175 160
181 165
170 164
171 163
175 159
182 165
169 164
175 158
183 165
169 165
169 163
176 158
184 165
168 165
168 163
177 158
185 165
184 166
167 165
167 163
185 164
184 167
166 165
167 166
167 164
167 162
185 163
185 167
183 167
166 164
167 167
167 161
186 163
186 167
185 168
165 164
167 168
186 168
164 164
187 168
186 169
188 168
187 169
186 170
189 168
188 169
186 171
190 168
189 169
185 171
186 172
185 172
187 172
188 172
