203 178
195 154
106 113
35 119
200 122
257 151
141 168
244 166
106 112
50 113
129 105
205 178
38 105
39 128
129 168
137 179
138 127
126 142
64 94
117 156
100 158
220 144
37 111
28 84
154 116
80 95
55 96
47 123
186 133
138 115
269 140
239 164
41 74
202 193
125 106
153 120
123 146
229 148
143 114
238 146
122 106
152 122
141 183
273 129
21 77
90 94
200 124
129 99
31 85
129 141
97 116
149 131
81 98
31 118
91 120
228 170
27 120
106 164
237 149
27 121
108 140
52 98
52 115
173 159
48 123
199 163
157 143
137 107
103 152
123 156
41 77
105 139
187 137
26 78
184 138
110 142
206 134
196 174
167 116
52 109
252 168
167 156
97 118
277 145
231 148
89 101
83 104
114 104
257 152
60 86
164 85
174 166
256 145
246 152
163 149
106 138
103 132
200 194
205 180
289 129
92 112
203 194
265 151
127 175
128 149
242 167
191 124
103 164
166 117
247 151
104 102
145 113
48 94
154 143
278 145
273 142
198 175
121 183
261 151
152 136
22 70
197 126
162 139
70 97
153 127
71 93
235 170
29 123
144 144
54 110
129 101
111 163
102 139
203 135
199 158
40 83
121 184
40 82
68 108
21 82
51 122
195 136
67 107
107 117
208 135
107 106
84 112
110 102
112 108
163 142
116 140
90 123
72 108
87 102
154 124
26 123
269 145
225 175
43 126
199 120
164 115
282 129
156 94
150 132
233 171
115 158
109 141
180 167
165 118
27 86
219 143
195 159
104 114
124 112
49 110
218 137
187 125
193 133
242 166
127 178
120 173
118 142
24 70
120 106
41 113
165 147
232 163
289 130
186 127
105 130
276 145
159 145
30 81
174 113
84 104
155 121
124 181
192 188
52 111
155 93
250 175
156 103
197 160
65 94
45 113
240 168
170 133
235 169
247 176
218 135
285 129
232 154
154 115
206 174
105 103
125 111
33 119
69 99
100 140
43 114
186 168
211 133
66 103
234 156
237 157
142 131
61 87
197 152
122 162
204 183
142 149
158 86
92 123
121 111
192 172
151 141
116 161
191 133
29 116
130 178
249 154
21 75
189 174
49 114
144 112
30 77
124 173
122 141
103 139
218 136
118 140
199 174
188 156
163 139
157 113
108 123
27 119
196 155
191 186
184 170
197 121
125 100
124 180
184 134
120 161
221 136
176 158
182 166
211 132
41 120
270 143
162 87
91 119
151 142
128 179
56 100
192 157
132 106
122 109
185 128
128 108
98 119
253 171
242 156
86 108
129 148
29 82
28 111
191 122
253 152
47 98
111 167
132 112
174 159
269 146
210 130
49 111
233 150
164 147
187 132
54 125
199 135
168 160
39 107
83 103
168 114
122 159
54 97
294 130
158 105
94 117
151 129
123 157
54 111
165 146
113 107
29 75
82 98
108 112
258 150
150 130
206 173
269 144
275 143
51 123
133 114
194 154
162 154
55 100
238 167
113 103
102 149
174 155
52 96
39 71
157 98
96 122
161 85
247 154
245 154
146 137
143 111
139 111
252 152
104 113
152 121
232 149
302 147
199 175
151 149
160 144
19 69
234 154
126 155
164 153
74 105
114 96
56 93
22 73
159 106
181 134
241 163
146 135
182 187
33 120
134 178
67 101
35 114
56 99
153 131
32 104
106 119
31 103
188 125
63 93
131 149
213 133
50 123
189 175
203 195
192 160
156 107
242 162
229 146
159 105
105 98
43 89
102 123
166 134
139 119
102 133
182 138
59 90
197 132
130 116
144 113
56 97
134 180
107 109
151 144
234 155
160 143
119 104
99 125
112 167
49 100
155 104
124 141
204 178
205 179
149 136
35 106
83 95
182 134
44 114
114 105
34 119
278 129
197 153
156 129
41 126
74 106
154 111
126 183
147 123
124 158
153 106
218 141
223 177
29 104
137 115
191 164
252 173
166 137
60 95
34 76
121 162
269 143
185 166
149 116
105 159
115 159
33 110
216 136
108 138
178 165
40 74
156 91
131 167
164 84
89 112
57 98
186 137
119 103
107 128
219 147
197 167
109 104
178 164
253 151
110 111
88 112
269 148
123 167
48 91
41 128
199 128
123 143
53 110
116 156
277 143
187 169
96 123
152 135
123 153
127 185
128 100
35 81
143 113
161 143
196 126
151 134
179 164
23 77
108 124
124 101
139 182
168 115
73 107
115 98
35 104
195 131
51 95
85 100
107 143
23 70
154 88
30 83
224 152
156 124
197 120
149 129
191 132
140 111
238 161
33 81
203 172
205 192
236 168
292 130
156 104
48 96
109 144
220 147
58 102
206 179
147 146
58 93
231 158
126 107
21 80
254 151
137 180
107 124
194 159
198 191
193 159
280 145
226 170
126 109
97 122
107 104
229 160
87 107
244 170
184 165
237 159
111 103
174 112
232 167
261 150
31 121
105 108
297 129
22 85
115 140
106 161
71 98
140 184
92 120
126 175
59 89
67 104
131 150
278 143
134 179
138 116
128 144
152 120
27 116
82 105
127 105
86 113
129 142
114 107
119 154
37 110
47 91
57 99
38 75
202 118
179 128
106 115
154 135
263 148
21 83
188 166
115 162
300 147
107 136
273 138
172 130
152 114
173 157
281 127
155 129
68 106
278 127
171 112
101 152
188 127
183 166
198 135
166 155
191 168
112 107
105 101
256 144
45 88
272 141
37 121
150 131
152 117
122 152
276 141
113 109
40 77
151 117
113 152
160 87
108 106
128 143
108 104
107 120
171 114
293 143
47 124
39 74
179 161
205 181
131 164
249 156
234 157
107 116
45 89
165 135
157 87
34 106
53 115
114 97
107 112
34 81
196 190
146 115
145 135
40 108
133 150
230 148
78 107
188 167
241 160
108 165
30 121
166 138
267 148
186 169
101 151
223 176
223 137
122 153
48 97
43 83
189 172
40 80
142 119
202 132
76 97
183 162
301 149
32 123
186 188
172 159
257 149
173 130
26 81
54 122
144 132
144 115
220 145
107 107
219 142
189 168
293 142
143 127
184 186
221 139
164 86
66 106
139 167
249 175
133 165
51 97
168 133
183 139
158 114
68 105
109 115
25 83
191 134
107 93
47 110
104 160
265 148
101 147
86 110
302 150
139 107
23 76
154 152
232 162
123 176
167 119
131 111
131 148
217 139
194 121
83 98
150 137
150 117
85 92
223 149
144 119
115 154
29 78
53 98
146 147
193 131
92 113
193 135
199 124
117 142
62 98
197 122
167 160
200 175
164 145
106 118
194 165
109 142
28 118
248 176
32 124
192 154
100 160
280 146
203 192
198 190
196 128
93 100
35 108
148 112
273 131
257 153
240 155
46 122
61 93
204 174
243 154
195 189
122 171
243 166
196 167
167 136
50 108
123 150
293 144
247 153
145 137
116 158
141 139
136 127
143 129
242 164
151 140
39 129
149 122
234 149
20 78
38 111
241 162
138 118
183 161
178 160
298 143
94 116
242 169
35 77
124 176
50 95
135 115
171 131
127 155
115 155
67 108
115 100
177 160
50 99
232 151
130 147
239 159
187 156
220 139
145 143
196 169
92 117
87 101
60 84
22 77
124 104
60 97
68 104
44 113
118 160
156 87
198 189
250 152
56 122
204 134
138 106
49 99
130 145
299 143
167 131
44 117
137 105
119 172
181 161
154 142
194 166
276 147
100 157
195 188
48 110
22 74
57 97
145 115
67 102
98 158
178 159
73 104
81 105
53 114
203 132
155 103
125 170
152 133
123 184
83 96
116 157
231 161
200 121
133 108
107 122
230 160
29 112
162 84
250 178
275 138
174 158
39 106
85 112
194 189
241 164
131 115
139 106
142 146
297 145
243 171
125 104
201 185
123 172
143 149
193 174
36 81
189 155
90 112
51 112
68 94
191 184
166 156
162 141
55 109
87 94
128 167
143 118
284 129
127 171
183 138
41 76
274 131
195 171
182 161
137 178
50 93
141 166
139 108
37 119
124 154
42 114
190 187
192 127
191 154
153 130
141 141
237 148
41 106
41 102
275 140
295 143
151 123
153 132
100 147
132 108
198 163
182 171
148 122
39 75
185 170
150 133
142 130
191 188
27 123
104 112
67 95
123 162
104 115
253 168
36 82
137 167
205 177
195 166
125 171
254 167
187 154
237 158
62 99
39 108
42 113
101 124
37 109
257 147
26 80
86 107
159 85
143 146
33 121
154 119
92 124
182 133
153 126
154 104
70 93
80 96
56 103
149 113
195 155
138 105
40 124
210 132
212 130
98 125
149 135
84 100
235 149
107 165
42 86
225 169
123 148
132 163
153 124
160 113
157 86
113 110
122 169
49 91
146 111
126 106
100 124
131 146
291 126
117 105
32 117
151 143
257 145
138 169
237 163
117 163
126 185
107 118
167 145
232 171
60 88
50 92
52 113
160 85
60 89
169 133
181 128
98 160
203 174
116 105
300 136
119 161
194 186
191 167
190 172
125 105
155 101
189 136
98 157
196 179
41 71
157 108
186 130
37 82
140 118
198 134
117 103
166 135
33 117
137 108
106 105
124 164
41 84
194 179
292 126
105 128
62 95
41 123
204 172
106 101
142 168
75 95
196 127
28 112
68 93
130 175
298 141
186 131
95 116
275 141
38 115
32 122
179 162
122 157
125 177
124 183
109 116
108 116
136 110
53 109
33 111
73 108
197 164
297 141
190 124
273 130
89 105
217 134
88 120
102 131
125 103
162 83
191 153
89 118
260 150
112 168
240 164
299 145
47 125
108 164
247 171
198 179
133 151
64 97
58 104
192 161
171 113
39 102
124 177
114 154
131 175
53 111
240 165
224 137
48 95
99 122
59 88
112 154
116 139
185 136
162 145
174 156
186 187
72 92
106 95
118 106
66 104
135 106
116 107
170 131
96 116
26 83
198 132
138 167
106 114
92 100
108 122
178 167
123 151
116 106
123 165
125 153
264 148
194 177
106 96
107 110
193 179
115 93
154 150
27 113
283 128
62 93
223 174
223 146
237 168
72 96
202 135
52 100
187 187
189 173
156 102
145 110
111 151
198 159
47 92
195 157
107 125
104 147
67 94
266 150
79 97
41 78
108 113
107 115
110 165
296 145
60 87
45 110
129 149
148 116
124 162
162 140
186 132
156 112
249 176
137 177
35 125
156 108
166 133
41 80
192 173
53 125
141 112
193 173
34 111
150 135
139 140
39 103
52 123
153 110
124 185
74 95
198 124
55 102
291 125
294 143
166 116
102 130
53 103
201 117
132 178
152 134
142 112
190 154
129 178
102 151
180 135
96 149
116 96
56 120
25 118
137 166
189 128
145 129
124 169
33 125
195 122
150 114
75 96
146 112
119 173
189 176
133 167
107 95
101 160
238 160
153 95
186 125
133 168
115 94
144 117
153 105
196 175
175 130
97 120
107 119
123 145
34 75
224 150
119 182
195 180
139 110
219 141
124 172
113 102
37 120
39 82
130 176
151 131
124 161
247 177
26 118
131 178
108 111
24 118
109 166
108 143
272 129
275 136
222 149
123 106
188 154
251 152
263 149
137 165
144 127
298 142
53 113
175 161
132 164
271 140
116 160
174 165
145 144
159 144
165 136
33 82
93 116
223 148
156 123
144 120
245 172
274 142
237 164
249 174
165 117
139 181
274 126
52 107
99 160
181 129
204 192
142 118
148 129
52 103
123 185
106 145
161 153
151 121
52 105
43 72
99 159
33 77
67 96
229 171
38 70
105 110
182 170
223 135
140 108
147 122
52 122
297 144
167 134
294 124
128 145
198 119
89 122
36 110
120 152
300 133
83 97
196 189
193 186
83 105
295 124
102 126
194 174
36 119
126 172
29 121
100 149
229 170
123 182
166 159
163 152
111 142
156 111
159 115
131 112
106 102
165 139
272 131
108 144
232 169
248 173
239 162
45 122
32 84
40 106
54 98
137 110
294 145
114 141
126 112
91 118
226 173
43 125
110 117
32 80
71 109
119 106
242 168
136 178
200 191
127 143
155 122
194 122
20 70
201 120
130 103
86 109
83 101
189 127
20 71
255 147
142 141
127 108
166 145
201 162
26 85
176 161
164 139
243 156
140 167
297 139
127 172
127 169
123 174
222 176
28 75
132 180
37 78
41 73
51 127
248 154
112 150
196 122
157 142
131 151
205 176
239 161
59 122
38 116
105 126
116 162
172 113
175 160
111 108
173 113
128 148
248 174
51 126
136 181
130 164
126 111
20 77
91 117
183 128
42 73
239 156
42 84
134 106
216 140
31 104
48 98
132 167
165 155
124 159
154 151
61 84
87 106
42 106
226 149
277 140
107 121
124 187
219 145
216 134
210 133
24 72
112 141
157 104
141 142
51 109
83 102
122 158
145 131
155 95
195 129
205 183
108 139
221 148
156 95
35 107
59 103
121 174
191 174
235 157
194 133
104 149
94 124
51 100
46 90
124 111
60 103
195 172
146 113
202 191
105 125
165 156
132 107
181 166
152 145
146 134
61 92
97 119
257 148
57 121
268 139
205 182
147 129
190 123
67 100
86 118
129 175
212 134
166 115
82 101
34 105
300 137
231 147
105 106
123 169
107 96
37 79
40 71
233 149
137 183
101 150
162 114
131 106
137 182
256 150
158 144
193 189
164 136
75 94
275 146
178 158
32 77
106 124
98 149
85 90
201 178
193 157
151 146
221 137
155 131
34 102
198 187
201 191
85 94
173 166
186 129
105 104
185 187
123 104
127 179
143 131
35 124
112 142
114 103
138 168
203 131
137 181
96 115
110 168
144 143
28 121
34 108
59 92
21 70
114 163
161 87
183 170
151 122
162 142
86 103
57 102
193 187
139 183
194 126
88 118
176 165
91 121
208 134
194 180
76 96
70 108
191 165
153 109
269 147
167 132
123 111
49 112
165 158
206 172
240 158
301 147
181 187
172 160
84 94
225 170
168 137
146 136
184 137
274 141
103 133
157 114
162 153
178 162
131 110
167 114
128 168
277 129
202 194
60 92
176 160
200 120
172 163
155 130
196 134
111 107
62 103
121 161
151 138
106 160
298 145
140 119
236 148
62 84
40 79
135 164
121 106
129 166
111 102
119 152
40 113
40 118
196 132
293 145
153 111
154 95
160 114
134 182
155 115
279 128
117 141
200 187
46 110
114 93
236 169
187 127
270 139
102 129
101 149
138 181
194 167
82 97
25 78
123 105
138 117
299 149
195 133
138 108
198 120
215 140
20 69
35 118
44 122
33 76
128 105
104 146
163 151
195 128
295 129
228 148
129 179
175 129
40 81
50 100
244 165
239 158
105 115
199 180
124 155
163 150
232 166
109 117
109 111
132 150
274 129
46 89
232 168
88 105
98 161
135 112
216 133
98 120
164 154
196 178
41 72
105 134
251 169
158 142
124 153
104 135
99 158
133 179
37 122
124 170
108 109
193 132
200 178
32 85
256 143
116 159
123 158
155 88
183 140
142 125
105 160
154 126
153 138
122 172
19 70
273 141
146 110
131 147
141 140
73 103
142 129
256 151
275 135
33 112
237 147
112 152
144 141
87 103
154 118
87 114
238 147
126 171
39 110
262 150
153 142
45 112
86 111
226 171
178 130
105 111
81 99
46 84
194 127
120 150
135 179
39 84
171 132
198 123
66 102
21 76
179 135
142 166
274 146
223 173
29 81
225 149
223 175
54 103
138 109
43 117
117 159
93 112
57 93
77 107
241 168
300 148
162 86
180 168
98 147
296 127
145 111
110 164
189 165
91 100
270 145
274 135
141 143
144 145
135 107
147 121
55 103
266 152
197 189
197 187
71 107
167 133
52 97
200 193
253 166
169 113
86 92
249 151
216 141
192 158
107 164
158 85
190 122
152 146
45 111
188 128
249 152
154 121
192 174
299 141
101 146
21 74
107 94
126 177
224 177
229 144
106 163
202 172
32 103
271 141
112 101
29 117
156 97
129 147
281 128
238 164
297 130
98 150
220 146
64 103
193 160
45 87
139 125
105 97
41 124
82 104
253 167
103 134
126 179
156 143
38 120
202 192
128 102
300 142
209 133
132 175
199 182
139 124
195 174
116 141
298 138
133 178
149 132
159 146
152 149
53 107
196 170
183 129
225 174
148 130
156 101
113 100
300 135
126 108
102 138
154 108
27 81
34 74
201 194
98 116
185 167
195 173
188 172
27 78
154 105
139 126
181 168
243 172
85 93
54 96
202 178
110 166
164 116
107 163
197 159
81 97
241 161
245 153
218 134
24 71
139 120
153 148
132 149
198 181
248 172
188 124
114 162
36 106
223 138
155 107
34 110
123 112
47 89
154 107
28 81
87 111
177 167
107 135
254 143
33 124
105 105
211 130
95 123
236 157
193 165
191 172
196 160
147 113
196 171
233 162
92 115
193 175
49 123
169 114
246 171
190 129
293 129
39 79
233 169
42 72
191 187
162 115
157 112
199 189
40 119
67 109
38 79
198 178
59 121
274 128
196 168
173 163
152 144
267 152
36 78
226 137
114 109
207 134
162 144
248 175
113 149
115 156
165 133
263 150
106 120
169 159
106 162
153 104
126 143
192 159
77 97
200 135
297 132
101 148
110 104
38 118
105 102
151 114
124 186
67 106
27 115
35 113
190 168
163 115
179 131
138 170
136 128
198 176
268 148
189 187
27 80
151 136
50 91
151 139
129 172
200 179
154 131
274 144
202 117
259 150
42 123
128 185
250 174
72 93
244 154
99 147
132 110
36 104
203 134
168 161
231 170
105 165
37 113
101 125
226 172
123 168
39 119
154 120
67 97
134 177
86 105
45 116
125 180
183 167
274 147
271 143
247 152
58 103
121 110
84 97
152 104
130 167
80 97
102 152
196 130
41 79
56 94
124 145
144 146
201 119
52 106
148 135
139 169
200 162
181 163
278 142
158 115
115 97
234 169
89 100
113 150
197 154
38 110
201 187
252 174
179 167
61 103
87 113
219 137
203 185
287 129
107 113
196 159
174 130
253 173
118 161
275 139
124 184
299 138
22 78
125 179
109 137
299 133
122 183
108 105
145 139
34 109
99 124
55 108
252 170
35 101
52 125
204 191
113 141
257 146
30 84
191 126
122 110
122 111
179 160
81 96
137 109
90 100
190 186
158 84
60 94
192 131
288 129
198 177
189 166
280 128
243 155
115 107
252 169
36 77
181 162
127 177
92 114
125 185
87 112
117 140
103 147
232 152
143 120
278 141
277 141
190 155
117 104
163 153
294 125
65 103
122 151
75 105
131 169
198 133
184 187
112 109
137 127
125 147
133 163
214 133
181 135
297 131
53 122
130 177
126 184
132 179
72 95
199 127
150 115
293 127
106 143
217 141
299 140
254 166
172 161
185 137
124 100
132 165
125 155
148 113
239 165
193 164
33 118
237 169
140 185
104 132
26 82
138 183
112 163
44 87
124 99
118 103
39 83
290 129
99 118
196 165
274 127
152 142
152 131
160 145
153 113
299 137
87 119
38 107
102 147
222 145
123 159
111 168
194 160
30 76
33 74
130 106
203 183
124 102
122 149
43 124
147 120
51 124
30 119
101 126
192 165
142 147
292 142
105 109
241 156
144 118
56 102
134 108
50 111
226 147
267 150
231 159
37 107
135 111
32 121
106 144
51 96
199 179
248 152
53 126
104 131
191 131
239 166
118 107
153 125
201 175
117 139
134 165
168 158
117 162
88 94
107 134
294 129
101 123
113 163
203 133
208 133
149 117
29 76
165 145
110 103
168 116
86 91
193 154
119 141
113 159
75 107
109 140
87 120
120 141
230 170
68 107
141 148
122 184
200 188
124 174
114 99
135 105
113 99
195 135
34 78
95 124
266 151
148 146
105 129
159 107
212 133
119 162
22 80
111 150
107 101
125 108
205 134
162 146
156 99
87 108
235 148
49 95
147 128
34 79
44 84
48 100
50 94
60 91
140 140
143 112
232 164
42 126
86 94
188 187
83 100
267 139
38 119
295 145
29 122
112 99
60 85
124 98
232 170
102 128
232 153
193 126
99 119
121 160
28 117
39 70
34 112
126 178
120 105
156 90
166 118
105 123
240 159
122 156
160 86
59 94
185 134
31 117
33 102
124 163
224 149
126 145
24 76
94 115
165 154
104 134
74 107
113 94
192 126
134 112
278 144
189 135
63 97
37 84
172 162
279 145
38 104
21 81
152 132
154 117
128 104
195 165
30 80
250 169
87 105
197 162
42 124
35 115
37 83
274 137
22 72
142 167
145 138
127 170
298 130
126 110
274 139
117 93
227 149
127 168
140 183
196 154
199 126
180 164
161 115
131 145
273 133
270 147
90 118
196 180
101 139
188 137
126 100
51 108
203 184
39 114
147 135
138 126
201 189
156 127
227 173
203 175
273 132
105 146
239 157
156 128
135 127
204 131
295 126
144 139
29 83
142 111
62 97
170 159
195 177
104 127
153 96
256 147
111 166
30 112
58 97
129 116
144 116
23 79
90 121
102 137
55 122
156 96
251 175
38 113
250 155
156 84
153 114
38 114
63 103
133 112
194 155
106 137
61 97
184 166
107 137
163 84
84 90
144 131
140 127
240 161
122 174
105 124
41 75
195 130
273 139
253 150
101 140
148 134
127 149
21 85
40 127
83 90
294 126
46 88
21 72
38 117
39 109
66 94
275 129
33 101
103 149
62 96
172 133
192 164
138 114
83 99
155 92
142 148
45 84
220 148
292 129
194 128
127 174
174 157
224 138
118 141
142 126
124 182
247 172
271 139
106 116
116 95
70 107
221 146
225 137
68 96
131 153
142 124
128 172
149 115
296 128
225 173
125 187
138 179
226 148
231 162
179 163
141 118
41 122
105 100
125 145
141 165
180 162
145 146
258 148
178 131
106 146
190 136
243 167
35 102
160 115
176 130
88 95
153 150
154 114
182 162
130 104
156 100
197 188
298 132
140 166
298 140
145 114
58 88
149 114
34 77
99 123
42 122
183 187
251 174
52 108
298 139
220 137
193 137
239 167
69 96
126 173
94 114
143 141
60 96
113 154
255 167
255 148
136 165
180 165
163 147
23 71
23 78
129 173
127 100
226 150
101 158
293 126
237 167
121 149
117 161
70 98
157 95
166 157
199 190
136 111
257 143
70 106
218 139
153 129
40 126
120 151
40 120
183 134
188 155
28 123
146 129
129 177
173 131
64 93
217 136
85 111
244 173
139 170
202 185
110 163
177 165
51 107
145 127
113 101
171 159
232 150
124 171
130 115
200 174
108 142
28 83
141 127
43 87
192 162
76 107
180 166
228 147
87 118
108 108
166 158
167 120
84 111
172 131
155 126
139 109
246 172
26 79
187 140
229 145
143 119
123 142
58 96
269 139
34 104
243 170
136 115
121 150
130 166
254 150
70 96
152 147
45 121
217 137
123 144
180 129
113 106
111 101
83 94
51 111
156 122
103 126
124 179
54 108
201 161
170 113
106 139
120 183
130 117
140 106
25 82
77 108
123 166
41 83
119 183
58 87
186 167
199 178
116 93
227 147
156 125
123 141
55 110
154 122
26 84
267 140
106 134
104 126
187 126
27 114
123 152
97 157
187 128
73 95
143 110
125 146
38 82
41 112
85 104
118 105
156 85
229 149
152 105
199 133
266 148
58 95
88 101
245 152
104 139
165 86
24 73
263 147
125 107
98 122
120 174
111 152
69 98
91 95
197 163
152 129
129 143
193 156
238 157
190 173
224 148
154 106
199 159
158 143
223 136
108 166
140 112
59 96
215 133
217 138
105 113
187 138
155 111
105 99
194 136
144 140
40 102
47 90
92 116
55 97
68 92
35 110
27 112
51 125
255 143
134 110
200 189
43 88
157 141
240 167
239 168
31 119
153 112
185 169
257 142
162 147
222 136
187 139
121 141
103 160
52 104
176 157
49 113
198 122
136 182
198 126
112 153
73 102
131 168
199 191
104 145
69 108
157 111
32 79
115 99
182 129
166 139
190 127
104 111
276 129
199 181
73 105
44 115
171 133
189 137
30 85
201 160
38 103
42 87
31 80
279 142
59 86
104 164
167 135
115 95
191 157
190 166
249 177
31 76
40 122
105 164
150 122
83 91
194 153
40 114
103 151
23 72
40 128
147 127
122 144
27 85
103 128
181 160
46 123
144 142
44 124
142 127
23 80
123 147
104 128
271 145
244 172
193 161
194 178
275 137
133 166
173 167
56 121
28 116
120 172
133 106
301 142
91 112
71 108
251 173
39 101
203 173
103 111
188 129
177 130
195 134
21 84
135 165
241 169
102 132
252 171
98 121
147 115
193 155
162 143
119 153
56 96
175 165
258 152
106 128
222 146
30 78
27 118
189 129
146 127
242 170
122 175
34 125
40 110
299 147
191 166
49 94
163 148
210 131
89 95
300 134
85 105
59 91
30 104
164 150
229 147
105 135
183 135
106 97
78 97
139 118
155 91
155 110
146 116
50 127
150 129
193 136
88 108
266 149
123 100
33 103
90 122
124 175
273 135
198 180
114 95
131 104
186 128
151 137
276 146
227 170
231 149
153 88
84 89
136 179
152 150
126 174
91 113
93 99
128 101
189 124
193 188
153 147
156 126
49 98
246 170
33 104
278 128
124 156
132 114
173 165
164 156
86 90
114 106
29 119
156 88
161 147
104 104
201 172
91 123
249 178
32 111
52 112
61 91
152 106
222 138
252 166
124 165
34 73
234 168
156 114
281 129
38 112
152 138
40 117
175 164
124 146
131 105
283 129
167 155
113 95
271 142
153 149
237 160
153 108
44 116
33 122
300 149
296 129
36 113
242 154
93 124
129 145
134 181
99 149
167 118
224 174
150 136
144 111
299 146
232 165
233 154
298 144
136 107
90 95
128 175
190 121
244 155
155 119
249 155
107 127
222 137
290 128
108 137
173 164
108 107
167 159
240 156
34 121
58 121
195 132
205 174
273 134
123 149
44 123
20 74
56 101
197 175
192 166
201 186
184 128
97 149
253 174
255 146
196 152
129 100
85 108
42 83
190 132
202 119
123 102
114 159
143 128
72 94
257 150
29 80
199 193
134 111
40 121
293 141
58 92
201 135
129 106
291 129
84 110
99 148
69 93
35 105
128 166
255 151
300 143
121 159
196 166
197 180
185 135
105 112
252 172
274 143
156 89
184 185
225 138
33 100
194 120
107 138
131 113
152 127
176 159
128 103
218 140
167 137
156 98
97 150
146 146
86 104
205 175
190 126
295 127
153 135
231 160
65 97
24 78
157 105
197 161
102 160
126 105
107 111
30 79
168 159
44 86
204 135
155 143
42 85
131 152
222 148
142 117
187 167
219 144
199 162
43 84
156 86
38 106
62 94
115 141
274 145
191 185
189 122
141 126
57 103
106 106
32 78
198 125
192 163
222 139
165 115
106 135
299 132
194 157
224 151
185 133
43 122
244 171
179 130
301 150
163 86
286 129
140 126
127 145
179 129
131 114
155 94
45 86
131 177
