2884 1891
2840 1873
2833 1903
2856 1918
2795 1860
2853 1876
2822 1848
2841 1875
2943 1987
2844 1847
2830 1887
2794 1912
2846 1903
2831 1874
2864 1918
2818 1882
2848 1847
2821 1868
2848 1882
2816 1893
2794 1911
2863 1922
2896 1919
2884 1904
2859 1918
2882 1884
2796 1915
2855 1914
2811 1890
2826 1865
2854 1910
2944 1993
2813 1913
2852 1919
2816 1867
2946 1994
2941 1936
2815 1874
2845 1855
2877 1919
2827 1898
2945 1989
2818 1848
2817 1909
2815 1850
2945 1991
2885 1897
2820 1912
2836 1839
2812 1850
2843 1845
2838 1842
2837 1869
2812 1855
2821 1907
2889 1872
2854 1925
2875 1917
2829 1849
2881 1921
2949 1989
2864 1915
2843 1844
2801 1874
2807 1875
2808 1865
2821 1895
2797 1914
2847 1912
2789 1911
2885 1888
2842 1877
2792 1922
2885 1900
2790 1919
2852 1834
2945 1929
2819 1902
2888 1903
2842 1918
2820 1852
2932 1941
2878 1914
2811 1837
2851 1837
2808 1906
2847 1844
2827 1899
2912 1924
2894 1874
2854 1908
2935 1939
2800 1876
2893 1880
2815 1856
2841 1884
2878 1884
2816 1868
2834 1837
2903 1871
2816 1910
2821 1897
2788 1919
2841 1883
2822 1891
2823 1867
2882 1916
2856 1840
2837 1915
2887 1887
2892 1918
2880 1914
2816 1857
2834 1904
2854 1912
2798 1912
2936 1927
2826 1882
2821 1880
2808 1905
2812 1854
2889 1876
2909 1930
2834 1865
2943 1989
2834 1853
2799 1917
2834 1836
2792 1866
2809 1866
2940 1986
2823 1879
2884 1907
2878 1917
2858 1840
2839 1858
2845 1913
2886 1905
2812 1856
2841 1907
2890 1877
2884 1889
2832 1897
2828 1867
2806 1863
2789 1913
2832 1871
2824 1887
2807 1869
2887 1900
2835 1902
2832 1892
2884 1887
2837 1916
2807 1903
2791 1913
2831 1875
2844 1877
2889 1873
2831 1904
2812 1896
2851 1834
2845 1910
2823 1877
2851 1839
2832 1894
2809 1908
2813 1855
2836 1915
2809 1897
2850 1837
2845 1856
2839 1915
2805 1868
2819 1849
2793 1918
2838 1841
2823 1847
2834 1864
2834 1841
2834 1839
2851 1871
2951 1990
2847 1878
2852 1839
2835 1848
2933 1941
2843 1913
2851 1912
2817 1893
2844 1854
2886 1916
2883 1889
2882 1910
2800 1875
2804 1910
2792 1862
2931 1941
2823 1889
2878 1885
2821 1892
2854 1923
2828 1884
2856 1836
2805 1861
2836 1913
2793 1865
2833 1897
2796 1924
2888 1884
2907 1929
2946 1989
2786 1865
2836 1854
2818 1871
2844 1883
2818 1899
2824 1890
2803 1913
2841 1885
2802 1877
2816 1877
2889 1881
2823 1868
2820 1874
2848 1854
2831 1907
2788 1913
2836 1910
2851 1833
2852 1912
2828 1849
2839 1869
2796 1923
2842 1845
2798 1861
2877 1885
2788 1912
2893 1911
2802 1859
2816 1905
2831 1905
2795 1861
2817 1869
2837 1912
2815 1907
2793 1854
2840 1918
2827 1895
2823 1866
2818 1889
2824 1899
2833 1916
2845 1882
2863 1920
2848 1850
2818 1915
2830 1905
2804 1876
2808 1867
2829 1868
2818 1870
2812 1841
2912 1925
2936 1942
2790 1863
2823 1844
2833 1902
2883 1911
2807 1874
2790 1870
2802 1911
2799 1914
2942 1989
2825 1848
2891 1885
2884 1892
2832 1918
2826 1887
2859 1922
2848 1842
2828 1868
2804 1877
2790 1917
2798 1914
2827 1878
2818 1874
2813 1844
2843 1906
2838 1839
2863 1923
2885 1887
2834 1916
2821 1910
2832 1851
2829 1850
2835 1869
2789 1912
2827 1885
2816 1881
2808 1857
2838 1843
2811 1838
2846 1880
2837 1874
2843 1841
2794 1857
2795 1862
2880 1917
2897 1909
2845 1914
2813 1875
2810 1875
2887 1917
2830 1906
2801 1859
2887 1905
2824 1865
2815 1877
2839 1916
2842 1843
2841 1887
2802 1871
2827 1861
2826 1897
2826 1883
2877 1914
2817 1850
2839 1911
2882 1894
2801 1869
2843 1916
2855 1839
2852 1921
2817 1867
2828 1861
2816 1908
2826 1888
2807 1897
2863 1918
2833 1908
2823 1876
2848 1911
2822 1899
2830 1917
2806 1906
2821 1875
2848 1920
2854 1913
2806 1878
2791 1905
2792 1863
2828 1895
2820 1892
2836 1907
2882 1917
2838 1873
2794 1862
2878 1886
2802 1913
2850 1923
2817 1854
2880 1884
2862 1920
2852 1875
2844 1905
2831 1851
2818 1852
2848 1880
2844 1910
2939 1925
2832 1907
2812 1897
2820 1854
2888 1877
2830 1916
2897 1930
2825 1890
2796 1917
2890 1902
2817 1888
2815 1905
2849 1912
2830 1868
2821 1891
2862 1914
2799 1871
2859 1921
2849 1850
2792 1870
2908 1929
2794 1921
2806 1866
2790 1862
2872 1917
2828 1894
2808 1859
2808 1874
2888 1916
2826 1892
2890 1878
2824 1895
2892 1884
2791 1866
2808 1875
2789 1920
2865 1917
2838 1872
2831 1869
2870 1917
2855 1916
2812 1889
2821 1903
2859 1842
2798 1871
2809 1907
2832 1852
2842 1842
2832 1849
2823 1864
2861 1920
2826 1893
2945 1992
2936 1938
2815 1891
2815 1904
2805 1863
2839 1883
2793 1866
2825 1899
2797 1920
2848 1878
2792 1923
2877 1884
2802 1876
2832 1919
2820 1910
2814 1890
2892 1905
2804 1861
2840 1847
2843 1884
2819 1881
2848 1877
2946 1993
2794 1910
2835 1907
2794 1918
2940 1940
2886 1913
2820 1868
2802 1861
2889 1913
2851 1877
2857 1918
2813 1912
2819 1911
2818 1900
2837 1839
2844 1903
2842 1881
2891 1913
2903 1872
2809 1904
2828 1862
2894 1912
2835 1915
2846 1882
2886 1900
2880 1922
2820 1864
2825 1895
2892 1879
2879 1882
2874 1916
2835 1883
2840 1907
2821 1893
2947 1992
2817 1899
2866 1917
2805 1906
2834 1914
2887 1916
2832 1904
2819 1874
2843 1882
2836 1884
2825 1846
2847 1856
2814 1856
2820 1901
2883 1892
2822 1904
2797 1876
2868 1917
2885 1911
2814 1914
2848 1881
2833 1852
2846 1878
2933 1942
2800 1873
2865 1914
2806 1864
2823 1845
2833 1907
2876 1884
2838 1870
2937 1926
2819 1848
2819 1913
2794 1867
2850 1919
2848 1883
2790 1909
2825 1849
2847 1846
2803 1912
2856 1922
2939 1911
2892 1874
2814 1911
2805 1909
2811 1854
2806 1903
2800 1870
2942 1988
2821 1847
2845 1905
2834 1838
2806 1872
2890 1913
2839 1917
2838 1840
2847 1880
2856 1923
2834 1871
2894 1904
2935 1928
2829 1902
2876 1916
2941 1986
2884 1901
2807 1871
2935 1942
2814 1853
2817 1851
2799 1911
2901 1928
2842 1912
2816 1892
2813 1848
2820 1848
2940 1926
2883 1884
2953 1991
2841 1918
2791 1920
2879 1917
2892 1880
2943 1986
2827 1877
2886 1884
2805 1872
2827 1864
2843 1912
2816 1874
2842 1909
2809 1906
2839 1870
2793 1920
2915 1897
2794 1875
2824 1883
2795 1923
2848 1844
2885 1890
2854 1911
2852 1922
2814 1874
2807 1898
2828 1913
2793 1855
2841 1919
2885 1912
2841 1886
2890 1879
2835 1868
2826 1884
2834 1918
2892 1906
2886 1915
2859 1920
2938 1926
2893 1883
2806 1874
2892 1881
2944 1989
2833 1849
2822 1847
2889 1883
2892 1883
2813 1876
2883 1917
2814 1905
2829 1919
2823 1890
2822 1905
2940 1941
2832 1895
2834 1868
2843 1877
2820 1899
2810 1854
2885 1907
2846 1911
2938 1924
2798 1859
2848 1851
2821 1848
2808 1863
2844 1906
2832 1896
2889 1875
2818 1868
2794 1913
2792 1868
2813 1847
2830 1907
2791 1918
2831 1876
2851 1840
2847 1918
2850 1877
2787 1919
2885 1884
2811 1875
2815 1876
2827 1896
2858 1918
2847 1854
2801 1870
2866 1914
2797 1859
2810 1889
2822 1890
2819 1892
2826 1861
2841 1856
2950 1990
2835 1839
2862 1916
2890 1887
2842 1858
2851 1873
2835 1854
2828 1883
2818 1904
2835 1851
2897 1871
2899 1930
2818 1854
2803 1910
2854 1840
2806 1910
2853 1912
2941 1940
2837 1908
2788 1864
2805 1862
2808 1903
2821 1899
2881 1917
2853 1840
2864 1923
2823 1849
2802 1873
2881 1914
2847 1845
2844 1913
2825 1847
2826 1890
2797 1918
2898 1930
2787 1937
2834 1854
2821 1849
2812 1842
2889 1880
2840 1919
2885 1917
2877 1916
2832 1908
2877 1883
2850 1871
2843 1885
2815 1909
2849 1920
2867 1917
2883 1907
2851 1919
2885 1898
2786 1919
2816 1856
2838 1916
2824 1881
2829 1905
2853 1918
2818 1905
2850 1841
2937 1939
2819 1912
2803 1911
2835 1911
2793 1863
2824 1880
2893 1871
2791 1906
2934 1943
2831 1873
2945 1984
2847 1903
2897 1931
2832 1893
2791 1916
2810 1837
2844 1845
2824 1885
2850 1873
2810 1909
2825 1879
2828 1886
2808 1896
2831 1892
2830 1912
2828 1863
2840 1921
2807 1901
2830 1890
2841 1874
2819 1853
2817 1889
2807 1905
2787 1865
2891 1887
2827 1863
2890 1874
2790 1907
2888 1902
2838 1847
2791 1867
2844 1853
2827 1867
2878 1916
2851 1835
2891 1912
2923 1910
2837 1848
2792 1924
2838 1871
2819 1910
2806 1868
2814 1840
2842 1880
2813 1903
2849 1841
2791 1862
2791 1911
2828 1903
2855 1922
2848 1853
2801 1876
2854 1909
2883 1893
2817 1871
2801 1873
2812 1875
2934 1942
2830 1851
2814 1903
2884 1890
2827 1886
2839 1907
2846 1846
2792 1869
2855 1910
2847 1919
2884 1902
2855 1915
2843 1883
2800 1914
2827 1876
2880 1915
2884 1897
2934 1939
2786 1918
2862 1918
2827 1894
2866 1913
2834 1896
2822 1846
2891 1879
2883 1895
2822 1907
2847 1843
2837 1911
2848 1852
2791 1910
2821 1864
2859 1917
2829 1863
2833 1848
2852 1874
2807 1900
2888 1888
2851 1832
2842 1856
2832 1850
2793 1909
2831 1891
2862 1913
2817 1875
2813 1845
2852 1917
2817 1874
2885 1895
2885 1903
2842 1911
2832 1870
2850 1911
2795 1877
2822 1892
2814 1904
2886 1903
2832 1869
2871 1917
2822 1879
2838 1869
2886 1887
2826 1879
2834 1905
2812 1838
2812 1840
2845 1912
2936 1939
2808 1861
2846 1912
2808 1900
2834 1870
2834 1851
2820 1909
2946 1990
2841 1876
2842 1841
2884 1910
2826 1876
2847 1876
2790 1866
2791 1909
2847 1879
2826 1895
2794 1859
2838 1920
2854 1915
2814 1850
2812 1843
2824 1875
2812 1876
2796 1859
2877 1921
2829 1893
2882 1883
2834 1907
2889 1902
2847 1855
2809 1903
2841 1877
2850 1921
2893 1872
2831 1870
2833 1898
2812 1908
2865 1916
2813 1909
2821 1879
2876 1917
2845 1903
2829 1904
2829 1897
2882 1911
2851 1838
2831 1918
2869 1917
2815 1915
2812 1844
2859 1836
2934 1928
2818 1914
2877 1920
2797 1917
2819 1890
2803 1861
2803 1909
2834 1867
2934 1940
2818 1853
2810 1908
2839 1856
2801 1860
2816 1854
2816 1889
2858 1921
2830 1915
2891 1873
2898 1929
2815 1890
2893 1912
2798 1915
2874 1884
2814 1851
2793 1921
2941 1925
2884 1911
2813 1916
2833 1904
2849 1883
2827 1897
2789 1904
2798 1913
2827 1882
2814 1847
2888 1872
2863 1915
2807 1876
2833 1847
2946 1991
2853 1839
2799 1876
2813 1915
2822 1903
2833 1901
2836 1883
2942 1935
2881 1884
2851 1836
2786 1917
2887 1884
2812 1874
2822 1868
2890 1885
2843 1918
2855 1840
2890 1883
2888 1900
2842 1903
2887 1914
2944 1984
2886 1911
2936 1940
2826 1851
2848 1846
2837 1910
2819 1900
2829 1887
2827 1900
2828 1897
2847 1920
2882 1921
2830 1918
2849 1842
2798 1877
2815 1908
2822 1875
2792 1921
2817 1881
2941 1935
2826 1878
2840 1911
2828 1893
2788 1863
2827 1865
2889 1901
2884 1900
2837 1883
2790 1916
2889 1914
2840 1883
2829 1915
2841 1911
2854 1922
2811 1897
2813 1891
2816 1894
2812 1890
2808 1897
2817 1849
2854 1914
2808 1856
2864 1920
2793 1924
2795 1918
2794 1863
2807 1870
2849 1872
2856 1921
2840 1856
2834 1874
2882 1915
2787 1915
2790 1906
2814 1912
2885 1896
2842 1885
2836 1906
2808 1858
2843 1908
2820 1902
2830 1850
2814 1909
2793 1856
2835 1897
2864 1922
2843 1880
2837 1870
2894 1875
2793 1867
2865 1915
2838 1910
2895 1871
2902 1929
2801 1861
2874 1885
2848 1876
2813 1846
2937 1941
2789 1866
2833 1920
2834 1919
2789 1916
2790 1905
2864 1917
2816 1890
2836 1914
2844 1919
2843 1843
2949 1990
2840 1906
2894 1907
2838 1848
2821 1896
2846 1856
2943 1988
2841 1842
2802 1914
2840 1841
2820 1849
2828 1850
2845 1904
2799 1913
2825 1883
2833 1906
2843 1903
2842 1907
2834 1902
2816 1913
2824 1868
2853 1833
2866 1919
2893 1907
2789 1937
2816 1891
2795 1876
2897 1932
2833 1850
2883 1894
2936 1926
2821 1902
2806 1865
2834 1872
2790 1913
2817 1910
2844 1855
2853 1908
2884 1906
2819 1854
2820 1881
2815 1906
2821 1909
2834 1866
2829 1903
2814 1854
2936 1937
2817 1868
2823 1882
2854 1920
2833 1834
2836 1909
2813 1850
2805 1908
2799 1861
2823 1846
2839 1873
2792 1910
2827 1902
2826 1894
2827 1884
2846 1914
2885 1914
2944 1990
2834 1917
2937 1923
2802 1872
2839 1842
2791 1919
2806 1905
2853 1915
2857 1840
2834 1840
2840 1876
2818 1903
2809 1855
2840 1842
2906 1929
2859 1838
2790 1864
2837 1913
2885 1906
2891 1905
2846 1847
2807 1910
2850 1840
2831 1889
2817 1882
2834 1915
2809 1876
2915 1899
2888 1901
2852 1837
2943 1985
2824 1848
2814 1913
2863 1919
2800 1913
2816 1850
2855 1925
2886 1914
2836 1908
2816 1904
2951 1991
2829 1914
2813 1917
2834 1897
2810 1897
2874 1917
2889 1887
2792 1905
2847 1853
2796 1921
2831 1890
2937 1940
2817 1911
2891 1874
2836 1870
2855 1909
2801 1871
2878 1882
2790 1908
2892 1912
2795 1921
2873 1917
2799 1918
2942 1986
2808 1869
2826 1889
2885 1913
2844 1846
2814 1852
2847 1911
2843 1855
2848 1849
2819 1852
2834 1895
2830 1888
2948 1989
2833 1919
2826 1886
2847 1882
2901 1930
2842 1902
2795 1915
2829 1898
2795 1867
2798 1860
2820 1875
2897 1921
2805 1877
2819 1872
2805 1878
2892 1882
2832 1872
2899 1928
2950 1989
2819 1903
2881 1915
2787 1916
2827 1891
2913 1924
2909 1931
2822 1906
2813 1896
2879 1883
2788 1915
2805 1910
2840 1920
2796 1922
2818 1869
2854 1924
2850 1920
2803 1873
2838 1883
2859 1919
2800 1861
2804 1863
2828 1905
2884 1912
2879 1884
2843 1914
2914 1924
2789 1862
2849 1914
2937 1972
2852 1873
2790 1865
2787 1913
2841 1858
2850 1872
2875 1884
2892 1907
2808 1866
2829 1861
2825 1865
2947 1989
2841 1857
2817 1857
2831 1919
2884 1909
2883 1888
2813 1873
2849 1877
2859 1833
2842 1847
2801 1914
2819 1904
2817 1914
2800 1915
2859 1839
2880 1885
2813 1849
2823 1883
2833 1869
2823 1878
2814 1915
2814 1910
2853 1913
2807 1872
2901 1893
2800 1877
2843 1915
2797 1915
2829 1866
2950 1991
2806 1867
2893 1874
2891 1884
2841 1873
2833 1870
2823 1865
2827 1901
2941 1924
2816 1855
2804 1907
2898 1928
2841 1872
2852 1833
2791 1912
2824 1884
2796 1876
2821 1908
2878 1921
2822 1909
2829 1913
2948 1988
2836 1848
2843 1856
2829 1912
2843 1847
2834 1910
2837 1920
2849 1913
2849 1911
2796 1916
2862 1915
2840 1869
2879 1922
2889 1882
2821 1898
2845 1847
2846 1910
2821 1881
2892 1873
2844 1843
2851 1876
2825 1887
2843 1881
2823 1875
2799 1912
2889 1915
2826 1898
2821 1869
2849 1844
2952 1991
2839 1844
2793 1868
2890 1884
2863 1917
2876 1919
2936 1941
2819 1868
2807 1899
2938 1925
2808 1860
2814 1876
2814 1873
2788 1865
2841 1871
2850 1922
2849 1910
2809 1875
2812 1909
2864 1921
2796 1918
2813 1840
2789 1864
2829 1865
2903 1909
2829 1864
2917 1900
2841 1906
2839 1847
2884 1903
2828 1900
2826 1850
2855 1917
2834 1873
2889 1916
2828 1902
2811 1908
2939 1940
2937 1942
2812 1837
2809 1874
2858 1839
2808 1901
2806 1876
2851 1921
2794 1856
2891 1886
2808 1864
2835 1870
2837 1921
2886 1890
2831 1877
2855 1918
2818 1913
2819 1871
2833 1915
2881 1922
2836 1903
2794 1915
2807 1902
2798 1918
2843 1907
2804 1872
2820 1900
2795 1875
2835 1835
2813 1890
2842 1910
2800 1871
2880 1886
2894 1871
2862 1919
2832 1853
2797 1921
2842 1908
2825 1850
2809 1854
2843 1853
2936 1936
2830 1869
2816 1909
2818 1898
2792 1856
2879 1921
2906 1930
2818 1855
2794 1858
2810 1907
2852 1876
2879 1914
2807 1868
2885 1899
2884 1895
2821 1894
2843 1919
2838 1874
2873 1916
2807 1864
2849 1843
2843 1917
2835 1904
2794 1876
2795 1859
2827 1866
2836 1904
2829 1892
2815 1878
2814 1897
2792 1918
2816 1914
2812 1839
2845 1883
2819 1891
2886 1904
2827 1850
2860 1920
2888 1873
2878 1919
2847 1847
2945 1993
2884 1917
2836 1921
2932 1942
2887 1890
2820 1890
2789 1915
2823 1848
2941 1938
2828 1887
2940 1925
2790 1904
2835 1910
2800 1874
2832 1874
2839 1920
2818 1897
2822 1864
2818 1881
2808 1862
2804 1911
2846 1855
2843 1879
2860 1917
2830 1919
2885 1916
2947 1993
2889 1877
2793 1910
2813 1889
2885 1909
2792 1867
2876 1918
2808 1855
2844 1907
2889 1874
2888 1878
2805 1907
2822 1910
2889 1884
2814 1855
2798 1876
2787 1918
2791 1924
2807 1866
2804 1873
2833 1872
2807 1904
2940 1917
2843 1905
2789 1919
2814 1896
2829 1901
2909 1929
2935 1938
2818 1890
2828 1888
2811 1889
2839 1843
2885 1908
2793 1919
2831 1888
2795 1910
2830 1875
2824 1849
2843 1878
2815 1914
2850 1912
2807 1873
2791 1870
2843 1852
2817 1848
2879 1918
2836 1916
2794 1914
2847 1917
2849 1873
2856 1909
2800 1860
2885 1905
2834 1852
2833 1896
2826 1891
2831 1872
2842 1916
2824 1882
2824 1879
2811 1876
2825 1898
2811 1896
2839 1918
2818 1872
2891 1914
2891 1915
2892 1915
2893 1915
2892 1916
2894 1915
2893 1916
2892 1917
2895 1915
2896 1915
2895 1916
2895 1914
2897 1915
2935 1937
2895 1917
2892 1913
2897 1914
2894 1917
2895 1918
2898 1914
2894 1918
2895 1919
2899 1914
2895 1920
2899 1913
2896 1920
2894 1920
2900 1913
2899 1912
2897 1920
2894 1921
2901 1913
2898 1912
2899 1911
2900 1909
2897 1919
2894 1922
2902 1913
2901 1912
2898 1911
2897 1918
2895 1922
2894 1923
2903 1913
2813 1874
2901 1911
2897 1911
2898 1918
2897 1917
2942 1914
2893 1923
2904 1913
2797 1922
2902 1911
2897 1910
2892 1923
2893 1924
2905 1913
2904 1912
2903 1915
2902 1916
2902 1910
2889 1886
2892 1924
2906 1913
2904 1911
2904 1915
2903 1916
2901 1916
2902 1909
2892 1925
2907 1913
2906 1914
2888 1887
2905 1915
2901 1917
2901 1909
2902 1908
2891 1925
2892 1926
2906 1915
2900 1917
2818 1873
2903 1908
2902 1907
2890 1925
2907 1915
2906 1916
2899 1917
2904 1908
2902 1906
2889 1925
2906 1917
2905 1908
2901 1906
2905 1917
2906 1918
2901 1905
2904 1917
2907 1918
2906 1919
2900 1905
2901 1904
2904 1918
2906 1920
2901 1903
2906 1921
2872 1918
2901 1902
2906 1922
2885 1889
2901 1901
2905 1922
2906 1923
2893 1905
2854 1921
2901 1900
2834 1848
2907 1923
2789 1914
2895 1903
2900 1900
2901 1899
2907 1924
2901 1927
2901 1929
2895 1905
2899 1900
2815 1875
2901 1898
2907 1925
2900 1928
2899 1901
2899 1899
2902 1898
2908 1925
2907 1926
2895 1904
2898 1901
2899 1927
2902 1897
2908 1926
2906 1926
2894 1905
2898 1902
2901 1894
2903 1897
2902 1896
2909 1926
2906 1927
2853 1920
2898 1903
2901 1895
2786 1937
2903 1896
2901 1896
2909 1927
2905 1927
2906 1928
2848 1848
2899 1903
2898 1904
2783 1932
2892 1885
2910 1927
2904 1927
2799 1859
2884 1884
2899 1904
2898 1905
2788 1937
2911 1927
2910 1928
2903 1927
2904 1926
2896 1871
2835 1847
2847 1916
2897 1905
2898 1906
2803 1876
2911 1926
2903 1928
2853 1919
2937 1938
2841 1847
2853 1917
2896 1905
2912 1926
2796 1877
2902 1928
2938 1939
2853 1916
2902 1903
2903 1903
2903 1904
2903 1902
2903 1905
2904 1902
2904 1905
2905 1902
2904 1906
2905 1903
2905 1906
2906 1906
2907 1906
2908 1906
2909 1906
2910 1906
2909 1905
2852 1920
2909 1904
2909 1903
2910 1903
2908 1903
2909 1902
2911 1903
2907 1903
2908 1902
2909 1901
2911 1904
2907 1902
2909 1900
2909 1899
2910 1899
2908 1899
2909 1898
2911 1899
2909 1897
2912 1899
2912 1900
2912 1898
2913 1900
2913 1898
2912 1897
2913 1901
2913 1897
2911 1897
2914 1901
2911 1896
2915 1901
2916 1901
2916 1902
2916 1900
2916 1903
2916 1899
2915 1903
2917 1899
2916 1898
2915 1904
2918 1899
2916 1897
2919 1899
2918 1898
2916 1896
2920 1899
2915 1896
2916 1895
2920 1900
2920 1898
2917 1895
2921 1900
2920 1901
2917 1894
2920 1902
2917 1893
2920 1903
2918 1893
2921 1903
2919 1903
2920 1904
2919 1893
2918 1892
2922 1903
2918 1903
2919 1904
2920 1905
2918 1891
2923 1903
2922 1902
2918 1904
2918 1902
2920 1906
2919 1891
2924 1903
2904 1919
2922 1901
2918 1905
2921 1906
2919 1906
2920 1907
2920 1891
2919 1890
2925 1903
2924 1902
2918 1906
2920 1908
2921 1891
2926 1903
2802 1910
2925 1902
2924 1901
2917 1906
2921 1908
2922 1891
2926 1904
2926 1902
2898 1896
2922 1908
2921 1909
2923 1891
2926 1905
2937 1924
2926 1901
2899 1896
2923 1908
2921 1910
2924 1891
2923 1890
2928 1902
2927 1901
2926 1900
2898 1897
2922 1910
2924 1892
2924 1890
2929 1902
2928 1903
2928 1901
2899 1897
2899 1898
2922 1911
2924 1893
2924 1889
2930 1902
2929 1903
2929 1901
2928 1900
2786 1936
2785 1931
2784 1934
2922 1912
2923 1893
2924 1894
2925 1889
2930 1903
2930 1901
2783 1933
2921 1912
2925 1894
2926 1889
2931 1903
2931 1901
2786 1935
2920 1912
2892 1872
2926 1894
2926 1888
2931 1904
2932 1901
2920 1913
2921 1914
2926 1895
2926 1893
2927 1888
2931 1905
2933 1901
2920 1914
2921 1915
2927 1895
2927 1887
2930 1905
2934 1901
2922 1915
2928 1895
2929 1905
2934 1902
2929 1895
2928 1896
2929 1906
2934 1903
2930 1895
2929 1896
2928 1897
2935 1903
2928 1898
2936 1903
2927 1898
2937 1903
2936 1902
2938 1903
2938 1904
2938 1902
2939 1904
2938 1905
2938 1901
2937 1905
2938 1906
2937 1901
2938 1907
2937 1900
2938 1908
2938 1909
2937 1909
2937 1910
2936 1910
2936 1911
2936 1912
2937 1912
2821 1876
2938 1912
2936 1914
2939 1912
2936 1915
2940 1912
2939 1913
2937 1915
2936 1916
2941 1912
2940 1913
2940 1911
2938 1915
2935 1916
2936 1917
2940 1914
2940 1910
2938 1916
2934 1916
2941 1914
2940 1915
2941 1910
2938 1917
2933 1916
2934 1917
2941 1915
2942 1910
2939 1917
2934 1918
2942 1915
2939 1918
2935 1918
2943 1915
2940 1918
2944 1915
2943 1916
2943 1914
2940 1919
2944 1916
2943 1917
2941 1919
2940 1920
2943 1918
2942 1919
2944 1918
2943 1919
2942 1920
2945 1918
2942 1921
2945 1919
2943 1921
2946 1919
2943 1922
2947 1919
2946 1920
2943 1923
2948 1919
2947 1920
2946 1921
2943 1924
2948 1918
2947 1921
2945 1921
2946 1922
2944 1924
2945 1924
2944 1925
2946 1924
2945 1923
2944 1926
2947 1924
2945 1926
2944 1927
2948 1924
2947 1923
2946 1926
2948 1923
2946 1927
2825 1878
2805 1860
2946 1928
2859 1834
2945 1928
2946 1929
2858 1835
2859 1835
2947 1929
2946 1930
2838 1833
2839 1834
2945 1930
2839 1836
2944 1930
2861 1842
2943 1930
2838 1834
2839 1835
2943 1931
2859 1837
2943 1932
2859 1843
2860 1842
2837 1836
2942 1932
2838 1835
2941 1932
2942 1933
2856 1835
2795 1858
2940 1932
2857 1842
2866 1918
2939 1932
2834 1832
2837 1835
2901 1872
2902 1871
2939 1933
2939 1931
2858 1842
2834 1833
2901 1871
2938 1933
2939 1934
2938 1931
2939 1930
2836 1835
2854 1833
2856 1837
2900 1871
2939 1935
2938 1930
2939 1929
2858 1841
2838 1855
2898 1870
2939 1936
2938 1929
2940 1929
2834 1834
2899 1871
2898 1871
2939 1937
2937 1929
2853 1835
2855 1837
2857 1839
2897 1873
2898 1872
2940 1937
2939 1938
2937 1928
2839 1855
2839 1857
2834 1835
2897 1872
2896 1872
2941 1937
2938 1938
2939 1939
2936 1928
2853 1834
2855 1838
2947 1927
2948 1927
2949 1927
2948 1928
2949 1928
2949 1926
2950 1928
2950 1926
2951 1928
2952 1928
2951 1927
2953 1928
2954 1928
2953 1929
2953 1927
2955 1928
2956 1928
2955 1927
2957 1928
2955 1926
2958 1928
2957 1927
2956 1926
2955 1925
2958 1929
2958 1927
2954 1925
2959 1929
2959 1927
2958 1926
2954 1924
2960 1929
2959 1930
2954 1923
2961 1929
2955 1923
2953 1923
2962 1929
2961 1930
2961 1928
2956 1923
2955 1922
2963 1929
2961 1931
2961 1927
2956 1922
2955 1921
2964 1929
2961 1932
2961 1926
2957 1922
2965 1929
2964 1928
2962 1932
2960 1932
2962 1926
2960 1926
2958 1922
2957 1921
2965 1930
2959 1932
2962 1925
2959 1922
2957 1920
2966 1930
2965 1931
2958 1932
2963 1925
2959 1923
2958 1920
2967 1930
2958 1933
2964 1925
2960 1923
2958 1919
2968 1930
2958 1934
2959 1919
2969 1930
2959 1934
2957 1934
2958 1935
2959 1918
2969 1929
2956 1934
2957 1935
2960 1918
2959 1917
2970 1929
2969 1928
2956 1933
2961 1918
2960 1917
2958 1917
2971 1929
2970 1928
2969 1927
2956 1932
2962 1918
2960 1916
2957 1917
2972 1929
2969 1926
2961 1916
2956 1917
2972 1930
2972 1928
2969 1925
2962 1916
2973 1930
2963 1916
2973 1931
2963 1917
2963 1915
2974 1931
2973 1932
2964 1917
2964 1915
2963 1914
2975 1931
2972 1932
2973 1933
2964 1918
2965 1915
2963 1913
2976 1931
2973 1934
2965 1918
2965 1916
2965 1914
2963 1912
2977 1931
2973 1935
2965 1919
2966 1916
2965 1913
2963 1911
2977 1930
2974 1935
2972 1935
2966 1919
2965 1920
2962 1911
2977 1929
2971 1935
2966 1920
2965 1921
2962 1910
2978 1929
2976 1929
2970 1935
2962 1909
2979 1929
2969 1935
2962 1908
2979 1928
2968 1935
2969 1936
2963 1908
2962 1907
2980 1928
2979 1927
2967 1935
2969 1937
2964 1908
2962 1906
2981 1928
2978 1927
2979 1926
2966 1935
2970 1937
2968 1937
2965 1908
2961 1906
2982 1928
2981 1929
2977 1927
2979 1925
2966 1934
2967 1937
2968 1938
2960 1906
2961 1905
2981 1930
2978 1925
2966 1937
2967 1938
2959 1906
2960 1907
2982 1930
2978 1924
2965 1937
2967 1939
2958 1906
2960 1908
2983 1930
2982 1931
2978 1923
2965 1938
2959 1908
2960 1909
2984 1930
2979 1923
2978 1922
2964 1938
2965 1939
2958 1908
2984 1931
2984 1929
2980 1923
2978 1921
2965 1940
2957 1908
2958 1909
2985 1931
2985 1929
2980 1924
2980 1922
2978 1920
2964 1940
2956 1908
2986 1931
2985 1932
2986 1929
2981 1922
2980 1921
2979 1920
2963 1940
2964 1941
2955 1908
2986 1932
2985 1933
2987 1929
2982 1922
2979 1919
2962 1940
2963 1939
2964 1942
2955 1909
2955 1907
2987 1932
2984 1933
2987 1928
2979 1918
2961 1940
2965 1942
2963 1942
2964 1943
2955 1910
2954 1907
2983 1933
2988 1928
2987 1927
2980 1918
2978 1918
2960 1940
2961 1941
2961 1939
2965 1943
2962 1942
2963 1943
2964 1944
2954 1910
2953 1907
2982 1933
2989 1928
2987 1926
2980 1917
2978 1917
2960 1941
2961 1942
2965 1944
2953 1906
2981 1933
2990 1928
2986 1926
2981 1917
2980 1916
2977 1917
2959 1941
2960 1942
2965 1945
2952 1906
2980 1933
2991 1928
2982 1917
2981 1916
2979 1916
2980 1915
2976 1917
2958 1941
2960 1943
2965 1946
2951 1906
2979 1933
2992 1928
2982 1916
2979 1915
2975 1917
2976 1918
2976 1916
2957 1941
2958 1940
2960 1944
2966 1946
2965 1947
2950 1906
2978 1933
2979 1934
2992 1929
2992 1927
2982 1915
2974 1917
2976 1919
2976 1915
2957 1940
2959 1944
2967 1946
2966 1947
2964 1947
2949 1906
2977 1933
2978 1934
2978 1932
2992 1930
2993 1927
2992 1926
2983 1915
2977 1919
2976 1920
2976 1914
2957 1939
2958 1944
2959 1945
2968 1946
2963 1947
2964 1948
2949 1907
2949 1905
2977 1934
2993 1930
2991 1930
2994 1927
2991 1926
2983 1914
2975 1920
2957 1938
2957 1944
2959 1946
2968 1947
2963 1946
2948 1905
2949 1904
2976 1934
2977 1935
2993 1931
2995 1927
2994 1926
2975 1921
2958 1938
2957 1945
2960 1946
2959 1947
2948 1904
2950 1904
2976 1935
2993 1932
2995 1928
2994 1925
2956 1945
2960 1947
2958 1947
2947 1904
2950 1903
2976 1936
2992 1932
2995 1929
2994 1924
2955 1945
2958 1948
2946 1904
2951 1903
2950 1902
2976 1937
2992 1933
2994 1929
2993 1924
2994 1923
2954 1945
2945 1904
2946 1905
2949 1902
2950 1901
2975 1937
2991 1933
2992 1934
2992 1924
2995 1923
2953 1945
2946 1906
2951 1901
2950 1900
2990 1933
2991 1934
2993 1934
2992 1935
2991 1924
2992 1923
2996 1923
2995 1922
2952 1945
2953 1944
2945 1906
2946 1907
2952 1901
2950 1899
2990 1932
2991 1935
2993 1935
2990 1924
2991 1923
2997 1923
2951 1945
2945 1907
2946 1908
2952 1900
2949 1899
2950 1898
2993 1936
2991 1922
2997 1924
2997 1922
2951 1946
2944 1907
2946 1909
2953 1900
2948 1899
2994 1936
2991 1921
2998 1924
2997 1925
2997 1921
2951 1947
2947 1909
2954 1900
2947 1899
2994 1937
2991 1920
2998 1925
2996 1925
2998 1921
2997 1920
2950 1947
2946 1899
2991 1919
2998 1920
2996 1920
2949 1947
2945 1899
2946 1900
2991 1918
2949 1948
2944 1899
2946 1901
2992 1918
2990 1918
2949 1949
2943 1899
2947 1901
2992 1917
2990 1917
2948 1949
2949 1950
2993 1917
2992 1916
2989 1917
2947 1949
2948 1950
2950 1950
2992 1915
2988 1917
2989 1916
2946 1949
2951 1950
2950 1951
2993 1915
2991 1915
2988 1918
2945 1949
2952 1950
2951 1951
2950 1952
2994 1915
2990 1915
2945 1950
2953 1950
2952 1949
2950 1953
2995 1915
2990 1914
2945 1951
2951 1953
2996 1915
2990 1913
2945 1952
2952 1953
2997 1915
2990 1912
2944 1952
2953 1953
2989 1912
2990 1911
2944 1953
2953 1954
2953 1952
2989 1911
2944 1954
2954 1954
2953 1955
2954 1952
2988 1911
2945 1954
2943 1954
2944 1955
2955 1954
2955 1952
2954 1951
2987 1911
2946 1954
2944 1956
2956 1954
2955 1955
2956 1952
2987 1912
2987 1910
2945 1956
2944 1957
2957 1954
2956 1955
2956 1953
2955 1956
2986 1912
2987 1913
2986 1910
2946 1956
2943 1957
2944 1958
2955 1957
2985 1912
2947 1956
2942 1957
2943 1958
2944 1959
2956 1957
2954 1957
2955 1958
2985 1913
2947 1957
2947 1955
2941 1957
2943 1959
2944 1960
2957 1957
2953 1957
2948 1955
2941 1956
2945 1960
2958 1957
2952 1957
2941 1955
2946 1960
2945 1961
2958 1958
2951 1957
2942 1955
2940 1955
2947 1960
2946 1959
2945 1962
2959 1958
2950 1957
2951 1956
2939 1955
2946 1958
2960 1958
2949 1957
2950 1956
2938 1955
2939 1956
2960 1959
2938 1954
2939 1957
2961 1959
2960 1960
2938 1953
2938 1957
2960 1961
2939 1953
2937 1953
2938 1958
2959 1961
2960 1962
2940 1953
2936 1953
2958 1961
2959 1962
2960 1963
2935 1953
2936 1954
2936 1952
2959 1963
2960 1964
2934 1953
2936 1955
2958 1963
2959 1964
2960 1965
2933 1953
2934 1954
2958 1964
2961 1965
2933 1954
2933 1952
2934 1955
2957 1964
2962 1965
2961 1966
2933 1955
2932 1952
2934 1956
2957 1965
2962 1966
2962 1964
2961 1967
2931 1952
2932 1951
2934 1957
2957 1966
2963 1966
2962 1963
2930 1952
2933 1957
2958 1966
2956 1966
2963 1967
2963 1963
2930 1953
2930 1951
2932 1957
2959 1966
2964 1967
2963 1968
2964 1963
2932 1958
2932 1956
2965 1967
2962 1968
2963 1969
2964 1962
2932 1959
2965 1966
2964 1969
2963 1970
2964 1961
2931 1959
2932 1960
2962 1970
2963 1961
2964 1960
2932 1961
2962 1971
2965 1960
2932 1962
2962 1972
2966 1960
2931 1962
2963 1972
2962 1973
2931 1963
2962 1974
2931 1964
2963 1974
2962 1975
2932 1964
2931 1965
2964 1974
2961 1975
2962 1976
2931 1966
2965 1974
2964 1975
2960 1975
2932 1966
2931 1967
2966 1974
2965 1975
2965 1973
2959 1975
2960 1976
2960 1974
2932 1967
2931 1968
2967 1974
2965 1972
2958 1975
2960 1977
2932 1968
2930 1968
2931 1969
2968 1974
2965 1971
2957 1975
2959 1977
2933 1968
2929 1968
2968 1975
2968 1973
2964 1971
2956 1975
2958 1977
2928 1968
2968 1976
2969 1973
2955 1975
2957 1977
2927 1968
2928 1969
2969 1976
2954 1975
2957 1978
2927 1969
2927 1967
2928 1970
2969 1977
2953 1975
2954 1976
2956 1978
2957 1979
2927 1966
2929 1970
2969 1978
2953 1974
2954 1977
2956 1979
2957 1980
2928 1966
2930 1970
2929 1971
2970 1978
2952 1974
2955 1977
2953 1977
2955 1979
2956 1980
2957 1981
2929 1966
2929 1972
2951 1974
2952 1977
2955 1980
2904 1901
2957 1982
2930 1972
2929 1973
2951 1973
2951 1977
2952 1976
2954 1980
2931 1972
2930 1973
2929 1974
2951 1972
2951 1976
2932 1972
2930 1974
2929 1975
2952 1972
2950 1972
2951 1971
2950 1976
2933 1972
2928 1975
2951 1970
2949 1976
2950 1975
2934 1972
2951 1969
2949 1977
2934 1973
2951 1968
2949 1978
2934 1974
2952 1968
2950 1978
2948 1978
2935 1974
2952 1967
2947 1978
2948 1979
2936 1974
2952 1966
2947 1979
2947 1977
2948 1980
2937 1974
2936 1975
2953 1966
2951 1966
2946 1977
2948 1981
2937 1975
2953 1965
2949 1981
2947 1981
2937 1976
2953 1964
2949 1982
2946 1981
2938 1976
2937 1977
2953 1963
2949 1983
2945 1981
2939 1976
2937 1978
2953 1962
2949 1984
2945 1982
2939 1975
2937 1979
2954 1962
2948 1984
2944 1982
2940 1975
2939 1974
2936 1979
2937 1980
2948 1985
2943 1982
2941 1975
2940 1974
2939 1973
2935 1979
2936 1980
2938 1980
2948 1986
2943 1983
2943 1981
2941 1974
2940 1973
2938 1973
2939 1980
2949 1986
2943 1984
2938 1972
2939 1981
2790 1924
2789 1924
2788 1924
2789 1925
2788 1925
2788 1923
2788 1926
2788 1922
2788 1927
2787 1922
2788 1928
2786 1922
2789 1928
2789 1929
2789 1930
2789 1931
2789 1932
2790 1932
2789 1933
2790 1933
2788 1933
2791 1933
2787 1933
2786 1933
2787 1934
2785 1933
2786 1932
2787 1935
2784 1933
2786 1931
2917 1907
2917 1908
2917 1909
2918 1909
2917 1910
2918 1910
2916 1910
2917 1911
2917 1912
2916 1912
