3488 2079
3514 2124
3302 2062
3514 2130
3495 2128
3476 2067
3503 2077
3507 2118
3369 2073
3428 2007
3416 2082
3498 2068
3527 2053
3555 2126
3489 2129
3499 2079
3499 2124
3438 2058
3326 2115
3542 2138
3542 2139
3363 2072
3312 2071
3474 2039
3502 2131
3313 2066
3351 2110
3503 2089
3475 2129
3323 2116
3527 2124
3502 2127
3326 2060
3456 2067
3355 2068
3519 2115
3314 2062
3360 2068
3505 2087
3476 2037
3555 2125
3329 2117
3499 2125
3339 2091
3531 2109
3316 2084
3345 2122
3427 2092
3459 2070
3479 2052
3505 2132
3475 2081
3371 2045
3494 2129
3516 2125
3379 2045
3482 2133
3490 2051
3488 2126
3506 2117
3335 2120
3533 2110
3436 2074
3481 2130
3437 2074
3329 2115
3464 2066
3340 2068
3321 2050
3502 2049
3427 2097
3481 2045
3513 2105
3373 2068
3517 2031
3491 2133
3343 2104
3501 2128
3511 2090
3335 2096
3320 2058
3496 2097
3503 2137
3447 2017
3512 2107
3492 2048
3343 2075
3476 2087
3478 2133
3542 2119
3335 2090
3382 2052
3313 2123
3348 2122
3495 2081
3500 2123
3353 2111
3451 2071
3432 2007
3530 2136
3499 2098
3352 2109
3328 2058
3430 2070
3492 2073
3326 2084
3534 2021
3369 2045
3495 2085
3496 2040
3341 2066
3545 2139
3329 2114
3324 2096
3329 2100
3377 2041
3483 2123
3449 2013
3478 2131
3369 2070
3481 2070
3525 2038
3430 2025
3343 2102
3329 2107
3369 2079
3492 2079
3449 2064
3331 2102
3340 2076
3523 2034
3532 2028
3333 2116
3459 2069
3481 2131
3513 2051
3483 2131
3539 2128
3427 2098
3475 2131
3509 2049
3360 2081
3318 2050
3520 2117
3322 2115
3478 2083
3538 2124
3532 2111
3380 2061
3356 2069
3431 2072
3521 2126
3329 2113
3444 2014
3506 2048
3319 2061
3314 2063
3422 2083
3344 2076
3485 2129
3321 2080
3333 2075
3424 2084
3367 2079
3448 2014
3435 2019
3529 2055
3317 2061
3324 2058
3372 2078
3494 2041
3307 2069
3511 2108
3496 2082
3504 2140
3480 2086
3341 2100
3431 2029
3430 1998
3520 2019
3339 2102
3515 2105
3474 2129
3357 2063
3512 2028
3530 2140
3345 2083
3492 2051
3525 2127
3500 2077
3504 2054
3435 2077
3475 2060
3429 2001
3350 2112
3365 2045
3480 2087
3504 2049
3373 2070
3437 2063
3520 2043
3471 2086
3372 2067
3526 2129
3432 2076
3417 2030
3323 2121
3314 2085
3356 2112
3320 2071
3324 2115
3489 2077
3515 2128
3525 2018
3481 2120
3375 2072
3541 2136
3526 2051
3506 2140
3541 2119
3433 2068
3318 2074
3425 2085
3320 2056
3444 2016
3485 2079
3519 2032
3498 2049
3384 2054
3353 2070
3318 2072
3473 2082
3346 2112
3519 2127
3344 2081
3309 2068
3381 2064
3437 2084
3425 2082
3416 2080
3499 2053
3379 2047
3430 2028
3359 2085
3497 2125
3427 2088
3490 2048
3378 2041
3447 2041
3501 2122
3329 2105
3495 2037
3483 2133
3319 2059
3348 2124
3534 2130
3432 2008
3322 2121
3425 2009
3487 2119
3316 2120
3322 2072
3337 2075
3478 2134
3454 2070
3510 2089
3514 2125
3312 2066
3424 2089
3432 2003
3458 2066
3361 2086
3512 2111
3332 2093
3333 2119
3482 2131
3513 2128
3524 2020
3439 2082
3540 2128
3344 2080
3512 2120
3343 2100
3341 2067
3525 2119
3516 2102
3526 2019
3522 2022
3484 2079
3517 2032
3316 2061
3502 2043
3472 2060
3341 2069
3510 2124
3497 2068
3541 2123
3491 2039
3506 2121
3505 2138
3547 2127
3489 2131
3506 2038
3503 2051
3495 2045
3477 2138
3481 2068
3492 2033
3323 2048
3424 2083
3526 2050
3522 2115
3502 2077
3436 2067
3501 2092
3339 2103
3495 2082
3323 2076
3430 2011
3508 2038
3336 2097
3528 2051
3512 2047
3365 2081
3501 2081
3429 2084
3476 2080
3486 2071
3341 2096
3531 2050
3510 2049
3546 2125
3321 2078
3331 2100
3431 1999
3342 2121
3320 2098
3493 2075
3352 2066
3301 2067
3343 2076
3351 2073
3527 2131
3517 2127
3363 2073
3505 2141
3481 2058
3477 2087
3483 2033
3488 2036
3320 2049
3472 2084
3523 2040
3436 2014
3517 2122
3316 2123
3476 2128
3336 2075
3500 2087
3369 2068
3431 2076
3525 2050
3328 2120
3357 2079
3513 2119
3491 2031
3506 2053
3483 2054
3479 2087
3500 2097
3490 2131
3306 2068
3525 2125
3308 2063
3334 2074
3345 2084
3358 2078
3509 2039
3478 2038
3498 2125
3430 2009
3367 2074
3430 2080
3389 2047
3522 2118
3484 2052
3541 2134
3317 2067
3511 2122
3508 2109
3340 2091
3485 2052
3517 2049
3517 2123
3501 2131
3322 2054
3344 2084
3511 2111
3335 2099
3321 2121
3542 2128
3500 2079
3377 2047
3371 2069
3539 2134
3442 2015
3507 2135
3344 2122
3521 2022
3437 2085
3524 2043
3482 2085
3434 2085
3428 2084
3544 2127
3323 2060
3518 2051
3327 2057
3508 2054
3480 2117
3321 2046
3382 2064
3497 2058
3491 2037
3405 2070
3512 2105
3503 2049
3528 2021
3325 2050
3518 2116
3533 2136
3319 2050
3499 2097
3312 2068
3510 2117
3359 2080
3543 2137
3343 2223
3497 2087
3375 2081
3484 2117
3513 2046
3431 2071
3491 2067
3520 2031
3430 2029
3420 2075
3328 2103
3501 2104
3438 2060
3484 2071
3385 2051
3325 2057
3416 2087
3493 2045
3323 2098
3493 2051
3321 2122
3334 2089
3473 2063
3511 2046
3506 2118
3302 2068
3499 2080
3524 2018
3533 2022
3346 2075
3413 2118
3540 2129
3527 2119
3555 2122
3333 2076
3518 2032
3316 2118
3301 2066
3516 2123
3498 2051
3335 2075
3474 2078
3320 2068
3477 2082
3530 2128
3304 2066
3524 2046
3493 2042
3482 2048
3519 2051
3493 2043
3504 2047
3502 2121
3489 2080
3511 2044
3479 2044
3507 2089
3475 2085
3430 2077
3369 2047
3433 2076
3492 2130
3542 2121
3426 2089
3432 2012
3470 2128
3430 2002
3520 2030
3537 2134
3339 2099
3556 2124
3349 2104
3522 2114
3480 2044
3545 2138
3501 2129
3329 2096
3330 2096
3309 2073
3351 2107
3328 2110
3330 2112
3517 2044
3375 2080
3484 2075
3307 2063
3498 2101
3525 2129
3384 2051
3534 2129
3505 2135
3513 2122
3342 2122
3521 2018
3489 2127
3514 2105
3420 2072
3328 2082
3528 2116
3509 2042
3322 2116
3352 2065
3502 2108
3478 2137
3519 2050
3479 2055
3536 2130
3490 2071
3438 2017
3329 2108
3534 2127
3514 2110
3519 2036
3518 2034
3521 2117
3529 2025
3495 2035
3333 2101
3474 2127
3348 2069
3437 2021
3430 2068
3378 2047
3520 2042
3372 2068
3347 2124
3511 2087
3343 2103
3521 2023
3484 2077
3525 2046
3352 2107
3492 2066
3492 2034
3501 2035
3429 2009
3348 2104
3494 2053
3375 2049
3484 2046
3328 2084
3319 2071
3483 2047
3513 2113
3494 2054
3536 2127
3306 2063
3525 2049
3366 2074
3344 2101
3506 2136
3523 2041
3491 2128
3429 2070
3371 2072
3332 2101
3376 2041
3540 2127
3334 2114
3476 2126
3512 2051
3437 2065
3471 2082
3473 2036
3305 2064
3437 2023
3326 2109
3514 2109
3318 2123
3334 2073
3323 2047
3510 2111
3317 2121
3517 2104
3482 2071
3346 2106
3375 2079
3327 2084
3530 2129
3437 2016
3384 2053
3481 2062
3431 2083
3315 2124
3538 2132
3501 2127
3453 2070
3491 2052
3486 2035
3370 2047
3338 2075
3353 2067
3501 2089
3437 2082
3323 2053
3523 2119
3511 2123
3530 2114
3494 2127
3543 2139
3502 2104
3516 2030
3308 2071
3482 2120
3318 2083
3431 2001
3542 2137
3357 2080
3342 2073
3371 2049
3417 2052
3504 2109
3333 2096
3523 2125
3354 2069
3476 2079
3429 2098
3483 2084
3356 2113
3530 2111
3323 2114
3326 2083
3319 2081
3445 2016
3328 2083
3420 2076
3531 2027
3556 2121
3324 2098
3499 2081
3318 2079
3433 2013
3344 2106
3323 2054
3548 2127
3415 2087
3426 2075
3482 2118
3499 2054
3438 2084
3431 2008
3319 2080
3524 2126
3479 2116
3421 2084
3319 2058
3505 2118
3544 2125
3495 2079
3335 2121
3435 2020
3517 2034
3478 2040
3348 2075
3328 2116
3436 2065
3323 2082
3532 2132
3433 2002
3514 2131
3533 2130
3321 2068
3316 2124
3362 2073
3504 2089
3316 2067
3486 2052
3329 2106
3532 2127
3383 2048
3326 2096
3486 2120
3482 2049
3524 2037
3317 2074
3487 2125
3488 2074
3354 2065
3355 2064
3323 2052
3308 2068
3530 2027
3516 2128
3473 2060
3308 2064
3442 2014
3333 2091
3483 2039
3492 2078
3311 2068
3495 2098
3505 2109
3324 2082
3473 2128
3495 2131
3370 2050
3516 2028
3336 2090
3524 2024
3493 2068
3502 2088
3556 2122
3407 2062
3522 2018
3529 2112
3302 2070
3508 2048
3370 2070
3512 2090
3321 2077
3370 2048
3545 2127
3322 2071
3502 2081
3328 2107
3432 2088
3426 2087
3437 2020
3495 2053
3427 1999
3520 2050
3480 2067
3508 2042
3502 2089
3516 2103
3513 2114
3366 2045
3488 2077
3328 2111
3495 2057
3486 2123
3323 2070
3374 2078
3480 2132
3497 2086
3426 2096
3501 2051
3515 2104
3485 2120
3329 2104
3505 2139
3420 2074
3534 2126
3325 2082
3496 2127
3485 2133
3350 2073
3479 2048
3377 2044
3478 2136
3513 2029
3532 2131
3477 2037
3504 2134
3491 2073
3428 2004
3310 2072
3503 2054
3479 2127
3484 2036
3376 2047
3400 2049
3505 2134
3367 2081
3520 2045
3531 2128
3505 2089
3485 2123
3341 2068
3339 2121
3354 2066
3533 2140
3342 2099
3443 2016
3384 2052
3506 2120
3480 2064
3475 2086
3484 2133
3432 2030
3542 2134
3448 2016
3344 2070
3344 2069
3432 2081
3525 2040
3478 2140
3320 2099
3432 2075
3324 2118
3527 2055
3478 2060
3319 2060
3504 2055
3333 2097
3315 2068
3342 2096
3515 2047
3527 2022
3322 2117
3342 2068
3476 2039
3326 2092
3327 2114
3336 2096
3522 2028
3351 2103
3327 2086
3510 2109
3354 2112
3483 2053
3513 2111
3323 2051
3379 2040
3379 2046
3538 2134
3503 2132
3426 2009
3345 2121
3337 2095
3484 2045
3479 2058
3526 2037
3514 2119
3497 2041
3476 2088
3320 2052
3366 2081
3497 2057
3475 2068
3513 2123
3503 2053
3483 2080
3502 2133
3434 2080
3301 2065
3387 2051
3343 2121
3320 2117
3510 2123
3431 2080
3374 2066
3502 2050
3515 2131
3483 2068
3330 2104
3372 2074
3526 2053
3528 2119
3521 2127
3506 2088
3505 2037
3485 2078
3333 2115
3357 2064
3475 2132
3518 2036
3508 2039
3343 2068
3439 2014
3529 2137
3522 2025
3339 2119
3350 2104
3478 2058
3499 2126
3473 2066
3424 2085
3427 2094
3495 2052
3518 2035
3474 2080
3315 2065
3321 2054
3497 2129
3315 2126
3495 2036
3350 2067
3501 2105
3484 2119
3430 2084
3333 2085
3368 2079
3302 2071
3544 2126
3434 2087
3345 2106
3434 2075
3430 2081
3331 2085
3529 2115
3338 2092
3505 2133
3381 2052
3479 2066
3492 2131
3508 2122
3502 2036
3324 2070
3532 2027
3319 2051
3429 2022
3438 2057
3512 2029
3500 2081
3533 2137
3473 2081
3489 2051
3534 2022
3490 2070
3303 2068
3436 2017
3431 2020
3471 2128
3516 2111
3348 2114
3487 2074
3455 2068
3537 2132
3522 2046
3487 2126
3500 2092
3491 2036
3358 2064
3435 2078
3474 2058
3326 2116
3527 2132
3313 2071
3322 2056
3490 2130
3322 2083
3319 2079
3491 2038
3487 2073
3345 2073
3344 2082
3322 2050
3427 2084
3508 2123
3498 2091
3328 2100
3500 2101
3483 2056
3493 2127
3339 2094
3513 2107
3322 2099
3490 2133
3422 2084
3321 2053
3431 2021
3431 1997
3426 2091
3517 2035
3517 2106
3348 2123
3323 2117
3479 2118
3520 2124
3320 2053
3476 2062
3494 2086
3333 2073
3521 2025
3440 2014
3458 2067
3546 2126
3506 2135
3368 2073
3420 2083
3525 2020
3345 2080
3455 2065
3495 2046
3528 2055
3432 2067
3498 2124
3512 2049
3344 2102
3382 2051
3473 2061
3449 2014
3501 2077
3485 2072
3481 2057
3347 2111
3496 2052
3331 2103
3467 2065
3533 2023
3340 2096
3338 2078
3514 2114
3498 2084
3480 2137
3505 2053
3485 2121
3505 2054
3349 2074
3345 2071
3365 2074
3342 2100
3334 2086
3512 2048
3479 2137
3474 2128
3478 2037
3486 2034
3479 2117
3362 2084
3453 2072
3317 2123
3515 2120
3366 2082
3335 2114
3320 2076
3496 2067
3483 2059
3322 2061
3430 2012
3521 2030
3496 2096
3513 2048
3496 2081
3321 2117
3435 2017
3499 2087
3358 2079
3507 2042
3326 2122
3370 2081
3339 2101
3521 2019
3332 2085
3511 2088
3346 2073
3433 2003
3541 2128
3502 2055
3503 2131
3478 2132
3449 2017
3553 2124
3310 2069
3540 2124
3432 2013
3327 2116
3475 2126
3337 2097
3309 2074
3370 2049
3374 2067
3532 2130
3317 2118
3350 2114
3480 2065
3524 2030
3316 2066
3513 2106
3512 2046
3339 2093
3380 2048
3428 2003
3491 2078
3500 2052
3478 2118
3496 2069
3517 2045
3430 2076
3533 2133
3355 2062
3528 2120
3328 2093
3514 2129
3305 2065
3501 2126
3534 2139
3539 2129
3483 2069
3350 2070
3491 2068
3431 2068
3478 2139
3322 2114
3381 2051
3497 2089
3314 2125
3483 2118
3432 2074
3517 2110
3501 2101
3484 2033
3322 2076
3487 2052
3492 2032
3481 2067
3498 2089
3473 2037
3525 2037
3526 2038
3414 2087
3350 2115
3482 2079
3340 2121
3494 2039
3314 2061
3479 2140
3306 2065
3344 2124
3333 2114
3426 2090
3327 2121
3483 2060
3319 2062
3515 2119
3362 2081
3513 2049
3347 2076
3315 2086
3382 2048
3428 2010
3496 2041
3337 2120
3337 2082
3497 2052
3337 2102
3307 2071
3473 2129
3496 2098
3355 2067
3558 2121
3521 2028
3301 2064
3322 2045
3472 2128
3481 2042
3329 2119
3438 2085
3500 2054
3338 2076
3317 2050
3479 2065
3378 2040
3351 2065
3375 2048
3351 2113
3495 2067
3480 2055
3500 2089
3437 2017
3349 2113
3317 2072
3334 2075
3557 2121
3325 2120
3435 2065
3496 2085
3341 2076
3491 2127
3508 2118
3426 2002
3534 2128
3508 2043
3471 2085
3521 2122
3334 2116
3427 2075
3320 2069
3515 2132
3310 2074
3312 2067
3378 2043
3369 2080
3498 2052
3486 2045
3430 2008
3366 2073
3346 2083
3513 2124
3511 2045
3494 2037
3317 2051
3520 2121
3487 2130
3485 2071
3381 2048
3480 2043
3485 2132
3343 2065
3428 2009
3532 2133
3316 2086
3541 2121
3364 2081
3321 2071
3473 2040
3489 2133
3427 2093
3491 2074
3336 2099
3325 2059
3341 2117
3510 2110
3318 2060
3520 2049
3373 2078
3523 2118
3524 2039
3329 2093
3514 2046
3542 2126
3483 2040
3493 2033
3548 2125
3352 2103
3473 2078
3522 2128
3473 2069
3335 2118
3319 2076
3333 2160
3498 2087
3510 2043
3328 2108
3337 2081
3505 2088
3369 2076
3332 2091
3329 2085
3504 2137
3480 2118
3513 2115
3321 2123
3488 2076
3524 2048
3366 2083
3313 2067
3495 2080
3428 2098
3327 2101
3317 2079
3506 2119
3525 2039
3519 2052
3321 2047
3343 2224
3352 2067
3493 2046
3432 2080
3511 2089
3531 2107
3538 2128
3528 2050
3321 2073
3378 2042
3362 2074
3514 2030
3322 2055
3513 2104
3489 2128
3531 2113
3482 2052
3431 2010
3325 2068
3473 2038
3491 2070
3476 2139
3322 2082
3342 2065
3500 2051
3318 2084
3365 2073
3347 2107
3338 2077
3335 2084
3372 2071
3428 2094
3500 2088
3523 2025
3335 2097
3358 2081
3487 2037
3498 2036
3477 2130
3429 2003
3473 2064
3473 2068
3535 2130
3482 2045
3546 2124
3483 2038
3348 2112
3432 2083
3339 2075
3311 2067
3543 2142
3489 2078
3349 2067
3490 2129
3536 2134
3339 2095
3490 2127
3500 2091
3455 2069
3529 2023
3512 2108
3319 2123
3516 2109
3522 2036
3531 2049
3365 2075
3520 2048
3318 2118
3551 2128
3324 2123
3482 2116
3504 2110
3481 2069
3312 2072
3307 2064
3522 2129
3383 2051
3513 2112
3350 2113
3344 2100
3319 2117
3526 2025
3325 2123
3324 2050
3425 2083
3496 2057
3490 2047
3531 2127
3484 2050
3504 2128
3497 2037
3492 2076
3492 2127
3314 2123
3309 2072
3476 2085
3528 2049
3312 2070
3524 2049
3481 2061
3314 2065
3355 2063
3493 2077
3484 2121
3527 2051
3437 2083
3510 2042
3318 2117
3456 2065
3476 2061
3517 2128
3328 2119
3351 2108
3332 2088
3432 2011
3476 2038
3505 2056
3543 2141
3345 2076
3525 2029
3326 2081
3358 2068
3369 2075
3499 2083
3505 2038
3349 2075
3489 2048
3321 2083
3430 2069
3361 2085
3344 2072
3487 2131
3371 2051
3486 2072
3325 2121
3542 2118
3517 2047
3554 2122
3344 2105
3419 2083
3329 2103
3478 2130
3370 2046
3520 2127
3480 2058
3516 2127
3430 2022
3354 2113
3336 2095
3446 2014
3436 2075
3327 2109
3483 2071
3501 2123
3427 2009
3301 2068
3491 2132
3314 2071
3332 2090
3479 2054
3344 2071
3530 2050
3350 2111
3481 2048
3484 2131
3503 2076
3513 2030
3375 2047
3444 2015
3347 2112
3473 2070
3502 2106
3532 2129
3384 2048
3432 2068
3504 2122
3512 2122
3435 2014
3531 2129
3528 2115
3334 2098
3508 2053
3342 2076
3338 2120
3430 2030
3481 2044
3494 2068
3378 2044
3472 2130
3495 2068
3432 2006
3521 2115
3368 2081
3348 2107
3519 2044
3520 2115
3483 2067
3326 2100
3421 2073
3381 2049
3345 2074
3530 2107
3473 2131
3516 2029
3331 2104
3334 2101
3491 2071
3439 2013
3485 2070
3540 2123
3499 2096
3360 2080
3488 2051
3328 2121
3493 2044
3507 2088
3418 2081
3346 2228
3320 2070
3380 2051
3342 2102
3479 2132
3342 2066
3426 2081
3508 2087
3327 2100
3499 2036
3492 2069
3458 2068
3440 2013
3481 2039
3374 2068
3433 2088
3478 2126
3429 2093
3489 2070
3481 2071
3433 2020
3373 2049
3482 2047
3447 2014
3375 2082
3319 2072
3328 2096
3429 2095
3485 2051
3350 2071
3434 2031
3327 2058
3435 2067
3475 2084
3335 2117
3482 2038
3433 2075
3482 2055
3526 2020
3423 2073
3507 2122
3429 1998
3523 2124
3514 2118
3506 2109
3362 2083
3478 2125
3306 2066
3436 2080
3322 2048
3330 2095
3362 2082
3345 2105
3323 2071
3480 2049
3414 2123
3416 2083
3365 2071
3487 2124
3334 2076
3468 2072
3414 2118
3541 2135
3483 2079
3432 2020
3326 2101
3520 2129
3521 2045
3435 2080
3326 2121
3433 2019
3320 2124
3416 2029
3425 2086
3520 2118
3478 2135
3324 2120
3500 2094
3497 2127
3330 2118
3494 2130
3432 2066
3318 2081
3492 2052
3489 2079
3355 2111
3522 2021
3308 2065
3344 2068
3493 2039
3503 2052
3485 2119
3531 2136
3328 2099
3495 2129
3511 2117
3334 2120
3515 2028
3483 2055
3500 2035
3316 2079
3492 2044
3516 2110
3339 2096
3302 2066
3483 2041
3520 2044
3352 2069
3323 2115
3303 2066
3370 2051
3517 2030
3519 2123
3448 2017
3358 2082
3436 2015
3371 2076
3531 2112
3428 2005
3502 2123
3488 2052
3374 2071
3495 2127
3349 2069
3493 2048
3341 2121
3497 2102
3485 2039
3498 2055
3496 2055
3347 2106
3415 2080
3524 2035
3504 2048
3510 2044
3515 2109
3318 2062
3425 2089
3321 2081
3524 2128
3344 2123
3310 2073
3300 2066
3505 2048
3429 1999
3373 2069
3425 2081
3482 2084
3505 2046
3348 2106
3528 2118
3500 2093
3494 2079
3365 2072
3515 2029
3508 2041
3354 2070
3501 2106
3475 2083
3481 2118
3345 2124
3326 2097
3521 2121
3502 2095
3500 2095
3478 2116
3370 2074
3479 2041
3341 2097
3426 2073
3427 2096
3373 2071
3367 2045
3484 2047
3417 2084
3437 2081
3496 2042
3480 2056
3326 2099
3544 2139
3434 2013
3338 2081
3351 2072
3345 2102
3428 2088
3505 2108
3484 2051
3343 2074
3351 2111
3344 2078
3480 2048
3434 2088
3482 2117
3331 2095
3527 2129
3507 2053
3347 2079
3404 2068
3428 2006
3516 2121
3482 2081
3347 2074
3378 2045
3523 2028
3477 2081
3432 2072
3438 2032
3481 2079
3431 2011
3514 2116
3523 2046
3482 2060
3483 2052
3349 2122
3513 2116
3422 2085
3542 2140
3512 2115
3531 2108
3475 2127
3528 2128
3529 2114
3306 2071
3333 2086
3485 2131
3338 2080
3502 2044
3347 2075
3452 2071
3554 2126
3325 2115
3484 2049
3526 2125
3431 1998
3500 2102
3525 2023
3312 2069
3314 2068
3417 2081
3434 2014
3326 2057
3521 2029
3339 2117
3361 2082
3486 2046
3501 2075
3334 2099
3500 2128
3511 2124
3333 2120
3484 2122
3319 2057
3337 2074
3428 2002
3428 1998
3509 2041
3355 2069
3330 2108
3311 2072
3503 2109
3415 2118
3329 2118
3307 2068
3467 2070
3428 1997
3522 2124
3477 2059
3505 2140
3318 2071
3302 2061
3498 2054
3332 2089
3486 2039
3434 2083
3529 2128
3493 2047
3524 2034
3517 2046
3363 2071
3447 2016
3429 2094
3456 2066
3345 2068
3334 2090
3342 2069
3492 2042
3477 2119
3542 2127
3542 2141
3484 2076
3530 2117
3483 2045
3325 2096
3436 2082
3426 2088
3430 2027
3502 2054
3490 2036
3531 2137
3332 2087
3361 2084
3446 2016
3314 2126
3543 2118
3479 2060
3541 2120
3421 2085
3484 2084
3429 2075
3487 2071
3434 2020
3515 2121
3314 2069
3429 2076
3328 2097
3497 2084
3497 2098
3345 2103
3335 2119
3336 2083
3526 2128
3516 2047
3498 2098
3370 2045
3344 2079
3531 2024
3433 2080
3332 2096
3324 2121
3368 2045
3480 2063
3527 2054
3522 2130
3457 2067
3339 2118
3352 2104
3478 2124
3430 2082
3431 2101
3428 2008
3423 2072
3322 2062
3501 2130
3472 2131
3475 2133
3547 2125
3331 2096
3488 2078
3481 2038
3492 2035
3343 2122
3494 2131
3523 2128
3431 2070
3505 2137
3532 2136
3357 2081
3317 2060
3476 2060
3341 2091
3430 2010
3309 2069
3324 2052
3508 2110
3483 2034
3360 2085
3305 2066
3550 2125
3363 2081
3321 2048
3345 2107
3336 2120
3496 2125
3361 2069
3339 2090
3477 2139
3525 2036
3356 2079
3317 2062
3433 2083
3332 2086
3322 2081
3426 2074
3355 2065
3429 2099
3487 2129
3349 2073
3437 2015
3433 2066
3308 2073
3316 2060
3485 2080
3498 2103
3324 2097
3554 2121
3327 2092
3526 2124
3483 2036
3543 2125
3509 2123
3431 2022
3355 2113
3487 2072
3362 2085
3340 2069
3302 2069
3330 2107
3333 2113
3333 2117
3486 2119
3350 2072
3497 2082
3540 2125
3473 2039
3352 2070
3502 2092
3341 2092
3515 2106
3314 2070
3516 2106
3474 2059
3369 2081
3529 2056
3351 2066
3434 2065
3487 2128
3475 2087
3506 2049
3330 2085
3531 2141
3519 2117
3321 2072
3499 2123
3524 2029
3321 2079
3477 2083
3416 2079
3358 2080
3347 2078
3340 2100
3501 2096
3495 2040
3531 2140
3481 2060
3352 2111
3317 2073
3474 2068
3426 2084
3343 2073
3414 2122
3375 2078
3438 2062
3500 2050
3527 2020
3530 2051
3388 2052
3543 2126
3515 2124
3467 2066
3479 2039
3556 2123
3322 2052
3514 2117
3309 2075
3332 2092
3500 2124
3329 2111
3419 2084
3481 2078
3479 2067
3481 2059
3435 2075
3538 2127
3517 2033
3498 2090
3317 2052
3361 2081
3480 2062
3487 2122
3438 2082
3427 2076
3475 2130
3339 2092
3479 2126
3487 2118
3458 2070
3354 2067
3315 2067
3368 2075
3352 2105
3371 2073
3437 2022
3321 2057
3435 2085
3491 2131
3507 2038
3483 2081
3305 2063
3527 2023
3349 2070
3524 2025
3430 2026
3550 2124
3532 2128
3456 2064
3340 2117
3326 2123
3504 2046
3472 2082
3484 2039
3320 2051
3518 2046
3507 2044
3498 2096
3482 2069
3320 2123
3363 2082
3507 2109
3520 2037
3490 2078
3415 2088
3334 2100
3435 2076
3506 2137
3508 2088
3322 2060
3492 2067
3338 2102
3333 2095
3334 2084
3475 2080
3380 2050
3483 2061
3503 2128
3426 2083
3372 2049
3498 2081
3519 2031
3524 2036
3494 2052
3327 2093
3438 2014
3474 2063
3530 2118
3492 2077
3480 2130
3479 2040
3374 2072
3307 2062
3527 2038
3497 2081
3530 2024
3371 2075
3523 2035
3301 2062
3487 2038
3437 2014
3536 2135
3497 2088
3338 2099
3435 2079
3348 2113
3317 2122
3492 2070
3374 2080
3511 2109
3479 2139
3369 2074
3321 2049
3532 2110
3443 2015
3322 2098
3481 2132
3307 2070
3515 2125
3384 2047
3478 2062
3427 2002
3347 2077
3319 2053
3486 2070
3427 2091
3529 2051
3349 2124
3316 2072
3546 2127
3529 2117
3337 2083
3514 2133
3325 2058
3531 2110
3348 2079
3412 2118
3322 2073
3551 2125
3515 2133
3522 2037
3344 2077
3320 2050
3332 2113
3329 2112
3498 2086
3503 2080
3315 2063
3493 2079
3430 2083
3527 2115
3499 2102
3486 2077
3523 2043
3329 2084
3521 2129
3449 2016
3501 2076
3435 2027
3436 2020
3330 2115
3525 2019
3499 2095
3494 2045
3477 2118
3529 2113
3520 2036
3491 2035
3481 2043
3321 2045
3502 2120
3321 2056
3319 2074
3517 2048
3323 2120
3338 2119
3525 2124
3503 2107
3318 2119
3518 2049
3487 2127
3356 2067
3315 2072
3547 2128
3537 2124
3435 2018
3477 2039
3475 2128
3315 2085
3332 2094
3345 2075
3327 2085
3352 2106
3321 2076
3476 2078
3438 2018
3427 2007
3334 2085
3362 2075
3354 2111
3493 2052
3333 2088
3501 2054
3328 2095
3425 2090
3505 2122
3480 2057
3511 2023
3502 2080
3306 2067
3479 2038
3421 2083
3423 2084
3528 2113
3503 2121
3527 2021
3525 2025
3523 2042
3483 2035
3529 2024
3321 2098
3480 2054
3344 2223
3524 2026
3321 2061
3524 2028
3496 2101
3514 2047
3356 2114
3506 2042
3340 2075
3521 2043
3527 2128
3510 2116
3317 2124
3499 2100
3437 2075
3371 2071
3530 2112
3429 2088
3356 2064
3430 2023
3474 2037
3512 2045
3325 2060
3500 2078
3430 2024
3476 2130
3475 2039
3448 2015
3315 2071
3334 2091
3369 2072
3504 2129
3483 2134
3416 2085
3432 2022
3346 2122
3518 2050
3320 2061
3434 2067
3525 2128
3431 2012
3515 2031
3336 2084
3470 2086
3551 2127
3552 2125
3332 2112
3324 2051
3371 2078
3370 2068
3333 2118
3324 2061
3488 2129
3478 2087
3469 2078
3511 2121
3507 2117
3339 2120
3325 2081
3495 2133
3520 2116
3332 2104
3497 2128
3507 2087
3418 2030
3521 2120
3491 2075
3481 2041
3485 2124
3523 2039
3511 2047
3486 2129
3321 2125
3503 2106
3425 2087
3325 2097
3380 2049
3537 2127
3497 2080
3482 2086
3497 2085
3477 2126
3441 2014
3533 2027
3497 2104
3521 2021
3331 2101
3337 2099
3518 2127
3346 2082
3323 2118
3474 2060
3330 2100
3518 2044
3527 2121
3351 2070
3528 2117
3329 2116
3527 2052
3524 2027
3429 2054
3332 2097
3369 2046
3320 2057
3331 2112
3481 2084
3498 2127
3516 2122
3473 2130
3484 2048
3422 2073
3327 2097
3504 2132
3499 2049
3543 2117
3533 2134
3486 2038
3437 2062
3429 2002
3527 2116
3497 2103
3437 2064
3432 2014
3314 2124
3503 2048
3482 2119
3437 2058
3428 2011
3325 2083
3310 2068
3526 2131
3527 2024
3343 2101
3512 2044
3487 2123
3348 2105
3379 2048
3515 2030
3472 2073
3372 2077
3336 2074
3431 2069
3489 2047
3414 2086
3512 2121
3523 2036
3485 2045
3338 2079
3527 2130
3537 2133
3328 2109
3502 2122
3543 2140
3328 2094
3509 2040
3513 2110
3553 2125
3540 2126
3338 2095
3518 2123
3481 2036
3500 2090
3542 2136
3369 2048
3374 2049
3333 2094
3540 2122
3499 2099
3523 2120
3349 2068
3353 2113
3526 2116
3336 2121
3518 2115
3479 2131
3512 2116
3537 2131
3438 2061
3434 2068
3497 2036
3473 2083
3495 2084
3386 2051
3506 2043
3552 2127
3495 2034
3494 2051
3520 2122
3453 2071
3499 2052
3345 2082
3431 2000
3325 2051
3328 2105
3540 2133
3538 2126
3350 2110
3416 2081
3319 2075
3343 2084
3431 2002
3481 2055
3479 2138
3503 2129
3436 2066
3427 2095
3535 2127
3499 2103
3533 2135
3548 2126
3355 2112
3339 2100
3521 2036
3477 2062
3489 2050
3371 2074
3436 2085
3514 2111
3479 2053
3301 2063
3525 2030
3516 2104
3321 2124
3506 2122
3316 2065
3371 2070
3380 2064
3434 2079
3485 2130
3334 2097
3501 2095
3508 2044
3350 2116
3438 2059
3371 2077
3433 2007
3492 2075
3418 2084
3350 2103
3536 2131
3503 2108
3524 2023
3343 2072
3484 2129
3527 2120
3342 2095
3483 2083
3489 2036
3335 2113
3471 2072
3512 2109
3499 2101
3495 2132
3532 2112
3370 2069
3315 2061
3325 2069
3328 2114
3325 2070
3512 2050
3443 2014
3501 2044
3367 2073
3316 2085
3388 2051
3533 2139
3520 2128
3428 2076
3532 2113
3485 2048
3494 2038
3522 2120
3346 2124
3320 2079
3432 2000
3501 2102
3512 2026
3499 2035
3475 2078
3351 2109
3502 2129
3484 2118
3460 2066
3500 2126
3497 2056
3359 2075
3503 2130
3434 2086
3370 2077
3347 2080
3416 2086
3377 2048
3431 2003
3553 2126
3484 2123
3511 2116
3549 2125
3427 1998
3502 2132
3315 2064
3524 2047
3532 2140
3499 2034
3450 2017
3427 2077
3495 2083
3371 2048
3317 2084
3437 2080
3324 2060
3501 2103
3504 2121
3332 2076
3497 2055
3522 2034
3485 2036
3324 2099
3497 2101
3496 2126
3509 2110
3486 2036
3323 2119
3430 2067
3477 2060
3486 2076
3512 2027
3487 2077
3512 2119
3344 2104
3477 2058
3416 2084
3514 2128
3525 2021
3318 2082
3361 2073
3361 2074
3361 2072
3361 2075
3361 2071
3360 2075
3360 2071
3476 2089
3360 2076
3360 2070
3362 2070
3480 2039
3360 2077
3359 2070
3363 2070
3362 2069
3359 2077
3359 2069
3506 2110
3362 2068
3359 2078
3358 2069
3364 2071
3363 2068
3361 2068
3508 2089
3359 2079
3357 2069
3364 2068
3492 2068
3374 2065
3375 2065
3375 2064
3376 2064
3316 2121
3377 2064
3378 2064
3379 2064
3379 2063
3379 2062
3379 2061
3379 2060
3379 2059
3379 2058
3380 2058
3381 2058
3381 2059
3382 2059
3381 2060
3488 2123
3383 2059
3383 2058
3384 2058
3385 2058
3384 2057
3385 2059
3385 2057
3384 2056
3385 2060
3386 2057
3385 2056
3384 2055
3384 2060
3387 2057
3385 2055
3509 2089
3387 2058
3542 2135
3387 2059
3535 2129
3525 2034
3387 2060
3460 2067
3389 2059
3388 2060
3460 2068
3419 2077
3389 2060
3460 2069
3461 2066
3390 2060
3460 2065
3461 2069
3420 2078
3391 2060
3390 2061
3462 2066
3461 2065
3461 2070
3431 2100
3391 2061
3462 2067
3462 2065
3392 2061
3391 2062
3483 2072
3393 2061
3391 2063
3419 2078
3394 2061
3521 2046
3390 2063
3391 2064
3430 2100
3419 2079
3395 2061
3389 2063
3392 2064
3465 2067
3464 2068
3466 2067
3395 2062
3395 2060
3388 2063
3465 2066
3464 2069
3413 2085
3396 2062
3395 2059
3388 2064
3466 2066
3465 2065
3429 2100
3397 2062
3396 2063
3396 2059
3395 2058
3388 2065
3430 2099
3464 2065
3466 2070
3415 2078
3398 2062
3397 2063
3396 2064
3394 2058
3395 2057
3387 2065
3388 2066
3414 2079
3466 2071
3399 2062
3394 2057
3430 2052
3426 2085
3468 2065
3418 2079
3415 2090
3399 2063
3399 2061
3393 2057
3468 2064
3466 2073
3400 2063
3399 2060
3468 2063
3414 2089
3400 2064
3400 2060
3398 2060
3416 2089
3531 2025
3531 2023
3337 2119
3401 2060
3467 2074
3414 2085
3402 2060
3469 2074
3402 2059
3468 2075
3467 2076
3403 2059
3402 2058
3469 2075
3430 2098
3404 2059
3403 2058
3401 2058
3417 2079
3466 2076
3470 2075
3404 2060
3401 2057
3469 2076
3469 2072
3469 2077
3404 2061
3400 2057
3401 2056
3415 2079
3418 2080
3405 2061
3400 2056
3402 2056
3418 2082
3415 2089
3406 2061
3405 2062
3400 2055
3470 2078
3407 2061
3399 2055
3472 2072
3408 2061
3407 2060
3398 2055
3471 2071
3409 2061
3408 2062
3408 2060
3397 2055
3471 2078
3410 2061
3409 2060
3408 2063
3408 2059
3397 2054
3410 2062
3410 2060
3409 2059
3407 2063
3396 2054
3397 2053
3410 2063
3411 2060
3409 2058
3407 2064
3396 2053
3398 2053
3397 2052
3412 2060
3409 2057
3406 2064
3407 2065
3399 2053
3397 2051
3413 2060
3410 2057
3409 2056
3405 2064
3406 2065
3400 2053
3397 2050
3414 2060
3411 2057
3405 2065
3398 2050
3396 2050
3397 2049
3415 2060
3411 2056
3405 2066
3399 2050
3398 2049
3396 2049
3416 2060
3404 2066
3405 2067
3400 2050
3395 2049
3417 2060
3403 2066
3405 2068
3401 2050
3394 2049
3417 2061
3417 2059
3403 2067
3403 2065
3405 2069
3402 2050
3401 2051
3394 2048
3418 2061
3418 2059
3417 2058
3402 2067
3404 2069
3402 2049
3393 2048
3394 2047
3419 2061
3416 2058
3417 2057
3401 2067
3402 2048
3392 2048
3419 2062
3417 2056
3401 2068
3401 2048
3392 2049
3420 2062
3416 2056
3400 2068
3401 2047
3391 2049
3421 2062
3420 2063
3416 2055
3400 2069
3390 2049
3422 2062
3420 2064
3416 2054
3400 2070
3390 2050
3390 2048
3423 2062
3420 2065
3415 2054
3416 2053
3399 2070
3390 2051
3389 2048
3424 2062
3420 2066
3415 2053
3417 2053
3416 2052
3398 2070
3399 2071
3390 2052
3425 2062
3420 2067
3414 2053
3418 2053
3390 2053
3426 2062
3419 2067
3420 2068
3414 2052
3418 2054
3391 2053
3475 2077
3426 2061
3413 2052
3414 2051
3419 2054
3391 2054
3427 2061
3426 2060
3415 2051
3391 2055
3427 2060
3425 2060
3415 2050
3390 2055
3428 2060
3416 2050
3390 2056
3429 2060
3416 2049
3430 2060
3429 2059
3417 2049
3416 2048
3431 2060
3430 2061
3418 2049
3417 2048
3432 2060
3430 2062
3419 2049
3417 2047
3432 2061
3432 2059
3431 2062
3419 2050
3419 2048
3417 2046
3433 2061
3432 2058
3431 2063
3419 2047
3418 2046
3417 2045
3434 2061
3433 2062
3432 2057
3416 2045
3417 2044
3433 2063
3433 2057
3431 2057
3432 2056
3415 2045
3433 2064
3430 2057
3432 2055
3415 2044
3434 2064
3429 2057
3433 2055
3431 2055
3415 2043
3347 2228
3429 2056
3434 2055
3430 2055
3414 2043
3527 2019
3428 2056
3434 2054
3413 2043
3414 2042
3520 2123
3428 2055
3435 2054
3361 2145
3414 2041
3445 2038
3555 2124
3428 2054
3436 2054
3414 2040
3492 2039
3538 2125
3529 2136
3520 2023
3428 2053
3436 2053
3413 2040
3531 2026
3532 2023
3428 2052
3436 2052
3413 2039
3528 2019
3521 2123
3427 2052
3428 2051
3436 2051
3412 2039
3413 2038
3530 2135
3531 2138
3429 2051
3437 2051
3435 2051
3411 2039
3412 2038
3529 2019
3521 2124
3430 2051
3438 2051
3434 2051
3410 2039
3412 2037
3523 2020
3525 2022
3430 2050
3439 2051
3438 2050
3433 2051
3410 2038
3411 2037
3412 2036
3522 2020
3523 2021
3523 2018
3440 2051
3438 2049
3433 2052
3409 2038
3412 2035
3524 2124
3540 2134
3539 2133
3525 2126
3441 2051
3439 2049
3438 2048
3432 2052
3413 2035
3411 2035
3412 2034
3524 2119
3422 2074
3334 2113
3420 2073
3420 2077
3442 2051
3441 2052
3437 2048
3438 2047
3413 2034
3412 2033
3459 2067
3463 2067
3442 2052
3442 2050
3439 2047
3438 2046
3414 2034
3413 2033
3412 2032
3464 2067
3466 2068
3442 2053
3440 2047
3438 2045
3415 2034
3411 2032
3466 2069
3442 2054
3327 2087
3439 2045
3438 2044
3415 2035
3415 2033
3410 2032
3411 2031
3362 2080
3441 2054
3442 2055
3437 2044
3438 2043
3416 2035
3415 2036
3415 2032
3410 2031
3466 2072
3443 2055
3442 2056
3437 2043
3439 2043
3417 2035
3416 2036
3416 2032
3414 2032
3409 2031
3466 2074
3444 2055
3437 2042
3439 2042
3418 2035
3416 2031
3408 2031
3490 2126
3468 2074
3467 2075
3445 2055
3437 2041
3440 2042
3418 2034
3416 2030
3407 2031
3469 2073
3468 2076
3470 2072
3445 2056
3445 2054
3436 2041
3440 2041
3418 2033
3415 2040
3415 2030
3432 2073
3472 2071
3472 2078
3445 2057
3445 2053
3436 2040
3441 2041
3419 2033
3526 2024
3432 2004
3473 2071
3472 2070
3475 2079
3473 2067
3444 2057
3445 2058
3435 2040
3436 2039
3442 2041
3441 2040
3419 2032
3476 2068
3473 2065
3477 2080
3473 2080
3475 2082
3444 2058
3445 2059
3434 2040
3437 2039
3442 2042
3441 2039
3472 2063
3473 2062
3478 2082
3446 2059
3445 2060
3434 2041
3437 2038
3443 2042
3441 2038
3472 2083
3471 2084
3481 2086
3444 2060
3445 2061
3433 2041
3438 2038
3444 2042
3440 2038
3479 2057
3483 2085
3487 2053
3446 2061
3445 2062
3432 2041
3438 2037
3444 2041
3440 2037
3483 2049
3482 2050
3528 2024
3490 2052
3447 2061
3446 2062
3444 2062
3431 2041
3432 2040
3438 2036
3445 2041
3444 2040
3489 2049
3490 2049
3478 2044
3448 2061
3444 2063
3438 2035
3446 2041
3445 2040
3444 2039
3480 2042
3481 2037
3449 2061
3444 2064
3438 2034
3445 2039
3444 2038
3488 2075
3501 2050
3500 2049
3450 2061
3443 2064
3444 2065
3438 2033
3446 2039
3444 2037
3485 2077
3486 2078
3495 2055
3492 2129
3450 2060
3442 2064
3445 2065
3444 2066
3439 2033
3437 2033
3447 2039
3444 2036
3483 2076
3487 2036
3504 2056
3450 2059
3443 2066
3444 2067
3440 2033
3439 2032
3437 2032
3447 2038
3445 2036
3443 2036
3503 2046
3507 2049
3503 2045
3449 2059
3443 2067
3445 2067
3441 2033
3440 2032
3439 2031
3436 2032
3437 2031
3484 2060
3491 2072
3508 2049
3503 2044
3449 2058
3446 2067
3445 2068
3442 2033
3438 2031
3439 2030
3437 2030
3493 2073
3511 2049
3494 2085
3448 2058
3449 2057
3447 2067
3445 2069
3443 2033
3442 2032
3436 2030
3492 2031
3380 2060
3488 2070
3447 2058
3450 2057
3448 2067
3445 2070
3444 2033
3443 2032
3435 2030
3494 2040
3540 2119
3493 2041
3449 2067
3446 2070
3444 2070
3445 2071
3445 2033
3434 2030
3435 2029
3499 2084
3501 2094
3496 2037
3450 2067
3447 2070
3445 2072
3445 2032
3435 2028
3481 2040
3496 2068
3451 2067
3450 2068
3447 2071
3444 2072
3445 2073
3446 2032
3434 2028
3381 2063
3522 2043
3494 2035
3452 2067
3451 2066
3446 2073
3433 2028
3531 2139
3545 2140
3502 2076
3453 2067
3452 2068
3452 2066
3451 2065
3446 2074
3433 2029
3433 2027
3541 2122
3553 2127
3519 2023
3519 2019
3454 2067
3453 2068
3452 2069
3450 2065
3446 2075
3432 2029
3524 2127
3526 2119
3522 2117
3455 2067
3453 2069
3450 2064
3446 2076
3353 2107
3354 2107
3355 2107
3354 2106
3355 2106
3356 2106
3355 2105
3357 2106
3355 2104
3358 2106
3357 2107
3355 2103
3359 2106
3358 2105
3357 2108
3355 2102
3359 2105
3358 2104
3357 2109
3355 2101
3359 2104
3356 2109
3357 2110
3355 2100
3360 2104
3358 2110
3355 2099
3360 2103
3359 2110
3355 2098
3361 2103
3360 2110
3354 2098
3355 2097
3362 2103
3361 2102
3360 2111
3360 2109
3353 2098
3356 2097
3362 2104
3362 2102
3361 2101
3361 2111
3352 2098
3363 2104
3362 2111
3351 2098
3352 2097
3364 2104
3363 2111
3350 2098
3351 2097
3364 2103
3364 2111
3350 2097
3364 2102
3365 2111
3364 2112
3349 2097
3365 2102
3366 2111
3365 2110
3364 2113
3349 2096
3366 2102
3365 2101
3367 2111
3365 2113
3348 2096
3366 2103
3368 2111
3367 2112
3365 2114
3348 2095
3367 2103
3369 2111
3368 2112
3368 2110
3366 2114
3365 2115
3370 2111
3364 2115
3365 2116
3371 2111
3363 2115
3372 2111
3371 2110
3362 2115
3363 2114
3373 2111
3372 2110
3371 2109
3361 2115
3374 2111
3373 2112
3371 2108
3360 2115
3361 2114
3374 2112
3373 2113
3372 2108
3370 2108
3359 2115
3360 2114
3373 2114
3372 2107
3369 2108
3358 2115
3359 2116
3359 2114
3372 2114
3373 2115
3372 2106
3368 2108
3369 2107
3359 2117
3359 2113
3374 2115
3371 2106
3372 2105
3368 2107
3359 2118
3375 2115
3373 2105
3367 2107
3368 2106
3376 2115
3374 2105
3373 2104
3366 2107
3368 2105
3377 2115
3376 2114
3375 2105
3373 2103
3365 2107
3367 2105
3377 2116
3377 2114
3376 2105
3373 2102
3364 2107
3365 2106
3377 2117
3377 2113
3377 2105
3376 2104
3372 2102
3373 2101
3363 2107
3377 2118
3378 2113
3377 2112
3377 2106
3372 2101
3373 2100
3363 2108
3378 2118
3378 2106
3373 2099
3378 2119
3379 2106
3378 2107
3373 2098
3378 2120
3379 2105
3378 2108
3373 2097
3379 2120
3377 2120
3377 2108
3374 2097
3372 2097
3373 2096
3379 2121
3376 2108
3375 2097
3374 2096
3379 2122
3376 2097
3380 2122
3379 2123
3377 2097
3381 2122
3379 2124
3378 2097
3377 2096
3382 2122
3378 2124
3379 2125
3378 2096
3383 2122
3382 2123
3379 2126
3379 2096
3403 2060
3383 2123
3379 2127
3380 2096
3503 2036
3504 2036
3383 2124
3380 2127
3506 2036
3505 2036
3384 2124
3381 2127
3380 2128
3345 2228
3342 2224
3384 2125
3382 2127
3381 2128
3341 2225
3343 2229
3345 2227
3342 2225
3342 2229
3384 2126
3382 2128
3344 2227
3342 2226
3342 2228
3343 2227
3341 2228
3342 2227
3384 2127
3383 2128
3382 2129
3341 2227
3340 2227
3340 2226
3339 2226
3383 2129
3338 2226
3333 2225
3337 2226
3383 2130
3333 2220
3333 2224
3332 2223
3337 2225
3383 2131
3333 2221
3333 2223
3336 2225
3337 2224
3383 2132
3333 2222
3336 2224
3334 2222
3383 2133
3336 2223
3335 2222
3307 2237
3310 2238
3384 2133
3382 2133
3383 2134
3336 2222
3335 2221
3337 2221
3340 2218
3307 2236
3381 2133
3310 2237
3336 2221
3380 2133
3381 2134
3340 2217
3308 2236
3379 2133
3381 2135
3310 2236
3333 2211
3378 2133
3381 2136
3336 2220
3337 2219
3339 2217
3377 2133
3382 2136
3309 2236
3310 2235
3333 2210
3377 2134
3383 2136
3336 2219
3377 2049
3339 2216
3309 2235
3377 2135
3384 2136
3332 2208
3333 2209
3335 2219
3337 2215
3338 2216
3378 2135
3376 2135
3384 2137
3384 2135
3309 2234
3332 2209
3334 2219
3337 2216
3309 2233
3375 2135
3376 2136
3384 2138
3385 2135
3306 2228
3331 2209
3334 2218
3336 2216
3309 2232
3306 2229
3331 2210
3375 2136
3376 2137
3384 2139
3386 2135
3334 2213
3334 2217
3335 2216
3309 2231
3307 2229
3321 2217
3374 2136
3376 2138
3383 2139
3387 2135
3386 2134
3327 2221
3330 2210
3331 2211
3334 2214
3334 2216
3335 2215
3373 2136
3374 2137
3382 2139
3383 2140
3388 2135
3387 2134
3386 2133
3310 2231
3308 2229
3320 2217
3326 2221
3330 2211
3334 2215
3310 2230
3373 2137
3373 2135
3381 2139
3382 2138
3383 2141
3389 2135
3386 2132
3309 2229
3313 2229
3320 2218
3326 2220
3330 2212
3332 2216
3333 2215
3311 2230
3310 2229
3372 2137
3373 2138
3381 2140
3381 2138
3383 2142
3390 2135
3386 2131
3312 2229
3320 2219
3326 2219
3327 2218
3330 2213
3371 2137
3372 2138
3362 2114
3383 2143
3391 2135
3390 2134
3331 2214
3332 2215
3311 2229
3321 2219
3326 2218
3370 2137
3371 2138
3383 2144
3392 2135
3390 2133
3330 2214
3331 2215
3311 2228
3314 2227
3306 2217
3305 2218
3370 2138
3335 2191
3382 2144
3393 2135
3389 2133
3390 2132
3322 2219
3325 2218
3330 2215
3311 2227
3313 2227
3306 2218
3305 2219
3370 2139
3371 2140
3382 2145
3393 2136
3393 2134
3391 2132
3323 2219
3324 2218
3329 2215
3312 2227
3306 2219
3323 2218
3327 2216
3328 2215
3370 2140
3372 2140
3382 2146
3393 2137
3394 2134
3393 2133
3392 2132
3312 2226
3307 2219
3308 2224
3323 2217
3327 2215
3312 2225
3369 2140
3372 2141
3381 2146
3394 2137
3392 2137
3393 2138
3395 2134
3392 2133
3308 2221
3307 2220
3309 2224
3323 2216
3368 2140
3369 2141
3380 2146
3395 2137
3391 2137
3393 2139
3396 2134
3395 2135
3325 2216
3368 2141
3368 2139
3379 2146
3380 2147
3395 2138
3391 2138
3327 2214
3368 2142
3367 2139
3378 2146
3380 2148
3396 2138
3391 2139
3312 2224
3368 2143
3366 2139
3377 2146
3380 2149
3396 2139
3391 2140
3308 2220
3366 2138
3377 2147
3377 2145
3379 2149
3380 2150
3397 2139
3392 2140
3310 2224
3323 2215
3365 2138
3378 2149
3380 2151
3398 2139
3392 2141
3325 2215
3364 2138
3365 2137
3381 2151
3379 2151
3399 2139
3393 2141
3327 2213
3363 2138
3365 2136
3381 2152
3400 2139
3399 2140
3399 2138
3393 2142
3328 2212
3311 2224
3309 2220
3362 2138
3363 2137
3364 2136
3365 2135
3382 2152
3401 2139
3400 2138
3399 2137
3393 2143
3310 2223
3309 2222
3301 2212
3361 2138
3365 2134
3383 2152
3401 2140
3400 2137
3398 2137
3323 2214
3325 2214
3327 2212
3360 2138
3361 2139
3361 2137
3365 2133
3384 2152
3401 2141
3397 2137
3398 2136
3328 2211
3311 2223
3360 2139
3366 2133
3385 2152
3402 2141
3400 2141
3360 2140
3366 2132
3386 2152
3403 2141
3360 2141
3366 2131
3387 2152
3403 2142
3403 2140
3360 2142
3366 2130
3388 2152
3404 2142
3404 2140
3403 2139
3361 2142
3359 2142
3360 2143
3367 2130
3405 2142
3403 2138
3360 2144
3367 2129
3406 2142
3403 2137
3359 2144
3360 2145
3367 2128
3407 2142
3406 2141
3404 2137
3402 2137
3358 2144
3359 2145
3367 2127
3408 2142
3402 2136
3357 2144
3358 2145
3358 2143
3359 2146
3367 2126
3408 2143
3408 2141
3359 2147
3368 2126
3408 2144
3409 2141
3408 2140
3358 2147
3359 2148
3369 2126
3409 2144
3408 2145
3407 2140
3357 2147
3360 2148
3370 2126
3369 2127
3410 2144
3409 2145
3408 2146
3407 2139
3356 2147
3370 2125
3369 2128
3411 2144
3410 2143
3408 2147
3355 2147
3356 2148
3371 2125
3370 2128
3409 2147
3354 2147
3356 2149
3372 2125
3371 2128
3370 2129
3410 2147
3353 2147
3354 2146
3356 2150
3372 2126
3371 2129
3410 2148
3410 2146
3352 2147
3354 2145
3357 2150
3373 2126
3410 2149
3411 2146
3352 2148
3352 2146
3357 2151
3373 2127
3412 2146
3351 2146
3358 2151
3374 2127
3413 2146
3412 2147
3350 2146
3359 2151
3358 2152
3374 2128
3414 2146
3413 2147
3349 2146
3358 2153
3374 2129
3415 2146
3414 2147
3414 2145
3348 2146
3349 2147
3357 2153
3375 2129
3415 2147
3415 2145
3414 2148
3414 2144
3347 2146
3348 2147
3348 2145
3357 2154
3376 2129
3415 2144
3414 2149
3346 2146
3347 2147
3376 2130
3415 2143
3414 2150
3345 2146
3346 2145
3347 2148
3376 2131
3416 2143
3414 2151
3344 2146
3345 2145
3346 2144
3346 2148
3347 2149
3375 2131
3416 2142
3415 2151
3413 2151
3343 2146
3345 2144
3345 2148
3346 2149
3417 2142
3416 2141
3416 2151
3412 2151
3342 2146
3345 2149
3418 2142
3415 2141
3416 2152
3342 2145
3344 2149
3345 2150
3419 2142
3418 2143
3415 2140
3417 2152
3343 2149
3419 2141
3418 2144
3414 2140
3415 2139
3417 2153
3343 2150
3420 2141
3419 2144
3415 2138
3417 2154
3342 2150
3420 2144
3414 2138
3415 2137
3418 2154
3342 2151
3421 2144
3413 2138
3419 2154
3341 2151
3342 2152
3422 2144
3412 2138
3413 2137
3419 2153
3340 2151
3341 2152
3422 2145
3422 2143
3411 2138
3412 2139
3419 2152
3339 2151
3341 2153
3422 2142
3410 2138
3420 2152
3419 2151
3338 2151
3340 2153
3341 2154
3423 2142
3519 2053
3410 2139
3410 2137
3421 2152
3420 2151
3337 2151
3338 2152
3338 2150
3342 2154
3341 2155
3424 2142
3409 2139
3410 2140
3410 2136
3421 2153
3336 2151
3337 2150
3338 2149
3343 2154
3340 2155
3341 2156
3425 2142
3424 2141
3411 2140
3409 2136
3422 2153
3336 2150
3339 2149
3339 2155
3340 2156
3341 2157
3409 2135
3423 2153
3336 2149
3340 2149
3339 2156
3339 2154
3341 2158
3408 2135
3409 2134
3424 2153
3341 2149
3340 2148
3342 2158
3341 2159
3408 2134
3409 2133
3424 2152
3343 2158
3340 2159
3407 2134
3425 2152
3344 2158
3343 2159
3343 2157
3339 2159
3426 2152
3345 2158
3344 2157
3338 2159
3426 2153
3345 2157
3344 2156
3337 2159
3338 2158
3346 2157
3344 2155
3338 2157
3347 2157
3345 2155
3337 2157
3348 2157
3336 2157
3349 2157
3335 2157
3350 2157
3349 2158
3334 2157
3335 2156
3350 2156
3349 2159
3333 2157
3335 2155
3350 2155
3349 2160
3333 2158
3350 2154
3349 2161
3333 2159
3349 2162
3334 2159
3332 2159
3349 2163
3334 2160
3331 2159
3332 2160
3348 2163
3349 2164
3335 2160
3332 2161
3347 2163
3349 2165
3336 2160
3331 2161
3347 2162
3349 2166
3336 2161
3330 2161
3348 2166
3349 2167
3336 2162
3330 2162
3330 2160
3348 2167
3350 2167
3558 2122
3335 2162
3330 2163
3329 2160
3348 2168
3351 2167
3350 2168
3349 2169
3335 2163
3331 2163
3330 2164
3328 2160
3347 2168
3352 2167
3351 2168
3350 2169
3349 2170
3332 2163
3331 2164
3330 2165
3327 2160
3328 2161
3346 2168
3347 2169
3353 2167
3329 2165
3326 2160
3345 2168
3347 2170
3354 2167
3353 2168
3329 2166
3325 2160
3326 2161
3345 2169
3355 2167
3354 2168
3329 2167
3325 2161
3344 2169
3355 2168
3354 2169
3330 2167
3324 2161
3343 2169
3356 2168
3354 2170
3323 2161
3324 2162
3342 2169
3343 2170
3357 2168
3353 2170
3354 2171
3322 2161
3323 2160
3341 2169
3343 2171
3358 2168
3352 2170
3355 2171
3322 2162
3322 2160
3323 2159
3340 2169
3342 2171
3343 2172
3359 2168
3358 2167
3351 2170
3321 2162
3322 2163
3322 2159
3323 2158
3339 2169
3342 2172
3360 2168
3359 2167
3358 2166
3322 2164
3321 2159
3322 2158
3338 2169
3342 2173
3361 2168
3357 2166
3322 2165
3320 2159
3321 2158
3338 2170
3338 2168
3342 2174
3361 2169
3322 2166
3337 2170
3337 2168
3342 2175
3362 2169
3322 2167
3337 2171
3336 2168
3342 2176
3363 2169
3323 2167
3337 2172
3336 2169
3336 2167
3343 2176
3342 2177
3363 2170
3324 2167
3323 2168
3438 2015
3337 2173
3335 2169
3341 2177
3364 2170
3363 2171
3325 2167
3323 2169
3336 2173
3337 2174
3334 2169
3365 2170
3363 2172
3326 2167
3323 2170
3337 2175
3333 2169
3366 2170
3365 2169
3362 2172
3363 2173
3326 2168
3324 2170
3322 2170
3332 2169
3367 2170
3365 2168
3361 2172
3363 2174
3325 2170
3324 2171
3321 2170
3331 2169
3367 2171
3366 2168
3365 2167
3361 2173
3361 2171
3363 2175
3325 2169
3324 2172
3331 2170
3331 2168
3368 2171
3364 2167
3360 2171
3362 2175
3363 2176
3325 2172
3323 2172
3324 2173
3325 2098
3369 2171
3364 2166
3359 2171
3364 2176
3363 2177
3325 2173
3324 2174
3370 2171
3369 2170
3364 2165
3358 2171
3365 2176
3362 2177
3363 2178
3323 2174
3371 2171
3365 2165
3357 2171
3358 2172
3358 2170
3366 2176
3365 2175
3361 2177
3362 2178
3323 2175
3371 2170
3366 2165
3365 2164
3357 2170
3367 2176
3360 2177
3361 2176
3322 2175
3323 2176
3372 2170
3366 2164
3368 2176
3367 2177
3359 2177
3360 2178
3321 2175
3324 2176
3373 2170
3372 2169
3367 2164
3368 2177
3367 2178
3359 2178
3360 2179
3320 2175
3321 2174
3325 2176
3324 2177
3373 2169
3367 2163
3369 2177
3368 2178
3366 2178
3358 2178
3360 2180
3319 2175
3320 2174
3326 2176
3324 2178
3368 2163
3367 2162
3370 2177
3369 2178
3357 2178
3358 2179
3360 2181
3318 2175
3319 2174
3320 2173
3327 2176
3323 2178
3324 2179
3366 2162
3367 2161
3371 2177
3357 2177
3358 2180
3359 2181
3318 2176
3436 2019
3308 2237
3327 2175
3323 2179
3325 2179
3368 2161
3367 2160
3372 2177
3357 2180
3358 2181
3359 2182
3317 2176
3318 2177
3328 2175
3326 2179
3368 2160
3366 2160
3373 2177
3372 2176
3358 2182
3359 2183
3316 2176
3319 2177
3327 2179
3369 2160
3366 2159
3373 2178
3372 2175
3357 2182
3360 2183
3315 2176
3316 2177
3316 2175
3319 2178
3328 2179
3327 2180
3370 2160
3366 2158
3373 2179
3371 2175
3372 2174
3356 2182
3314 2176
3315 2175
3316 2178
3320 2178
3329 2179
3327 2181
3370 2161
3365 2158
3372 2179
3373 2174
3356 2183
3314 2177
3315 2174
3321 2178
3320 2179
3330 2179
3328 2181
3370 2162
3364 2158
3365 2157
3372 2180
3374 2174
3356 2184
3313 2177
3320 2180
3330 2180
3330 2178
3370 2163
3364 2159
3365 2156
3372 2181
3375 2174
3355 2184
3312 2177
3313 2178
3320 2181
3331 2180
3330 2177
3364 2160
3372 2182
3376 2174
3375 2175
3354 2184
3355 2185
3312 2176
3319 2181
3331 2181
3371 2182
3372 2183
3376 2175
3375 2176
3353 2184
3354 2183
3355 2186
3312 2175
3319 2182
3332 2181
3371 2183
3376 2176
3375 2177
3352 2184
3354 2182
3355 2187
3311 2175
3312 2174
3332 2182
3371 2184
3377 2176
3351 2184
3352 2183
3353 2182
3356 2187
3354 2187
3310 2175
3311 2174
3313 2174
3312 2173
3333 2182
3371 2185
3378 2176
3351 2185
3352 2182
3353 2181
3357 2187
3353 2187
3354 2188
3311 2173
3312 2172
3333 2183
3371 2186
3321 2195
3378 2177
3350 2185
3351 2186
3351 2182
3353 2180
3358 2187
3353 2186
3354 2189
3310 2173
3311 2172
3313 2172
3333 2184
3372 2186
3371 2187
3350 2182
3353 2179
3354 2190
3309 2173
3311 2171
3333 2185
3372 2187
3370 2187
3371 2188
3349 2182
3350 2183
3350 2181
3354 2191
3309 2174
3333 2186
3373 2187
3372 2188
3369 2187
3370 2188
3371 2189
3348 2182
3349 2181
3350 2180
3355 2191
3354 2192
3333 2187
3368 2187
3369 2186
3356 2191
3353 2192
3332 2187
3333 2188
3368 2186
3352 2192
3353 2193
3333 2189
3368 2185
3352 2191
3353 2194
3332 2189
3367 2185
3352 2190
3354 2194
3352 2194
3331 2189
3367 2184
3351 2190
3352 2195
3331 2190
3367 2183
3350 2190
3352 2196
3331 2191
3366 2183
3349 2190
3330 2191
3331 2192
3365 2183
3366 2182
3329 2191
3332 2192
3364 2183
3329 2192
3332 2193
3363 2183
3329 2193
3333 2193
3363 2184
3363 2182
3328 2193
3334 2193
3327 2193
3334 2194
3334 2192
3326 2193
3335 2194
3334 2195
3335 2192
3326 2194
3326 2192
3336 2192
3326 2195
3326 2191
3336 2193
3336 2191
3325 2195
3326 2196
3326 2190
3337 2191
3326 2197
3325 2190
3338 2191
3337 2190
3327 2197
3325 2197
3326 2198
3325 2189
3339 2191
3337 2189
3328 2197
3324 2197
3326 2199
3340 2191
3339 2192
3323 2197
3327 2199
3325 2199
3340 2192
3339 2193
3323 2198
3323 2196
3328 2199
3340 2193
3339 2194
3322 2198
3323 2199
3329 2199
3321 2198
3323 2200
3330 2199
3321 2197
3322 2200
3323 2201
3331 2199
3320 2197
3321 2200
3324 2201
3323 2202
3332 2199
3319 2197
3320 2196
3320 2200
3321 2201
3325 2201
3332 2200
3318 2197
3320 2195
3319 2200
3321 2202
3332 2201
3317 2197
3318 2200
3333 2201
3331 2201
3317 2198
3318 2201
3334 2201
3330 2201
3331 2202
3317 2199
3317 2201
3335 2201
3334 2200
3316 2199
3316 2201
3317 2202
3334 2199
3315 2201
3317 2203
3315 2200
3318 2203
3316 2203
3317 2204
3318 2204
3315 2203
3319 2204
3318 2205
3315 2204
3319 2205
3318 2206
3314 2204
3318 2207
3313 2204
3317 2207
3312 2204
3316 2207
3311 2204
3312 2203
3311 2205
3311 2203
3310 2205
3311 2206
3311 2202
3311 2207
3311 2201
3312 2207
3312 2201
3313 2207
3312 2208
3313 2201
3312 2209
3313 2209
3313 2210
3313 2211
3314 2211
3312 2211
3315 2211
3311 2211
3312 2212
3316 2211
3310 2211
3312 2213
3317 2211
3316 2212
3309 2211
3310 2210
3311 2213
3312 2214
3318 2211
3309 2212
3309 2210
3311 2214
3312 2215
3319 2211
3318 2212
3308 2210
3309 2209
3312 2216
3319 2210
3307 2210
3309 2208
3312 2217
3320 2210
3306 2210
3307 2209
3313 2217
3312 2218
3321 2210
3305 2210
3307 2208
3312 2219
3322 2210
3304 2210
3305 2211
3313 2219
3323 2210
3304 2209
3305 2212
3313 2220
3324 2210
3304 2212
3313 2221
3324 2211
3324 2209
3304 2213
3312 2221
3325 2211
3324 2212
3324 2208
3303 2213
3311 2221
3326 2211
3323 2212
3324 2213
3302 2213
3310 2221
3311 2222
3327 2211
3324 2214
3301 2213
3302 2212
3310 2222
3310 2220
3384 2122
3385 2122
3384 2121
3386 2122
3384 2120
3387 2122
3384 2119
3388 2122
3387 2123
3385 2119
3383 2119
3384 2118
3389 2122
3388 2121
3387 2124
3386 2119
3382 2119
3383 2118
3390 2122
3386 2124
3387 2119
3382 2118
3391 2122
3388 2119
3381 2118
3392 2122
3389 2119
3388 2118
3380 2118
3393 2122
3392 2123
3388 2117
3380 2117
3394 2122
3388 2116
3379 2117
3395 2122
3394 2123
3388 2115
3379 2116
3396 2122
3395 2121
3394 2124
3389 2115
3387 2115
3397 2122
3389 2114
3398 2122
3389 2113
3398 2123
3389 2112
3399 2123
3398 2124
3388 2112
3400 2123
3398 2125
3388 2111
3401 2123
3400 2124
3387 2111
3388 2110
3401 2124
3401 2122
3400 2125
3389 2110
3388 2109
3402 2124
3401 2125
3402 2122
3401 2121
3388 2108
3403 2124
3402 2125
3401 2126
3402 2121
3400 2121
3401 2120
3388 2107
3404 2124
3401 2127
3403 2121
3399 2121
3389 2107
3387 2107
3405 2124
3402 2127
3401 2128
3403 2120
3389 2106
3386 2107
3406 2124
3403 2127
3400 2128
3401 2129
3404 2120
3389 2105
3386 2108
3407 2124
3406 2125
3403 2128
3399 2128
3400 2129
3405 2120
3404 2119
3390 2105
3385 2108
3407 2125
3407 2123
3404 2118
3390 2104
3385 2109
3407 2126
3403 2118
3404 2117
3390 2103
3384 2109
3408 2126
3407 2127
3403 2117
3405 2117
3390 2102
3384 2110
3409 2126
3408 2127
3407 2128
3403 2116
3406 2117
3389 2102
3390 2101
3410 2126
3409 2125
3408 2128
3407 2117
3406 2116
3388 2102
3389 2101
3391 2101
3411 2126
3409 2124
3408 2129
3408 2117
3406 2115
3388 2103
3412 2126
3409 2129
3409 2117
3408 2118
3408 2119
3409 2119
3409 2120
3410 2120
3411 2120
3410 2121
3412 2120
3413 2120
3414 2120
3413 2121
3413 2119
3415 2120
3414 2121
3512 2025
3513 2025
3512 2024
3514 2025
3511 2024
3479 2088
