288 329
359 279
324 389
554 253
337 355
282 347
348 328
355 370
514 318
306 340
351 371
510 321
348 284
348 314
543 251
343 335
323 383
534 233
521 273
518 287
337 290
361 315
359 284
525 261
464 224
365 289
440 268
440 355
513 262
551 280
552 237
519 263
347 338
519 303
444 361
343 332
444 350
577 247
522 275
537 247
335 358
354 322
360 270
361 282
350 316
352 284
433 352
350 369
515 272
522 280
536 247
351 280
466 233
333 341
348 365
542 244
364 271
492 243
286 343
351 326
490 238
317 385
356 307
461 358
532 236
345 335
427 352
324 367
340 332
474 236
537 264
368 275
357 286
337 346
545 290
544 238
577 246
546 291
356 306
539 239
525 299
523 258
294 343
346 327
527 261
360 282
355 308
479 238
537 296
362 321
547 291
322 390
543 238
293 347
333 339
281 347
455 360
514 285
438 354
524 286
484 244
479 240
444 266
544 249
520 243
523 280
308 343
407 375
473 239
524 260
534 300
520 311
538 257
281 341
387 275
568 243
517 285
463 233
319 373
311 326
543 247
317 388
439 364
364 324
309 390
291 347
364 288
343 326
395 382
527 226
377 275
298 350
460 232
342 287
330 335
343 334
398 381
395 228
448 351
316 390
349 302
523 303
357 322
519 284
312 389
524 261
336 356
358 280
339 366
315 383
346 376
454 274
505 251
461 231
513 271
531 240
471 231
536 262
337 344
535 258
355 322
329 365
361 285
365 267
333 289
523 255
314 325
399 265
288 352
360 284
542 249
312 349
348 338
278 343
313 401
355 291
350 317
523 285
297 343
514 266
401 381
496 240
523 299
368 276
309 343
326 326
329 330
535 259
443 345
514 313
556 253
482 238
538 249
350 297
455 359
482 246
386 275
465 233
445 343
471 221
550 240
317 383
472 227
522 279
463 223
358 279
466 218
523 290
431 353
496 247
312 324
539 246
573 245
555 251
325 336
522 267
316 384
317 382
319 329
509 254
517 304
354 369
462 233
329 325
511 323
519 282
573 246
529 288
428 348
517 298
380 256
366 322
515 297
497 247
523 228
358 281
433 349
517 283
531 241
396 264
554 243
435 350
362 270
540 248
579 246
456 345
468 217
388 242
317 393
543 296
363 320
529 229
448 358
359 313
441 363
544 242
357 296
289 328
519 262
383 230
530 248
353 284
517 288
320 325
288 348
361 270
342 366
352 301
345 330
386 277
359 299
535 238
398 266
449 344
552 238
442 348
513 263
299 350
530 246
449 345
513 321
549 237
511 259
484 240
282 343
550 238
336 366
312 400
463 211
322 379
361 319
395 268
470 233
471 226
505 254
392 388
350 365
366 267
325 337
370 271
283 349
320 367
331 343
439 349
571 239
536 246
459 360
546 296
518 290
515 305
474 239
565 244
316 323
448 350
517 311
384 230
447 346
483 244
562 243
517 272
447 264
346 338
317 384
353 366
516 283
347 283
360 289
552 246
515 285
483 240
342 338
481 240
301 337
358 323
481 239
348 316
572 236
325 332
545 294
544 288
532 293
522 261
342 358
323 338
525 298
518 250
392 389
531 309
519 276
493 248
350 321
545 238
339 287
426 347
521 253
346 317
383 231
344 287
475 235
552 282
526 226
520 251
536 264
367 318
513 319
285 334
343 360
332 346
515 262
570 243
286 328
313 385
465 225
565 243
515 267
313 394
337 367
561 244
541 296
520 267
463 231
475 239
289 333
334 363
526 304
297 351
533 257
322 381
341 365
321 331
538 266
361 321
484 243
311 327
469 226
313 336
471 232
444 347
534 236
283 344
314 388
354 305
341 360
314 389
532 256
322 325
494 244
396 237
355 321
365 318
336 367
552 239
547 298
338 290
355 310
520 293
540 266
525 227
285 329
529 289
475 243
359 282
505 258
507 260
526 231
347 313
318 364
319 328
516 285
349 280
518 300
518 291
344 360
573 243
330 366
322 368
396 244
526 230
365 285
551 240
347 343
455 357
335 362
553 235
549 285
307 339
321 380
490 240
357 298
482 261
299 337
535 261
508 252
545 292
492 250
521 301
570 239
365 270
286 340
309 338
534 294
332 364
572 247
318 325
516 271
344 341
333 349
450 265
504 248
520 295
512 254
520 246
475 240
325 328
282 349
495 240
426 348
489 240
284 333
520 284
474 234
387 248
465 212
364 319
555 243
532 243
536 259
547 286
434 350
520 299
330 365
544 251
525 229
342 333
360 285
517 261
530 240
353 287
338 366
516 301
384 334
334 338
499 247
315 325
351 321
442 361
358 310
323 371
517 307
332 343
572 243
344 326
323 379
351 273
468 221
513 265
362 277
441 365
538 264
412 371
528 304
288 351
353 320
531 306
446 358
524 231
335 348
545 288
332 291
467 220
542 296
457 361
516 307
293 343
366 268
446 357
529 256
461 228
319 330
512 305
285 335
349 328
555 241
357 285
513 268
390 272
464 213
350 311
531 245
339 332
348 340
285 328
283 353
349 370
519 246
549 295
298 343
460 226
537 241
327 339
490 243
531 303
311 397
548 285
478 237
555 253
456 360
361 273
529 234
313 349
462 234
354 294
392 269
307 340
349 340
323 390
541 244
337 345
337 352
559 244
392 221
536 261
445 265
307 390
448 360
537 239
529 252
468 220
577 248
473 226
522 276
531 256
351 294
298 338
450 344
348 344
549 241
363 269
347 373
462 230
342 332
297 338
441 361
455 273
294 345
495 244
314 394
526 280
510 252
320 379
439 351
321 381
360 277
440 267
322 334
543 248
494 246
365 319
471 228
303 337
554 241
501 247
353 301
524 232
527 302
350 346
531 305
478 241
556 243
444 268
364 318
402 244
441 268
325 375
528 227
315 384
315 349
320 378
312 341
364 272
297 345
513 272
285 337
292 340
573 238
573 242
540 296
535 291
390 271
516 305
348 298
521 280
291 342
334 337
453 357
525 265
323 327
533 294
546 248
475 236
351 317
360 280
348 296
524 230
488 240
343 340
396 265
460 224
323 326
397 268
282 348
455 232
355 307
389 272
358 322
523 289
355 311
444 356
291 349
513 252
525 246
520 262
286 350
316 336
445 266
516 310
285 331
539 256
464 212
463 226
326 333
362 320
332 336
363 324
518 293
337 341
344 329
523 291
349 301
549 246
546 289
340 360
465 223
452 344
312 326
526 247
316 337
549 238
330 332
473 227
364 321
351 297
522 262
340 288
440 353
543 244
284 343
524 288
468 225
464 231
281 342
548 298
448 344
520 278
344 331
358 300
347 311
287 328
461 268
514 265
396 381
554 250
549 298
537 248
451 343
553 253
542 248
537 242
536 260
333 291
544 252
442 268
361 324
482 262
524 298
537 232
430 351
514 315
336 351
536 236
325 376
310 340
517 308
336 357
320 331
310 326
450 347
465 209
319 386
574 236
309 336
566 244
285 340
362 280
523 249
553 239
329 339
524 226
354 323
469 233
286 334
401 380
479 239
527 262
451 357
338 365
512 264
355 285
549 297
345 354
280 342
536 265
506 258
308 337
316 393
557 248
317 323
366 284
329 341
514 312
336 370
354 367
303 340
447 356
309 347
544 240
351 306
286 335
353 283
347 352
350 271
282 353
450 264
430 347
335 352
350 350
336 358
441 353
316 391
318 385
529 232
525 280
535 256
329 327
345 351
285 336
524 302
428 349
490 239
503 249
336 339
319 367
572 237
539 266
350 338
331 345
452 268
314 348
550 246
343 288
339 365
344 365
318 379
502 247
358 301
523 253
543 289
355 284
444 358
442 362
353 368
345 340
317 336
355 305
468 218
342 288
535 294
535 237
319 372
539 296
327 324
390 269
351 284
467 218
518 311
392 387
341 331
364 320
446 347
342 355
317 330
345 352
559 243
527 252
514 267
514 271
387 274
545 298
331 289
321 367
366 282
443 350
513 269
344 336
517 245
281 343
534 296
355 295
503 248
290 347
365 281
313 326
347 285
354 287
321 389
386 276
530 290
366 323
515 306
517 296
462 214
525 252
533 247
351 269
444 359
471 230
515 311
312 391
515 251
338 359
322 383
530 296
311 346
441 348
473 242
507 259
361 277
296 350
490 236
537 240
339 331
481 245
298 351
547 285
566 241
341 341
310 346
455 343
347 369
390 270
530 258
531 242
297 344
522 263
521 263
391 385
391 269
465 210
444 346
352 308
350 283
543 249
331 339
361 287
284 350
482 244
345 329
548 241
391 386
555 246
467 222
515 312
526 228
285 333
357 287
321 372
357 307
357 276
337 289
531 236
293 341
464 223
535 236
532 247
511 324
340 338
519 300
514 252
448 359
548 296
279 344
294 347
448 349
306 342
542 297
358 278
395 262
467 231
319 366
444 344
554 254
514 288
431 351
279 342
472 236
536 296
327 366
336 349
527 304
522 273
407 376
362 273
462 226
481 244
340 287
443 355
304 341
440 366
308 325
531 253
494 240
364 282
534 256
293 340
550 282
352 299
339 361
518 251
310 347
551 238
453 343
312 397
351 310
396 256
550 278
467 223
347 336
339 338
360 314
519 275
343 341
311 341
350 349
328 341
322 377
479 246
359 311
516 300
534 301
523 283
403 374
572 239
487 241
524 285
412 369
531 307
527 246
540 246
364 270
363 282
518 273
351 351
558 244
314 398
513 322
360 299
349 324
453 268
346 375
484 239
528 226
515 284
535 296
312 388
464 232
536 263
512 318
344 330
323 333
551 246
343 336
544 294
351 337
573 244
444 352
312 398
338 334
516 306
525 264
355 365
538 296
477 236
363 268
535 231
560 244
520 285
536 267
315 333
537 297
467 232
352 286
326 329
354 295
465 214
332 293
476 235
482 239
463 224
472 233
543 243
321 382
569 241
311 339
557 247
298 336
339 290
352 322
353 294
350 303
308 347
523 266
318 387
492 242
465 230
516 267
282 330
433 351
303 341
316 330
367 282
316 381
344 288
295 339
517 303
310 397
354 370
523 267
311 388
513 305
450 357
447 266
302 336
343 366
432 349
356 285
312 337
395 383
348 350
298 335
524 297
526 232
288 335
352 324
499 246
480 262
534 247
309 350
354 368
526 307
536 294
393 380
327 326
326 337
350 315
318 330
318 324
523 288
530 303
531 244
530 233
550 245
557 245
534 297
567 242
539 238
486 238
309 339
361 281
426 346
337 338
463 225
482 241
553 237
351 291
322 378
452 343
316 389
334 349
521 252
532 241
317 394
327 325
350 279
560 246
523 274
466 230
534 258
441 267
366 270
466 212
308 326
521 243
330 343
546 290
468 224
510 320
555 242
332 337
327 329
576 246
350 294
298 339
530 239
349 281
385 330
513 312
353 321
329 343
433 346
523 259
320 380
563 243
490 237
433 348
451 344
358 308
552 296
365 269
317 331
335 365
351 274
324 327
292 342
358 321
448 347
481 262
348 370
487 242
321 370
535 247
277 343
283 332
524 283
519 264
471 227
551 239
467 213
321 339
474 243
394 385
528 301
439 268
533 240
348 330
355 270
345 286
350 281
517 273
387 366
548 248
554 246
467 211
348 366
309 348
516 250
355 287
358 320
355 366
551 255
523 232
463 210
521 275
342 357
332 363
536 230
353 293
516 268
349 350
294 344
352 351
348 326
313 398
358 284
509 260
484 242
311 321
437 348
356 290
570 242
347 375
454 272
322 335
321 338
549 239
310 350
337 347
361 284
463 214
468 215
315 335
359 283
504 250
530 289
446 355
530 256
300 337
527 229
578 246
519 302
557 253
333 293
530 295
289 335
319 377
351 336
530 236
464 207
350 304
393 384
516 272
394 265
440 365
523 246
517 262
339 333
466 217
351 338
296 352
314 327
365 282
350 278
535 300
286 342
290 343
521 313
529 233
397 266
322 389
397 264
358 296
338 354
539 249
548 240
512 253
341 366
317 326
387 273
560 247
514 250
464 214
444 349
342 289
358 311
356 322
556 248
384 232
304 336
312 338
341 287
346 326
519 250
494 242
467 225
486 237
505 252
345 336
492 238
550 295
487 240
445 344
308 390
323 380
467 221
507 253
502 246
290 342
384 231
482 242
323 339
295 338
478 236
529 301
342 334
517 294
474 241
524 250
525 308
349 364
339 362
289 334
432 348
466 231
365 283
342 341
511 252
546 288
465 220
514 286
534 291
509 322
290 344
369 267
552 240
330 344
444 351
319 378
515 314
337 354
294 340
329 338
340 366
310 344
483 242
322 371
347 340
535 232
453 266
322 333
443 357
303 338
546 286
549 296
449 264
440 363
348 297
553 246
531 304
325 377
296 347
531 255
347 374
476 237
334 336
358 307
396 266
347 371
522 244
327 340
530 253
353 292
309 342
439 366
430 349
352 317
518 262
545 241
511 325
346 371
353 282
301 340
313 386
513 306
534 230
538 258
475 237
531 302
309 344
517 290
333 337
351 365
349 300
298 337
455 342
351 315
529 253
353 290
524 282
345 326
315 334
352 367
556 244
513 264
449 346
329 342
464 211
465 216
551 247
454 273
516 287
309 391
489 236
529 258
313 399
295 347
351 367
313 387
472 235
354 284
513 273
519 293
476 242
527 228
362 272
457 359
345 327
547 247
365 268
461 229
351 281
323 378
296 340
444 267
335 363
504 254
531 300
575 246
529 246
521 303
519 291
302 341
494 243
475 242
444 360
394 262
523 252
296 345
539 237
367 267
287 350
524 301
354 366
365 322
526 252
368 282
328 325
569 242
467 212
296 348
528 230
541 245
335 350
438 348
453 269
314 339
543 298
443 360
296 344
301 334
428 351
351 350
325 330
337 342
536 231
468 216
346 373
440 269
485 240
329 332
319 374
528 228
454 278
485 242
437 350
327 334
322 327
443 356
339 363
546 238
352 321
525 228
325 367
336 341
284 340
348 346
342 354
279 343
534 235
515 283
358 304
328 340
472 220
523 254
360 288
369 282
352 271
391 388
472 259
284 341
529 302
371 273
543 245
524 266
515 271
508 251
336 340
276 343
511 255
454 271
519 283
530 255
553 236
535 239
352 297
442 269
513 288
284 348
512 259
394 384
555 245
461 227
313 338
337 337
512 255
329 366
318 386
521 267
395 263
285 327
347 317
332 349
557 246
346 286
342 360
532 244
311 322
362 276
309 349
520 277
512 319
525 260
328 334
452 357
533 256
512 306
290 348
502 249
462 235
481 242
535 229
448 264
355 323
348 280
543 290
282 327
360 279
436 350
533 301
527 230
506 253
319 365
336 368
346 354
360 278
326 332
521 279
468 213
448 348
342 356
454 275
333 292
555 254
334 293
457 360
426 349
519 311
552 283
529 231
284 342
528 259
353 270
331 291
524 251
335 349
491 250
384 331
361 288
518 274
365 320
345 367
514 314
494 238
548 239
395 244
469 235
513 287
326 334
346 335
395 266
393 385
393 382
536 237
515 282
322 367
531 292
350 305
537 231
473 241
349 323
315 336
516 290
318 326
538 247
529 257
535 257
399 266
443 344
445 349
348 283
365 284
365 286
350 302
517 309
518 246
494 239
361 286
512 312
287 330
351 293
460 225
546 292
568 242
429 352
515 298
522 252
324 338
557 251
537 249
308 338
323 334
281 344
521 245
539 240
345 328
367 281
523 247
452 266
344 340
293 346
322 338
576 247
350 348
351 324
547 248
517 297
427 351
459 227
456 344
351 308
383 332
296 349
447 357
319 327
350 368
511 264
346 329
443 268
547 240
543 295
323 337
330 339
516 262
566 242
551 295
482 260
289 349
520 250
368 281
358 276
330 334
315 385
336 371
529 236
508 253
552 235
365 288
442 352
566 243
348 331
455 344
527 301
524 304
516 309
348 324
517 295
311 345
470 228
342 340
464 209
450 266
353 289
347 344
312 323
352 368
355 324
442 365
469 236
357 284
356 309
524 299
347 298
354 291
536 266
481 241
343 337
360 321
449 347
399 381
311 350
314 336
343 331
398 268
390 386
319 371
524 246
339 289
321 377
549 247
514 317
310 336
346 377
361 280
443 362
312 387
441 355
552 241
574 246
290 328
534 232
495 239
426 350
326 330
454 277
347 341
383 266
357 279
448 357
489 242
433 347
322 330
514 251
352 283
441 266
449 358
347 350
330 290
445 264
325 378
545 249
523 260
526 261
439 348
326 367
494 248
358 309
521 278
510 318
346 345
295 349
330 291
517 301
360 269
545 286
315 338
521 302
511 251
331 290
432 351
458 359
464 233
347 342
511 320
353 288
516 304
449 350
505 250
285 330
393 386
547 239
437 354
312 390
339 360
359 315
388 273
538 246
509 253
458 232
555 252
349 282
520 276
302 335
348 332
318 382
348 341
348 329
404 374
544 289
293 345
541 248
521 262
325 329
337 343
445 268
444 362
520 261
528 258
356 291
286 341
463 230
357 304
531 247
445 347
337 291
349 348
526 308
283 327
573 239
510 259
426 351
491 251
348 312
356 304
316 392
364 285
389 273
453 270
468 223
509 259
287 335
353 286
552 254
520 303
365 321
569 240
340 289
524 303
353 291
347 366
324 380
518 298
321 387
520 245
517 250
318 323
466 225
335 338
525 266
533 236
483 257
297 340
440 364
521 281
519 298
314 340
350 367
464 208
523 265
445 352
533 238
461 230
530 294
495 241
285 350
512 317
336 348
346 316
396 268
337 356
447 267
364 274
522 260
336 347
530 308
364 286
336 352
528 245
429 353
526 305
358 302
318 378
524 281
335 364
332 339
368 267
310 338
519 299
550 284
540 237
483 263
383 330
338 341
517 289
408 375
336 369
322 366
535 230
515 310
568 244
318 380
533 298
358 306
523 248
285 339
521 291
514 316
520 268
316 325
544 243
306 390
357 277
577 250
517 287
307 342
461 209
531 290
529 235
320 387
466 215
443 347
509 252
526 246
354 324
351 320
447 350
355 286
333 342
524 252
537 250
335 292
531 293
443 348
567 244
525 304
312 340
312 325
282 332
367 279
551 279
331 364
395 384
553 240
358 298
388 259
321 369
443 363
534 239
523 227
359 321
349 298
316 388
384 330
519 292
486 239
544 295
351 319
319 375
460 223
512 252
283 351
351 279
517 282
526 253
442 270
480 239
440 354
552 297
342 339
531 246
470 226
494 241
311 349
520 313
322 331
436 348
455 278
521 290
330 292
321 388
571 247
342 359
317 322
486 240
451 266
309 326
395 269
337 358
540 249
530 293
394 268
288 347
515 250
350 274
444 348
469 234
349 338
490 250
520 275
475 241
540 267
358 299
520 294
363 272
303 339
349 314
338 338
335 339
471 233
443 352
329 333
347 345
338 353
312 399
525 302
386 262
545 242
340 353
318 365
569 239
551 281
384 332
536 257
523 245
345 373
306 339
329 328
338 333
285 332
314 349
297 349
318 366
528 229
495 247
341 332
316 338
546 239
546 287
533 239
312 401
564 243
439 353
351 271
516 315
434 352
551 285
351 322
493 250
290 327
311 338
324 339
336 344
493 249
349 317
365 324
546 297
354 270
333 363
520 300
445 356
494 247
319 325
362 319
392 386
350 314
471 220
518 284
412 372
386 330
316 333
534 299
480 246
532 240
510 322
357 303
321 325
284 332
548 247
357 310
333 344
444 265
482 245
493 239
324 337
557 250
352 298
346 372
347 287
443 346
519 274
466 216
532 295
465 211
543 250
349 346
518 303
534 298
522 303
533 291
524 280
337 370
429 351
527 260
356 311
339 353
544 237
348 337
315 332
396 380
450 358
511 322
353 269
462 232
281 348
305 341
524 227
351 309
285 338
478 246
370 267
555 250
297 352
338 360
349 347
339 291
448 346
284 327
346 336
366 324
362 282
394 269
523 284
532 291
351 370
461 210
465 221
531 248
464 234
317 338
531 243
513 270
383 329
514 306
550 285
351 366
332 335
552 295
396 263
466 219
360 315
446 356
321 371
530 254
323 381
552 253
350 275
529 230
430 348
472 234
549 286
347 312
477 235
514 282
464 225
326 366
441 347
460 231
345 353
469 220
454 276
348 327
331 335
348 287
393 381
531 291
339 364
543 240
451 342
303 336
342 337
521 227
530 309
363 318
384 270
474 235
354 321
352 268
304 335
345 356
348 285
520 252
323 367
359 324
295 345
515 273
475 238
512 256
301 341
323 325
574 237
532 294
337 359
542 298
383 328
495 242
512 320
534 248
506 254
344 351
537 257
288 336
544 239
331 363
335 351
524 254
528 305
347 326
288 328
314 338
477 246
489 238
523 250
455 358
364 281
323 382
489 241
347 286
545 240
362 324
434 347
391 389
512 321
513 267
330 364
456 271
288 350
534 240
311 340
311 323
333 362
317 378
528 252
514 263
546 298
348 336
320 330
550 279
350 318
323 336
322 332
535 295
512 258
513 286
539 257
316 332
350 277
286 327
351 307
357 295
347 351
516 314
544 298
395 381
556 249
349 283
520 312
345 366
459 224
577 249
350 310
451 358
536 239
560 248
438 350
508 260
534 234
513 324
352 300
362 274
530 231
571 243
346 378
516 298
538 231
288 330
522 227
522 274
357 294
336 350
297 350
304 339
334 292
505 253
349 278
311 324
363 286
578 247
343 367
535 262
332 341
357 297
315 324
494 245
498 247
556 250
504 249
552 284
535 233
468 226
542 250
351 323
446 346
335 291
350 298
326 340
366 269
397 381
398 267
336 338
518 249
478 238
447 358
298 340
351 292
468 233
500 247
351 305
540 265
347 370
454 343
344 366
336 365
308 339
516 299
521 244
323 366
339 367
338 352
317 381
510 319
447 265
347 327
447 347
546 300
456 357
429 348
532 248
551 282
328 366
446 266
291 346
355 309
322 387
524 287
438 349
442 345
517 246
527 225
331 336
574 239
317 332
523 287
328 332
524 305
320 377
337 349
546 299
341 326
513 317
550 281
520 291
288 349
323 389
328 331
456 232
345 355
320 386
367 280
358 277
329 334
315 388
302 334
526 262
465 229
528 260
558 245
545 293
531 235
433 350
437 351
546 249
530 307
329 326
350 370
308 349
359 312
353 317
442 363
277 342
470 236
479 247
322 369
427 348
310 345
345 287
313 388
526 299
428 353
515 263
399 380
531 301
318 381
283 343
462 210
295 340
364 273
517 302
554 240
384 333
317 325
346 351
517 247
513 323
307 343
461 226
454 357
467 233
282 331
442 355
394 266
522 291
471 260
357 319
357 302
459 232
561 243
332 289
459 226
526 301
573 237
313 393
290 349
550 297
365 287
399 382
561 246
317 387
358 313
354 365
324 378
349 365
342 326
320 372
507 258
523 264
341 338
352 294
532 301
338 367
366 318
334 339
502 248
522 272
493 243
349 299
314 326
458 360
336 291
281 345
443 358
351 272
296 339
518 283
292 346
280 341
533 302
466 214
526 300
352 269
554 251
332 345
531 237
362 275
302 337
538 240
530 305
512 257
339 352
493 238
351 312
465 228
526 306
523 263
308 336
351 286
470 220
529 303
313 348
517 286
529 305
516 303
495 246
351 349
293 342
296 341
348 317
431 352
538 265
523 244
363 270
491 238
281 346
552 255
517 310
325 326
543 294
561 245
479 241
482 263
490 242
329 331
524 258
360 313
573 247
467 214
548 242
551 284
335 347
394 381
332 344
391 270
453 273
556 245
325 331
465 219
518 294
347 339
356 295
438 353
325 327
442 344
393 269
518 309
465 222
441 352
438 352
470 235
367 270
368 270
368 271
348 345
369 271
351 283
389 270
528 246
371 271
372 271
372 272
373 272
372 273
356 366
372 274
373 274
371 274
455 279
373 275
370 274
374 275
370 275
375 275
369 275
370 276
375 276
375 274
369 276
376 274
377 274
377 273
378 273
377 272
378 272
376 272
378 271
375 272
379 271
457 232
380 271
380 270
380 269
381 269
380 268
382 269
381 268
379 268
383 269
381 267
384 269
381 266
385 269
381 265
385 270
382 265
320 326
386 270
383 265
386 271
306 341
383 264
387 271
383 263
388 271
384 263
383 262
385 263
384 262
382 262
384 261
382 261
384 260
381 261
385 260
384 259
380 261
381 260
386 260
385 259
291 340
384 258
379 261
380 262
386 261
385 258
383 258
384 257
378 261
379 262
387 261
382 258
384 256
378 260
388 261
381 258
384 255
388 262
388 260
381 257
384 254
389 260
381 256
384 253
390 260
350 292
385 253
384 252
391 260
386 253
391 261
391 259
333 343
386 252
392 261
387 252
393 261
388 252
387 251
394 261
389 252
387 250
332 340
346 356
394 260
387 249
351 325
394 259
386 249
361 316
395 259
393 259
386 248
359 316
396 259
395 258
510 260
386 247
361 317
397 259
395 257
386 246
359 317
356 305
397 260
395 256
387 246
350 313
398 260
394 256
387 245
525 230
359 318
399 260
393 256
387 244
360 318
360 324
399 261
392 256
387 243
350 312
352 323
359 319
358 319
399 262
320 327
388 243
349 312
350 276
389 243
521 285
390 243
389 244
346 366
391 243
283 348
511 265
392 243
391 242
512 322
393 243
391 241
312 396
473 236
393 242
392 241
313 395
394 242
312 395
395 242
394 241
315 395
396 242
394 240
288 353
397 242
395 240
393 240
394 239
310 389
398 242
393 239
394 238
480 245
318 393
399 242
392 239
395 238
285 349
399 243
392 238
396 238
482 240
400 243
399 244
392 237
396 239
288 354
401 243
398 244
392 236
309 389
402 243
397 244
393 236
391 236
312 392
403 243
351 270
397 245
393 235
318 394
403 244
527 258
397 246
393 234
283 350
404 244
398 246
319 376
397 247
394 234
393 233
284 351
405 244
395 246
397 248
395 234
392 233
288 355
358 303
405 245
395 247
397 249
391 233
311 392
532 304
405 246
395 248
398 249
396 249
390 233
391 232
312 393
297 353
395 249
399 249
396 250
389 233
391 231
393 223
394 249
399 250
399 248
389 234
392 231
351 318
400 250
399 251
399 247
389 235
392 230
383 233
401 250
388 235
392 229
350 324
402 250
387 235
392 228
392 224
338 351
402 251
386 235
393 228
392 227
391 221
438 351
393 221
402 252
385 235
394 228
391 227
348 325
392 223
403 252
384 235
391 226
310 388
283 352
322 336
403 253
384 234
391 225
393 222
315 394
348 351
403 254
383 234
384 233
391 224
406 244
407 244
408 244
408 243
408 242
409 242
410 242
411 242
410 241
411 243
410 240
412 243
411 240
412 244
412 240
413 244
413 240
414 244
413 245
414 240
413 241
413 239
414 243
415 240
413 238
414 242
415 241
415 239
413 237
416 241
416 239
414 237
412 237
416 242
417 239
416 238
415 237
412 236
417 238
412 235
418 238
417 237
413 235
419 238
418 237
417 236
413 234
419 239
419 237
413 233
420 239
420 237
419 236
413 232
421 239
419 235
413 231
422 239
421 240
419 234
413 230
423 239
419 233
413 229
424 239
423 240
418 233
419 232
412 229
413 228
424 240
417 233
420 232
419 231
411 229
425 240
424 241
421 232
419 230
410 229
411 228
426 240
424 242
422 232
421 233
419 229
409 229
411 227
426 239
425 242
423 242
423 232
420 229
418 229
409 230
409 228
412 227
411 226
427 239
426 242
422 242
424 232
423 233
421 229
408 230
409 231
411 225
428 239
427 238
422 243
425 232
424 233
423 234
421 230
410 231
409 232
429 239
428 240
428 238
427 237
421 243
426 232
423 235
408 232
409 233
429 240
428 241
426 237
427 236
420 243
421 244
426 231
424 235
423 236
407 232
409 234
428 242
425 237
426 236
428 236
419 243
421 245
426 230
424 236
406 232
410 234
428 243
429 236
418 243
427 230
429 243
429 235
418 244
428 230
427 229
430 243
430 235
417 244
429 230
427 228
431 243
431 235
417 245
429 231
429 229
427 227
431 244
431 242
431 234
429 232
427 226
432 244
431 245
432 234
431 233
428 232
429 233
428 226
433 244
430 245
433 234
428 233
429 226
434 244
433 245
434 234
428 234
429 227
429 225
433 246
434 235
434 233
430 225
429 224
434 246
434 236
435 233
431 225
428 224
434 247
434 237
431 226
431 224
427 224
434 248
433 237
434 238
432 226
432 224
431 223
426 224
427 223
435 248
432 237
433 238
435 238
434 239
433 224
431 222
425 224
435 249
432 238
432 236
434 224
432 222
430 222
431 221
424 224
436 249
431 238
434 225
430 221
424 225
437 249
436 250
435 225
430 220
423 225
424 226
438 249
436 225
429 220
430 219
422 225
424 227
438 248
437 225
436 224
306 391
431 219
430 218
421 225
422 224
423 227
424 228
439 248
438 225
436 223
429 218
431 218
430 217
422 227
424 229
440 248
438 226
438 224
436 222
429 217
440 249
439 226
439 224
436 221
428 217
441 249
440 226
439 227
437 221
436 220
427 217
428 216
442 249
441 250
438 221
436 219
426 217
427 216
428 215
442 248
441 251
439 221
436 218
425 217
426 216
442 247
441 252
440 221
437 218
435 218
436 217
424 217
425 218
425 216
426 215
443 247
442 246
440 252
438 218
435 217
424 218
424 216
425 219
426 214
444 247
442 245
439 252
440 253
439 218
434 217
424 219
423 216
424 215
425 214
444 246
442 244
439 253
439 251
440 254
440 218
433 217
434 216
423 219
422 216
425 213
443 244
442 243
440 255
441 218
433 216
422 219
423 220
421 216
425 212
444 244
441 243
440 256
441 219
441 217
423 221
420 216
425 211
445 244
440 243
441 256
441 220
441 216
420 217
420 215
425 210
446 244
445 245
445 243
439 243
442 220
442 216
440 216
441 215
419 217
420 218
419 215
426 210
425 209
447 244
445 242
443 220
443 216
439 216
418 217
421 218
427 210
426 209
424 209
447 245
447 243
444 242
445 241
443 221
438 216
418 216
428 210
424 208
448 245
447 246
444 241
445 240
443 222
417 216
429 210
428 211
424 207
449 245
448 246
443 241
417 215
429 209
449 246
448 247
416 215
429 208
449 247
415 215
430 208
429 207
449 248
414 215
415 214
431 208
450 248
414 214
415 213
432 208
431 209
450 249
413 214
414 213
416 213
415 212
433 208
432 207
431 210
451 249
450 250
413 213
417 213
416 212
415 211
434 208
432 206
431 211
452 249
450 251
412 213
413 212
418 213
414 211
415 210
433 206
431 206
452 248
451 251
413 211
418 212
414 210
416 210
415 209
434 206
431 205
453 248
452 247
452 251
451 252
412 211
413 210
414 209
416 209
430 205
431 204
454 248
451 253
411 211
430 204
432 204
454 249
450 253
451 254
410 211
432 203
454 250
449 253
452 254
409 211
410 210
432 202
455 250
453 250
454 251
453 254
409 210
433 202
432 201
454 254
453 255
409 209
434 202
432 200
455 254
408 209
433 200
431 200
456 254
408 208
433 199
457 254
407 208
433 198
458 254
457 255
406 208
407 207
434 198
432 198
433 197
459 254
458 255
405 208
407 206
435 198
434 197
460 254
405 209
408 206
406 206
436 198
434 196
461 254
405 210
405 206
406 205
436 199
461 255
404 210
405 211
404 206
405 205
406 204
462 255
403 210
404 211
406 211
403 206
404 205
406 203
463 255
402 210
404 212
407 211
407 203
405 203
406 202
464 255
404 213
405 202
465 255
403 213
465 256
466 256
465 257
467 256
465 258
468 256
464 258
465 259
468 257
468 255
463 258
464 259
466 259
465 260
469 257
468 254
464 260
470 257
469 258
468 253
464 261
469 259
469 253
464 262
470 253
469 252
464 263
471 253
465 263
464 264
472 253
471 252
464 265
473 253
472 252
465 265
463 265
464 266
474 253
464 267
474 254
463 267
475 254
474 255
462 267
476 254
473 255
474 256
461 267
476 255
476 253
473 256
460 267
477 255
476 256
476 252
472 256
460 268
478 255
476 257
476 251
459 268
476 258
476 250
458 268
477 258
476 259
476 249
457 268
458 269
478 258
477 259
475 259
476 260
475 249
456 268
457 269
457 267
479 258
475 260
474 249
475 248
455 268
457 266
480 258
474 260
475 247
455 269
455 267
458 266
481 258
480 259
480 257
473 260
474 261
476 247
475 246
455 270
454 267
459 266
482 258
472 260
477 247
475 245
456 270
455 271
453 267
454 266
483 258
482 259
366 287
367 287
368 287
369 287
368 286
370 287
369 288
371 287
370 286
369 289
372 287
370 285
369 290
373 287
371 285
368 290
374 287
371 284
375 287
374 286
371 283
376 287
375 288
375 286
372 283
371 282
376 288
376 286
375 289
371 281
376 289
376 285
375 290
371 280
377 285
374 290
375 291
377 284
373 290
374 291
376 291
375 292
378 284
377 283
372 290
377 291
375 293
379 284
378 283
376 293
379 285
377 293
376 294
380 285
378 293
376 295
381 285
379 293
375 295
376 296
382 285
586 267
374 295
376 297
383 285
382 284
376 298
384 285
383 286
383 284
377 298
376 299
385 285
383 287
375 299
376 300
386 285
385 284
382 287
383 288
375 300
387 285
385 283
382 288
384 288
374 300
388 285
384 283
382 289
385 288
373 300
374 301
389 285
388 284
384 282
372 300
373 301
373 299
390 285
389 286
388 283
383 282
371 300
373 302
373 298
390 284
389 287
371 299
372 302
374 298
391 284
390 283
388 287
389 288
370 299
371 302
392 284
390 288
393 284
392 285
390 289
394 284
393 283
392 286
390 290
395 284
393 282
392 287
391 290
389 290
390 291
396 284
395 283
393 281
393 287
388 290
390 292
397 284
394 281
393 280
391 292
397 285
395 281
392 280
393 279
391 293
395 280
392 279
393 278
392 293
392 278
393 293
392 294
391 278
394 293
392 295
391 277
385 369
394 292
392 296
391 276
394 291
391 296
393 291
394 290
390 296
395 290
389 296
396 290
395 289
388 296
389 297
396 291
389 298
397 291
396 292
389 299
398 291
390 299
389 300
399 291
389 301
399 290
389 302
400 290
390 302
401 290
400 289
391 302
390 303
400 288
391 303
391 301
401 288
399 288
392 303
402 288
401 287
393 303
392 304
403 288
401 286
392 305
403 289
403 287
401 285
393 305
404 287
402 285
393 306
404 286
402 284
394 306
393 307
405 286
402 283
394 307
392 307
406 286
401 283
391 307
407 286
390 307
408 286
407 287
389 307
408 285
407 288
388 307
408 284
406 288
407 289
387 307
388 308
409 284
407 290
386 307
388 309
409 283
407 291
385 307
387 309
409 282
384 307
387 310
409 281
384 308
384 306
387 311
408 281
409 280
384 309
384 305
387 312
407 281
410 280
409 279
384 310
385 305
388 312
407 282
411 280
408 279
383 310
384 311
385 304
388 313
412 280
382 310
383 311
385 303
389 313
413 280
386 303
384 303
389 314
414 280
413 279
387 303
383 303
389 315
415 280
414 281
413 278
387 302
382 303
383 302
389 316
415 279
412 278
413 277
387 301
389 317
416 279
413 276
387 300
388 317
389 318
417 279
414 276
412 276
413 275
387 299
389 319
417 280
413 274
390 319
418 280
417 281
414 274
412 274
391 319
419 280
416 281
415 274
392 319
391 320
419 281
416 282
415 275
415 273
393 319
392 320
392 318
391 321
419 282
416 283
416 273
394 319
420 282
419 283
415 283
416 284
417 273
394 320
394 318
421 282
419 284
415 284
416 285
417 272
394 321
394 317
421 283
421 281
417 285
418 272
394 322
395 317
422 283
417 286
418 271
393 322
394 323
423 283
417 287
419 271
393 323
395 323
394 324
418 287
416 287
420 271
394 325
418 288
416 288
421 271
420 272
420 270
395 325
393 325
394 326
419 288
421 270
420 273
396 325
392 325
394 327
420 288
421 269
421 273
420 274
396 326
396 324
391 325
394 328
421 288
420 287
421 268
420 275
396 327
390 325
394 329
421 289
420 286
420 268
421 275
420 276
397 327
389 325
390 326
394 330
422 289
420 285
419 268
420 267
422 275
421 276
420 277
398 327
397 328
388 325
390 327
395 330
394 331
423 289
421 285
418 268
422 276
422 274
419 277
399 327
387 325
390 328
394 332
424 289
423 288
417 268
418 267
423 274
419 278
400 327
399 328
387 324
390 329
394 333
425 289
423 287
417 269
424 274
423 273
401 327
399 329
386 324
389 329
390 330
395 333
393 333
394 334
426 289
425 290
425 288
422 287
417 270
425 274
521 250
424 273
402 327
401 328
400 329
386 323
388 329
390 331
396 333
395 334
393 334
427 289
426 288
425 291
425 287
422 286
416 270
425 275
424 272
403 327
402 328
400 330
387 329
389 331
397 333
392 334
427 290
427 288
415 270
426 275
424 271
404 327
402 329
387 330
388 331
397 334
391 334
428 290
427 291
414 270
427 275
404 328
403 329
498 248
388 332
398 334
429 290
428 291
413 270
414 269
428 275
427 276
405 328
403 330
462 359
386 364
388 333
399 334
398 335
430 290
429 291
428 292
412 270
428 274
404 330
461 359
389 333
387 333
388 334
399 333
430 291
428 293
411 270
428 273
459 358
460 359
390 333
387 334
400 333
399 332
431 291
427 293
428 294
411 269
429 273
460 361
461 360
387 335
400 332
431 292
427 294
428 295
411 268
430 273
458 358
459 359
459 361
387 336
401 332
432 292
431 293
426 294
428 296
411 267
431 273
460 360
388 336
386 336
402 332
401 331
433 292
430 293
425 294
428 297
410 267
411 266
431 274
388 337
402 333
434 292
433 293
429 297
428 298
410 266
412 266
389 337
388 338
402 334
434 291
433 294
430 297
429 298
382 259
428 299
409 266
410 265
412 265
390 337
389 338
388 339
401 334
402 335
434 290
429 299
427 299
413 265
412 264
388 340
402 336
435 290
426 299
427 300
414 265
387 340
388 341
401 336
436 290
425 299
386 340
389 341
401 337
437 290
425 300
385 340
389 342
401 338
437 289
425 301
385 341
385 339
389 343
400 338
401 339
438 289
425 302
384 341
402 339
438 288
424 302
384 342
402 340
438 287
423 302
424 303
384 343
403 340
402 341
437 287
423 303
423 301
383 343
403 341
436 287
437 286
423 304
422 301
382 343
404 341
436 286
437 285
421 301
381 343
405 341
435 286
437 284
420 301
421 302
380 343
381 342
405 342
405 340
419 301
420 300
421 303
379 343
380 342
405 339
418 301
421 304
379 344
406 339
404 339
405 338
417 301
418 302
418 300
421 305
378 344
407 339
406 338
418 303
418 299
422 305
421 306
378 345
408 339
407 340
417 303
419 299
417 299
420 306
378 346
408 338
407 341
416 303
417 304
416 299
417 298
419 306
420 307
378 347
409 338
408 341
407 342
417 305
417 297
419 307
377 347
378 348
409 341
408 342
407 343
417 306
416 297
419 308
378 349
410 341
408 343
407 344
416 306
416 296
418 308
419 309
379 349
378 350
410 342
409 343
408 344
415 306
415 296
417 308
380 349
377 350
411 342
410 343
409 344
414 306
414 296
376 350
377 351
412 342
413 306
413 296
375 350
377 352
412 341
412 306
515 290
413 295
375 349
376 352
413 341
412 340
412 307
412 305
413 294
375 348
376 353
414 341
412 308
412 304
413 293
374 348
375 353
376 354
415 341
411 308
412 309
413 304
412 303
414 293
412 293
373 348
374 347
377 354
350 286
415 342
415 340
412 310
412 292
373 349
373 347
378 354
415 343
415 339
413 310
373 346
378 355
416 343
416 339
415 338
414 310
373 345
378 356
416 344
416 338
415 337
414 311
414 309
373 344
379 356
378 357
416 345
416 337
414 312
374 344
380 356
377 357
416 346
416 336
415 312
375 344
381 356
380 355
376 357
417 346
416 347
416 335
376 344
382 356
381 357
418 346
416 348
416 334
376 343
382 355
381 358
418 345
415 348
416 349
415 334
416 333
377 343
376 342
382 354
382 358
380 358
381 359
419 345
418 344
414 348
416 350
414 334
417 333
416 332
376 341
382 353
379 358
381 360
420 345
414 349
417 350
415 350
416 351
418 333
375 341
383 353
381 353
381 361
421 345
420 344
418 350
416 352
419 333
418 334
374 341
384 353
382 361
381 362
422 345
421 346
421 344
420 343
415 352
419 332
373 341
385 353
384 352
381 363
423 345
414 352
420 332
419 331
372 341
385 354
385 352
381 364
423 346
423 344
414 353
421 332
420 331
419 330
371 341
372 342
372 340
385 355
385 351
381 365
423 343
413 353
422 332
421 331
420 330
418 330
372 339
385 356
385 350
381 366
422 343
423 342
412 353
423 332
421 330
418 329
373 339
371 339
386 356
384 356
385 357
385 349
382 366
423 341
412 354
412 352
424 332
423 333
418 328
373 338
370 339
386 349
383 366
424 341
422 341
411 354
412 355
411 352
412 351
425 332
424 333
423 334
419 328
418 327
373 337
369 339
387 349
386 348
384 366
425 341
410 352
411 351
426 332
418 326
368 339
388 349
386 347
385 366
384 367
425 340
409 352
410 353
410 351
427 332
419 326
367 339
368 338
388 350
388 348
385 347
385 367
385 365
426 340
408 352
409 353
410 350
428 332
427 333
419 325
367 338
368 337
388 351
386 367
385 364
427 340
426 339
408 351
409 354
419 324
366 338
389 351
387 367
386 368
391 280
427 339
408 350
408 354
420 324
418 324
365 338
390 351
388 367
386 369
428 339
408 349
407 354
420 323
417 324
364 338
365 337
391 351
389 367
388 368
386 370
429 339
407 349
406 354
407 355
421 323
363 338
364 337
365 336
390 367
429 340
407 348
405 354
407 356
363 337
391 367
429 341
407 347
405 353
406 356
407 357
392 367
430 341
429 342
406 347
405 352
405 356
406 357
408 357
392 368
392 366
431 341
428 342
406 352
404 352
404 356
409 357
408 358
392 369
392 365
432 341
431 340
427 342
428 343
406 351
404 351
404 357
409 358
409 356
393 369
433 341
431 339
428 344
404 358
409 359
394 369
434 341
433 340
431 338
427 344
404 359
409 360
394 370
433 339
427 345
404 360
409 361
395 370
433 338
405 360
408 361
396 370
433 337
406 360
405 361
407 361
396 371
434 337
406 361
407 362
396 372
435 337
406 362
407 363
397 372
396 373
436 337
435 336
406 363
397 373
395 373
437 337
435 335
406 364
398 373
437 338
406 365
399 373
398 374
438 338
437 339
406 366
400 373
399 374
399 372
398 375
439 338
436 339
406 367
401 373
439 339
407 367
402 373
401 374
440 339
408 367
402 372
401 375
441 339
409 367
408 368
408 366
403 372
402 371
402 375
401 376
442 339
410 367
409 366
408 369
404 372
401 377
442 340
409 369
407 369
408 370
405 372
404 371
400 377
442 341
409 370
407 370
408 371
406 372
400 378
441 341
442 342
410 370
409 371
407 371
408 372
406 373
399 378
400 379
441 342
443 342
411 370
409 372
406 374
399 379
401 379
443 343
411 371
411 369
410 372
407 374
405 374
553 295
554 295
555 295
556 295
556 296
557 296
558 296
559 296
560 296
561 296
560 295
562 296
561 297
560 294
562 295
561 298
559 294
563 295
562 294
561 299
564 295
562 299
560 299
565 295
560 300
565 296
565 294
559 300
560 301
565 297
566 294
565 293
558 300
561 301
560 302
566 297
565 292
557 300
559 302
560 303
566 298
566 292
565 291
559 303
566 299
567 292
564 291
565 290
559 304
567 299
566 300
564 290
565 289
558 304
559 305
566 301
566 289
558 305
560 305
567 301
565 301
566 288
558 306
561 305
560 306
567 288
561 304
567 287
562 304
567 286
563 304
568 286
566 286
563 305
569 286
570 286
569 285
571 286
570 287
569 284
572 286
569 283
573 286
572 287
570 283
568 283
569 282
572 288
571 283
570 282
567 283
573 288
572 283
570 281
566 283
567 282
573 283
570 280
573 284
571 280
569 280
574 284
571 279
569 279
574 285
572 279
568 279
569 278
573 279
569 277
574 279
570 277
568 277
569 276
575 279
569 275
576 279
570 275
568 275
576 280
570 274
567 275
577 280
570 273
567 274
578 280
577 281
570 272
566 274
579 280
578 281
570 271
565 274
580 280
579 281
569 271
570 270
564 274
580 279
568 271
571 270
563 274
564 275
581 279
567 271
572 270
571 269
562 274
564 276
582 279
567 272
572 271
571 268
562 273
564 277
583 279
582 280
571 267
562 272
564 278
583 280
583 278
572 267
562 271
565 278
584 280
584 278
573 267
561 271
566 278
565 279
585 280
574 267
560 271
561 270
565 280
585 279
574 268
574 266
559 271
560 272
566 280
564 280
574 265
575 265
573 265
576 265
572 265
577 265
572 264
578 265
577 266
572 263
578 266
578 264
572 262
578 267
579 264
571 262
572 261
580 264
570 262
571 261
580 265
580 263
580 266
581 263
580 267
582 263
580 268
583 263
582 262
581 268
582 268
581 269
583 268
582 269
582 267
583 269
584 269
585 269
584 270
585 270
585 268
586 270
586 268
585 267
425 207
