291 353
239 237
359 343
345 377
288 340
337 426
409 390
405 351
439 363
336 420
426 373
385 402
447 376
351 346
418 369
418 376
443 382
244 331
424 374
347 352
390 385
374 388
402 405
222 290
240 307
235 234
347 403
427 350
296 546
408 395
413 393
323 516
287 527
210 292
451 394
356 345
347 344
342 368
214 295
297 541
230 238
352 349
344 379
344 400
344 319
214 248
389 379
336 365
392 388
205 275
381 395
408 403
194 255
234 234
347 400
295 543
429 353
409 392
234 244
448 396
440 388
258 324
233 326
355 529
433 378
233 303
354 406
207 272
416 369
420 369
346 394
408 398
273 348
344 382
204 265
274 342
204 256
451 402
413 352
306 514
414 375
378 389
442 362
335 423
210 306
301 335
447 389
263 352
292 526
413 394
345 399
293 523
419 386
307 517
360 333
213 298
347 365
449 363
206 272
223 299
238 304
223 312
282 345
286 555
343 350
362 380
428 376
261 335
420 342
287 529
440 386
352 374
294 548
439 366
428 358
448 391
342 381
447 387
305 517
349 359
235 236
396 375
291 529
278 350
356 340
239 320
346 366
441 385
323 415
433 374
342 395
264 333
446 368
224 317
402 399
318 523
451 359
408 399
321 523
228 312
403 407
341 367
457 387
368 383
345 365
254 328
221 307
264 358
293 548
208 261
236 240
403 399
404 377
261 358
244 326
326 423
193 264
233 319
297 336
266 338
298 551
297 537
214 290
210 252
265 339
320 515
413 391
343 343
290 548
336 418
230 296
246 309
204 267
245 310
236 245
416 395
286 359
206 260
254 334
327 525
388 385
388 394
234 338
229 319
290 524
228 336
294 526
251 330
224 298
283 533
360 379
438 377
367 532
210 291
280 342
347 381
321 512
419 354
296 530
261 351
415 346
232 326
349 406
265 332
249 328
412 384
304 525
325 420
443 374
400 375
426 347
421 348
453 389
190 267
261 327
245 312
222 313
307 525
414 384
393 381
331 429
349 383
437 371
212 301
388 398
375 378
342 376
216 280
281 561
405 398
426 361
448 390
435 378
226 318
231 329
268 343
346 411
423 335
232 334
237 335
394 390
213 251
332 429
224 336
338 413
263 353
423 366
419 357
222 317
262 338
296 542
234 335
239 236
225 292
222 299
301 526
379 389
206 257
215 297
263 357
427 365
263 356
195 260
420 370
446 369
198 255
420 371
337 420
333 430
334 415
347 384
302 343
418 367
285 528
215 251
304 351
305 529
217 287
354 351
409 349
214 306
387 377
454 389
288 339
227 337
438 387
452 359
294 527
246 327
237 240
427 368
353 388
424 347
330 415
244 328
308 528
234 246
403 397
276 349
219 245
420 368
334 424
438 389
449 358
230 341
425 372
217 276
296 529
269 344
207 265
245 333
355 393
284 533
281 342
347 394
438 361
418 340
446 371
253 336
238 318
437 377
379 374
364 382
375 538
243 331
230 326
437 372
279 351
210 250
438 358
446 387
453 384
329 423
391 375
444 359
255 330
211 305
331 425
270 342
386 398
255 334
414 347
266 354
209 272
280 355
300 551
207 256
348 408
287 550
391 385
384 375
219 242
345 376
348 357
325 508
443 359
457 390
347 364
403 406
300 504
310 529
418 363
230 294
254 357
332 427
389 385
429 347
431 372
340 315
215 246
246 325
328 424
310 518
337 355
341 382
443 355
342 369
203 255
295 341
220 306
260 330
299 528
196 257
287 528
328 316
326 518
342 396
450 401
365 384
218 289
273 347
360 336
215 243
214 250
300 348
263 318
279 343
451 358
458 389
275 350
295 523
245 324
219 289
403 404
231 328
347 402
436 377
451 403
429 348
300 335
420 347
438 357
209 274
420 384
421 375
390 388
422 377
209 261
437 355
232 332
229 324
336 362
220 299
323 528
324 518
227 336
296 540
310 520
254 336
228 240
423 348
351 389
213 302
453 359
406 398
265 337
421 340
448 397
327 424
270 340
322 382
455 389
295 338
254 358
321 513
379 373
344 371
372 388
376 379
340 353
343 360
358 336
306 376
393 384
439 357
341 317
427 352
373 377
291 363
452 377
437 358
233 320
299 524
416 380
425 374
342 320
206 271
416 381
264 345
205 291
209 256
421 345
347 378
420 354
232 236
347 404
426 376
421 373
411 396
357 343
217 282
286 531
300 328
241 330
268 354
423 336
358 347
226 313
277 343
333 429
421 346
359 375
347 355
240 332
414 349
263 354
414 374
419 375
331 414
232 321
336 319
426 353
268 344
339 365
337 425
383 389
190 266
452 376
411 389
249 331
451 360
343 395
335 357
334 414
286 360
453 365
366 385
342 353
451 399
408 349
222 236
339 361
295 527
306 354
384 388
348 355
331 428
325 419
427 345
218 288
374 374
435 379
276 343
251 331
419 346
376 375
340 318
310 517
254 329
349 382
407 399
216 241
245 331
240 245
343 351
262 344
316 526
259 340
233 334
393 385
203 264
227 318
192 266
207 268
299 325
426 349
202 259
333 361
438 391
403 378
223 238
196 258
324 415
283 355
280 356
263 323
245 332
453 382
456 387
230 325
340 411
257 357
218 276
298 341
323 533
440 377
455 387
422 353
387 386
356 341
262 352
213 291
437 365
271 342
226 336
219 244
347 411
392 376
348 380
201 262
389 376
305 514
419 353
450 366
339 353
328 306
289 549
341 396
253 357
228 304
405 404
380 393
245 323
264 315
434 374
286 356
436 387
203 261
386 401
266 345
415 384
383 379
327 516
218 282
385 387
405 348
239 303
442 366
273 346
223 236
373 376
376 383
213 247
228 314
336 323
294 543
294 344
345 352
352 414
291 365
324 420
223 289
454 388
417 366
284 359
296 356
345 346
206 264
406 376
212 296
302 527
417 380
327 518
237 237
221 309
323 530
349 345
451 361
333 319
239 305
344 395
419 369
295 534
345 401
215 241
325 421
223 290
345 366
205 259
322 516
453 402
364 379
215 252
208 254
440 372
322 515
212 305
279 346
342 383
313 523
210 254
328 318
339 359
259 330
356 392
338 363
411 386
410 382
420 357
438 386
337 318
252 359
413 389
224 236
426 377
260 357
226 315
353 347
346 384
206 255
319 525
228 299
301 343
212 292
232 235
215 289
344 401
360 377
301 336
279 347
226 302
240 246
228 319
275 349
304 522
402 396
341 366
377 385
343 352
403 377
278 351
330 422
236 234
218 298
417 387
218 315
439 379
294 349
294 538
426 365
237 243
376 384
258 357
283 357
212 303
443 362
342 398
224 339
240 321
426 363
317 524
426 348
439 391
388 381
440 381
283 567
409 397
430 346
207 276
325 417
289 362
394 381
201 258
230 318
280 344
295 536
342 372
387 398
454 383
437 356
306 529
430 372
305 375
419 355
391 387
440 359
241 310
374 377
320 523
421 370
442 375
418 372
279 354
260 331
360 380
225 303
448 364
409 391
344 374
370 536
282 464
231 322
244 329
411 387
444 351
322 508
357 373
284 560
410 406
291 355
421 378
437 373
294 352
349 405
219 240
283 561
250 330
425 370
341 414
412 389
451 356
416 357
284 356
349 380
351 345
216 240
412 388
417 393
421 344
350 364
373 378
357 326
227 321
237 303
299 366
286 549
378 383
416 385
360 372
427 357
410 351
325 523
216 299
304 524
388 374
445 385
256 358
448 358
453 376
450 368
334 318
287 555
326 419
325 530
280 353
221 241
328 425
413 351
236 241
218 243
450 390
416 365
317 523
236 243
264 321
427 358
262 343
307 529
215 306
262 336
350 344
203 265
297 551
384 378
349 381
351 410
339 354
431 355
321 526
332 364
332 362
352 373
390 379
388 388
415 382
436 370
301 341
417 377
299 551
449 355
212 299
239 304
223 288
426 345
209 307
420 339
217 285
444 383
345 412
377 391
303 527
436 388
208 292
222 239
440 366
256 331
288 337
353 407
326 523
449 376
201 264
263 359
322 533
240 244
342 415
278 349
340 412
295 548
217 277
261 340
417 372
290 343
240 305
409 396
387 378
424 373
232 244
226 319
422 374
210 305
207 305
259 327
239 306
408 378
262 346
257 333
262 349
297 327
451 355
254 327
228 295
386 399
262 354
392 375
436 365
334 425
368 384
226 238
423 378
417 379
294 534
223 310
257 334
356 406
300 337
296 341
214 244
448 389
232 335
364 380
197 258
206 270
426 355
264 323
423 353
297 553
243 306
359 376
296 523
283 562
394 384
407 403
344 344
348 412
314 523
255 331
292 531
260 339
295 537
303 371
442 359
438 376
212 274
415 354
379 391
195 270
371 382
264 325
238 245
265 336
384 373
195 255
291 547
426 368
452 404
296 342
418 346
434 373
422 366
262 321
425 353
344 381
196 259
354 529
328 422
268 336
439 362
229 322
294 343
283 558
335 425
264 355
297 335
348 387
300 330
354 348
225 302
360 343
239 240
261 318
420 346
195 259
244 334
296 346
282 358
262 337
215 239
232 339
404 408
448 376
296 525
441 365
298 523
349 342
244 307
324 527
322 418
284 565
231 243
234 339
307 521
344 346
430 376
202 257
297 328
443 360
341 377
209 255
224 308
222 316
358 329
319 383
333 425
412 385
308 512
325 418
410 376
378 388
406 405
277 349
342 343
398 376
217 240
381 376
334 421
194 259
357 325
426 362
312 522
386 375
446 364
281 343
286 528
294 532
338 377
212 291
252 328
357 339
348 411
424 341
372 375
342 346
448 365
360 334
456 386
279 345
237 318
336 355
226 291
351 359
437 391
236 321
263 340
382 375
211 292
232 294
375 374
217 245
252 336
224 337
222 309
382 394
284 557
265 338
422 338
226 292
224 291
419 388
254 335
448 368
360 331
424 368
240 334
339 363
454 359
434 358
358 346
262 327
213 297
401 377
323 529
354 389
234 319
394 382
343 320
288 552
363 378
359 332
322 523
439 377
200 258
414 348
264 337
347 406
210 295
301 350
417 347
195 269
203 256
423 375
235 235
228 298
209 275
405 408
346 399
253 328
418 387
296 544
441 361
345 395
452 391
303 520
231 341
343 372
236 338
223 303
291 552
445 353
335 364
457 389
252 358
410 398
341 359
206 268
343 376
366 534
326 514
428 372
193 261
343 384
321 533
280 351
327 422
338 414
335 361
444 353
370 380
295 345
212 307
456 384
412 349
229 304
415 345
337 354
207 263
402 404
297 341
202 262
269 342
333 421
204 273
249 330
315 523
354 393
334 356
284 360
361 331
387 397
259 342
332 358
375 381
280 354
236 333
342 359
400 376
450 391
414 372
271 341
267 354
295 349
376 386
426 370
237 338
347 347
422 384
376 371
300 329
263 337
353 328
263 321
408 377
241 331
338 361
237 317
439 360
447 368
233 341
333 320
216 298
423 370
353 349
213 303
352 375
445 354
297 540
200 264
416 394
206 267
222 237
300 333
451 364
261 336
347 405
456 390
301 528
388 376
348 345
230 328
441 381
443 385
438 365
413 383
351 377
430 349
296 340
236 302
291 526
269 354
342 366
249 329
367 384
301 351
344 317
380 374
218 283
387 395
437 387
451 369
449 364
424 372
394 383
295 539
414 351
225 296
439 365
406 349
415 364
454 394
414 376
271 346
281 345
384 380
295 524
386 387
344 376
346 378
206 258
233 321
341 353
320 386
223 335
206 269
222 287
453 390
341 360
357 348
353 346
422 367
334 426
329 319
457 384
356 393
379 397
295 540
320 382
296 547
430 348
295 343
343 353
340 365
258 328
399 376
235 319
341 343
304 529
231 344
289 340
335 318
200 262
449 392
451 354
439 380
258 334
358 337
305 513
441 366
406 351
352 390
219 299
266 353
346 385
290 527
377 373
342 414
208 266
296 541
288 361
298 524
347 393
453 392
340 362
262 329
288 338
410 384
408 402
291 343
231 332
264 352
265 359
336 416
358 330
320 385
339 378
208 291
405 405
300 343
224 288
299 440
384 381
221 299
343 379
269 343
199 256
422 375
236 317
379 383
233 340
225 236
443 375
441 387
384 372
222 304
344 380
409 405
194 260
290 552
336 425
415 355
322 509
347 357
442 360
354 328
419 341
214 245
294 554
307 522
416 346
405 347
389 373
441 388
406 377
320 516
340 379
347 386
380 376
346 365
231 325
417 378
342 371
351 360
259 329
439 359
340 382
433 358
421 365
295 347
346 386
419 347
236 336
328 320
338 379
311 521
266 339
299 330
444 362
205 263
253 330
286 334
312 521
354 373
357 327
234 340
387 393
219 276
214 249
330 414
298 550
207 266
295 535
263 355
439 369
194 267
269 340
263 330
418 375
338 425
385 388
293 343
294 350
243 310
287 335
439 361
347 401
424 349
376 382
341 365
430 355
415 394
208 259
259 337
262 331
337 421
409 393
287 361
453 391
285 556
216 278
231 244
280 345
290 341
262 340
235 336
306 377
341 369
416 386
207 253
360 373
450 362
224 338
202 256
217 298
343 369
305 510
306 518
226 299
439 372
339 414
219 290
341 361
436 368
336 363
410 396
263 324
207 254
223 307
348 378
422 365
300 325
263 333
326 421
247 304
256 325
345 402
328 426
211 273
212 300
307 513
343 413
395 391
220 244
354 349
207 264
452 363
406 406
213 254
425 352
324 513
351 413
288 336
210 251
344 413
230 293
450 358
215 274
340 384
426 357
260 333
346 413
401 405
447 377
231 330
370 375
283 564
287 549
327 523
212 304
203 267
295 553
388 387
286 532
453 394
331 364
363 379
264 318
439 364
449 352
328 416
330 413
420 386
227 314
417 346
345 378
389 387
324 523
345 381
453 375
224 314
293 352
312 523
234 336
230 344
379 392
310 521
388 379
441 374
336 352
409 399
437 378
217 246
347 408
340 369
329 422
203 266
322 528
344 365
305 512
240 315
343 367
249 332
264 316
224 290
315 524
296 543
451 393
245 328
410 394
296 537
355 345
435 358
285 532
308 501
234 245
289 548
379 390
321 525
213 274
289 553
235 237
426 356
205 274
298 328
393 375
230 321
306 528
203 270
205 267
227 237
454 361
351 376
367 383
411 388
310 519
231 342
430 353
432 375
427 347
202 258
348 390
341 378
242 331
227 338
241 307
446 370
236 318
347 392
426 354
435 375
416 372
269 355
338 317
446 353
215 276
336 321
229 344
370 381
342 413
292 523
321 531
325 315
246 326
259 357
238 320
444 355
229 297
241 306
419 368
423 386
344 373
285 548
281 356
235 302
368 535
290 357
336 419
358 335
334 422
216 282
346 353
304 352
215 302
403 402
376 377
359 331
422 341
340 396
333 416
323 522
237 334
419 372
406 350
388 395
197 270
338 378
320 513
307 523
291 341
239 334
243 307
345 364
454 360
386 377
360 528
374 389
336 417
418 341
410 377
342 345
220 307
332 414
362 379
397 374
303 509
224 293
305 518
417 367
352 388
452 364
440 373
380 394
321 528
328 317
225 301
232 342
451 392
219 287
232 234
353 348
387 396
411 376
233 300
445 355
414 394
206 291
352 389
285 557
293 538
291 532
420 348
350 345
341 364
371 375
258 326
358 344
356 343
445 364
441 375
356 328
413 353
403 376
407 401
324 519
289 546
239 244
452 400
208 273
262 357
289 343
408 376
269 338
244 310
309 521
410 389
262 345
268 342
205 258
302 357
351 406
275 343
262 332
299 527
286 530
279 349
377 390
341 381
260 336
358 328
218 287
356 327
205 273
231 336
351 414
257 329
334 361
454 387
228 320
232 328
348 343
334 423
382 393
375 377
291 548
262 350
290 360
436 376
426 346
419 387
450 396
256 334
379 396
440 376
264 317
221 284
384 390
214 274
322 519
360 529
342 349
368 380
232 237
330 428
296 552
331 413
362 332
214 298
323 418
303 525
334 412
239 316
345 384
324 529
222 286
307 524
226 290
385 390
303 508
194 269
330 319
374 387
238 316
247 302
300 350
324 516
281 348
339 360
370 383
449 398
422 373
377 382
291 364
348 401
294 340
260 340
259 334
194 265
372 387
211 252
355 328
272 341
341 383
295 339
322 518
322 512
262 330
224 318
263 322
230 239
452 403
196 254
285 359
229 321
296 493
288 341
343 346
259 326
343 373
304 354
368 534
436 374
213 289
371 385
440 357
353 358
450 352
325 516
214 289
293 524
298 526
300 339
436 369
439 381
370 385
411 349
205 256
350 359
306 355
379 394
228 300
426 359
452 389
345 413
300 342
402 397
350 377
294 533
423 341
223 313
240 313
435 377
387 399
402 406
220 240
233 333
432 376
293 547
450 377
336 320
333 413
328 319
258 325
389 374
205 272
247 305
366 533
422 383
416 375
345 345
347 407
233 233
305 511
383 376
213 305
356 342
341 380
343 347
445 389
194 261
357 375
258 330
374 373
319 384
326 510
447 364
223 300
451 400
354 345
366 532
376 378
252 357
196 255
341 319
417 368
229 305
326 517
333 412
203 262
261 334
358 374
350 343
285 529
341 379
360 378
259 358
420 341
268 337
286 361
439 370
299 327
199 294
335 319
219 291
244 330
442 361
213 306
307 515
454 382
352 526
363 370
288 359
236 244
340 380
304 511
311 519
211 297
301 552
284 532
352 528
337 353
322 510
226 239
380 389
296 553
427 351
445 351
283 359
290 529
355 406
294 539
392 385
420 355
367 534
350 412
334 430
292 548
299 523
208 260
301 551
344 345
217 243
344 318
242 310
450 364
407 377
319 524
342 367
233 245
413 349
222 314
343 398
290 530
342 348
327 419
228 303
445 363
298 325
217 291
222 238
227 302
246 304
287 548
344 320
430 371
281 354
339 379
416 374
449 354
328 386
428 352
250 327
238 237
339 316
433 377
237 336
214 278
205 276
416 356
309 520
211 254
410 348
414 382
233 301
344 366
354 350
410 349
349 377
321 384
431 377
353 374
415 383
290 340
214 294
194 262
299 341
209 250
196 270
323 519
410 350
222 311
394 388
445 352
295 348
241 305
448 388
405 349
193 266
265 345
213 290
325 416
421 343
363 371
355 373
450 365
336 415
287 530
412 376
382 371
213 307
265 355
228 302
403 405
240 333
444 352
338 320
419 371
341 411
215 295
294 524
206 254
340 361
224 307
345 382
225 300
448 360
347 399
452 375
351 405
361 380
428 349
215 250
332 426
388 384
349 379
226 288
423 367
194 263
409 382
340 414
455 384
231 241
429 376
240 316
418 365
353 329
227 292
395 388
348 386
337 414
246 310
447 353
342 397
326 418
234 334
416 376
265 354
350 376
255 336
289 554
426 372
305 508
421 354
451 398
283 568
216 277
343 371
468 389
408 401
425 355
410 405
251 333
429 346
289 528
221 240
389 388
316 524
356 325
344 353
344 398
297 550
291 342
300 332
248 327
293 522
382 374
284 558
428 347
439 386
429 373
442 385
211 298
288 549
299 348
394 375
265 360
407 379
385 400
221 306
393 388
341 320
327 315
419 364
450 393
438 374
333 364
323 417
364 381
212 254
304 523
237 320
366 384
404 403
322 520
262 334
305 355
449 356
336 356
428 354
322 381
347 380
232 343
341 348
306 520
238 335
297 549
327 426
333 317
288 527
295 547
259 333
413 374
371 374
413 385
353 373
341 342
236 242
274 349
323 416
345 394
322 513
231 240
428 346
244 304
260 318
326 416
295 442
442 381
347 390
233 302
449 368
306 519
428 353
237 238
342 377
444 385
294 540
331 319
307 520
332 425
347 410
416 382
306 510
227 319
272 342
417 365
405 377
342 354
224 296
283 356
347 409
223 311
211 302
308 511
291 344
219 285
293 546
203 260
270 346
438 364
218 299
434 359
446 376
429 358
430 354
251 332
229 318
355 407
440 369
347 379
255 358
197 255
230 336
328 314
265 323
409 398
223 306
417 369
339 491
213 288
433 379
223 304
203 273
202 265
392 386
309 517
390 378
307 518
414 350
257 335
235 338
289 333
428 370
226 237
383 375
447 388
307 378
257 358
341 376
388 386
332 317
303 521
434 375
439 385
323 531
338 352
214 287
197 259
281 357
401 376
361 335
231 340
299 504
388 393
451 389
211 293
330 424
221 286
240 331
353 345
323 513
448 398
227 299
415 347
218 291
415 369
322 384
408 379
347 413
230 324
207 259
287 547
427 349
388 383
319 382
274 343
339 352
220 283
327 418
227 315
208 250
223 336
305 351
219 243
320 533
260 349
226 295
284 563
363 332
432 372
444 376
422 376
262 348
287 554
224 309
207 273
358 348
219 315
239 335
349 389
290 365
215 288
305 507
438 370
418 386
240 312
377 383
354 407
263 358
227 239
238 303
293 532
299 336
296 545
300 334
219 307
440 374
259 328
356 373
221 239
322 532
369 383
326 525
323 515
302 501
439 358
344 364
289 527
300 336
360 374
285 555
420 349
208 307
365 383
424 340
435 357
421 377
322 383
249 327
226 289
264 327
206 263
241 311
386 400
407 376
260 327
215 287
365 532
457 385
206 276
385 374
449 353
445 387
218 245
352 358
422 354
342 370
337 363
424 366
410 385
209 299
351 358
228 239
368 378
350 413
268 345
446 389
209 273
263 335
376 376
264 344
301 332
448 359
342 375
345 347
246 311
237 239
216 300
391 388
263 334
244 327
198 256
394 389
263 347
293 351
240 330
449 365
344 384
358 327
267 336
245 334
301 504
326 524
415 375
284 569
347 412
211 294
325 422
220 286
232 327
267 338
423 338
414 346
418 355
443 383
231 239
418 379
436 357
347 346
429 372
230 304
385 393
343 359
356 372
348 344
242 308
408 400
225 335
300 331
319 523
215 275
256 359
231 294
360 371
417 370
395 375
412 386
333 318
220 298
320 522
214 243
266 352
212 302
387 401
351 362
328 315
236 320
300 340
292 546
449 390
344 350
295 549
323 523
445 359
194 264
361 371
283 563
206 259
427 353
289 363
342 411
356 339
267 345
295 340
425 349
377 389
225 237
300 341
386 373
438 372
226 296
359 373
437 357
340 317
228 321
383 380
331 427
214 254
383 378
265 358
369 380
308 510
373 534
401 375
340 376
231 343
219 286
425 347
334 420
198 258
388 401
359 377
334 358
233 234
307 512
219 314
346 346
308 520
376 380
369 536
383 372
199 257
301 342
295 344
341 398
251 328
373 387
427 366
226 337
287 553
244 305
387 388
306 378
292 343
191 266
263 348
443 386
379 384
236 319
333 358
382 376
288 551
324 517
296 548
207 308
235 337
338 318
307 516
416 371
243 305
211 301
245 304
343 370
450 394
288 335
349 407
223 317
355 346
383 388
214 251
302 505
448 377
415 368
447 354
304 528
309 378
410 347
306 375
242 321
254 326
229 295
224 313
364 384
280 348
293 554
427 370
368 379
448 361
304 530
454 402
292 524
449 362
333 428
340 367
380 395
450 398
450 392
427 360
376 385
307 519
332 319
341 318
406 399
444 381
264 334
379 395
412 405
424 377
360 332
440 378
246 324
426 371
344 349
443 381
218 240
212 294
325 524
304 521
417 355
443 387
259 343
226 300
263 327
418 370
231 335
234 236
451 368
438 388
266 358
389 398
291 524
408 396
284 534
290 531
241 309
203 272
424 367
340 342
329 424
222 284
292 352
317 526
271 347
432 378
352 345
231 321
289 334
337 361
389 375
203 258
450 376
301 527
356 346
417 376
207 250
273 342
404 399
363 333
343 349
343 411
220 314
231 242
285 356
375 389
406 404
220 281
258 335
344 351
263 343
364 383
423 384
419 383
292 353
242 306
257 325
425 364
351 411
438 390
350 362
378 390
323 527
358 343
229 326
297 548
300 505
261 333
410 390
235 239
347 391
404 397
209 291
210 249
289 529
445 362
392 381
421 338
346 376
225 313
444 387
322 521
320 534
370 382
359 374
403 398
308 529
336 322
404 347
344 375
300 528
280 343
357 324
247 327
453 364
425 377
218 246
441 359
321 516
225 318
334 416
333 414
388 378
419 385
420 356
425 365
349 378
387 376
340 363
350 405
311 367
333 424
421 374
405 397
456 383
427 361
356 407
378 386
202 260
418 384
232 340
305 509
454 385
302 509
349 411
440 362
218 285
403 408
238 244
240 314
443 358
294 435
383 377
357 338
343 366
221 314
219 241
296 338
345 344
415 372
294 525
340 383
347 353
348 399
282 561
359 329
237 302
262 318
357 345
286 357
457 388
385 401
296 524
320 384
350 363
349 358
380 375
353 406
265 321
207 307
214 246
225 308
421 342
301 340
297 547
349 355
414 377
404 348
224 300
340 385
241 321
424 369
235 245
348 405
374 375
386 374
356 326
342 360
375 371
375 380
221 285
216 281
416 355
374 372
280 352
262 353
350 389
451 390
383 371
202 263
449 396
216 287
386 376
353 375
258 341
240 320
348 389
216 297
424 370
270 344
221 283
285 534
232 245
456 385
386 384
323 509
437 374
306 521
322 526
398 375
419 340
289 547
454 384
427 359
260 332
321 524
210 274
260 337
421 384
336 364
324 514
343 383
229 239
342 373
263 342
323 420
423 340
426 366
424 353
294 351
348 388
351 361
335 421
238 317
422 342
362 331
418 364
298 537
437 389
287 334
434 377
373 375
289 335
220 239
279 348
450 361
451 376
293 535
417 394
206 256
350 411
379 393
201 265
339 364
343 415
413 350
227 295
336 414
199 264
348 358
377 377
441 369
210 299
402 376
227 313
390 375
214 296
377 375
296 350
234 302
223 305
283 565
229 294
428 371
305 521
194 268
283 566
358 373
345 353
239 336
426 364
225 336
305 530
342 412
222 288
331 424
324 509
362 371
203 271
345 414
420 375
409 376
300 338
211 299
213 253
214 247
408 405
359 335
284 561
309 529
423 385
451 401
303 354
439 388
394 391
445 376
296 347
296 343
408 394
386 389
297 530
283 358
322 511
333 360
247 303
210 307
349 408
412 374
231 331
292 532
436 375
300 327
264 320
202 264
263 325
359 529
231 327
416 383
324 530
339 317
428 359
214 297
282 356
376 387
298 525
385 391
375 372
416 373
214 242
437 370
371 386
237 333
237 332
423 347
449 366
418 394
440 363
236 246
219 283
235 240
294 553
386 386
429 359
384 374
298 530
261 349
296 534
352 406
304 508
212 295
287 551
437 388
257 331
326 422
339 315
352 376
323 419
333 316
211 274
257 330
421 339
298 326
354 530
295 346
441 364
246 331
427 369
335 416
427 376
288 553
413 376
246 330
360 335
426 375
264 332
263 344
332 360
372 386
420 387
223 309
404 405
289 339
312 364
227 312
452 402
263 326
359 330
216 239
378 387
241 329
397 375
261 357
262 339
211 253
413 392
339 369
443 376
407 349
226 316
347 356
332 421
442 382
237 244
326 509
450 353
250 328
450 395
411 405
224 292
296 337
401 406
368 536
247 326
419 339
229 323
307 514
376 388
453 393
336 357
214 277
207 306
415 365
349 362
223 302
283 569
439 378
204 255
334 364
293 526
194 266
259 336
386 393
353 389
376 389
204 268
423 377
406 403
385 389
259 341
422 348
262 333
269 341
213 300
342 344
440 368
297 525
408 375
334 357
388 382
215 301
342 347
332 359
327 416
451 388
304 353
427 354
302 354
437 390
322 522
339 376
286 548
223 301
347 382
237 337
410 383
387 384
254 330
353 350
347 345
327 511
379 388
231 296
347 358
440 367
278 343
358 345
451 353
343 354
290 526
224 297
352 391
222 306
377 386
336 421
415 385
424 371
300 349
326 516
410 346
419 384
423 339
413 390
240 311
416 387
303 511
268 338
231 326
296 551
235 321
358 338
215 277
316 525
413 384
425 366
209 254
376 381
296 528
422 370
407 405
291 531
216 252
207 291
197 254
304 520
364 370
229 296
431 376
377 374
236 237
294 537
415 376
450 367
368 377
325 514
411 404
403 403
215 242
220 282
289 526
257 340
295 351
432 377
440 385
206 266
345 398
229 336
256 335
258 340
412 350
334 362
241 308
336 318
194 270
388 380
296 336
376 370
284 559
305 354
215 245
411 385
194 254
378 374
346 402
233 332
349 386
297 340
245 311
226 317
335 362
295 528
337 352
238 240
262 351
304 527
345 373
215 300
292 364
308 378
326 515
320 528
322 531
220 289
407 378
370 384
272 346
199 258
303 526
444 384
384 401
409 394
419 338
208 264
212 297
338 319
347 354
294 535
264 319
263 320
435 370
385 392
325 509
246 328
381 394
358 375
298 327
346 408
343 382
219 275
423 337
348 394
270 345
262 347
228 297
265 356
289 552
448 353
216 279
348 342
452 365
339 385
339 386
206 261
339 387
339 388
339 389
226 297
338 389
337 389
338 390
336 389
336 388
215 254
326 511
332 363
297 337
215 253
335 388
335 387
334 387
335 386
333 387
332 387
333 388
331 387
330 387
331 388
329 387
330 388
329 388
329 386
328 388
329 389
329 385
329 384
329 383
328 383
329 382
327 383
330 382
327 382
327 381
327 380
328 380
326 380
327 379
328 379
325 380
326 379
324 380
326 378
323 380
325 378
322 380
324 378
321 380
327 378
323 378
321 379
374 535
322 378
374 536
322 377
371 535
321 377
322 376
371 537
320 377
374 537
320 376
374 538
375 537
320 375
372 534
371 536
319 375
372 535
318 375
371 538
373 535
317 375
317 374
317 373
318 373
316 373
318 372
319 372
318 371
319 371
318 370
320 371
317 370
316 370
315 370
316 369
314 370
313 370
312 370
313 369
311 370
313 368
311 371
311 372
310 372
310 373
309 373
308 373
309 374
307 373
309 375
306 373
307 374
308 375
306 374
306 372
227 322
306 371
289 358
288 358
306 370
263 341
415 387
307 370
305 370
354 392
353 392
304 370
354 391
303 370
304 371
304 369
353 391
302 370
303 369
304 372
352 387
301 370
303 368
303 372
301 369
303 367
301 368
304 367
302 367
305 367
302 366
306 367
323 526
301 366
302 365
307 367
306 366
300 366
295 337
308 367
306 365
300 365
301 364
308 366
300 364
309 366
308 365
300 363
310 366
300 362
311 366
301 362
299 362
312 366
311 365
298 362
313 366
311 364
297 362
298 363
298 361
313 365
296 362
290 358
298 360
314 365
296 361
298 359
314 364
295 361
297 359
298 358
315 364
210 294
297 358
315 363
296 358
297 357
316 363
315 362
295 358
297 356
317 363
315 361
295 359
298 356
318 363
315 360
294 359
299 356
298 355
318 364
315 359
293 359
300 356
298 354
319 364
293 360
293 358
301 356
299 354
297 354
320 364
319 365
293 361
293 357
302 356
300 354
299 353
297 353
319 366
292 361
293 362
292 357
303 356
300 353
296 353
291 361
291 357
292 356
304 356
303 357
301 353
300 352
296 352
290 361
291 362
318 376
292 355
304 355
300 351
295 352
296 351
289 361
290 362
333 431
333 432
334 432
332 432
334 433
332 433
334 434
331 433
334 435
330 433
331 434
335 435
334 436
329 433
330 434
330 432
336 435
335 436
328 433
330 435
330 431
337 435
335 437
327 433
328 434
331 431
329 431
337 434
335 438
326 433
327 434
328 435
329 430
338 434
336 438
325 433
326 432
328 436
338 433
337 438
324 433
325 434
326 431
329 436
327 436
339 433
338 438
337 439
323 433
327 437
339 432
339 438
337 440
322 433
212 247
323 432
326 437
327 438
339 437
338 440
321 433
325 437
327 439
339 440
338 441
320 433
321 434
321 432
325 436
327 440
339 441
338 442
319 433
320 434
321 435
321 431
328 440
326 440
340 441
337 442
318 433
319 434
320 435
265 324
326 441
341 441
336 442
337 443
318 434
318 432
319 435
326 442
342 441
337 444
317 432
318 431
319 436
327 442
299 526
343 441
336 444
318 430
318 436
319 437
328 442
327 443
343 440
335 444
336 445
318 429
317 436
318 437
327 444
344 440
334 444
335 443
319 429
317 429
318 438
328 444
345 440
333 444
316 429
318 439
329 444
346 440
332 444
315 429
318 440
346 441
346 439
332 445
315 430
315 428
319 440
317 440
318 441
346 442
346 438
331 445
332 446
314 430
314 428
315 427
320 440
318 442
345 442
346 437
330 445
332 447
313 430
316 427
315 426
321 440
319 442
317 442
344 442
347 437
330 446
332 448
312 430
317 427
316 426
314 426
321 439
316 442
344 443
348 437
330 447
331 448
311 430
312 431
312 429
313 426
322 439
316 443
344 444
349 437
348 436
331 449
312 432
312 428
313 425
232 303
316 444
343 444
350 437
349 436
331 450
313 432
311 432
316 445
350 438
330 450
331 451
316 446
350 439
332 451
331 452
316 447
333 451
331 453
315 447
316 448
334 451
333 452
330 453
314 447
317 448
334 450
333 453
329 453
313 447
317 449
335 450
333 454
328 453
329 454
313 446
318 449
334 454
332 454
327 453
313 445
319 449
318 450
335 454
334 455
332 455
326 453
313 444
318 451
336 454
334 456
332 456
325 453
313 443
318 452
336 453
335 456
331 456
312 443
318 453
336 452
336 456
311 443
319 453
318 454
337 452
335 452
337 456
310 443
320 453
317 454
338 456
309 443
310 444
310 442
316 454
338 457
338 455
308 443
309 444
310 441
315 454
338 458
338 454
307 443
308 444
308 442
311 441
315 455
338 459
339 454
307 444
307 442
312 441
311 440
315 456
339 459
338 460
340 454
306 444
307 445
306 442
313 441
311 439
337 460
340 453
305 444
306 445
307 446
314 441
311 438
336 460
341 453
340 452
305 445
307 447
315 441
312 438
310 438
311 437
335 460
304 445
307 448
315 440
310 437
311 436
334 460
335 459
303 445
304 446
308 448
307 449
315 439
310 436
311 435
334 461
334 459
302 445
303 444
307 450
314 439
315 438
310 435
334 462
334 458
302 446
303 443
307 451
313 439
314 438
316 438
315 437
309 435
310 434
333 462
334 463
302 447
302 443
306 451
316 437
309 434
310 433
332 462
334 464
301 447
302 448
302 442
305 451
308 434
309 433
333 464
334 465
301 448
301 442
302 441
304 451
305 452
305 450
333 465
335 465
300 442
301 441
303 441
303 451
305 453
305 449
332 465
335 466
299 442
303 440
302 451
304 453
305 454
305 448
331 465
336 466
335 467
299 441
442 355
303 439
302 450
303 453
306 454
305 455
330 465
337 466
334 467
335 468
298 441
301 450
302 453
303 454
330 466
330 464
338 466
337 467
337 465
334 468
298 440
300 450
301 453
303 455
329 464
338 467
338 465
337 468
333 468
298 439
300 449
300 453
303 456
339 467
332 468
297 439
299 453
303 457
340 467
332 469
296 439
312 445
299 452
340 468
331 469
332 470
296 440
296 438
297 453
298 452
330 469
332 471
296 441
296 437
296 453
297 454
297 452
298 451
330 468
333 471
331 471
332 472
296 442
297 437
295 437
296 454
298 450
330 471
331 472
332 473
296 443
297 436
295 436
295 454
330 472
332 474
297 443
297 435
295 435
294 454
329 472
333 474
331 474
295 434
293 454
294 455
328 472
329 473
333 475
330 474
296 434
294 434
295 433
292 454
294 456
334 475
330 475
294 433
291 454
295 456
335 475
334 476
329 475
330 476
294 432
290 454
291 455
291 453
336 475
328 475
330 477
294 431
291 456
336 476
330 478
295 431
293 431
290 456
336 477
329 478
330 479
295 430
289 456
328 478
330 480
295 429
288 456
327 478
331 480
330 481
295 428
287 456
288 457
327 477
332 480
331 481
294 428
286 456
288 458
327 476
333 480
331 482
293 428
294 427
286 457
289 458
326 476
333 479
331 483
292 428
293 429
294 426
286 458
290 458
325 476
334 479
332 483
331 484
291 428
292 429
295 426
290 459
325 477
330 484
290 428
296 426
295 425
290 460
330 485
290 429
291 460
289 460
329 485
330 486
290 430
291 461
289 461
328 485
331 486
330 487
292 461
291 462
289 462
332 486
329 487
330 488
292 462
289 463
333 486
445 368
330 489
293 462
292 463
288 463
334 486
329 489
331 489
294 462
287 463
288 464
334 487
329 490
294 461
286 463
288 465
335 487
329 491
294 460
285 463
289 465
336 487
335 488
328 491
329 492
295 460
285 464
290 465
336 488
335 489
330 492
329 493
296 460
284 464
285 465
290 466
336 489
331 492
330 493
328 493
329 494
297 460
283 464
285 466
291 466
336 490
331 493
327 493
329 495
298 460
297 459
283 463
285 467
292 466
337 490
332 493
326 493
329 496
282 463
284 467
293 466
338 490
333 493
332 494
325 493
326 494
328 496
284 468
294 466
293 465
339 490
338 491
333 494
325 494
325 492
326 495
328 497
283 468
295 466
294 467
333 495
324 494
325 495
324 492
325 491
328 498
282 468
283 469
295 467
323 494
325 490
329 498
328 499
282 467
283 470
296 467
323 495
326 490
324 490
330 498
328 500
282 470
296 468
322 495
324 489
331 498
327 500
281 470
321 495
323 489
324 488
332 498
327 501
280 470
281 471
322 489
323 488
333 498
327 502
279 470
321 489
334 498
327 503
278 470
279 471
279 469
320 489
321 488
335 498
334 499
327 504
277 470
278 469
279 472
319 489
320 490
334 500
326 504
276 470
277 469
278 472
279 473
318 489
320 491
335 500
334 501
326 505
275 470
276 471
277 468
278 473
280 473
317 489
319 491
335 501
333 501
326 506
274 470
275 471
276 468
277 467
281 473
316 489
317 488
318 491
336 501
327 506
274 469
282 473
219 298
317 487
337 501
328 506
274 468
283 473
318 487
338 501
329 506
273 468
274 467
283 474
318 486
338 502
338 500
275 467
283 475
319 486
339 502
339 500
283 476
320 486
339 503
339 499
284 476
283 477
320 485
340 503
339 498
283 478
320 484
341 503
340 498
339 497
284 478
320 483
341 504
341 498
338 497
339 496
285 478
321 483
319 483
341 505
342 498
339 495
286 478
322 483
318 483
342 505
340 505
342 499
340 495
338 495
287 478
286 477
322 482
317 483
318 482
343 505
342 506
339 505
343 499
340 494
287 479
316 483
344 505
342 507
339 506
344 499
340 493
288 479
287 480
315 483
316 484
316 482
344 506
343 507
341 507
342 508
338 506
344 500
344 498
339 493
340 492
288 480
286 480
315 484
316 481
345 506
344 507
340 507
337 506
345 498
344 497
341 492
286 481
314 484
316 480
346 506
340 508
336 506
341 491
286 482
313 484
316 479
346 507
340 509
341 490
286 483
312 484
313 483
317 479
346 508
341 509
342 490
286 484
311 484
313 482
317 478
346 509
343 490
287 484
286 485
310 484
311 485
312 482
318 478
347 509
346 510
344 490
288 484
287 485
285 485
286 486
309 484
311 486
319 478
318 477
348 509
347 510
346 511
345 490
344 489
288 483
287 486
285 486
286 487
308 484
310 486
311 487
320 478
348 508
347 511
346 512
346 490
344 488
288 486
284 486
285 487
307 484
311 488
320 479
348 511
347 512
346 513
346 491
288 487
283 486
285 488
307 485
311 489
321 479
320 480
349 511
282 569
345 513
346 514
288 488
282 486
283 487
284 488
306 485
307 486
310 489
349 512
349 510
344 513
347 514
346 515
289 488
287 488
281 486
282 487
284 489
308 486
309 489
350 512
343 513
347 515
346 516
281 485
284 490
308 487
309 490
351 512
343 512
346 517
285 490
284 491
308 488
309 491
352 512
351 511
342 512
343 511
347 517
345 517
284 492
310 491
353 512
352 513
341 512
344 511
283 492
284 493
310 492
353 513
340 512
341 513
341 511
344 510
282 492
284 494
310 493
354 513
353 514
339 512
341 514
281 492
285 494
309 493
354 514
353 515
339 513
280 492
281 493
281 491
286 494
308 493
355 514
338 513
280 491
281 490
287 494
286 493
307 493
308 494
356 514
337 513
338 514
279 491
307 492
308 495
356 515
356 513
336 513
338 515
278 491
279 490
306 492
309 495
307 495
356 516
356 512
335 513
277 491
278 492
305 492
306 491
307 496
356 517
334 513
276 491
278 493
304 492
305 491
307 497
356 518
334 512
278 494
303 492
305 490
307 498
357 518
356 519
302 492
303 493
308 498
306 498
357 519
356 520
301 492
302 491
309 498
308 499
355 520
356 521
300 492
301 493
301 491
309 499
354 520
357 521
300 493
300 491
301 490
310 499
309 500
353 520
358 521
300 494
299 491
300 490
301 489
309 501
353 519
359 521
358 522
300 495
298 491
310 501
309 502
359 522
358 523
299 495
300 496
297 491
298 490
311 501
309 503
360 522
298 495
300 497
296 491
298 489
312 501
204 295
361 522
360 523
298 496
299 497
295 491
297 489
298 488
204 296
203 296
362 522
360 524
299 498
295 492
295 490
194 289
362 523
362 521
361 524
360 525
295 493
363 533
199 297
363 523
362 520
361 525
359 525
360 526
295 494
203 297
195 287
363 524
363 520
362 519
362 525
358 525
294 494
194 288
200 297
364 524
364 520
361 519
362 526
357 525
294 495
202 297
195 288
201 297
360 519
362 527
356 525
196 288
201 296
196 289
201 295
196 290
363 527
356 526
196 292
201 294
197 292
363 528
355 526
356 527
196 291
200 294
198 292
364 528
363 529
355 527
357 527
197 291
200 293
198 291
200 292
362 529
363 530
354 527
357 528
199 291
200 291
202 290
362 530
363 531
353 527
357 529
201 291
202 291
203 291
364 531
363 532
352 527
358 529
356 529
204 291
451 357
365 531
308 503
307 503
308 504
306 503
305 503
304 503
305 504
303 503
305 505
303 504
303 502
305 506
302 504
303 505
303 501
306 506
301 325
302 325
301 324
301 323
301 322
300 322
301 321
299 322
301 320
298 322
300 320
298 321
300 319
300 318
299 318
300 317
298 318
299 317
300 316
298 319
300 315
301 315
300 314
302 315
299 314
416 345
303 315
302 314
298 314
300 312
302 313
298 313
299 312
300 311
303 313
302 312
298 312
301 311
304 313
303 312
302 311
297 312
305 313
304 312
297 311
306 313
304 311
296 311
306 314
306 312
296 310
307 314
306 311
295 310
296 309
307 311
306 310
294 310
296 308
307 310
294 309
307 309
294 308
307 308
293 308
294 307
307 307
292 308
293 307
295 307
294 306
308 307
293 306
294 305
309 307
293 305
310 307
309 306
292 305
311 307
309 305
291 305
311 308
309 304
290 305
291 304
310 304
309 303
289 305
291 303
309 302
288 305
290 303
291 302
308 302
309 301
288 306
288 304
292 302
310 301
287 306
288 303
293 302
310 300
287 303
294 302
293 303
293 301
311 300
310 299
286 303
294 303
293 300
312 300
309 299
286 302
293 299
312 299
308 299
286 301
294 299
313 299
307 299
308 298
286 300
295 299
294 298
314 299
307 300
308 297
285 300
296 299
294 297
315 299
314 300
306 300
309 297
308 296
284 300
297 299
294 296
316 299
314 301
305 300
310 297
307 296
283 300
284 299
297 300
295 296
294 295
317 299
314 302
305 301
305 299
310 296
306 296
282 300
283 301
283 299
293 295
294 294
318 299
305 302
305 298
310 295
306 295
281 300
283 302
283 298
292 295
294 293
319 299
306 302
306 298
304 298
305 295
280 300
281 299
282 298
283 297
291 295
294 292
320 299
319 300
303 298
304 297
304 295
280 301
282 297
283 296
290 295
291 294
295 292
294 291
320 300
320 298
302 298
303 297
303 295
304 294
284 296
283 295
290 294
296 292
294 290
320 301
301 298
303 294
304 293
285 296
284 295
297 292
296 293
293 290
294 289
321 301
301 299
305 293
304 292
285 297
298 292
294 288
321 302
300 299
306 293
303 292
286 297
298 293
298 291
295 288
293 288
322 302
307 293
303 291
287 297
298 294
296 288
295 287
323 302
307 292
299 294
324 302
308 292
325 302
324 303
324 301
309 292
325 301
324 304
310 292
309 291
326 301
323 304
311 292
310 293
309 290
327 301
326 300
322 304
311 291
308 290
327 300
326 299
321 304
312 291
307 290
327 299
325 299
326 298
321 305
306 290
326 297
321 306
327 297
320 306
321 307
328 297
319 306
321 308
328 298
322 308
329 298
323 308
330 298
329 299
324 308
323 309
323 307
331 298
330 299
325 308
324 309
331 299
331 297
326 308
325 307
331 300
327 308
331 301
327 309
327 307
332 301
327 310
328 307
332 302
326 310
327 311
325 310
327 312
328 312
326 312
326 313
325 313
326 314
325 314
326 315
324 314
453 400
454 400
455 400
454 399
456 400
454 398
457 400
456 401
458 400
459 400
458 401
458 399
460 400
458 402
460 399
459 402
457 402
461 399
461 398
461 397
462 397
463 397
464 397
463 398
465 397
464 396
466 397
464 395
466 398
464 394
467 398
466 399
464 393
468 398
466 400
465 393
468 397
465 400
466 401
466 393
464 400
466 402
466 394
466 392
467 394
467 392
467 391
467 390
468 390
223 337
