1690 2815
1704 2701
1587 2467
1723 2763
1714 2806
1719 2723
1692 2776
1605 2520
1595 2487
1704 2707
1691 2774
1655 2828
1594 2488
1723 2808
1606 2521
1610 2463
1569 2562
1700 2685
1718 2808
1701 2772
1717 2812
1694 2699
1579 2479
1684 2805
1584 2465
1724 2851
1608 2520
1698 2797
1585 2481
1706 2819
1689 2825
1696 2795
1732 2804
1592 2529
1728 2763
1585 2507
1664 2775
1650 2829
1719 2719
1690 2803
1729 2877
1749 2873
1690 2717
1710 2766
1586 2465
1594 2541
1693 2700
1694 2774
1702 2770
1695 2766
1720 2759
1583 2502
1684 2809
1723 2713
1694 2829
1732 2881
1697 2690
1593 2495
1735 2869
1719 2816
1600 2545
1665 2828
1552 2540
1696 2789
1656 2829
1582 2494
1606 2466
1597 2541
1580 2520
1604 2463
1583 2464
1703 2688
1716 2763
1598 2542
1553 2540
1606 2468
1593 2505
1555 2539
1726 2752
1592 2528
1709 2792
1729 2761
1743 2803
1687 2700
1693 2803
1699 2786
1555 2542
1705 2825
1741 2791
1715 2759
1697 2787
1698 2774
1597 2545
1620 2606
1608 2467
1756 2805
1730 2757
1737 2878
1576 2480
1681 2820
1722 2761
1670 2822
1688 2815
1595 2525
1704 2813
1597 2514
1657 2828
1659 2828
1723 2817
1591 2500
1683 2819
1564 2560
1699 2776
1699 2782
1584 2479
1660 2828
1719 2812
1687 2776
1692 2819
1586 2484
1595 2463
1723 2711
1600 2544
1724 2859
1717 2810
1723 2702
1662 2844
1715 2723
1753 2878
1666 2832
1735 2870
1604 2520
1755 2805
1657 2836
1722 2760
1726 2763
1578 2479
1734 2804
1667 2661
1750 2804
1695 2785
1729 2762
1593 2465
1747 2823
1741 2871
1720 2705
1674 2837
1733 2888
1748 2805
1628 2595
1615 2462
1600 2518
1667 2825
1584 2481
1646 2831
1720 2815
1748 2875
1630 2595
1698 2691
1722 2810
1733 2886
1589 2495
1612 2522
1730 2713
1684 2814
1695 2709
1686 2705
1609 2615
1691 2807
1594 2499
1716 2811
1733 2803
1723 2845
1726 2805
1710 2833
1709 2706
1714 2863
1562 2555
1751 2880
1737 2794
1753 2810
1686 2720
1734 2878
1695 2683
1602 2523
1701 2788
1724 2717
1713 2723
1721 2849
1674 2835
1693 2799
1715 2856
1742 2797
1587 2487
1580 2485
1732 2799
1703 2761
1655 2829
1690 2705
1692 2766
1573 2562
1719 2842
1597 2528
1727 2763
1746 2787
1710 2831
1738 2879
1721 2838
1720 2723
1707 2766
1735 2872
1649 2829
1723 2836
1736 2875
1584 2502
1595 2471
1704 2771
1716 2856
1707 2821
1694 2804
1737 2792
1700 2789
1671 2774
1673 2774
1685 2805
1570 2560
1593 2543
1722 2835
1715 2831
1725 2722
1713 2808
1705 2795
1749 2880
1724 2874
1597 2527
1706 2821
1559 2558
1712 2828
1748 2790
1711 2759
1584 2526
1700 2788
1744 2806
1718 2864
1689 2717
1714 2703
1594 2496
1690 2682
1715 2864
1583 2505
1703 2767
1615 2464
1675 2833
1658 2841
1734 2883
1707 2793
1554 2556
1742 2880
1691 2706
1669 2773
1719 2833
1712 2804
1688 2701
1722 2720
1726 2816
1586 2495
1594 2505
1738 2878
1581 2523
1684 2811
1745 2789
1684 2828
1593 2489
1559 2554
1684 2810
1696 2683
1596 2466
1722 2807
1702 2685
1596 2543
1583 2525
1726 2872
1731 2756
1712 2862
1584 2480
1608 2466
1666 2774
1610 2464
1684 2818
1707 2811
1726 2819
1702 2698
1711 2703
1744 2801
1718 2756
1720 2846
1589 2530
1592 2469
1584 2471
1718 2814
1564 2559
1750 2810
1685 2719
1707 2792
1579 2484
1602 2464
1699 2693
1599 2505
1580 2466
1697 2691
1713 2862
1718 2829
1566 2562
1582 2479
1595 2544
1708 2705
1722 2811
1719 2835
1597 2534
1672 2832
1562 2560
1661 2832
1653 2828
1734 2885
1582 2491
1756 2806
1594 2468
1747 2824
1716 2830
1595 2498
1597 2511
1743 2880
1585 2534
1695 2708
1748 2809
1739 2795
1678 2776
1689 2824
1724 2816
1722 2762
1695 2697
1721 2847
1714 2865
1584 2525
1660 2841
1759 2811
1585 2509
1688 2721
1594 2470
1658 2831
1605 2468
1681 2774
1704 2795
1588 2466
1604 2516
1651 2828
1684 2774
1746 2802
1576 2479
1758 2804
1748 2807
1741 2805
1554 2539
1585 2483
1730 2888
1593 2544
1687 2828
1594 2548
1700 2683
1612 2521
1584 2478
1712 2868
1687 2811
1702 2771
1616 2522
1587 2512
1700 2772
1741 2788
1584 2474
1743 2792
1706 2765
1694 2794
1713 2705
1659 2835
1694 2702
1730 2714
1712 2808
1688 2829
1738 2867
1705 2707
1658 2836
1721 2721
1596 2498
1694 2814
1698 2692
1717 2855
1671 2773
1732 2883
1719 2855
1584 2516
1733 2702
1644 2833
1696 2721
1610 2512
1721 2759
1688 2703
1707 2794
1608 2468
1703 2833
1583 2506
1739 2788
1562 2556
1686 2830
1731 2804
1593 2490
1714 2700
1690 2806
1613 2519
1720 2764
1737 2808
1666 2843
1705 2797
1585 2517
1729 2866
1556 2561
1735 2804
1662 2837
1594 2466
1696 2798
1661 2839
1725 2860
1762 2805
1564 2561
1610 2465
1689 2810
1586 2531
1739 2805
1747 2880
1723 2830
1596 2541
1612 2514
1609 2468
1729 2757
1737 2807
1747 2825
1698 2761
1701 2765
1757 2805
1731 2888
1600 2505
1718 2852
1668 2827
1724 2763
1618 2617
1598 2466
1748 2822
1582 2497
1694 2784
1604 2517
1723 2753
1714 2758
1710 2765
1734 2870
1701 2685
1735 2877
1724 2702
1706 2763
1754 2805
1584 2472
1558 2552
1704 2799
1748 2820
1588 2529
1705 2683
1590 2494
1719 2858
1639 2833
1608 2521
1757 2810
1594 2487
1715 2863
1708 2807
1738 2794
1707 2806
1741 2802
1733 2881
1582 2498
1698 2693
1553 2558
1749 2791
1736 2884
1722 2815
1641 2835
1716 2810
1642 2835
1692 2673
1693 2806
1742 2796
1556 2539
1696 2818
1741 2876
1685 2706
1742 2803
1583 2477
1712 2754
1686 2809
1697 2796
1718 2854
1694 2815
1666 2776
1732 2888
1581 2498
1617 2614
1692 2775
1660 2837
1711 2758
1588 2488
1602 2506
1583 2533
1692 2716
1733 2887
1709 2758
1648 2836
1693 2679
1587 2466
1751 2873
1686 2819
1747 2816
1700 2798
1609 2521
1724 2805
1704 2834
1702 2789
1588 2486
1739 2789
1700 2712
1716 2865
1605 2467
1701 2787
1578 2483
1721 2760
1602 2466
1697 2688
1731 2887
1730 2755
1727 2765
1717 2700
1721 2702
1755 2807
1585 2508
1570 2562
1721 2758
1694 2705
1592 2543
1710 2767
1601 2467
1582 2524
1703 2706
1584 2492
1758 2811
1763 2804
1724 2747
1741 2872
1688 2776
1596 2546
1711 2765
1584 2507
1596 2534
1557 2561
1694 2681
1711 2832
1683 2810
1741 2792
1750 2878
1727 2711
1746 2790
1644 2832
1689 2803
1555 2543
1665 2777
1584 2469
1701 2712
1675 2774
1698 2759
1730 2698
1613 2616
1686 2827
1724 2867
1714 2701
1724 2716
1726 2712
1718 2723
1704 2824
1718 2757
1738 2868
1691 2717
1570 2561
1729 2698
1672 2830
1560 2560
1661 2846
1582 2506
1598 2546
1706 2825
1728 2804
1712 2700
1593 2545
1666 2827
1712 2869
1666 2828
1575 2561
1593 2485
1720 2847
1554 2558
1722 2845
1756 2808
1730 2751
1692 2825
1694 2818
1652 2827
1727 2712
1687 2720
1716 2760
1717 2864
1645 2836
1574 2478
1694 2805
1718 2698
1732 2885
1664 2773
1693 2681
1646 2830
1556 2562
1717 2809
1696 2767
1733 2880
1714 2723
1693 2706
1583 2508
1584 2537
1704 2702
1687 2719
1750 2881
1728 2749
1585 2479
1596 2542
1715 2809
1701 2705
1585 2510
1580 2523
1693 2819
1730 2754
1568 2568
1690 2809
1729 2713
1706 2826
1695 2680
1704 2800
1682 2819
1717 2723
1692 2823
1659 2839
1581 2508
1677 2774
1744 2816
1707 2762
1699 2768
1694 2796
1724 2713
1592 2493
1695 2681
1682 2810
1589 2503
1699 2778
1595 2497
1687 2717
1594 2503
1583 2468
1725 2763
1691 2815
1692 2820
1715 2829
1718 2758
1745 2790
1672 2831
1610 2467
1703 2683
1588 2531
1585 2516
1704 2765
1728 2747
1603 2520
1670 2826
1718 2718
1718 2813
1731 2878
1659 2843
1709 2757
1744 2802
1657 2829
1721 2701
1681 2828
1694 2820
1738 2877
1704 2684
1749 2879
1692 2676
1733 2801
1696 2763
1711 2870
1692 2677
1599 2509
1689 2809
1721 2706
1695 2776
1619 2616
1705 2766
1674 2773
1704 2704
1595 2541
1712 2871
1688 2773
1645 2835
1688 2777
1694 2816
1748 2879
1596 2503
1672 2822
1662 2845
1705 2824
1694 2792
1561 2562
1595 2500
1713 2834
1733 2879
1726 2698
1630 2597
1659 2841
1723 2814
1735 2802
1588 2491
1707 2803
1593 2492
1686 2806
1724 2709
1586 2509
1719 2762
1707 2830
1717 2807
1572 2561
1601 2546
1748 2874
1604 2521
1712 2722
1739 2807
1593 2542
1667 2771
1742 2795
1711 2828
1586 2482
1586 2483
1725 2720
1698 2711
1722 2846
1607 2465
1695 2695
1744 2800
1747 2800
1697 2761
1748 2808
1588 2487
1693 2673
1722 2865
1741 2797
1738 2808
1689 2827
1604 2506
1578 2513
1569 2564
1673 2837
1711 2755
1694 2703
1721 2707
1717 2699
1693 2702
1695 2719
1707 2742
1697 2775
1583 2471
1701 2720
1687 2704
1710 2705
1732 2702
1559 2551
1695 2796
1594 2486
1584 2534
1688 2816
1725 2805
1703 2684
1735 2884
1586 2480
1726 2762
1615 2463
1734 2887
1709 2831
1729 2805
1579 2480
1685 2828
1583 2507
1596 2464
1559 2557
1716 2867
1705 2761
1599 2504
1725 2867
1702 2705
1569 2568
1596 2535
1599 2517
1632 2614
1552 2541
1665 2830
1749 2803
1599 2503
1718 2853
1709 2744
1591 2492
1706 2818
1597 2539
1668 2832
1695 2799
1727 2820
1700 2768
1727 2821
1574 2528
1560 2557
1580 2468
1588 2504
1725 2864
1747 2803
1584 2473
1713 2722
1693 2703
1731 2871
1715 2857
1693 2704
1580 2515
1582 2490
1718 2720
1602 2507
1564 2556
1596 2533
1723 2847
1615 2616
1692 2669
1760 2803
1697 2774
1580 2489
1593 2494
1612 2463
1713 2805
1603 2507
1682 2803
1580 2525
1664 2777
1702 2688
1692 2774
1649 2828
1714 2828
1593 2541
1722 2702
1554 2537
1697 2778
1587 2528
1630 2596
1694 2819
1571 2561
1694 2718
1722 2847
1717 2763
1720 2853
1741 2796
1610 2514
1690 2814
1692 2805
1724 2862
1720 2810
1688 2704
1685 2830
1587 2502
1598 2531
1724 2714
1689 2708
1689 2808
1695 2805
1746 2820
1693 2705
1701 2698
1653 2825
1597 2535
1730 2805
1692 2806
1741 2793
1746 2822
1593 2499
1605 2517
1716 2807
1599 2515
1718 2831
1712 2763
1615 2617
1722 2836
1699 2695
1616 2461
1696 2796
1740 2796
1714 2809
1580 2508
1734 2871
1695 2830
1733 2883
1725 2866
1744 2879
1695 2768
1734 2886
1643 2835
1700 2695
1589 2487
1742 2878
1719 2810
1703 2772
1594 2531
1761 2804
1598 2543
1594 2510
1748 2810
1690 2800
1574 2529
1706 2762
1567 2563
1596 2532
1708 2757
1689 2826
1719 2814
1695 2699
1692 2715
1579 2481
1722 2714
1711 2871
1704 2797
1557 2563
1642 2833
1711 2752
1685 2705
1699 2710
1671 2823
1589 2466
1736 2804
1569 2565
1729 2758
1595 2533
1671 2828
1685 2773
1575 2563
1754 2807
1674 2830
1711 2756
1749 2799
1743 2802
1588 2532
1613 2516
1583 2523
1597 2466
1727 2864
1602 2520
1695 2718
1699 2713
1593 2509
1675 2832
1567 2564
1590 2491
1674 2836
1716 2866
1724 2697
1733 2878
1586 2527
1698 2780
1719 2759
1612 2523
1726 2864
1686 2814
1573 2480
1719 2697
1662 2827
1750 2800
1614 2464
1730 2869
1668 2772
1676 2834
1708 2808
1690 2678
1733 2700
1704 2815
1691 2799
1735 2875
1689 2719
1597 2465
1693 2778
1658 2840
1682 2774
1746 2821
1589 2489
1595 2536
1755 2811
1731 2713
1577 2481
1688 2700
1745 2814
1557 2564
1675 2772
1583 2536
1693 2672
1702 2772
1698 2778
1673 2776
1592 2467
1697 2708
1721 2709
1594 2471
1734 2881
1730 2711
1734 2884
1720 2816
1707 2805
1572 2562
1597 2512
1670 2828
1670 2823
1722 2809
1667 2842
1679 2810
1594 2489
1746 2880
1692 2678
1691 2678
1591 2489
1717 2808
1752 2809
1742 2789
1587 2526
1694 2715
1664 2828
1726 2761
1575 2560
1594 2469
1718 2721
1599 2510
1607 2466
1692 2671
1727 2818
1728 2805
1608 2514
1693 2804
1603 2464
1575 2479
1582 2496
1586 2526
1743 2805
1728 2748
1737 2791
1721 2840
1675 2834
1719 2843
1697 2788
1720 2849
1727 2749
1694 2684
1723 2864
1750 2803
1716 2855
1583 2476
1721 2700
1725 2871
1732 2871
1597 2526
1586 2487
1741 2873
1649 2836
1672 2825
1585 2496
1595 2524
1719 2764
1695 2692
1698 2767
1579 2485
1703 2795
1579 2515
1599 2507
1748 2806
1740 2795
1592 2527
1606 2465
1697 2722
1727 2698
1736 2803
1600 2467
1595 2499
1726 2873
1748 2812
1713 2832
1595 2531
1708 2810
1711 2807
1740 2793
1716 2812
1721 2704
1599 2543
1687 2779
1660 2827
1601 2505
1579 2517
1561 2555
1583 2503
1699 2783
1692 2824
1583 2466
1703 2822
1600 2510
1747 2814
1705 2801
1591 2466
1579 2522
1748 2800
1611 2521
1711 2754
1718 2830
1705 2816
1722 2852
1599 2542
1628 2597
1688 2774
1700 2705
1727 2750
1694 2795
1710 2830
1681 2810
1593 2527
1731 2758
1696 2682
1699 2785
1756 2811
1583 2512
1730 2803
1689 2707
1684 2720
1693 2828
1657 2827
1698 2786
1619 2615
1599 2518
1720 2708
1719 2854
1697 2704
1695 2774
1754 2806
1590 2466
1650 2827
1694 2807
1583 2534
1666 2842
1729 2750
1709 2708
1703 2762
1660 2826
1744 2880
1569 2567
1690 2707
1594 2500
1745 2788
1605 2469
1685 2775
1595 2523
1588 2524
1645 2831
1748 2801
1732 2882
1745 2879
1704 2743
1743 2799
1670 2831
1579 2509
1585 2497
1585 2492
1614 2520
1681 2775
1737 2802
1731 2701
1686 2717
1694 2808
1713 2706
1611 2522
1684 2807
1725 2869
1748 2816
1580 2518
1690 2799
1677 2773
1730 2756
1710 2758
1578 2515
1736 2806
1693 2766
1582 2480
1670 2832
1718 2719
1620 2615
1718 2717
1603 2465
1601 2545
1652 2826
1589 2488
1733 2758
1728 2865
1589 2525
1580 2488
1580 2490
1589 2501
1584 2493
1750 2873
1658 2839
1734 2802
1718 2759
1697 2686
1748 2811
1750 2880
1695 2685
1696 2785
1713 2703
1586 2481
1687 2805
1751 2811
1661 2845
1729 2760
1596 2537
1704 2761
1719 2856
1679 2774
1665 2774
1690 2821
1681 2808
1597 2542
1721 2839
1725 2721
1742 2877
1582 2510
1759 2802
1691 2819
1581 2478
1721 2703
1684 2813
1659 2836
1721 2810
1584 2506
1691 2669
1747 2790
1749 2822
1723 2708
1763 2805
1732 2701
1688 2813
1690 2801
1595 2486
1746 2823
1695 2717
1580 2519
1596 2465
1690 2807
1690 2704
1684 2808
1731 2879
1594 2467
1590 2467
1594 2527
1601 2523
1658 2833
1697 2758
1594 2465
1585 2518
1701 2690
1699 2690
1717 2757
1691 2813
1728 2818
1748 2821
1719 2845
1719 2867
1577 2514
1732 2757
1717 2865
1739 2806
1730 2753
1582 2464
1692 2714
1702 2765
1601 2521
1740 2788
1699 2797
1733 2869
1718 2827
1729 2759
1692 2718
1723 2762
1742 2788
1693 2815
1690 2706
1611 2514
1697 2744
1757 2804
1692 2717
1743 2875
1725 2699
1729 2819
1732 2803
1578 2514
1694 2773
1706 2761
1717 2722
1673 2828
1702 2711
1719 2836
1698 2773
1558 2561
1597 2513
1682 2812
1702 2767
1741 2803
1701 2689
1729 2699
1680 2775
1591 2510
1681 2809
1559 2560
1672 2774
1746 2803
1659 2829
1707 2801
1668 2773
1693 2777
1643 2836
1586 2496
1711 2767
1743 2791
1582 2533
1687 2818
1748 2818
1678 2811
1667 2841
1685 2831
1583 2537
1609 2512
1580 2467
1755 2808
1725 2700
1712 2805
1659 2840
1714 2830
1706 2820
1699 2781
1599 2545
1581 2468
1740 2876
1712 2865
1697 2695
1678 2775
1706 2832
1586 2498
1735 2880
1577 2512
1641 2832
1697 2794
1692 2822
1722 2806
1663 2828
1724 2864
1724 2746
1694 2806
1680 2776
1723 2709
1692 2707
1710 2832
1724 2815
1719 2809
1705 2803
1614 2616
1693 2678
1691 2824
1720 2812
1602 2465
1718 2851
1718 2699
1697 2689
1718 2834
1740 2880
1686 2775
1706 2706
1743 2804
1671 2825
1590 2495
1596 2531
1671 2832
1705 2767
1699 2777
1583 2463
1600 2520
1581 2536
1723 2805
1726 2871
1684 2817
1729 2749
1710 2829
1728 2872
1724 2749
1598 2515
1750 2811
1698 2710
1696 2764
1606 2467
1736 2802
1738 2795
1720 2866
1555 2561
1722 2854
1698 2781
1583 2500
1583 2531
1593 2493
1724 2696
1726 2818
1725 2865
1699 2711
1751 2820
1751 2809
1701 2762
1716 2827
1554 2559
1757 2811
1714 2829
1704 2703
1694 2765
1703 2708
1708 2831
1753 2805
1724 2752
1681 2819
1683 2801
1718 2832
1566 2561
1704 2683
1587 2495
1581 2487
1661 2838
1704 2774
1666 2841
1730 2710
1609 2614
1582 2468
1593 2487
1687 2814
1587 2493
1692 2675
1662 2846
1578 2487
1686 2707
1592 2500
1699 2694
1685 2707
1646 2832
1714 2760
1693 2675
1709 2709
1683 2828
1711 2704
1599 2466
1579 2465
1747 2809
1691 2777
1583 2480
1568 2562
1600 2522
1610 2466
1731 2698
1723 2721
1701 2797
1706 2817
1561 2554
1569 2566
1585 2504
1694 2671
1726 2817
1705 2823
1715 2699
1740 2871
1727 2752
1583 2504
1598 2545
1578 2518
1640 2833
1707 2807
1712 2866
1707 2831
1722 2808
1606 2464
1700 2686
1718 2762
1692 2829
1574 2479
1744 2805
1601 2469
1597 2515
1582 2495
1578 2511
1724 2698
1687 2830
1724 2764
1706 2707
1613 2463
1742 2805
1580 2516
1752 2878
1736 2794
1661 2827
1725 2701
1755 2809
1583 2475
1743 2798
1629 2595
1583 2495
1699 2688
1688 2814
1747 2789
1704 2773
1696 2724
1694 2700
1588 2503
1699 2712
1713 2702
1579 2482
1729 2751
1670 2833
1725 2873
1748 2813
1583 2516
1696 2681
1674 2774
1712 2757
1581 2480
1751 2819
1697 2793
1582 2516
1706 2764
1666 2773
1718 2702
1595 2527
1724 2748
1716 2759
1749 2823
1736 2870
1700 2690
1650 2828
1707 2707
1722 2721
1584 2515
1595 2469
1595 2547
1662 2828
1632 2613
1553 2559
1678 2774
1728 2765
1710 2743
1726 2869
1599 2508
1697 2721
1707 2765
1657 2830
1659 2842
1692 2670
1717 2867
1607 2520
1592 2492
1588 2493
1595 2503
1581 2495
1593 2508
1610 2468
1747 2878
1688 2722
1721 2850
1729 2818
1685 2832
1739 2794
1724 2847
1715 2722
1719 2857
1749 2790
1600 2466
1736 2873
1704 2811
1696 2776
1685 2818
1695 2798
1562 2562
1743 2789
1701 2697
1696 2814
1685 2809
1715 2854
1674 2831
1739 2793
1675 2773
1721 2837
1597 2530
1716 2854
1701 2769
1693 2817
1698 2760
1722 2814
1707 2820
1723 2848
1716 2723
1692 2799
1713 2764
1692 2702
1586 2502
1707 2755
1589 2529
1588 2502
1666 2825
1600 2516
1755 2810
1732 2800
1722 2858
1717 2814
1695 2792
1691 2814
1586 2537
1707 2829
1684 2719
1717 2832
1749 2820
1697 2790
1574 2480
1688 2806
1728 2864
1602 2467
1597 2531
1739 2877
1672 2828
1665 2824
1713 2700
1712 2701
1654 2827
1722 2697
1591 2488
1690 2824
1722 2698
1714 2861
1712 2762
1583 2493
1744 2790
1582 2508
1693 2718
1720 2848
1704 2812
1723 2698
1695 2721
1580 2477
1696 2817
1694 2785
1726 2713
1699 2788
1593 2506
1732 2884
1585 2478
1697 2759
1729 2867
1689 2777
1585 2511
1588 2467
1583 2467
1587 2485
1727 2872
1719 2864
1702 2689
1681 2811
1702 2700
1699 2784
1611 2469
1725 2752
1669 2826
1690 2808
1718 2842
1721 2722
1583 2465
1589 2526
1688 2706
1745 2815
1719 2846
1681 2776
1695 2793
1742 2806
1724 2762
1579 2523
1715 2700
1698 2722
1696 2792
1748 2876
1713 2829
1700 2797
1589 2524
1696 2774
1694 2775
1719 2702
1695 2722
1696 2788
1722 2831
1609 2514
1663 2842
1589 2490
1630 2642
1614 2523
1704 2796
1699 2687
1736 2805
1711 2743
1733 2870
1696 2762
1689 2778
1752 2811
1693 2829
1720 2762
1701 2771
1598 2511
1582 2523
1714 2702
1722 2805
1696 2766
1691 2682
1700 2773
1593 2486
1601 2524
1582 2493
1577 2518
1597 2540
1708 2792
1707 2760
1712 2870
1696 2717
1705 2793
1593 2470
1695 2693
1727 2751
1688 2779
1574 2562
1664 2825
1683 2803
1591 2529
1749 2810
1565 2561
1590 2501
1687 2809
1591 2501
1670 2825
1726 2806
1721 2815
1583 2469
1717 2827
1678 2674
1707 2825
1707 2804
1707 2802
1688 2808
1722 2713
1606 2520
1675 2831
1590 2497
1719 2813
1613 2517
1699 2774
1592 2499
1728 2806
1673 2832
1689 2706
1724 2863
1701 2695
1610 2521
1679 2775
1599 2541
1744 2815
1580 2465
1660 2831
1747 2820
1595 2489
1702 2743
1720 2859
1702 2788
1587 2465
1666 2830
1721 2705
1684 2804
1667 2844
1592 2468
1706 2830
1695 2694
1694 2766
1724 2721
1696 2708
1595 2526
1556 2560
1601 2518
1611 2463
1713 2763
1731 2699
1749 2876
1722 2830
1705 2817
1689 2678
1696 2688
1586 2533
1749 2805
1702 2708
1683 2802
1700 2786
1720 2865
1688 2828
1728 2866
1691 2821
1593 2529
1703 2704
1695 2696
1710 2742
1725 2703
1731 2757
1729 2711
1742 2874
1553 2539
1723 2837
1738 2874
1619 2614
1600 2469
1737 2793
1586 2486
1732 2879
1580 2517
1683 2774
1717 2701
1589 2531
1698 2708
1601 2522
1739 2873
1742 2875
1588 2501
1632 2596
1654 2829
1594 2497
1711 2764
1704 2814
1605 2518
1556 2563
1687 2705
1686 2805
1699 2775
1597 2529
1746 2801
1592 2466
1586 2532
1596 2500
1717 2761
1720 2855
1580 2815
1698 2775
1725 2874
1605 2464
1694 2830
1717 2815
1579 2510
1728 2698
1615 2461
1716 2828
1682 2827
1590 2492
1685 2774
1605 2463
1708 2767
1689 2774
1562 2559
1707 2757
1669 2827
1587 2531
1579 2466
1590 2529
1704 2772
1708 2766
1746 2814
1743 2797
1732 2869
1709 2710
1761 2806
1705 2765
1722 2853
1631 2596
1707 2810
1728 2710
1578 2510
1742 2790
1723 2752
1687 2718
1694 2817
1585 2526
1554 2557
1720 2867
1689 2716
1596 2536
1695 2791
1569 2563
1743 2879
1687 2812
1732 2698
1604 2464
1696 2694
1705 2704
1647 2829
1584 2533
1737 2869
1659 2831
1730 2752
1575 2562
1699 2767
1723 2815
1743 2878
1687 2716
1702 2797
1558 2554
1723 2816
1605 2519
1722 2859
1589 2491
1585 2466
1693 2674
1673 2825
1721 2812
1695 2790
1733 2802
1696 2704
1690 2828
1582 2487
1703 2765
1721 2761
1731 2700
1696 2761
1660 2832
1562 2558
1731 2712
1696 2723
1759 2803
1722 2851
1736 2878
1720 2697
1723 2747
1727 2713
1728 2764
1724 2719
1690 2829
1556 2559
1721 2710
1738 2869
1686 2719
1704 2833
1706 2822
1701 2684
1720 2838
1705 2822
1703 2824
1702 2766
1717 2717
1735 2876
1689 2814
1687 2806
1618 2618
1725 2868
1719 2866
1617 2615
1584 2495
1594 2495
1667 2772
1667 2826
1719 2853
1716 2809
1658 2832
1649 2831
1554 2538
1731 2753
1724 2750
1685 2819
1726 2815
1563 2556
1654 2828
1712 2832
1688 2702
1743 2800
1584 2470
1657 2831
1648 2830
1721 2697
1562 2557
1579 2537
1701 2767
1689 2812
1750 2820
1695 2794
1703 2702
1596 2527
1726 2820
1718 2835
1584 2509
1670 2827
1642 2832
1724 2720
1728 2713
1709 2705
1585 2537
1595 2511
1735 2805
1732 2801
1702 2769
1583 2532
1722 2838
1699 2789
1718 2812
1720 2811
1749 2877
1724 2712
1702 2712
1688 2817
1666 2829
1672 2824
1680 2810
1692 2803
1717 2762
1754 2810
1558 2560
1750 2874
1667 2827
1595 2546
1597 2537
1568 2563
1596 2511
1728 2746
1746 2816
1723 2760
1703 2797
1659 2830
1582 2469
1659 2837
1735 2871
1720 2830
1713 2828
1706 2760
1756 2812
1713 2866
1697 2723
1707 2808
1594 2509
1661 2837
1615 2523
1718 2833
1690 2802
1561 2561
1664 2843
1676 2774
1721 2762
1703 2705
1697 2757
1703 2700
1695 2691
1555 2559
1666 2844
1705 2705
1586 2512
1723 2849
1721 2858
1725 2702
1580 2480
1590 2488
1739 2875
1739 2874
1646 2835
1721 2723
1568 2561
1730 2818
1741 2880
1600 2543
1752 2808
1753 2880
1721 2865
1717 2702
1695 2684
1702 2684
1697 2694
1693 2682
1567 2562
1747 2804
1691 2829
1601 2520
1713 2704
1581 2485
1686 2828
1725 2723
1647 2830
1748 2814
1705 2819
1620 2616
1666 2777
1716 2852
1586 2501
1708 2707
1592 2489
1641 2834
1750 2819
1709 2707
1759 2812
1574 2527
1588 2465
1710 2807
1714 2805
1561 2557
1701 2696
1585 2498
1714 2831
1742 2873
1729 2868
1698 2709
1641 2831
1735 2881
1684 2806
1646 2836
1762 2804
1746 2817
1730 2876
1724 2718
1727 2746
1556 2538
1683 2811
1580 2495
1678 2810
1696 2786
1751 2803
1736 2869
1716 2764
1653 2826
1595 2502
1695 2700
1695 2720
1613 2523
1580 2521
1612 2517
1696 2691
1705 2702
1588 2528
1575 2564
1579 2483
1748 2788
1714 2862
1745 2805
1724 2751
1593 2548
1725 2698
1721 2830
1745 2880
1720 2845
1703 2743
1720 2763
1579 2487
1711 2757
1711 2753
1699 2787
1688 2716
1745 2816
1595 2501
1584 2511
1703 2771
1693 2680
1598 2544
1666 2775
1665 2825
1746 2800
1700 2774
1747 2821
1641 2838
1579 2518
1692 2777
1698 2796
1652 2828
1701 2683
1696 2685
1687 2777
1688 2717
1581 2477
1697 2766
1748 2819
1687 2808
1706 2831
1761 2805
1717 2852
1673 2830
1726 2870
1702 2686
1561 2560
1698 2785
1563 2559
1705 2800
1717 2829
1595 2470
1745 2804
1750 2805
1588 2495
1724 2703
1562 2554
1697 2786
1594 2464
1587 2464
1709 2807
1576 2481
1696 2765
1723 2851
1600 2508
1682 2828
1613 2515
1742 2876
1658 2834
1645 2834
1695 2698
1649 2830
1713 2833
1687 2703
1752 2810
1698 2766
1746 2788
1693 2714
1580 2524
1696 2793
1580 2522
1724 2715
1733 2701
1564 2554
1721 2841
1645 2832
1582 2509
1610 2469
1742 2871
1687 2819
1691 2803
1617 2461
1580 2484
1687 2774
1634 2614
1660 2844
1711 2768
1723 2859
1718 2867
1729 2764
1697 2756
1693 2671
1663 2844
1604 2507
1586 2507
1690 2827
1729 2710
1714 2759
1581 2516
1643 2833
1694 2714
1688 2720
1687 2702
1732 2870
1722 2850
1580 2469
1596 2530
1698 2690
1722 2817
1695 2786
1570 2559
1591 2508
1726 2863
1731 2869
1720 2858
1701 2768
1596 2471
1748 2791
1727 2710
1725 2816
1712 2764
1579 2486
1720 2842
1603 2467
1583 2474
1586 2534
1664 2774
1687 2775
1683 2818
1696 2699
1612 2515
1743 2873
1751 2878
1748 2824
1645 2833
1718 2697
1716 2699
1730 2877
1578 2488
1709 2767
1696 2698
1555 2563
1577 2479
1600 2468
1716 2853
1609 2513
1747 2879
1711 2762
1670 2775
1719 2847
1586 2511
1735 2878
1560 2555
1736 2807
1728 2762
1694 2799
1669 2774
1703 2685
1730 2804
1728 2712
1590 2493
1585 2473
1688 2705
1641 2833
1579 2467
1584 2538
1723 2712
1713 2758
1703 2707
1584 2523
1590 2496
1731 2877
1709 2768
1583 2478
1710 2828
1685 2812
1580 2487
1744 2789
1702 2762
1563 2554
1725 2859
1720 2814
1675 2835
1584 2524
1587 2527
1615 2521
1698 2779
1598 2510
1592 2508
1686 2811
1721 2853
1738 2807
1673 2775
1695 2817
1581 2490
1742 2791
1693 2820
1595 2510
1610 2611
1724 2865
1692 2682
1582 2485
1747 2788
1721 2836
1712 2867
1696 2768
1731 2881
1591 2543
1748 2803
1692 2821
1733 2757
1730 2868
1615 2520
1695 2702
1693 2775
1715 2865
1551 2540
1704 2798
1695 2814
1667 2832
1665 2843
1723 2865
1657 2839
1593 2547
1714 2761
1728 2868
1596 2509
1739 2876
1689 2779
1714 2808
1662 2826
1759 2804
1671 2831
1642 2834
1614 2519
1581 2494
1588 2489
1735 2873
1583 2501
1726 2861
1689 2780
1685 2811
1660 2843
1595 2464
1588 2526
1593 2467
1597 2546
1746 2804
1580 2509
1749 2874
1703 2823
1697 2684
1615 2522
1721 2857
1739 2880
1685 2829
1582 2534
1584 2496
1723 2710
1742 2879
1688 2719
1720 2710
1719 2830
1753 2879
1707 2809
1697 2687
1695 2775
1600 2519
1710 2704
1690 2718
1690 2774
1618 2614
1688 2812
1593 2528
1727 2762
1672 2829
1749 2878
1724 2869
1720 2836
1659 2834
1670 2774
1706 2800
1702 2699
1588 2494
1714 2807
1724 2704
1596 2510
1585 2503
1727 2745
1716 2829
1586 2485
1717 2760
1685 2814
1738 2796
1601 2506
1719 2844
1633 2614
1663 2843
1748 2817
1585 2502
1689 2682
1669 2832
1721 2831
1725 2870
1595 2545
1559 2555
1706 2795
1698 2687
1740 2805
1666 2772
1735 2874
1691 2806
1706 2794
1710 2708
1742 2793
1693 2808
1702 2787
1725 2713
1706 2823
1692 2815
1569 2559
1660 2839
1726 2862
1583 2535
1714 2864
1585 2465
1640 2832
1710 2744
1696 2790
1681 2812
1705 2794
1692 2706
1697 2705
1698 2705
1588 2464
1699 2705
1698 2706
1727 2806
1591 2509
1558 2553
1698 2707
1684 2816
1708 2709
1694 2764
1712 2807
1580 2510
1695 2797
1706 2801
1619 2617
1599 2506
1722 2709
1688 2818
1613 2518
1721 2708
1697 2685
1573 2561
1578 2512
1695 2806
1706 2803
1712 2704
1711 2869
1720 2841
1718 2722
1593 2507
1725 2819
1647 2836
1689 2828
1752 2873
1705 2815
1713 2757
1696 2702
1597 2538
1695 2701
1684 2803
1613 2464
1705 2743
1696 2703
1579 2468
1616 2615
1594 2504
1706 2811
1760 2804
1694 2693
1581 2479
1709 2743
1725 2861
1593 2546
1749 2800
1660 2845
1599 2516
1702 2687
1702 2713
1702 2714
1702 2715
1701 2715
1700 2715
1701 2716
1701 2717
1701 2718
1700 2718
1701 2719
1700 2719
1700 2720
1700 2721
1700 2722
1701 2722
1699 2722
1700 2723
1701 2723
1737 2801
1699 2723
1700 2724
1702 2723
1696 2830
1700 2725
1703 2723
1695 2831
1682 2826
1700 2726
1704 2723
1686 2832
1697 2830
1699 2726
1700 2727
1705 2723
1681 2826
1682 2825
1698 2726
1700 2728
1705 2724
1698 2830
1680 2826
1698 2727
1701 2728
1705 2725
1699 2830
1697 2727
1701 2729
1704 2725
1705 2726
1680 2827
1696 2727
1702 2729
1600 2542
1680 2825
1699 2829
1695 2727
1696 2728
1702 2730
1679 2825
1699 2828
1694 2727
1695 2728
1696 2729
1703 2730
1678 2825
1693 2727
1703 2731
1700 2828
1692 2727
1703 2732
1698 2828
1677 2825
1691 2727
1692 2726
1704 2732
1703 2733
1678 2824
1701 2828
1690 2727
1705 2732
1704 2733
1703 2734
1698 2827
1676 2825
1702 2828
1690 2728
1705 2733
1702 2734
1675 2825
1676 2826
1703 2828
1706 2733
1702 2735
1702 2827
1675 2824
1704 2828
1706 2734
1701 2735
1703 2829
1674 2824
1704 2829
1704 2827
1706 2735
1700 2735
1703 2830
1707 2735
1699 2735
1674 2823
1705 2829
1704 2830
1699 2736
1705 2827
1673 2823
1705 2830
1704 2831
1699 2737
1706 2827
1672 2823
1699 2738
1673 2822
1704 2832
1698 2738
1697 2738
1696 2738
1695 2738
1696 2739
1695 2739
1695 2737
1695 2740
1695 2736
1695 2741
1695 2735
1694 2741
1694 2735
1694 2742
1694 2734
1693 2742
1693 2734
1692 2742
1693 2743
1693 2733
1692 2741
1693 2744
1693 2732
1692 2740
1694 2744
1692 2744
1692 2739
1694 2745
1692 2738
1695 2745
1696 2745
1697 2745
1696 2744
1696 2743
1697 2743
1698 2743
1699 2743
1700 2743
1700 2744
1700 2742
1700 2745
1701 2742
1700 2741
1700 2746
1700 2740
1701 2746
1701 2747
1701 2748
1702 2748
1701 2749
1701 2750
1701 2751
1702 2751
1701 2752
1703 2751
1704 2751
1703 2752
1703 2750
1704 2750
1703 2753
1705 2750
1703 2754
1706 2750
1705 2749
1703 2755
1705 2748
1703 2756
1706 2748
1705 2747
1703 2757
1706 2747
1704 2747
1704 2757
1702 2757
1706 2746
1705 2757
1706 2745
1705 2758
1705 2756
1705 2745
1706 2744
1706 2758
1705 2759
1706 2756
1707 2744
1706 2743
1707 2758
1706 2759
1707 2756
1708 2744
1707 2743
1688 2678
1688 2679
1687 2679
1688 2680
1686 2679
1687 2680
1686 2678
1685 2678
1686 2677
1685 2677
1687 2677
1684 2677
1687 2676
1683 2677
1687 2675
1682 2677
1683 2678
1686 2675
1681 2677
1681 2678
1681 2676
1680 2676
1679 2676
1680 2675
1679 2677
1680 2674
1678 2677
1680 2673
1677 2677
1678 2678
1680 2672
1678 2679
1680 2671
1677 2679
1679 2671
1680 2670
1676 2679
1678 2671
1681 2670
1675 2679
1676 2680
1677 2671
1678 2672
1674 2679
1676 2681
1676 2671
1677 2670
1678 2673
1674 2680
1677 2681
1584 2512
1676 2682
1676 2670
1673 2680
1676 2669
1672 2680
1673 2681
1675 2669
1676 2668
1671 2680
1672 2679
1673 2682
1674 2669
1671 2681
1673 2683
1673 2669
1670 2681
1673 2684
1672 2669
1673 2668
1670 2682
1674 2684
1672 2668
1669 2682
1674 2685
1668 2682
1675 2685
1674 2686
1667 2682
1668 2683
1668 2681
1675 2686
1666 2682
1667 2683
1668 2680
1676 2686
1675 2687
1666 2683
1667 2684
1667 2680
1677 2686
1676 2687
1667 2685
1666 2680
1667 2679
1676 2688
1667 2686
1665 2680
1667 2678
1677 2688
1668 2686
1664 2680
1666 2678
1677 2689
1668 2687
1664 2681
1664 2679
1666 2677
1678 2689
1668 2688
1663 2681
1664 2682
1665 2677
1666 2676
1679 2689
1669 2688
1667 2688
1664 2677
1667 2676
1670 2688
1669 2689
1666 2688
1664 2676
1668 2676
1667 2675
1670 2689
1670 2687
1669 2690
1663 2676
1664 2675
1669 2676
1667 2674
1671 2689
1669 2691
1664 2674
1669 2675
1667 2673
1672 2689
1664 2673
1670 2675
1672 2688
1663 2673
1672 2687
1662 2673
1661 2673
1662 2674
1660 2673
1659 2673
1659 2672
1659 2671
1659 2670
1660 2670
1659 2669
1661 2670
1660 2669
1658 2669
1659 2668
1659 2667
1658 2667
1659 2666
1658 2666
1660 2666
1659 2665
1658 2665
1660 2665
1657 2665
1658 2664
1660 2664
1657 2664
1658 2663
1661 2664
1656 2664
1659 2663
1658 2662
1661 2663
1656 2663
1661 2662
1656 2662
1662 2662
1661 2661
1655 2662
1656 2661
1663 2662
1662 2661
1654 2662
1656 2660
1664 2662
1653 2662
1654 2663
1655 2660
1665 2662
1579 2477
1654 2664
1654 2660
1666 2662
1665 2661
1653 2664
1653 2660
1665 2660
1652 2664
1653 2665
1653 2659
1665 2659
1651 2664
1653 2666
1653 2658
1666 2659
1650 2664
1651 2665
1651 2663
1652 2666
1653 2667
1653 2657
1667 2659
1650 2665
1652 2657
1667 2660
1667 2658
1651 2657
1668 2658
1650 2657
1651 2656
1669 2658
1649 2657
1650 2656
1670 2658
1669 2657
1648 2657
1649 2656
1671 2658
1669 2656
1648 2658
1648 2656
1649 2655
1671 2659
1669 2655
1647 2656
1648 2655
1672 2659
1671 2660
1668 2655
1669 2654
1646 2656
1648 2654
1673 2659
1670 2660
1669 2653
1645 2656
1673 2660
1673 2658
1670 2661
1668 2653
1644 2656
1673 2657
1669 2661
1670 2662
1643 2656
1644 2655
1673 2656
1669 2662
1670 2663
1642 2656
1644 2654
1674 2656
1672 2656
1641 2656
1642 2657
1645 2654
1643 2654
1644 2653
1675 2656
1671 2656
1640 2656
1645 2653
1643 2653
1675 2657
1675 2655
1639 2656
1646 2653
1676 2657
1676 2655
1675 2654
1639 2655
1646 2652
1677 2657
1675 2653
1639 2654
1647 2652
1646 2651
1677 2658
1639 2653
1646 2650
1678 2658
1640 2653
1638 2653
1645 2650
1646 2649
1641 2653
1638 2652
1646 2648
1641 2654
1637 2652
1647 2648
1645 2648
1636 2652
1637 2651
1648 2648
1647 2647
1645 2647
1635 2652
1636 2653
1636 2651
1649 2648
1647 2646
1645 2646
1634 2652
1635 2653
1636 2650
1649 2647
1648 2646
1644 2646
1645 2645
1633 2652
1634 2653
1635 2650
1643 2646
1646 2645
1645 2644
1632 2652
1633 2653
1634 2654
1635 2649
1642 2646
1631 2652
1632 2653
1632 2651
1634 2655
1642 2645
1630 2652
1631 2651
1632 2650
1634 2656
1641 2645
1666 2660
1633 2656
1634 2657
1640 2645
1579 2533
1664 2772
1635 2657
1639 2645
1640 2646
1640 2644
1570 2532
1636 2657
1635 2658
1638 2645
1640 2647
1640 2643
1573 2531
1558 2549
1636 2656
1635 2659
1638 2644
1640 2648
1641 2643
1556 2541
1557 2540
1636 2659
1634 2659
1638 2643
1639 2648
1641 2642
1580 2537
1580 2533
1638 2642
1639 2649
1641 2641
1578 2533
1639 2642
1637 2642
1638 2649
1641 2640
1569 2532
1639 2641
1636 2642
1637 2641
1637 2649
1642 2640
1570 2531
1643 2640
1574 2531
1559 2549
1644 2640
1643 2641
1643 2639
1645 2640
1643 2638
1645 2641
1643 2637
1646 2641
1642 2637
1643 2636
1647 2641
1641 2637
1644 2636
1643 2635
1648 2641
1647 2640
1641 2638
1641 2636
1643 2634
1648 2642
1648 2640
1647 2639
1640 2638
1641 2635
1644 2634
1648 2643
1649 2640
1648 2639
1641 2634
1650 2640
1649 2639
1640 2634
1651 2640
1649 2638
1639 2634
1650 2638
1649 2637
1639 2633
1650 2637
1648 2637
1638 2633
1651 2637
1648 2636
1637 2633
1652 2637
1636 2633
1652 2636
1635 2633
1636 2632
1652 2635
1636 2631
1653 2635
1651 2635
1636 2630
1654 2635
1653 2634
1651 2634
1637 2630
1635 2630
1655 2635
1638 2630
1634 2630
1635 2629
1655 2636
1633 2630
1634 2631
1635 2628
1656 2636
1633 2629
1634 2632
1636 2628
1635 2627
1657 2636
1656 2637
1637 2628
1636 2627
1634 2627
1656 2638
1637 2627
1657 2638
1656 2639
1637 2626
1658 2638
1655 2639
1637 2625
1658 2637
1637 2624
1659 2637
1638 2624
1637 2623
1660 2637
1639 2624
1661 2637
1640 2624
1662 2637
1661 2638
1661 2636
1641 2624
1663 2637
1661 2639
1661 2635
1641 2625
1641 2623
1664 2637
1663 2638
1662 2635
1641 2626
1641 2622
1665 2637
1663 2639
1662 2634
1641 2627
1642 2622
1640 2622
1665 2638
1665 2636
1662 2633
1642 2627
1642 2621
1666 2636
1642 2628
1643 2621
1642 2620
1666 2635
1642 2619
1667 2635
1643 2619
1641 2619
1642 2618
1668 2635
1644 2619
1669 2635
1644 2620
1644 2618
1669 2634
1645 2620
1644 2617
1670 2634
1645 2617
1671 2634
1670 2633
1646 2617
1645 2616
1672 2634
1670 2632
1647 2617
1646 2616
1672 2635
1671 2632
1669 2632
1670 2631
1648 2617
1647 2616
1646 2615
1671 2631
1668 2632
1649 2617
1648 2618
1646 2614
1672 2631
1667 2632
1650 2617
1649 2616
1645 2614
1672 2630
1666 2632
1651 2617
1650 2618
1644 2614
1672 2629
1665 2632
1666 2631
1652 2617
1650 2619
1644 2615
1644 2613
1673 2629
1671 2629
1672 2628
1666 2630
1653 2617
1650 2620
1644 2612
1674 2629
1670 2629
1672 2627
1665 2630
1654 2617
1653 2616
1651 2620
1643 2612
1674 2630
1674 2628
1669 2629
1672 2626
1664 2630
1655 2617
1652 2620
1651 2621
1642 2612
1696 2701
1674 2627
1672 2625
1664 2631
1664 2629
1655 2616
1652 2619
1651 2622
1641 2612
1675 2627
1673 2625
1664 2628
1656 2616
1653 2619
1640 2612
1641 2613
1641 2611
1676 2627
1675 2626
1673 2624
1663 2628
1664 2627
1657 2616
1654 2619
1641 2614
1641 2610
1677 2627
1676 2626
1673 2623
1665 2627
1657 2615
1655 2619
1641 2615
1640 2610
1678 2627
1672 2623
1673 2622
1656 2619
1641 2616
1639 2610
1679 2627
1678 2626
1674 2622
1657 2619
1642 2616
1638 2610
1639 2611
1639 2609
1680 2627
1675 2622
1674 2621
1658 2619
1637 2610
1638 2609
1680 2628
1680 2626
1675 2621
1659 2619
1636 2610
1638 2608
1681 2628
1680 2629
1681 2626
1676 2621
1660 2619
1659 2618
1635 2610
1637 2608
1682 2628
1681 2629
1679 2629
1680 2630
1682 2626
1676 2620
1661 2619
1659 2617
1635 2611
1636 2608
1682 2629
1678 2826
1679 2630
1683 2626
1682 2625
1676 2619
1661 2620
1660 2617
1634 2611
1636 2607
1682 2630
1681 2631
1678 2630
1679 2631
1683 2627
1683 2625
1675 2619
1676 2618
1662 2620
1633 2611
1634 2612
1635 2607
1683 2630
1682 2631
1681 2632
1684 2625
1674 2619
1677 2618
1676 2617
1663 2620
1634 2613
1635 2606
1682 2632
1680 2632
1684 2624
1677 2617
1675 2617
1664 2620
1579 2489
1634 2606
1683 2632
1685 2624
1684 2623
1678 2617
1674 2617
1664 2619
1642 2838
1634 2605
1683 2633
1685 2623
1674 2616
1642 2837
1633 2605
1634 2604
1684 2633
1686 2623
1673 2616
1643 2837
1633 2604
1634 2603
1685 2633
1687 2623
1633 2603
1634 2602
1685 2634
1685 2632
1688 2623
1632 2603
1633 2602
1634 2601
1685 2635
1686 2632
1688 2624
1631 2603
1634 2600
1684 2635
1685 2636
1686 2631
1630 2603
1631 2602
1635 2600
1685 2637
1686 2630
1629 2603
1631 2601
1636 2600
1685 2638
1687 2630
1686 2629
1629 2604
1629 2602
1632 2601
1637 2600
1636 2599
1685 2639
1629 2605
1629 2601
1638 2600
1637 2601
1637 2599
1686 2639
1628 2605
1639 2600
1637 2602
1687 2639
1628 2606
1640 2600
1639 2599
1688 2639
1687 2638
1628 2607
1640 2601
1639 2598
1689 2639
1688 2640
1687 2637
1629 2607
1627 2607
1641 2601
1640 2598
1639 2597
1690 2639
1687 2636
1626 2607
1642 2601
1641 2602
1639 2596
1691 2639
1690 2640
1625 2607
1643 2601
1639 2595
1692 2639
1691 2638
1624 2607
1644 2601
1643 2602
1638 2595
1692 2638
1691 2637
1623 2607
1624 2606
1644 2602
1644 2600
1643 2603
1623 2608
1645 2602
1644 2603
1645 2600
1644 2599
1642 2603
1622 2608
1646 2602
1645 2603
1644 2604
1643 2599
1621 2608
1646 2603
1646 2601
1645 2604
1644 2605
1642 2599
1620 2608
1621 2609
1643 2605
1620 2607
1621 2610
1619 2607
1622 2610
1618 2607
1623 2610
1618 2606
1623 2611
1618 2605
1624 2611
1618 2604
1625 2611
1714 2866
1617 2604
1618 2603
1626 2611
1616 2604
1618 2602
1615 2604
1619 2602
1617 2602
1618 2601
1615 2605
1616 2602
1618 2600
1614 2605
1615 2602
1618 2599
1613 2605
1732 2798
1619 2599
1617 2599
1613 2606
1629 2643
1630 2643
1620 2599
1619 2598
1617 2598
1612 2606
1613 2607
1630 2644
1621 2599
1619 2597
1611 2606
1614 2607
1613 2608
1630 2645
1621 2598
1610 2606
1613 2609
1631 2645
1622 2598
1614 2609
1612 2609
1668 2657
1629 2647
1631 2646
1623 2598
1622 2597
1614 2610
1613 2611
1629 2648
1631 2647
1630 2648
1624 2598
1623 2597
1614 2611
1612 2611
1631 2648
1632 2648
1625 2598
1624 2599
1614 2612
1612 2612
1632 2649
1557 2549
1625 2597
1614 2613
1611 2612
1558 2550
1555 2541
1625 2596
1615 2613
1610 2612
1611 2613
1556 2542
1556 2540
1581 2537
1626 2596
1624 2596
1625 2595
1615 2614
1609 2612
1610 2613
1581 2533
1569 2533
1570 2530
1627 2596
1625 2594
1615 2615
1610 2614
1574 2530
1559 2550
1558 2551
1628 2596
1627 2595
1614 2602
1613 2602
1614 2603
1613 2601
1612 2601
1611 2601
1611 2602
1611 2600
1610 2602
1610 2600
1611 2599
1610 2599
1611 2598
1609 2599
1611 2597
1609 2598
1611 2596
1608 2598
1610 2596
1611 2595
1608 2597
1612 2595
1611 2594
1607 2597
1612 2594
1610 2594
1607 2596
1612 2593
1610 2593
1612 2592
1609 2593
1610 2592
1610 2591
1610 2590
1610 2589
1609 2589
1610 2588
1609 2588
1611 2588
1608 2588
1612 2588
1612 2587
1612 2586
1613 2586
1612 2585
1612 2584
1611 2584
1612 2583
1610 2584
1612 2582
1609 2584
1612 2581
1612 2580
1611 2580
1610 2580
1611 2579
1609 2580
1610 2581
1611 2578
1608 2580
1609 2581
1609 2579
1612 2578
1608 2579
1613 2578
1607 2579
1613 2579
1613 2577
1607 2578
1614 2579
1614 2577
1606 2578
1615 2577
1605 2578
1604 2578
1604 2579
1604 2577
1604 2580
1604 2576
1605 2580
1603 2580
1603 2576
1605 2581
1602 2580
1606 2581
1605 2582
1601 2580
1606 2582
1604 2582
1600 2580
1599 2580
1598 2580
1599 2581
1597 2580
1598 2579
1599 2582
1596 2580
1597 2581
1598 2582
1596 2579
1595 2579
1596 2578
1594 2579
1595 2578
1596 2577
1635 2602
1594 2580
1597 2577
1596 2576
1593 2578
1594 2581
1598 2577
1596 2575
1592 2578
1593 2581
1599 2577
1598 2576
1596 2574
1592 2577
1592 2581
1599 2578
1598 2575
1591 2577
1592 2576
1591 2581
1600 2578
1598 2574
1591 2576
1592 2575
1590 2581
1598 2573
1590 2576
1592 2574
1598 2572
1589 2576
1593 2574
1591 2574
1598 2571
1588 2576
1593 2573
1590 2574
1599 2571
1597 2571
1588 2577
1588 2575
1593 2572
1600 2571
1596 2571
1588 2578
1588 2574
1593 2571
1600 2570
1595 2571
1596 2572
1588 2579
1587 2574
1594 2571
1592 2571
1593 2570
1601 2570
1587 2579
1586 2574
1594 2570
1601 2569
1586 2579
1587 2580
1585 2574
1586 2573
1601 2568
1586 2580
1586 2578
1587 2581
1584 2574
1585 2575
1585 2573
1601 2567
1585 2578
1586 2577
1583 2574
1585 2572
1602 2567
1584 2578
1585 2577
1582 2574
1583 2573
1585 2571
1602 2566
1582 2575
1582 2573
1586 2571
1584 2571
1602 2565
1581 2573
1582 2572
1586 2570
1583 2571
1584 2570
1603 2565
1602 2564
1580 2573
1587 2570
1602 2563
1579 2573
1580 2574
1587 2569
1602 2562
1579 2574
1579 2572
1588 2569
1587 2568
1602 2561
1579 2571
1589 2569
1587 2567
1603 2561
1601 2561
1578 2571
1589 2568
1587 2566
1603 2560
1600 2561
1601 2560
1577 2571
1578 2570
1590 2568
1588 2566
1586 2566
1603 2559
1599 2561
1577 2572
1578 2569
1591 2568
1589 2566
1588 2565
1586 2565
1599 2560
1576 2572
1578 2568
1592 2568
1591 2569
1590 2566
1589 2565
1588 2564
1585 2565
1599 2559
1576 2573
1578 2567
1593 2568
1592 2567
1589 2564
1588 2563
1584 2565
1576 2574
1579 2567
1577 2567
1584 2566
1584 2564
1577 2574
1575 2574
1576 2575
1580 2567
1579 2566
1577 2566
1583 2564
1574 2574
1575 2575
1576 2576
1580 2566
1576 2566
1577 2565
1574 2575
1576 2565
1577 2564
1574 2576
1577 2563
1574 2577
1578 2563
1574 2578
1579 2563
1578 2562
1575 2578
1573 2578
1578 2561
1575 2579
1572 2578
1573 2579
1578 2560
1575 2580
1571 2578
1572 2579
1572 2577
1573 2580
1578 2559
1574 2580
1571 2577
1573 2581
1579 2559
1577 2559
1571 2576
1572 2581
1577 2558
1570 2576
1572 2582
1577 2557
1569 2576
1570 2575
1571 2582
1572 2583
1576 2557
1569 2575
1570 2582
1575 2557
1568 2575
1569 2582
1570 2583
1575 2556
1569 2583
1569 2581
1570 2584
1574 2556
1568 2583
1568 2581
1569 2580
1571 2584
1573 2556
1574 2555
1567 2583
1567 2581
1571 2585
1572 2556
1573 2557
1574 2554
1566 2583
1566 2581
1571 2586
1573 2554
1574 2553
1565 2583
1566 2582
1571 2587
1575 2553
1564 2583
1571 2588
1575 2552
1563 2583
1564 2584
1564 2582
1572 2588
1570 2588
1576 2552
1562 2583
1563 2582
1564 2585
1569 2588
1570 2589
1576 2551
1561 2583
1562 2582
1564 2586
1568 2588
1569 2589
1577 2551
1576 2550
1560 2583
1561 2584
1562 2581
1563 2586
1564 2587
1568 2587
1569 2590
1577 2550
1576 2549
1559 2583
1561 2585
1564 2588
1567 2587
1569 2591
1578 2550
1577 2549
1575 2549
1558 2583
1559 2582
1560 2585
1561 2586
1564 2589
1570 2591
1568 2591
1579 2550
1574 2549
1575 2548
1557 2583
1559 2581
1561 2587
1565 2589
1571 2591
1579 2551
1579 2549
1573 2549
1575 2547
1556 2583
1557 2584
1557 2582
1560 2587
1561 2588
1565 2590
1572 2591
1571 2590
1580 2549
1573 2550
1575 2546
1557 2585
1559 2587
1562 2588
1573 2591
1572 2592
1572 2590
1581 2549
1574 2546
1575 2545
1558 2585
1558 2587
1574 2591
1582 2549
1573 2546
1557 2587
1574 2592
1574 2590
1583 2549
1582 2548
1572 2546
1575 2592
1574 2589
1583 2550
1582 2547
1571 2546
1576 2592
1573 2589
1584 2550
1583 2547
1581 2547
1570 2546
1571 2547
1571 2545
1576 2593
1585 2550
1584 2551
1584 2547
1570 2545
1576 2594
1585 2547
1570 2544
1577 2594
1575 2594
1585 2548
1569 2544
1570 2543
1574 2594
1586 2548
1568 2544
1569 2543
1571 2543
1573 2594
1587 2548
1586 2549
1567 2544
1571 2542
1573 2595
1573 2593
1587 2547
1566 2544
1571 2541
1573 2596
1588 2547
1587 2546
1565 2544
1566 2543
1572 2541
1571 2540
1573 2597
1589 2547
1586 2546
1565 2545
1565 2543
1573 2541
1570 2540
1564 2545
1565 2546
1573 2540
1564 2546
1573 2539
1563 2546
1574 2539
1572 2539
1573 2538
1562 2546
1574 2538
1572 2538
1561 2546
1562 2547
1574 2537
1571 2538
1561 2545
1575 2537
1574 2536
1571 2537
1561 2544
1576 2537
1575 2536
1574 2535
1570 2537
1571 2536
1560 2544
1576 2536
1575 2535
1569 2537
1572 2536
1559 2544
1577 2536
1572 2535
1559 2545
1559 2543
1577 2535
1572 2534
1558 2545
1559 2542
1578 2535
1573 2534
1572 2533
1557 2545
1558 2546
1558 2542
1559 2541
1579 2535
1571 2533
1572 2532
1558 2547
1558 2541
1560 2541
1579 2536
1579 2534
1571 2532
1573 2532
1558 2548
1557 2541
1560 2540
1663 2777
1663 2778
1662 2778
1663 2779
1661 2778
1662 2779
1663 2780
1661 2777
1664 2780
1663 2781
1660 2777
1661 2776
1662 2781
1659 2777
1662 2782
1658 2777
1659 2778
1657 2777
1657 2778
1657 2776
1657 2779
1657 2780
1656 2780
1655 2780
1655 2781
1655 2779
1655 2782
1655 2778
1654 2782
1654 2778
1655 2777
1653 2782
1654 2783
1653 2778
1655 2776
1652 2782
1653 2781
1653 2777
1655 2775
1651 2782
1653 2780
1656 2775
1650 2782
1656 2774
1650 2783
1656 2773
1649 2783
1655 2773
1648 2783
1654 2773
1647 2783
1648 2784
1653 2773
1654 2774
1654 2772
1646 2783
1647 2784
1647 2782
1648 2785
1652 2773
1653 2774
1654 2771
1649 2785
1648 2786
1651 2773
1653 2771
1654 2770
1647 2786
1650 2773
1651 2772
1654 2769
1646 2786
1649 2773
1646 2787
1645 2787
1646 2788
1645 2788
1644 2788
1643 2788
1642 2788
1641 2788
1642 2789
1640 2788
1639 2788
1638 2788
1638 2789
1637 2789
1637 2790
1636 2790
1637 2791
1636 2791
1638 2791
1637 2792
1635 2791
1638 2792
1637 2793
1635 2792
1639 2792
1637 2794
1634 2792
1640 2792
1636 2794
1637 2795
1637 2796
1638 2796
1636 2796
1637 2797
1639 2796
1638 2797
1635 2796
1636 2797
1637 2798
1640 2796
1634 2796
1635 2795
1637 2799
1641 2796
1633 2796
1634 2797
1637 2800
1634 2798
1637 2801
1634 2799
1638 2801
1635 2799
1633 2799
1634 2800
1638 2802
1632 2799
1634 2801
1639 2802
1631 2799
1632 2800
1633 2801
1640 2802
1639 2803
1630 2799
1631 2798
1641 2802
1629 2799
1628 2799
1629 2800
1629 2798
1628 2798
1629 2801
1629 2797
1627 2798
1628 2797
1629 2802
1626 2798
1628 2796
1628 2802
1626 2799
1628 2795
1627 2802
1628 2803
1625 2799
1627 2795
1627 2803
1627 2801
1628 2804
1624 2799
1626 2795
1627 2794
1628 2805
1623 2799
1625 2795
1626 2794
1629 2805
1628 2806
1622 2799
1624 2795
1625 2794
1630 2805
1628 2807
1621 2799
1624 2796
1624 2794
1625 2793
1631 2805
1630 2806
1629 2807
1627 2807
1621 2798
1624 2797
1624 2793
1625 2792
1632 2805
1631 2804
1630 2807
1627 2808
1620 2798
1625 2797
1623 2793
1625 2791
1632 2806
1626 2808
1627 2809
1619 2798
1623 2792
1626 2791
1624 2791
1625 2790
1633 2806
1625 2808
1627 2810
1618 2798
1619 2797
1623 2791
1627 2791
1624 2790
1625 2789
1633 2807
1624 2808
1625 2809
1628 2810
1618 2799
1618 2797
1619 2796
1622 2791
1628 2791
1624 2789
1626 2789
1625 2788
1634 2807
1629 2810
1628 2811
1617 2797
1622 2790
1629 2791
1628 2792
1623 2789
1624 2788
1625 2787
1629 2811
1628 2812
1616 2797
1617 2796
1630 2791
1625 2786
1628 2813
1615 2797
1616 2796
1631 2791
1624 2786
1629 2813
1627 2813
1628 2814
1615 2798
1615 2796
1631 2790
1623 2786
1624 2785
1630 2813
1626 2813
1614 2798
1615 2795
1622 2786
1623 2787
1630 2814
1625 2813
1613 2798
1615 2794
1621 2786
1631 2814
1625 2814
1616 2794
1614 2794
1620 2786
1621 2785
1631 2815
1624 2814
1625 2815
1617 2794
1616 2793
1613 2794
1614 2793
1619 2786
1621 2784
1632 2815
1625 2816
1612 2794
1613 2793
1618 2786
1619 2785
1622 2784
1626 2816
1624 2816
1625 2817
1617 2786
1622 2783
1623 2816
1625 2818
1616 2786
1617 2785
1623 2783
1622 2782
1622 2816
1623 2815
1624 2818
1625 2819
1615 2786
1621 2816
1614 2786
1615 2787
1620 2816
1621 2817
1613 2786
1620 2815
1621 2818
1612 2786
1620 2814
1620 2818
1621 2819
1611 2786
1619 2814
1620 2813
1620 2819
1610 2786
1611 2787
1611 2785
1618 2814
1619 2813
1621 2813
1620 2812
1610 2785
1611 2784
1617 2814
1621 2812
1620 2811
1610 2784
1611 2783
1616 2814
1619 2811
1620 2810
1610 2783
1616 2815
1616 2813
1618 2811
1620 2809
1609 2783
1616 2816
1616 2812
1618 2812
1619 2809
1620 2808
1608 2783
1617 2812
1618 2809
1620 2807
1607 2783
1608 2782
1617 2809
1621 2807
1606 2783
1608 2781
1616 2809
1617 2808
1622 2807
1621 2806
1606 2784
1608 2780
1616 2810
1617 2807
1621 2805
1605 2784
1606 2785
1608 2779
1617 2806
1622 2805
1605 2785
1609 2779
1607 2779
1608 2778
1618 2806
1616 2806
1604 2785
1605 2786
1606 2779
1607 2778
1608 2777
1615 2806
1604 2786
1605 2787
1605 2779
1606 2780
1609 2777
1608 2776
1604 2787
1606 2787
1605 2788
1605 2780
1608 2775
1606 2788
1605 2789
1604 2780
1608 2774
1605 2790
1603 2780
1609 2774
1607 2774
1608 2773
1605 2791
1610 2774
1609 2773
1606 2774
1608 2772
1604 2791
1611 2774
1609 2772
1607 2772
1603 2791
1607 2771
1602 2791
1606 2771
1601 2791
1606 2770
1600 2791
1601 2790
1600 2792
1601 2789
1599 2792
1600 2793
1600 2794
1601 2794
1602 2794
1601 2795
1603 2794
1601 2796
1604 2794
1603 2795
1600 2796
1605 2794
1603 2796
1599 2796
1598 2796
1597 2796
1596 2796
1597 2797
1595 2796
1596 2797
1597 2798
1594 2796
1595 2795
1597 2799
1593 2796
1594 2795
1596 2799
1592 2796
1593 2795
1595 2799
1591 2796
1593 2794
1594 2799
1595 2800
1595 2798
1592 2794
1591 2794
1592 2793
1590 2794
1592 2792
1589 2794
1592 2791
1593 2791
1591 2791
1591 2790
1590 2790
1589 2790
1589 2789
1589 2788
1589 2787
1590 2787
1591 2787
1592 2787
1591 2788
1593 2787
1592 2786
1594 2787
1592 2785
1595 2787
1592 2784
1595 2788
1593 2784
1592 2783
1595 2789
1594 2784
1592 2782
1596 2789
1591 2782
1592 2781
1597 2789
1592 2780
1597 2788
1593 2780
1591 2780
1597 2787
1593 2779
1597 2786
1594 2779
1593 2778
1598 2786
1595 2779
1592 2778
1593 2777
1599 2786
1595 2778
1591 2778
1592 2777
1594 2777
1593 2776
1600 2786
1599 2787
1595 2777
1590 2778
1593 2775
1601 2786
1596 2777
1589 2778
1594 2775
1601 2785
1588 2778
1589 2777
1595 2775
1601 2784
1587 2778
1589 2776
1596 2775
1587 2779
1587 2777
1589 2775
1597 2775
1587 2780
1586 2777
1587 2776
1589 2774
1598 2775
1588 2780
1587 2781
1587 2775
1589 2773
1599 2775
1587 2782
1586 2775
1590 2773
1589 2772
1600 2775
1599 2776
1599 2774
1587 2783
1585 2775
1591 2773
1601 2775
1586 2783
1587 2784
1584 2775
1601 2774
1585 2783
1588 2784
1587 2785
1584 2776
1602 2774
1584 2783
1585 2784
1585 2782
1586 2785
1583 2776
1603 2774
1583 2783
1585 2785
1583 2777
1603 2775
1603 2773
1583 2782
1584 2785
1603 2772
1584 2786
1604 2772
1603 2771
1584 2787
1605 2772
1602 2771
1585 2787
1583 2787
1601 2771
1582 2787
1583 2788
1601 2770
1582 2788
1582 2786
1600 2770
1581 2788
1582 2789
1581 2786
1599 2770
1581 2789
1582 2790
1581 2785
1598 2770
1599 2771
1580 2789
1583 2790
1580 2785
1597 2770
1579 2789
1580 2790
1583 2791
1579 2785
1597 2769
1580 2791
1584 2791
1596 2769
1580 2792
1584 2792
1595 2769
1579 2792
1585 2792
1594 2769
1578 2792
1585 2793
1594 2768
1577 2792
1578 2793
1586 2793
1585 2794
1577 2793
1577 2791
1578 2794
1585 2795
1576 2793
1576 2791
1577 2790
1578 2795
1584 2795
1576 2790
1578 2796
1583 2795
1575 2790
1579 2796
1582 2795
1583 2796
1579 2797
1581 2795
1582 2794
1579 2798
1581 2794
1582 2793
1578 2798
1583 2793
1582 2792
1577 2798
1577 2799
1577 2800
1578 2800
1576 2800
1578 2801
1575 2800
1578 2802
1575 2801
1577 2802
1578 2803
1575 2802
1578 2804
1575 2803
1578 2805
1575 2804
1574 2804
1575 2805
1573 2804
1575 2806
1573 2805
1575 2807
1572 2805
1573 2806
1576 2807
1575 2808
1572 2806
1577 2807
1571 2806
1578 2807
1570 2806
1579 2807
1569 2806
1570 2807
1580 2807
1579 2806
1569 2807
1569 2805
1581 2807
1569 2808
1569 2804
1582 2807
1570 2804
1583 2807
1571 2804
1570 2803
1583 2808
1583 2806
1571 2803
1570 2802
1583 2809
1584 2806
1584 2809
1582 2809
1585 2806
1584 2805
1581 2809
1586 2806
1584 2804
1581 2810
1586 2807
1586 2805
1580 2810
1581 2811
1587 2807
1580 2811
1582 2811
1581 2812
1588 2807
1587 2808
1581 2813
1588 2806
1582 2813
1580 2813
1589 2806
1588 2805
1580 2814
1579 2814
1688 2681
