658 468
489 358
676 479
515 330
677 496
379 446
492 382
369 452
409 389
378 437
526 366
424 415
383 432
676 475
310 430
526 369
533 373
531 371
528 342
498 359
396 422
513 330
410 423
526 364
432 407
375 436
402 422
386 399
397 366
337 430
398 426
401 382
524 299
672 476
318 426
445 417
490 357
406 388
358 439
681 492
357 435
672 478
402 367
659 461
553 306
636 457
483 382
678 494
317 426
344 426
329 438
437 413
365 444
546 296
538 296
349 401
516 318
423 409
388 400
423 408
472 400
341 407
434 425
344 406
433 414
524 369
321 426
532 375
387 399
670 462
660 471
404 426
668 466
558 446
393 432
420 428
430 393
341 408
526 361
497 360
699 491
383 394
525 335
372 377
484 388
435 412
373 382
487 370
553 305
350 407
513 322
351 434
506 343
672 475
445 419
339 431
493 376
527 366
637 465
389 428
637 467
496 373
521 353
390 392
384 430
429 396
532 298
386 425
534 370
338 407
373 435
483 365
383 429
417 412
692 493
347 434
418 412
411 397
411 421
368 447
364 458
554 301
442 404
349 399
527 369
506 341
414 403
498 353
384 387
370 452
546 295
417 421
384 402
538 289
419 402
540 290
495 377
485 384
315 426
475 396
429 434
493 373
633 469
332 424
475 406
412 403
514 316
452 418
401 368
678 497
480 395
405 368
348 398
503 330
499 352
385 404
478 383
346 433
349 436
474 392
384 431
684 494
305 353
659 471
450 418
471 399
440 408
403 366
407 372
435 414
655 459
406 385
515 346
526 333
522 353
666 459
393 388
516 309
443 406
497 345
520 351
549 308
309 426
418 410
499 348
387 395
410 397
386 434
441 415
514 328
375 439
645 464
371 437
498 361
509 341
348 409
438 395
344 409
683 495
523 304
675 476
435 387
670 458
516 306
382 411
539 294
434 395
501 365
534 369
347 407
332 428
681 495
384 404
517 322
672 464
330 432
660 463
527 363
675 479
473 404
358 428
384 382
374 381
527 333
442 422
431 391
488 351
408 427
542 375
506 340
513 335
485 389
327 439
412 426
539 299
368 450
519 322
416 414
531 369
442 401
359 433
391 394
378 384
394 392
370 447
392 362
351 405
643 463
415 402
353 442
442 409
376 383
393 390
432 409
489 384
472 397
675 467
639 476
408 395
377 454
386 385
517 338
642 463
525 358
397 422
337 431
515 340
632 472
397 365
457 405
666 463
676 492
555 305
460 407
410 404
638 456
452 407
432 434
492 372
525 367
546 297
440 423
533 371
463 414
679 499
533 285
331 428
420 415
431 400
485 366
400 381
489 368
321 429
386 382
425 416
427 401
404 387
431 411
392 434
411 428
670 470
385 395
403 427
547 300
500 357
405 427
479 395
526 365
431 408
498 364
397 362
383 389
359 435
401 427
521 351
372 384
432 410
449 418
432 400
377 444
630 472
474 393
493 366
386 388
304 421
516 319
400 382
302 356
396 425
413 428
660 466
480 393
688 494
488 355
491 373
494 377
547 303
523 303
303 356
343 408
348 424
393 428
402 394
398 428
351 406
515 343
654 469
304 420
476 392
404 386
635 471
353 428
322 431
317 427
495 379
451 418
480 394
520 339
456 403
679 481
473 397
393 434
464 406
530 298
312 421
534 284
351 433
677 479
345 417
515 342
465 412
428 400
418 419
420 411
479 382
385 428
422 409
672 465
352 398
553 297
363 434
424 424
431 392
348 434
483 385
311 424
511 328
381 393
396 430
522 325
677 477
361 443
515 353
370 454
386 404
521 354
489 370
672 459
639 462
420 416
416 410
388 395
389 429
538 298
680 494
669 468
541 377
528 300
343 430
550 308
353 398
529 299
682 482
638 480
512 327
483 449
440 399
385 434
518 308
442 425
343 422
471 396
304 353
349 405
680 497
443 425
468 403
464 414
534 285
417 400
446 419
352 429
669 469
687 494
304 419
343 409
437 420
531 373
504 344
381 441
441 399
382 440
499 354
640 459
537 376
527 365
333 427
394 429
405 374
402 379
333 424
515 339
379 443
315 422
519 326
405 372
502 353
435 391
404 385
330 428
438 399
511 338
458 402
402 391
675 472
436 385
369 435
372 449
343 415
659 469
381 395
695 493
437 408
392 363
667 466
499 356
431 390
426 420
443 399
432 423
385 405
382 435
432 386
403 379
471 398
514 338
461 408
432 411
676 496
361 435
343 413
514 341
407 385
510 326
517 305
424 422
376 445
442 396
303 419
333 432
344 423
669 481
536 299
402 378
403 377
511 339
647 463
527 331
431 386
418 424
448 403
517 308
466 399
414 394
412 401
472 401
504 348
358 438
430 392
411 432
438 396
492 369
585 420
428 395
517 317
660 462
496 345
376 385
379 437
346 396
477 382
535 369
637 461
401 379
412 432
511 337
379 385
484 390
332 426
349 434
649 464
538 378
671 462
433 407
375 384
372 383
458 404
402 366
552 299
638 482
345 397
382 391
532 376
385 389
527 371
658 457
414 401
412 427
466 400
383 388
675 499
376 379
478 391
524 303
319 426
440 415
403 425
435 398
518 353
530 370
410 429
641 451
441 405
324 432
638 464
402 396
429 414
439 407
440 405
456 399
460 412
475 405
421 402
330 426
355 398
361 436
421 414
470 407
519 325
425 414
369 450
420 413
482 391
554 297
418 399
504 332
520 324
550 294
416 404
448 406
555 307
402 389
425 415
399 381
525 307
388 428
663 464
529 342
404 427
686 484
492 380
411 424
326 434
428 399
431 432
370 442
322 430
654 459
525 336
541 374
401 389
385 429
475 400
494 360
526 331
350 431
671 480
384 403
550 304
439 413
439 419
366 432
367 436
537 286
378 443
516 345
394 428
402 385
553 296
427 404
431 414
642 459
527 359
417 403
444 400
354 426
473 398
414 393
503 362
477 399
672 460
438 414
511 336
410 394
398 383
355 401
374 447
351 404
435 423
474 409
503 331
676 488
528 367
357 439
637 464
643 465
346 398
412 400
537 368
523 325
376 455
525 329
549 306
516 316
523 355
541 292
383 386
343 397
373 452
505 349
530 342
439 411
675 495
556 306
377 436
515 306
646 465
652 463
355 428
331 431
498 348
509 340
373 453
636 460
388 394
485 368
517 309
397 386
629 469
426 413
538 290
375 451
432 387
556 297
374 457
524 331
514 332
439 416
351 402
358 437
399 423
341 399
430 434
435 400
413 393
434 428
636 468
401 375
481 382
410 398
346 397
380 445
420 418
340 428
399 382
656 461
394 363
514 330
430 421
348 436
403 389
352 402
526 329
310 421
443 420
477 393
670 479
517 304
321 428
371 440
376 439
519 309
385 382
417 419
435 396
515 313
553 299
392 389
538 295
326 436
340 408
418 409
538 286
435 411
487 351
456 410
384 394
514 336
521 325
412 402
411 423
530 301
415 397
516 344
345 428
672 480
507 340
355 439
506 327
347 413
422 421
316 428
637 460
692 494
438 413
427 420
468 402
422 418
311 422
637 473
518 345
409 394
434 427
444 399
347 408
647 464
494 363
366 445
482 394
374 436
334 422
536 376
348 395
349 409
505 327
504 346
503 365
498 355
482 364
341 428
351 399
520 306
496 379
398 427
383 409
557 297
422 410
410 405
635 467
677 482
346 395
395 363
493 372
546 293
419 411
407 368
393 387
534 373
404 425
679 495
414 396
664 464
446 395
322 429
313 425
482 384
514 320
376 378
487 369
393 433
344 418
519 324
412 428
677 497
412 431
512 322
482 396
418 400
444 396
349 431
467 406
359 437
403 391
531 301
527 368
432 414
417 404
514 352
347 425
389 389
528 369
437 395
347 395
669 462
348 425
475 401
666 466
641 453
424 420
376 451
355 399
499 341
371 452
444 405
409 404
677 499
413 403
385 386
435 402
425 418
642 473
343 428
551 297
339 409
475 399
350 434
528 305
378 444
400 379
349 437
503 364
343 414
403 429
457 401
384 432
484 382
637 462
516 352
396 389
662 464
526 360
541 290
422 411
501 360
442 420
546 294
431 431
375 456
418 408
382 387
460 403
429 388
526 334
492 371
334 427
353 431
339 429
482 392
389 426
516 322
485 385
674 483
335 423
517 350
429 420
382 436
685 484
667 463
486 367
646 464
412 424
529 305
482 365
500 342
492 379
376 453
418 402
628 469
431 409
491 382
331 426
432 398
677 484
441 401
539 290
403 424
416 396
546 303
332 422
472 410
352 434
538 297
638 459
347 420
552 305
400 421
432 425
382 384
420 417
349 402
519 339
338 432
517 328
446 405
701 491
635 469
344 416
494 378
443 405
342 413
677 467
443 419
393 394
441 420
370 455
489 383
348 432
503 360
424 423
439 421
336 423
387 427
390 394
344 411
429 393
434 399
518 339
675 481
469 401
395 428
417 422
371 441
391 428
515 350
305 352
324 433
527 362
335 429
525 368
402 398
364 457
403 367
479 392
552 296
498 373
637 481
387 397
636 458
368 435
672 463
435 401
342 407
434 414
514 351
434 386
517 314
425 417
651 464
535 374
670 465
349 406
524 305
498 365
541 295
641 462
671 459
419 418
406 386
684 493
303 357
674 470
388 426
666 457
506 332
502 351
466 407
404 373
328 433
473 403
638 476
403 372
497 361
518 332
359 440
411 391
675 478
339 432
674 484
676 489
525 359
678 492
480 365
503 344
430 412
377 437
429 400
372 452
678 479
431 426
352 436
485 367
427 403
675 462
405 425
410 432
366 433
501 349
628 467
430 426
502 365
527 343
524 307
430 388
495 360
384 440
554 298
536 297
516 350
311 429
543 375
515 344
417 396
409 429
676 462
683 494
424 403
303 352
675 470
659 463
434 391
685 494
673 473
499 343
403 390
417 414
433 400
499 347
512 328
514 333
457 410
532 287
517 310
358 440
439 417
509 328
437 411
642 465
477 397
442 421
435 422
579 429
681 494
534 371
381 442
501 362
461 415
534 378
551 296
522 354
541 376
498 374
456 406
510 328
325 433
525 333
538 376
450 406
650 465
440 421
494 365
530 329
453 419
514 331
379 383
420 426
346 418
641 473
524 333
449 396
381 438
443 396
346 420
331 430
533 299
448 405
678 491
534 372
528 341
493 359
653 463
303 354
674 467
644 462
393 389
388 424
634 470
638 458
547 299
431 387
680 487
447 418
459 404
371 442
387 385
439 420
526 359
399 421
330 437
496 363
457 408
348 411
546 302
427 402
642 458
310 428
489 386
386 383
524 300
356 427
460 413
436 399
402 382
403 365
362 443
432 421
464 407
468 401
430 395
468 408
352 431
386 394
342 398
530 303
333 423
655 458
517 312
637 472
488 357
527 330
676 499
377 439
669 464
446 400
666 464
485 387
411 400
372 437
395 390
630 474
500 354
362 442
345 419
464 402
456 401
638 472
677 474
337 433
334 432
327 437
398 382
648 462
399 368
670 463
497 363
436 423
371 449
540 294
495 373
363 435
551 307
676 495
382 382
674 466
387 401
333 422
489 367
390 428
554 300
349 398
500 348
430 397
374 378
351 398
430 420
504 364
540 368
330 438
527 336
316 422
500 365
374 437
526 305
429 390
486 391
493 360
515 321
503 363
372 436
350 409
666 455
507 328
464 417
399 426
528 330
360 436
551 299
376 459
527 335
402 377
669 467
455 409
441 422
374 452
407 371
400 368
655 460
386 429
444 419
545 292
661 468
375 457
352 406
323 429
375 458
473 408
484 365
441 423
512 326
416 421
430 401
378 446
485 391
526 367
432 392
315 423
639 454
577 430
466 401
499 344
369 447
405 370
660 467
551 300
671 463
668 454
482 382
385 440
541 375
517 318
362 441
524 339
316 421
422 402
517 349
417 410
352 440
433 408
341 398
344 421
404 372
529 369
410 396
380 442
492 359
640 462
675 469
628 470
402 373
345 413
677 491
438 421
629 473
530 343
658 469
424 421
509 338
668 469
668 455
489 355
657 469
487 384
438 420
429 395
534 377
508 340
476 406
428 427
660 465
315 421
525 339
327 438
455 408
389 396
524 306
368 436
419 424
377 456
423 404
373 377
554 305
499 359
462 414
406 387
370 453
495 381
686 494
505 344
352 426
320 427
386 403
372 446
518 307
493 368
676 485
549 303
420 423
402 384
556 305
402 397
519 331
494 372
382 407
371 443
506 329
350 401
417 420
344 427
355 400
502 361
353 439
411 394
468 407
632 469
405 396
668 462
383 402
681 490
394 431
531 372
380 448
683 484
681 485
385 390
365 442
398 423
435 424
428 413
349 407
463 408
480 364
669 457
527 339
430 400
425 413
457 402
383 406
353 402
348 430
376 443
534 299
430 432
460 406
551 298
519 330
524 355
379 438
670 469
465 417
439 399
381 436
526 370
520 308
673 463
502 362
480 382
406 369
434 393
671 478
447 395
334 425
462 417
674 462
361 437
457 407
547 298
673 477
494 381
509 327
440 422
386 384
406 370
681 482
435 413
637 471
514 349
387 425
428 401
356 439
538 377
387 434
384 434
641 449
517 355
463 416
404 391
427 395
336 430
442 399
314 427
521 328
354 425
379 384
476 391
422 425
525 298
316 429
514 346
364 455
674 479
476 395
446 399
637 458
519 328
488 352
442 400
463 402
366 434
516 321
350 400
365 443
512 336
350 436
331 433
635 468
436 398
366 442
491 381
682 481
493 374
539 368
447 397
472 408
450 396
311 423
655 469
500 364
461 414
681 496
477 380
550 298
485 386
679 496
488 354
402 393
518 352
431 425
374 456
518 325
654 461
344 419
447 404
658 462
434 424
428 394
536 374
412 425
478 397
477 400
381 384
411 404
403 396
510 339
417 402
673 481
357 427
329 433
504 330
637 466
446 418
375 438
334 424
694 493
517 329
696 491
500 350
499 358
676 493
351 436
366 454
428 390
457 411
436 410
380 393
437 424
682 495
331 432
650 464
508 339
452 419
672 473
410 389
393 362
320 426
392 394
672 477
424 416
316 427
511 332
433 422
535 285
673 465
414 421
406 372
437 400
395 365
347 432
430 428
550 307
513 333
555 306
416 423
383 440
661 464
420 414
411 429
517 346
578 430
448 407
525 305
635 470
490 359
442 405
641 461
525 331
334 426
311 425
462 406
494 364
403 428
492 370
630 470
540 369
425 420
424 419
533 287
396 429
481 394
372 435
679 498
364 435
674 472
516 325
490 370
466 408
353 426
491 374
397 426
433 423
492 374
385 432
517 345
463 417
496 435
432 408
382 385
352 407
397 383
464 401
483 366
309 420
328 438
448 418
636 467
516 348
386 428
669 460
404 364
517 327
516 308
436 413
637 474
620 417
499 355
697 491
538 293
657 470
471 395
394 391
350 399
326 432
547 293
322 432
441 424
342 428
345 395
667 456
346 432
515 349
373 380
403 422
420 412
381 412
496 378
382 392
438 398
538 294
520 329
457 406
661 469
362 440
391 396
481 391
372 440
413 431
340 431
418 422
629 474
351 403
395 364
526 328
668 467
304 357
474 399
417 408
496 360
537 287
373 434
654 463
486 368
458 408
676 490
337 435
350 435
386 393
376 456
629 472
435 399
638 477
382 406
373 454
310 427
497 359
481 390
349 397
641 450
499 350
330 433
376 454
517 316
648 463
530 330
642 472
303 353
530 302
516 314
501 341
510 338
685 495
433 432
439 403
440 406
403 423
468 406
350 398
678 499
328 431
384 383
488 384
386 402
373 446
429 389
516 326
415 401
549 304
495 363
326 437
371 439
541 291
407 389
485 388
503 366
379 442
388 392
674 471
680 490
373 449
383 382
406 427
375 437
429 392
331 429
491 359
538 368
359 441
429 394
423 422
344 407
376 446
430 413
446 401
456 402
464 408
518 355
344 424
357 398
368 452
680 481
395 389
679 494
317 421
361 441
475 393
419 423
467 400
327 434
642 464
347 426
436 414
652 464
639 455
346 399
518 338
437 399
476 401
529 330
494 373
397 425
353 436
655 463
321 427
342 399
473 402
420 425
667 482
401 394
373 376
549 294
463 415
467 401
489 385
679 480
450 407
670 459
385 385
514 329
388 423
545 294
578 429
502 354
669 461
676 484
364 444
540 293
541 378
426 418
523 362
670 482
392 428
525 337
503 359
434 392
677 468
478 382
431 429
468 404
431 421
440 404
675 463
381 392
348 428
672 474
385 391
431 398
676 486
490 358
409 391
642 462
400 367
309 419
343 416
637 456
307 421
531 329
471 400
377 383
515 338
682 484
337 432
370 434
503 349
383 390
658 461
500 358
550 306
384 435
421 409
476 394
430 389
433 387
434 426
489 357
334 428
524 328
387 384
682 483
411 420
401 428
417 413
466 410
493 381
389 390
514 345
387 423
384 388
429 427
636 471
476 400
418 414
499 342
671 481
308 421
482 395
529 341
353 438
369 449
501 354
504 347
678 476
444 397
382 405
679 484
429 428
513 336
380 385
417 423
375 379
500 360
452 406
528 306
661 465
641 463
343 421
381 440
352 432
530 369
679 490
445 396
499 345
677 481
412 421
410 430
315 424
533 369
397 387
551 305
346 407
474 407
366 453
526 362
410 428
485 383
347 414
453 405
350 397
414 420
670 481
388 434
466 406
667 470
385 396
428 414
527 304
384 395
407 388
389 391
410 426
687 496
641 452
465 400
533 380
483 384
353 440
639 472
627 467
410 399
424 404
344 408
473 405
516 330
640 453
458 407
400 426
433 424
445 418
533 376
680 486
525 360
534 376
306 420
516 305
309 425
386 400
430 433
395 362
448 404
416 409
375 452
407 427
493 371
656 457
499 351
516 320
392 432
438 397
444 398
404 389
524 336
333 429
383 403
633 470
500 341
348 431
473 393
484 367
443 403
344 417
525 362
550 305
443 407
394 362
520 322
549 293
376 458
379 436
415 395
677 476
335 430
534 287
430 387
347 421
472 395
383 395
473 400
518 304
382 409
471 408
492 368
454 406
536 286
674 463
436 424
513 327
675 475
631 472
366 435
378 439
523 326
500 356
355 427
546 292
697 493
340 429
356 397
433 402
660 470
387 388
439 418
348 410
628 472
539 377
648 464
446 397
396 362
402 376
535 287
533 378
376 384
438 407
397 427
541 293
455 410
529 303
539 286
344 425
403 375
679 483
631 469
676 467
397 429
642 452
525 330
476 393
442 424
499 346
531 300
374 385
526 357
473 410
670 464
390 393
365 455
677 480
352 428
656 458
530 297
676 491
434 402
436 408
654 462
545 300
669 482
450 395
537 374
500 346
497 364
371 446
312 424
496 347
346 413
368 449
315 425
681 486
366 431
391 427
536 373
480 390
432 432
340 430
310 429
474 403
400 366
545 291
680 496
344 428
677 478
500 359
343 429
394 432
366 443
311 426
401 377
389 399
486 393
548 293
459 406
473 406
660 468
430 398
520 354
454 410
439 415
366 436
442 403
345 425
456 398
513 332
628 466
657 461
408 389
422 406
391 395
538 299
430 411
392 435
484 364
641 459
389 397
488 358
490 383
417 424
415 410
354 428
349 432
488 369
679 479
385 439
691 494
688 493
679 497
640 473
640 451
639 473
661 463
672 479
401 421
386 395
515 314
362 435
423 401
423 423
374 455
668 456
371 438
506 342
427 413
343 407
432 429
527 341
518 331
680 485
399 366
437 391
430 429
657 457
358 427
421 412
449 407
439 414
668 482
674 495
347 409
402 427
519 308
477 391
635 458
344 420
443 408
497 373
522 328
490 355
644 464
475 407
678 493
383 441
678 490
459 402
305 420
700 491
436 411
679 491
485 390
374 435
445 404
448 395
396 388
382 410
467 409
409 427
486 387
547 295
376 447
420 402
397 424
534 374
414 428
488 370
671 460
429 391
404 367
476 396
684 492
544 375
425 403
499 353
505 330
434 400
396 365
364 443
637 459
535 299
546 300
453 406
515 316
376 448
337 434
335 428
537 288
435 426
420 424
502 349
396 427
448 417
404 368
480 366
493 367
445 398
342 427
347 428
455 407
382 412
544 294
303 355
346 428
522 305
448 396
527 340
640 475
342 429
344 410
523 361
398 425
478 392
537 375
525 303
434 421
516 307
382 386
676 461
406 368
677 475
400 389
387 389
527 338
528 366
330 427
384 406
398 384
639 475
521 306
517 352
405 373
358 433
413 421
524 329
499 361
437 422
494 366
684 484
332 432
527 305
499 365
338 406
483 367
401 384
445 405
520 326
496 346
404 375
524 362
482 393
424 402
402 383
636 474
524 326
400 384
690 494
387 428
550 303
660 461
473 401
506 331
311 421
554 299
438 404
434 387
428 420
412 393
402 375
386 389
638 479
367 447
508 328
438 409
436 391
403 364
401 426
502 360
346 425
504 349
402 395
375 447
386 401
459 407
462 408
494 379
511 326
430 386
520 328
411 392
440 403
518 330
386 427
521 352
447 401
483 391
409 390
440 407
418 411
437 412
546 301
380 446
420 427
422 419
465 414
309 421
373 383
521 355
388 425
496 361
513 334
639 471
386 398
309 418
495 380
696 493
384 386
445 400
639 459
430 435
505 328
494 380
348 420
527 370
518 354
436 422
672 481
497 346
430 427
527 337
523 329
444 409
374 377
485 369
514 327
371 435
344 397
465 413
670 457
643 464
488 386
517 323
327 433
326 433
529 298
466 409
346 419
395 391
397 385
678 484
533 379
553 304
676 487
389 392
508 338
344 413
371 447
374 384
423 402
381 439
504 345
481 364
481 393
578 428
660 469
429 419
667 462
458 411
410 395
679 482
435 386
636 473
518 322
443 409
673 466
524 356
491 370
336 424
532 300
536 370
486 392
693 493
516 349
669 459
639 474
638 462
433 399
408 371
384 429
419 419
675 468
350 437
668 470
405 424
455 399
669 466
402 368
367 445
318 427
524 335
394 390
344 412
435 395
477 381
435 397
332 431
347 398
666 456
525 338
351 435
680 493
423 419
426 403
486 369
535 286
375 454
380 444
403 373
516 351
645 465
432 424
388 427
459 411
455 400
637 463
397 423
404 396
349 408
527 342
530 300
379 447
463 406
396 387
689 494
374 454
517 315
323 428
500 349
373 379
315 427
438 408
384 390
655 461
451 407
513 346
354 439
633 471
350 433
541 294
488 368
639 456
673 479
415 400
460 414
504 366
388 399
542 294
394 393
524 334
371 455
334 423
424 418
307 420
316 420
531 305
382 394
515 341
474 402
380 438
415 394
555 297
492 381
433 392
540 377
433 421
490 356
514 321
687 493
494 376
450 419
365 433
524 302
506 330
640 450
326 435
471 397
468 405
448 394
458 405
389 424
656 469
665 464
521 326
402 421
459 412
667 465
516 338
480 392
372 455
389 395
478 399
680 484
312 425
379 448
345 407
525 366
530 305
502 350
456 411
484 391
393 430
397 384
407 370
519 329
529 300
457 403
429 429
494 368
377 385
439 412
517 311
516 346
524 301
459 403
373 381
436 409
479 393
465 401
393 393
666 458
532 370
629 475
505 348
488 385
372 380
420 410
394 430
356 400
439 395
337 436
422 426
536 369
522 351
512 332
349 396
475 398
381 437
444 418
477 398
531 370
410 427
396 428
304 354
494 369
476 380
408 404
538 288
390 395
523 327
490 385
401 380
314 425
409 395
436 386
460 408
374 379
516 347
446 404
525 308
506 328
386 397
553 303
443 400
339 407
630 469
353 437
526 339
643 462
630 471
339 408
455 406
547 297
673 476
521 305
532 373
469 400
628 468
524 325
523 328
376 444
382 408
491 383
432 433
387 426
405 385
456 397
421 426
404 388
410 391
669 456
415 403
413 420
522 355
416 400
343 406
369 451
358 434
377 435
670 480
516 327
515 329
696 492
435 392
476 397
388 389
430 425
354 398
302 357
680 492
410 400
438 410
418 401
384 433
473 407
371 448
524 357
402 426
525 369
360 441
544 374
483 364
532 374
432 399
380 384
675 484
411 422
504 362
519 323
525 299
379 444
423 407
548 303
661 471
538 367
523 354
513 321
384 405
449 406
333 428
525 357
528 332
457 412
381 394
348 427
640 452
640 454
350 432
507 338
536 298
548 298
351 407
422 420
527 303
506 344
415 396
435 394
520 323
549 298
405 386
414 404
385 387
367 453
421 418
342 397
498 346
374 446
347 430
348 429
415 421
533 298
383 411
465 407
377 443
412 422
487 393
359 436
449 417
402 392
518 317
671 482
432 426
433 433
475 402
485 382
430 399
430 396
666 465
416 420
356 398
439 404
367 452
388 388
486 384
529 304
520 305
373 456
365 454
350 402
533 381
323 432
519 354
527 332
353 427
699 490
378 383
684 495
449 394
417 409
535 378
492 376
401 369
369 448
666 460
403 374
504 331
682 485
534 381
683 483
639 451
520 307
543 294
551 308
677 473
364 456
351 432
638 481
636 456
525 332
383 435
328 432
471 407
550 296
674 473
352 430
442 402
370 435
493 375
373 384
363 443
545 375
398 366
411 403
435 393
400 380
310 426
488 353
455 401
527 364
555 299
537 369
385 397
531 298
410 431
365 435
385 425
348 421
353 441
389 398
403 385
433 410
687 495
365 445
387 396
523 305
483 383
517 313
421 411
471 409
517 330
537 299
446 396
353 397
358 435
510 336
376 436
428 402
325 436
638 478
676 481
470 400
396 426
441 403
411 393
441 396
677 495
430 414
423 406
402 380
531 330
701 490
514 337
431 430
437 394
515 352
473 409
352 401
343 423
677 498
464 418
464 419
464 420
464 421
463 421
464 422
464 423
465 423
466 423
465 424
467 423
465 425
468 423
464 425
469 423
468 424
463 425
470 423
463 426
471 423
463 427
472 423
464 427
463 428
473 423
472 424
463 429
474 423
463 430
475 423
474 424
462 430
476 423
474 425
461 430
462 431
476 424
473 425
474 426
462 432
477 424
461 432
462 433
478 424
460 432
461 433
578 427
478 425
459 432
380 401
461 434
479 425
478 426
458 432
459 433
459 431
460 434
461 435
477 426
478 427
458 433
461 436
479 427
457 433
461 437
479 428
456 433
457 434
462 437
460 437
480 428
479 429
455 433
463 437
462 438
459 437
460 438
480 429
479 430
455 434
455 432
463 438
463 436
479 431
454 434
455 435
463 439
478 431
479 432
455 436
463 440
478 432
479 433
456 436
464 440
462 440
480 433
479 434
457 436
465 440
464 441
479 435
458 436
466 440
464 442
480 435
479 436
466 441
464 443
480 436
478 436
466 442
464 444
481 436
478 437
467 442
464 445
482 436
481 437
477 437
468 442
463 445
483 436
469 442
468 443
462 445
463 446
484 436
483 437
469 443
462 446
462 444
484 437
484 435
483 438
469 444
462 447
461 444
485 437
484 434
483 439
462 448
461 443
486 437
485 434
482 439
463 448
461 442
486 438
486 434
485 433
464 448
463 449
462 442
461 441
487 438
486 439
487 434
486 433
485 432
465 448
463 450
487 439
486 440
486 432
484 432
466 448
465 447
464 450
463 451
488 439
486 441
483 432
466 449
462 451
489 439
485 441
482 432
467 449
461 451
490 439
485 442
482 431
468 449
467 450
460 451
490 438
485 443
468 450
460 452
460 450
490 437
486 443
469 450
468 451
460 453
490 436
487 443
486 444
470 450
459 453
460 454
491 436
490 435
487 444
487 442
486 445
470 451
470 449
458 453
461 454
460 455
492 436
491 435
490 434
487 445
486 446
471 451
470 452
471 449
457 453
461 455
460 456
492 437
491 434
485 446
472 451
469 452
456 453
462 455
459 456
460 457
493 437
491 433
484 446
473 451
621 423
458 456
461 457
460 458
494 437
491 432
484 447
474 451
457 456
458 455
461 458
495 437
491 431
483 447
475 451
456 456
457 457
461 459
495 436
492 431
491 430
482 447
455 456
456 457
456 455
461 460
496 436
493 431
490 430
481 447
454 456
462 460
497 436
493 432
493 430
490 429
480 447
481 448
481 446
453 456
462 461
497 437
497 435
494 430
479 447
480 448
480 446
481 445
453 457
463 461
462 462
497 438
498 435
495 430
480 449
463 462
461 462
497 439
499 435
496 430
495 431
495 429
480 450
464 462
461 463
496 439
500 435
497 430
496 429
495 432
480 451
460 463
496 428
495 433
481 451
479 451
460 464
497 428
482 451
481 452
478 451
459 464
498 428
483 451
481 453
477 451
458 464
484 451
483 450
482 453
480 453
477 450
457 464
458 463
485 451
484 450
479 453
480 454
477 449
456 464
457 465
458 462
485 452
485 450
480 455
477 448
455 464
459 462
458 461
486 452
480 456
476 448
454 464
455 465
487 452
486 453
480 457
475 448
453 464
488 452
487 453
487 451
486 454
479 457
480 458
474 448
475 449
489 452
487 454
487 450
486 455
478 457
489 453
488 454
487 455
487 449
485 455
477 457
488 455
487 456
488 449
486 449
487 448
476 457
488 456
487 457
489 449
488 448
487 447
476 458
486 457
490 449
489 450
476 459
490 450
490 448
475 459
476 460
490 451
475 460
476 461
491 451
474 460
475 461
477 461
491 452
474 461
477 462
492 452
478 462
493 452
492 453
478 463
494 452
478 464
495 452
479 464
478 465
496 452
495 453
480 464
477 465
478 466
497 452
495 454
476 465
479 466
498 452
496 454
475 465
476 464
480 466
479 467
498 453
498 451
496 455
475 466
475 464
476 463
481 466
479 468
499 453
474 466
475 467
482 466
480 468
478 468
500 453
474 467
475 468
483 466
480 469
477 468
501 453
474 468
476 468
484 466
481 469
477 469
502 453
501 454
473 468
476 469
484 467
484 465
481 470
477 470
502 454
502 452
472 468
473 469
484 468
481 471
478 470
503 454
502 451
471 468
484 469
504 454
503 455
503 451
470 468
471 469
485 469
504 453
503 456
504 451
503 450
470 469
470 467
486 469
504 456
503 449
470 470
487 469
486 468
504 457
502 449
503 448
469 470
470 471
487 470
486 467
505 457
503 447
469 471
471 471
470 472
487 467
506 457
503 446
468 471
488 467
507 457
468 472
489 467
508 457
507 456
468 473
490 467
509 457
508 458
507 455
467 473
468 474
490 468
490 466
510 457
509 458
508 459
507 454
467 474
469 474
468 475
491 466
511 457
510 458
509 459
507 459
508 454
506 454
470 474
469 475
468 476
492 466
511 456
508 453
506 453
471 474
468 477
493 466
492 467
512 456
508 452
506 452
469 477
468 478
494 466
492 468
513 456
512 455
506 451
467 478
468 479
495 466
494 465
492 469
514 456
513 457
512 454
506 450
467 479
469 479
496 466
495 467
494 464
515 456
514 455
513 454
506 449
467 480
470 479
497 466
493 464
516 456
514 454
513 453
506 448
471 479
470 480
470 478
497 467
497 465
516 457
514 453
507 448
506 447
470 481
497 464
516 458
508 448
506 446
471 481
469 481
497 463
516 459
508 449
507 446
472 481
469 482
497 462
516 460
508 446
473 481
469 483
497 461
517 460
509 446
474 481
470 483
469 484
496 461
518 460
509 445
475 481
474 482
471 483
470 484
469 485
519 460
518 461
518 459
510 445
509 444
475 482
475 480
471 484
468 485
519 459
518 462
518 458
511 445
509 443
475 483
475 479
467 485
468 486
519 462
518 463
518 457
512 445
509 442
476 483
475 484
476 479
466 485
520 462
512 444
508 442
509 441
475 485
477 479
476 478
465 485
466 484
521 462
520 463
513 444
507 442
508 441
476 485
475 486
478 479
477 478
521 463
520 464
514 444
507 441
477 485
475 487
479 479
478 478
521 464
515 444
506 441
478 485
474 487
475 488
480 479
478 477
522 464
515 443
506 440
473 487
480 478
523 464
522 465
516 443
506 439
480 477
524 464
522 466
516 442
507 439
505 439
481 477
524 463
523 466
522 467
517 442
516 441
508 439
481 476
524 462
524 466
523 467
518 442
516 440
509 439
482 476
481 475
525 462
525 466
518 441
510 439
483 476
526 462
525 465
518 440
511 439
484 476
527 462
526 461
519 440
484 475
527 463
527 461
520 440
527 464
527 460
521 440
520 441
526 464
527 465
527 459
522 440
521 439
528 459
526 459
527 458
523 440
521 438
529 459
528 458
526 458
527 457
524 440
522 438
521 437
530 459
526 457
527 456
524 441
522 437
520 437
526 456
527 455
525 441
524 442
522 436
528 455
523 442
524 443
523 436
528 454
522 442
524 436
523 435
529 454
521 442
524 435
523 434
530 454
529 453
525 435
522 434
523 433
531 454
529 452
526 435
525 434
532 454
531 453
530 452
528 452
526 436
526 434
533 454
527 434
534 454
533 455
528 434
534 453
529 434
535 453
534 452
530 434
529 435
536 453
535 452
533 452
534 451
531 434
536 454
535 451
532 452
534 450
532 434
531 433
535 450
532 451
532 435
532 433
531 432
535 449
531 451
533 433
531 431
536 449
535 448
531 450
534 433
537 449
530 450
534 434
534 432
537 450
530 449
535 432
538 450
537 451
530 448
536 432
539 450
537 432
536 433
540 450
539 449
537 433
537 431
541 450
540 451
539 448
538 431
540 448
538 448
539 431
538 430
541 448
540 447
540 431
540 446
541 431
540 430
539 446
540 445
541 430
539 445
541 445
541 429
538 445
542 445
541 444
541 428
537 445
543 445
542 444
541 427
544 445
543 446
542 443
542 427
541 426
545 445
543 447
543 427
542 426
541 425
545 444
544 447
544 427
543 428
543 426
541 424
545 443
545 447
544 428
541 423
546 443
545 442
546 447
544 429
541 422
546 442
544 430
541 421
546 441
545 430
543 430
542 421
540 421
541 420
546 440
546 430
540 420
541 419
547 440
546 431
546 429
539 420
541 418
548 440
547 431
546 432
546 428
538 420
539 419
541 417
548 441
547 432
545 432
547 428
537 420
538 419
549 441
548 442
547 433
544 432
548 428
537 419
548 443
548 433
543 432
544 433
549 428
548 429
548 427
537 418
549 443
548 434
544 434
550 428
549 427
548 426
536 418
537 417
550 443
543 434
550 427
547 426
535 418
537 416
551 443
550 444
542 434
543 435
551 427
550 426
535 417
538 416
552 443
551 444
542 435
542 433
543 436
552 427
551 426
534 417
539 416
552 442
552 428
552 426
533 417
540 416
553 442
553 426
552 425
532 417
533 416
554 442
553 441
553 425
531 417
532 418
554 443
553 440
554 425
553 424
530 417
532 419
555 443
554 440
555 425
554 424
553 423
529 417
530 418
530 416
532 420
556 443
555 440
554 439
556 425
555 426
555 424
553 422
528 417
530 415
532 421
557 443
556 444
556 440
555 439
557 425
555 427
554 422
553 421
527 417
531 415
529 415
531 421
556 445
555 438
558 425
553 420
526 417
527 418
527 416
532 415
531 414
531 422
557 445
556 446
559 425
552 420
553 419
527 419
527 415
531 413
531 423
558 445
557 446
555 446
560 425
559 426
559 424
551 420
553 418
527 420
527 414
532 423
559 445
558 444
557 447
554 446
561 425
550 420
554 418
527 413
533 423
560 445
559 444
557 448
553 446
562 425
561 426
561 424
550 421
550 419
555 418
526 413
561 445
559 443
557 449
552 446
562 424
561 427
549 419
556 418
555 419
525 413
526 412
561 446
560 443
559 442
557 450
562 423
562 427
557 418
556 419
555 420
525 414
526 411
562 446
560 442
558 450
556 450
563 423
563 427
562 428
558 418
524 414
525 415
527 411
525 411
563 446
562 447
561 442
560 441
559 450
556 451
564 423
564 427
563 426
558 417
529 436
527 410
563 447
563 445
561 441
559 451
556 452
564 424
564 422
564 428
564 426
559 417
527 409
564 447
564 445
561 440
557 452
556 453
564 421
528 409
526 409
565 447
556 454
565 421
563 421
528 408
566 447
556 455
566 421
528 407
566 448
556 456
566 422
527 407
566 449
557 456
556 457
567 422
566 423
527 406
567 449
558 456
557 457
555 457
556 458
567 423
566 424
558 457
558 455
555 458
556 459
567 424
566 425
554 458
556 460
568 424
556 461
568 425
557 461
555 461
569 425
557 462
555 462
570 425
569 426
558 462
554 462
570 426
570 427
570 428
571 428
569 428
571 429
572 429
573 429
573 428
574 428
575 428
575 429
575 427
575 430
576 427
576 430
576 426
636 466
576 425
369 437
577 425
369 439
577 424
369 438
370 438
578 424
577 423
698 491
579 424
578 423
576 423
580 424
579 423
575 423
581 424
574 423
575 422
581 425
574 422
575 421
582 425
574 421
583 425
574 420
583 426
583 424
573 420
574 419
584 426
584 424
574 418
584 427
584 423
573 418
574 417
584 428
584 422
573 417
584 429
584 421
573 416
585 429
585 421
573 415
586 429
585 430
586 421
574 415
573 414
587 429
587 421
575 415
574 414
572 414
588 429
587 428
588 421
574 413
589 429
588 430
590 429
588 431
591 429
589 431
587 431
588 432
591 430
591 428
587 432
588 433
591 431
591 427
588 434
591 432
592 427
590 427
592 432
593 432
593 433
593 434
594 434
592 434
595 434
591 434
596 434
595 435
591 435
597 434
596 435
595 436
598 434
597 433
595 437
597 432
598 432
599 432
600 432
599 433
599 431
601 432
600 433
599 430
601 433
601 431
599 429
601 434
600 429
598 429
601 435
601 429
600 428
598 428
601 436
602 429
597 428
600 436
601 437
602 430
602 428
596 428
597 427
602 437
601 438
602 427
597 426
600 438
601 439
603 427
602 426
596 426
602 439
604 427
602 425
595 426
596 425
602 440
605 427
604 428
602 441
606 427
605 426
602 442
607 427
606 428
605 425
602 443
606 429
606 425
601 443
602 444
605 429
606 430
607 425
600 443
603 444
602 445
607 430
606 431
607 424
599 443
602 446
605 431
606 432
607 423
599 444
603 446
601 446
604 431
607 432
608 423
607 422
598 444
604 446
603 447
608 432
606 422
598 445
605 446
603 448
609 432
608 433
606 421
597 445
605 447
605 445
604 448
602 448
610 432
606 420
597 446
605 448
605 444
611 432
610 431
607 420
606 419
597 447
605 449
612 432
608 420
607 419
598 447
597 448
606 449
605 450
613 432
612 433
609 420
607 418
598 448
607 449
605 451
614 432
612 434
609 419
607 417
607 450
607 448
606 451
604 451
614 433
614 431
613 434
610 419
606 417
608 448
607 447
604 452
615 431
610 418
606 416
609 448
608 447
604 453
615 430
610 417
605 416
610 448
605 453
604 454
616 430
611 417
604 416
611 448
610 449
603 454
617 430
612 417
603 416
612 448
611 447
602 454
603 455
618 430
613 417
602 416
603 417
611 446
601 454
603 456
618 429
613 418
613 416
601 416
602 415
611 445
600 454
601 453
602 456
603 457
618 428
613 415
602 414
612 445
610 445
611 444
600 453
603 458
614 415
612 415
603 414
602 413
613 445
611 443
599 453
604 458
615 415
614 414
611 415
612 414
601 413
602 412
614 445
611 442
605 458
616 415
615 416
615 414
614 413
610 415
600 413
602 411
614 446
611 441
606 458
605 459
617 415
614 412
610 414
600 412
602 410
615 446
614 447
611 440
605 460
617 416
610 413
600 411
603 410
602 409
615 447
611 439
605 461
617 417
600 410
604 410
601 409
602 408
616 447
615 448
612 439
611 438
604 461
618 417
617 418
605 410
617 447
615 449
610 438
611 437
619 417
369 440
606 410
605 411
618 447
615 450
609 438
612 437
611 436
619 418
607 410
606 411
606 409
605 412
619 447
615 451
619 419
607 409
606 408
619 448
615 452
620 419
619 420
608 409
605 408
606 407
620 448
616 452
614 452
619 421
609 409
607 407
617 452
616 453
613 452
620 421
618 421
607 406
618 452
616 454
612 452
621 421
608 406
618 451
617 454
611 452
622 421
608 405
617 455
622 422
608 404
618 455
622 423
609 404
607 404
608 403
619 455
623 423
610 404
609 403
606 404
619 456
619 454
624 423
609 402
605 404
606 403
619 457
624 422
610 402
606 402
620 457
624 421
607 402
606 401
621 457
625 421
605 401
621 458
626 421
605 400
622 458
626 422
605 399
623 458
627 422
604 399
623 459
628 422
627 423
603 399
623 460
629 422
603 398
624 460
623 461
629 421
602 398
625 460
624 461
623 462
630 421
629 420
602 397
625 459
624 462
622 462
631 421
628 420
602 396
626 459
621 462
622 463
632 421
628 419
602 395
627 459
626 458
621 461
622 464
632 422
627 419
602 394
626 457
620 461
621 460
623 464
622 465
633 422
627 418
627 457
619 461
624 464
622 466
633 423
626 418
627 417
627 456
621 466
622 467
633 424
628 417
627 416
627 455
620 466
622 468
634 424
633 425
628 416
626 416
627 454
619 466
622 469
634 425
632 425
629 416
626 415
628 454
626 454
619 467
621 469
622 470
635 425
634 426
631 425
629 415
626 414
629 454
626 453
619 468
623 470
634 427
631 424
629 414
626 413
629 455
629 453
618 468
619 469
624 470
625 413
629 456
629 452
619 470
624 471
624 469
624 413
630 452
620 470
625 469
624 412
630 451
626 469
623 412
631 451
630 450
626 468
627 468
345 394
344 394
345 393
343 394
346 393
345 392
342 394
346 392
344 392
341 394
342 395
347 392
343 392
340 394
347 391
339 394
340 393
347 390
339 395
348 390
346 390
338 395
349 390
348 389
345 390
337 395
345 389
336 395
345 388
336 394
344 388
336 393
343 388
344 387
336 392
335 392
334 392
334 391
334 390
334 389
333 389
334 388
333 388
335 388
333 387
336 388
335 387
333 386
337 388
336 389
335 386
332 386
333 385
333 384
334 384
333 383
332 383
331 383
330 383
329 383
330 384
330 382
328 383
329 382
330 385
330 381
329 385
330 386
328 385
329 386
328 386
328 387
327 387
328 388
327 388
329 388
329 389
329 390
329 391
330 391
329 392
331 391
331 392
331 393
331 394
331 395
331 396
330 396
329 396
328 396
327 396
326 396
325 396
326 397
326 395
324 396
325 395
326 394
324 397
324 395
323 397
324 398
324 394
325 398
324 399
324 393
324 400
325 393
323 393
324 392
325 400
323 400
324 401
325 392
322 393
326 400
324 402
326 392
322 392
324 403
327 392
326 391
321 392
325 403
324 404
327 393
320 392
325 404
320 393
320 391
325 405
320 394
320 390
319 394
319 390
319 395
318 390
318 395
319 396
318 391
318 389
317 395
319 397
317 391
318 392
318 388
316 395
320 397
318 397
317 392
319 388
317 388
318 387
315 395
318 398
316 392
319 387
316 388
318 386
314 395
315 394
318 399
320 387
319 386
313 395
314 394
318 400
312 395
313 394
314 393
319 400
317 400
311 395
312 396
319 401
316 400
311 394
312 397
320 401
319 402
315 400
316 399
310 394
313 397
312 398
319 403
314 400
310 393
320 403
319 404
314 399
310 392
320 404
314 398
309 392
310 391
308 392
307 392
308 393
307 391
307 390
308 390
306 390
307 389
309 390
309 389
309 388
309 387
310 387
311 387
311 388
311 386
311 389
312 386
313 386
314 386
314 385
314 384
314 383
314 382
313 382
314 381
312 382
315 381
316 381
317 381
316 382
318 381
317 380
316 383
318 382
317 379
317 383
316 384
319 382
317 378
320 382
320 381
320 380
321 380
320 379
322 380
321 379
320 378
322 381
321 378
319 378
322 382
322 378
319 377
323 378
324 378
323 377
324 377
325 377
326 377
326 378
326 376
327 378
326 379
327 376
326 375
327 379
326 374
327 374
325 374
326 373
324 374
326 372
323 374
327 372
322 374
328 372
322 373
329 372
321 373
330 372
321 372
331 372
320 372
321 371
319 372
318 372
318 371
317 371
316 371
317 370
315 371
317 369
314 371
315 370
318 369
316 369
317 368
313 371
314 372
317 367
312 371
313 370
317 366
312 372
317 365
311 372
312 373
318 365
317 364
310 372
313 373
312 374
319 365
310 371
311 374
312 375
320 365
319 366
310 370
311 375
320 366
311 370
309 370
310 375
311 376
311 369
309 375
310 376
311 368
308 375
311 367
307 375
308 374
311 366
307 376
311 365
307 377
311 364
308 377
312 364
310 364
311 363
308 378
313 364
309 364
311 362
309 378
308 379
314 364
308 364
311 361
309 379
307 379
315 364
307 364
312 361
310 361
307 380
306 364
313 361
307 381
306 363
313 360
307 382
306 362
313 359
307 383
313 358
307 384
314 358
312 358
313 357
315 358
316 358
316 357
317 357
316 356
316 355
317 355
315 355
316 354
314 355
313 355
313 354
313 353
312 353
311 353
312 352
310 353
311 354
312 351
310 354
311 355
313 351
309 354
310 355
314 351
308 354
310 356
314 350
308 355
308 353
309 356
314 349
307 353
306 353
307 352
380 395
379 395
380 396
378 395
379 396
379 394
380 397
380 398
381 398
380 399
379 399
380 400
483 394
