301 411
403 417
415 354
337 534
304 435
400 426
418 438
393 511
410 399
410 398
382 509
294 430
345 519
372 450
343 424
410 402
387 315
400 370
399 463
408 354
402 378
439 432
310 421
318 421
406 367
414 316
308 431
345 422
295 526
394 509
403 316
402 473
372 459
380 421
374 507
396 314
302 461
361 513
347 518
427 424
377 404
408 460
303 539
376 512
289 456
437 399
307 431
342 421
435 404
299 413
409 402
397 506
287 431
380 419
348 532
399 497
309 534
323 457
412 428
394 402
355 551
322 538
297 428
322 542
328 428
385 312
398 494
377 512
292 458
373 341
405 377
391 446
396 320
370 514
337 429
380 533
380 342
448 398
417 441
322 427
407 389
314 543
355 558
359 553
403 455
287 436
393 510
375 398
449 390
307 424
403 470
289 436
407 346
395 510
415 349
435 406
405 525
439 431
306 539
383 349
399 409
404 313
352 532
402 373
434 393
407 384
373 529
291 519
404 435
428 387
408 456
370 419
444 398
407 457
406 360
407 383
394 328
400 376
372 349
342 521
353 545
404 501
314 546
349 545
348 523
306 427
401 463
315 455
355 530
375 516
373 508
428 406
398 407
293 434
430 422
404 383
411 357
437 400
367 458
363 518
435 403
368 460
290 438
407 349
378 348
318 450
405 521
340 525
387 422
324 539
415 373
306 534
340 417
362 521
400 483
361 417
300 412
311 421
313 459
412 361
402 381
291 426
376 454
298 430
389 348
343 426
425 430
360 511
396 474
404 427
405 435
397 412
431 421
397 474
408 320
416 373
413 367
368 419
429 413
375 397
303 453
342 425
334 427
370 412
362 526
371 514
391 425
369 510
398 485
376 395
431 404
409 318
423 403
326 422
304 419
335 539
291 540
402 470
361 522
408 432
380 361
395 477
348 531
319 548
358 558
322 543
297 539
362 518
409 359
408 359
384 311
297 413
381 417
389 478
371 515
359 513
295 430
404 472
304 446
335 427
401 491
287 441
349 518
431 409
430 406
289 435
445 391
383 348
389 309
417 355
318 419
391 477
416 429
293 531
330 539
394 447
374 342
313 537
308 416
418 366
405 450
361 514
381 416
381 352
434 419
334 539
412 399
286 436
337 541
370 451
432 415
399 475
423 404
406 383
377 342
415 434
364 455
308 534
399 510
403 501
366 522
426 367
435 405
376 455
412 398
415 402
408 429
311 459
365 462
407 387
375 509
408 349
304 416
451 388
352 536
365 515
405 453
412 351
332 428
410 521
391 422
403 427
323 415
397 411
381 511
409 379
347 520
339 426
376 358
299 542
413 371
404 411
345 517
330 541
348 530
362 522
399 347
428 384
357 513
408 318
374 409
378 419
392 318
312 534
354 516
351 532
426 384
346 518
270 303
380 360
405 518
407 382
399 458
407 524
388 345
365 460
374 514
338 534
410 355
434 392
389 504
436 432
399 527
355 514
435 392
387 348
344 535
296 435
354 541
344 517
393 331
400 463
369 519
309 441
408 347
416 406
323 414
330 540
396 403
314 454
388 348
388 335
412 397
407 411
397 510
420 409
366 523
409 456
366 510
324 542
390 318
403 418
401 379
292 522
319 450
416 433
396 326
281 456
398 418
405 345
411 403
411 425
415 317
350 541
333 538
300 419
325 416
329 540
397 425
395 471
354 547
306 445
410 363
393 342
404 526
394 404
310 418
318 537
321 538
397 419
288 428
316 449
384 419
314 537
290 433
430 391
365 417
347 531
365 522
428 411
321 428
386 483
398 498
386 476
406 455
399 523
428 397
394 399
404 429
364 515
295 425
397 409
302 412
309 535
390 476
422 407
438 401
307 461
284 457
404 422
321 542
427 401
325 451
425 367
405 431
407 413
448 397
291 539
407 522
375 453
363 416
397 459
410 409
427 431
396 480
438 433
436 392
378 532
324 417
352 538
399 365
396 447
287 457
307 415
301 455
382 416
394 334
299 417
305 422
434 420
399 375
400 347
308 456
340 523
346 527
320 427
314 447
373 444
391 475
366 458
297 432
391 339
400 484
375 449
389 477
410 429
390 331
323 430
430 409
328 429
369 459
365 455
413 357
411 349
420 401
298 420
448 387
450 388
400 513
426 368
372 453
295 458
429 414
304 535
363 452
335 428
378 433
433 369
371 505
288 432
294 461
314 446
380 341
321 549
430 366
349 523
428 389
293 544
346 532
298 457
335 536
341 424
310 534
370 423
440 392
307 544
400 487
401 478
357 559
400 526
434 366
319 454
360 526
387 344
308 537
396 420
373 404
393 328
431 411
369 516
428 383
391 424
308 439
385 423
374 529
395 336
434 414
384 421
295 288
416 436
432 396
354 552
423 397
400 315
430 421
400 481
375 396
397 347
359 524
294 432
363 519
407 386
321 547
405 502
395 337
357 524
354 514
414 427
368 510
322 547
348 519
308 544
326 431
367 459
437 398
402 497
415 436
347 546
377 529
289 460
373 409
362 516
423 407
308 533
373 408
311 420
309 442
320 451
354 512
417 432
434 412
374 346
342 426
314 459
290 545
404 527
315 541
435 414
404 382
367 510
404 474
293 539
320 450
411 369
317 424
391 476
315 454
289 432
320 417
416 366
289 535
287 538
383 350
295 531
327 413
407 455
390 348
408 396
382 517
338 526
400 501
288 532
397 515
407 523
407 320
411 348
398 373
426 366
309 544
376 411
297 528
367 417
351 541
342 424
377 350
398 492
384 534
289 430
354 548
415 408
320 548
295 428
406 417
317 422
395 406
405 432
375 355
429 419
293 426
337 421
446 389
405 422
363 462
417 426
306 428
404 468
296 432
412 453
428 396
378 413
294 435
408 378
397 422
400 447
299 455
374 410
400 505
421 409
304 415
376 529
379 538
376 359
433 430
424 407
373 397
303 437
314 445
446 387
408 427
414 398
345 419
398 474
416 372
329 538
355 557
402 472
384 533
395 473
393 333
388 422
404 528
308 436
399 525
326 429
429 387
293 429
313 543
303 434
411 368
315 453
360 463
402 475
403 378
385 353
387 350
388 477
291 425
408 428
299 540
386 504
321 426
369 528
385 349
298 540
345 527
288 456
306 538
427 403
402 429
295 412
432 411
397 420
380 420
400 475
409 354
326 456
411 355
424 365
436 405
375 510
398 457
401 376
410 354
425 409
326 537
380 535
396 497
302 410
409 319
358 559
313 420
415 353
317 420
337 430
346 533
412 373
297 527
354 549
304 417
412 408
363 520
340 529
296 527
371 419
445 396
407 527
373 403
387 476
417 427
299 459
409 411
389 508
402 482
377 531
345 420
407 319
427 397
376 347
353 533
402 474
398 369
391 318
382 534
401 366
405 514
373 421
398 317
317 421
316 546
375 399
302 288
413 317
331 541
410 395
347 419
311 544
397 423
289 537
404 317
404 473
410 362
421 408
401 457
313 544
408 352
404 379
374 509
315 421
416 400
436 407
313 533
424 405
372 421
394 396
292 521
391 314
399 506
347 535
411 346
383 533
401 384
308 424
337 424
383 453
297 424
433 409
399 485
400 455
306 417
288 535
402 455
397 314
307 422
354 518
405 524
324 431
353 557
397 478
411 393
364 523
352 541
311 534
363 415
414 429
374 421
395 326
393 329
378 530
359 526
413 370
416 430
405 520
368 462
404 413
382 516
367 512
375 450
413 429
414 401
316 457
428 388
305 434
415 438
287 539
375 352
400 498
323 416
414 317
367 460
404 455
373 416
289 439
407 391
430 384
437 389
395 447
401 412
391 308
315 542
337 427
378 509
413 453
356 551
309 422
299 538
394 413
414 403
399 369
431 419
412 371
411 352
297 540
401 448
436 389
356 558
299 420
381 351
376 404
304 411
354 515
373 452
366 417
292 525
412 357
402 363
390 305
407 359
379 352
316 548
433 408
394 470
394 326
292 459
308 435
399 454
371 325
287 458
428 403
352 535
312 447
397 400
405 526
303 460
319 417
406 427
426 397
363 521
415 437
373 410
434 421
428 430
304 537
400 486
344 534
295 539
318 424
285 436
411 371
297 410
297 542
397 408
398 454
394 401
404 469
343 535
396 449
360 513
397 399
396 424
396 323
298 542
405 433
397 497
410 358
435 417
405 452
397 454
407 393
319 537
283 456
319 449
396 401
414 373
328 539
376 403
390 425
299 539
399 516
342 531
344 526
385 483
338 537
313 534
288 439
401 452
305 534
399 372
310 444
383 513
393 406
399 512
397 338
409 413
358 553
408 393
345 518
391 511
406 432
368 509
336 537
431 413
386 455
327 421
423 398
406 379
296 412
403 518
319 451
393 341
289 528
374 403
392 347
357 551
379 360
428 369
317 548
439 394
373 406
369 451
380 414
372 448
436 403
390 477
413 373
434 416
378 406
447 388
401 458
369 413
415 435
290 437
376 397
369 462
397 407
385 455
370 414
402 452
400 365
402 471
300 414
389 476
378 351
300 539
292 435
408 457
389 481
410 428
407 433
344 425
385 422
389 509
372 514
290 543
320 426
304 460
389 308
334 538
379 419
412 352
424 404
325 418
298 428
382 415
296 540
375 342
433 412
365 517
415 357
398 400
375 410
405 347
382 351
305 420
294 427
405 378
294 526
411 347
315 448
415 356
396 501
376 508
300 407
401 492
293 462
363 463
401 378
317 456
435 421
394 320
379 416
395 412
440 396
286 437
301 412
400 488
422 403
412 366
417 371
428 394
400 424
390 506
338 418
308 536
289 524
399 417
397 486
423 366
378 407
313 539
409 450
289 534
426 428
405 503
328 540
369 461
379 531
425 404
306 460
340 533
404 452
394 480
291 545
291 459
396 515
415 404
419 365
405 516
440 400
428 410
450 397
330 538
317 423
360 516
437 403
343 521
395 475
375 356
289 542
374 420
398 499
302 458
381 535
384 312
352 509
303 535
338 424
400 478
439 395
406 359
295 530
409 365
414 349
432 366
376 412
413 316
390 320
449 397
393 334
315 457
370 420
289 527
307 443
430 387
404 347
294 524
309 444
364 516
400 525
365 452
445 399
416 374
405 519
403 362
382 349
403 474
406 319
320 537
410 371
414 452
390 421
405 429
384 535
424 366
395 347
325 457
378 541
384 420
367 452
379 414
375 414
401 473
396 406
411 449
298 429
291 437
400 316
394 400
373 407
432 421
302 417
429 369
315 548
408 367
333 430
409 380
374 524
398 314
295 413
399 491
403 467
374 418
429 422
410 364
363 511
306 446
303 417
393 400
438 392
394 327
307 444
444 392
369 524
405 470
353 531
393 481
317 544
392 308
404 416
392 334
353 537
389 420
309 536
364 462
371 415
341 523
422 397
300 415
301 434
426 383
432 428
412 350
346 535
373 346
446 396
321 546
404 490
293 520
402 365
313 547
378 534
369 514
403 425
397 421
399 448
438 397
430 394
365 413
421 400
380 352
410 348
366 457
317 543
409 400
397 496
430 425
354 558
434 407
379 358
410 359
387 345
383 351
395 474
400 451
361 525
400 503
369 421
430 389
299 407
306 441
319 426
413 408
282 456
308 426
288 534
325 422
374 344
417 402
410 315
393 317
380 530
435 431
392 309
295 529
427 430
408 455
402 480
442 394
438 391
411 456
384 352
309 421
411 454
303 459
408 459
410 365
366 517
407 432
398 512
439 393
435 418
377 392
383 534
306 545
351 545
404 434
319 456
428 408
303 412
352 540
404 426
306 430
370 517
338 421
319 452
372 506
297 286
337 431
410 449
356 514
395 324
372 449
295 287
432 416
398 511
408 521
322 414
347 532
416 348
334 535
365 516
315 545
422 366
397 498
399 509
435 416
393 346
326 432
428 425
348 518
433 415
293 432
368 417
363 455
288 541
367 461
433 421
396 502
372 505
394 471
400 368
385 439
296 430
260 306
363 512
406 366
315 459
293 430
409 367
344 533
424 406
397 427
371 346
365 414
436 416
401 363
293 433
386 481
304 539
394 397
316 447
435 407
302 409
352 534
407 367
396 516
373 405
408 383
370 510
412 360
447 390
363 414
294 540
414 314
399 348
421 366
393 316
308 423
404 420
395 316
399 465
437 432
317 541
363 517
429 365
370 509
327 539
419 441
308 457
407 347
328 414
343 524
396 498
372 504
291 537
424 400
436 421
428 401
288 530
425 401
445 398
380 353
380 511
344 424
332 538
412 429
345 523
407 394
308 459
403 468
305 416
401 377
446 398
405 316
412 452
293 428
396 337
301 408
400 480
325 431
396 324
291 538
391 332
397 449
433 431
380 534
401 362
426 404
416 438
378 352
391 347
391 507
430 428
394 424
362 463
431 395
416 356
362 417
395 480
306 429
383 510
306 439
384 507
345 423
376 402
406 514
336 534
314 540
402 517
300 418
392 480
392 320
364 511
434 418
406 521
399 425
388 318
403 381
392 340
322 550
420 440
436 431
325 430
382 508
314 545
379 534
326 421
329 428
305 460
434 403
394 448
306 424
326 430
310 544
411 395
418 431
398 493
398 506
341 530
320 538
317 457
400 527
393 308
425 398
400 374
392 341
393 345
390 307
391 478
415 407
394 510
395 497
394 339
395 448
410 452
292 429
293 530
393 312
426 364
318 548
396 427
312 445
405 451
306 437
407 388
398 497
368 514
398 491
399 503
423 406
321 454
392 345
412 372
399 515
398 522
378 414
372 346
351 546
410 316
447 387
414 431
299 460
378 342
321 550
398 417
372 530
401 517
323 417
395 404
413 426
384 483
326 418
318 422
309 439
396 317
370 513
368 418
290 524
325 538
291 435
370 342
383 515
394 347
418 405
429 406
320 459
289 539
429 386
370 459
380 510
297 458
379 359
401 475
351 536
409 394
409 401
306 535
432 407
404 465
431 392
415 355
329 429
411 407
287 442
373 349
366 424
375 511
397 418
352 539
319 536
402 411
402 526
388 476
375 512
401 374
433 395
397 485
429 364
428 415
336 539
372 443
307 436
397 322
371 324
296 458
371 342
391 343
436 391
406 345
365 456
398 480
305 417
316 448
433 416
304 440
399 462
391 479
361 517
388 346
357 552
431 422
402 367
305 446
421 402
412 427
305 421
345 526
401 347
292 538
385 453
327 412
417 405
304 538
399 507
308 433
390 319
369 518
444 395
431 406
375 418
361 394
362 416
366 514
369 460
402 346
356 523
392 336
442 399
416 314
397 480
290 459
404 315
413 394
397 512
404 424
375 353
362 464
409 428
290 539
431 428
327 538
409 393
392 330
302 460
340 423
425 399
319 418
412 369
394 476
395 424
408 379
344 519
419 405
286 457
327 415
308 422
396 400
396 500
335 429
403 526
402 518
364 454
388 506
393 315
445 395
428 370
380 418
350 427
388 314
377 357
429 415
316 455
372 452
402 377
405 361
297 411
415 426
384 536
389 505
302 452
398 495
305 415
403 315
429 385
343 533
403 493
441 398
292 545
351 547
359 392
419 366
307 442
440 399
301 415
389 311
356 559
433 366
372 342
297 526
289 545
361 526
321 417
306 544
297 543
354 556
403 361
319 455
355 549
375 394
377 533
355 516
290 523
389 480
304 420
315 539
406 435
389 314
443 393
348 545
393 404
395 420
297 412
375 411
383 421
370 518
316 537
393 347
392 424
412 316
341 529
405 423
364 524
298 427
326 433
377 513
380 536
371 516
444 391
416 404
338 430
371 459
429 396
294 546
379 355
399 501
344 536
399 505
398 367
414 315
338 417
386 505
400 450
320 458
339 427
299 458
393 470
389 507
405 383
379 417
387 505
343 520
403 379
321 429
405 418
379 532
425 400
432 409
299 432
318 427
401 459
381 342
397 511
418 441
306 415
297 435
347 517
414 430
402 412
439 433
307 441
373 445
393 402
404 419
390 308
430 364
401 373
407 379
427 425
422 400
299 430
393 445
380 537
353 529
375 409
334 537
310 459
409 366
405 427
309 443
397 413
289 434
398 412
449 388
346 418
364 522
442 395
389 511
361 463
419 406
345 524
415 314
428 393
318 542
399 484
391 307
403 429
288 542
403 494
449 398
371 451
369 410
396 347
421 365
293 545
408 365
337 422
342 423
396 454
393 332
289 533
408 431
391 506
387 480
288 430
404 414
306 426
443 395
405 515
416 408
375 515
399 508
444 390
326 414
353 547
407 392
427 428
292 457
426 385
409 383
387 314
326 416
361 524
389 307
375 393
363 406
373 345
400 412
358 550
401 381
368 410
304 437
301 410
430 395
361 515
384 422
400 466
399 498
401 382
383 514
358 524
370 341
291 524
431 367
411 427
306 434
413 348
400 425
449 389
354 513
369 411
343 522
324 543
332 430
303 537
309 440
417 439
290 457
372 516
428 385
390 420
398 425
421 407
395 515
415 403
338 539
399 371
429 389
397 502
416 405
397 479
404 415
308 415
406 525
324 541
383 352
403 465
385 508
393 480
428 429
410 351
364 463
399 500
377 532
361 518
325 456
399 478
445 394
408 380
290 456
373 530
410 412
308 421
301 435
371 450
373 344
443 399
324 458
324 457
402 451
395 400
386 350
325 537
383 507
361 516
366 456
399 466
295 435
396 478
322 457
410 361
307 432
388 420
394 321
285 457
415 400
323 543
406 423
375 354
397 335
302 539
298 432
373 448
372 517
289 433
376 392
364 513
337 425
345 525
424 409
407 525
409 429
394 412
447 396
400 369
404 517
379 361
320 457
378 535
358 551
406 354
304 412
399 522
386 506
426 398
320 455
405 417
378 357
328 420
291 543
302 286
409 382
289 440
380 350
395 514
395 485
373 459
409 395
392 343
408 316
431 394
370 508
387 349
398 421
351 539
313 536
405 318
287 428
297 529
306 461
388 481
387 313
334 534
404 503
396 448
320 449
303 458
415 348
350 545
346 534
389 313
402 364
354 555
396 321
400 490
430 408
320 543
317 419
305 437
440 395
316 423
400 482
323 538
409 414
373 396
398 402
346 419
352 537
318 425
404 524
417 366
411 316
376 400
401 456
392 339
404 348
389 306
432 404
411 428
353 558
439 398
300 434
299 421
398 366
373 355
365 461
401 315
364 518
343 523
401 516
414 399
292 526
440 393
312 420
377 351
417 430
368 451
410 520
404 380
352 545
394 330
409 392
343 525
437 401
400 449
306 440
291 455
383 516
431 412
407 321
413 433
299 434
396 485
393 320
408 433
426 430
409 409
326 428
377 349
411 408
342 523
294 541
445 389
437 405
402 496
294 543
405 455
388 349
304 438
371 423
420 406
312 459
402 369
346 545
369 341
402 316
299 541
369 419
372 460
403 452
315 537
445 400
439 397
397 458
393 405
407 521
397 410
317 537
430 413
374 396
347 545
409 431
402 315
403 419
351 540
287 460
380 354
398 489
301 418
288 460
430 369
406 361
354 550
438 393
409 316
393 478
290 460
365 412
431 386
392 313
392 319
396 315
394 478
306 447
441 395
402 501
408 515
400 506
412 364
375 395
299 426
338 426
390 424
427 404
374 347
395 499
317 542
394 406
428 402
376 342
379 528
392 422
296 426
396 338
383 512
367 450
398 514
442 396
343 519
320 456
410 352
314 534
353 546
431 366
307 534
376 415
404 492
416 431
286 438
298 456
295 527
429 367
310 419
424 408
414 395
380 531
307 434
380 540
400 457
307 433
374 516
370 413
372 350
328 411
350 531
412 365
414 438
401 451
410 357
401 385
375 403
389 335
336 429
368 511
452 388
289 532
336 542
432 410
408 399
373 511
379 536
410 404
401 365
361 392
325 452
314 548
294 425
434 413
397 505
307 416
399 480
354 553
339 417
408 319
372 348
280 456
305 461
409 454
290 522
309 434
403 495
426 399
289 529
413 397
377 401
435 419
402 492
433 368
410 318
288 427
294 525
428 364
406 346
288 436
357 523
399 315
402 347
335 534
390 347
360 462
376 414
414 433
290 530
372 510
353 556
409 348
290 532
406 353
341 531
318 418
326 538
372 325
378 340
297 427
367 451
339 526
389 312
452 387
315 540
397 406
403 420
407 492
288 431
386 313
379 540
396 422
288 459
396 426
395 334
420 364
364 514
398 401
368 463
431 414
403 346
411 410
305 440
430 393
410 360
418 430
290 537
409 410
337 538
361 416
372 351
345 424
433 392
396 411
394 398
326 415
392 335
293 459
361 523
352 533
362 525
340 424
398 347
378 412
409 521
383 509
324 416
300 420
406 523
431 423
384 350
293 431
398 458
394 317
371 510
438 432
397 405
404 378
342 519
377 511
407 381
447 389
398 513
319 542
373 506
397 424
428 412
351 531
405 492
432 406
414 367
400 524
399 513
380 509
306 436
333 429
295 540
404 361
399 481
359 551
398 368
315 543
393 313
433 367
368 421
368 341
380 413
301 539
389 318
404 318
377 348
426 402
412 454
308 538
369 515
300 417
406 352
399 483
399 366
404 502
326 419
402 494
395 476
392 311
376 509
413 356
446 397
393 338
421 401
390 332
396 510
298 455
302 456
316 539
406 515
364 416
408 413
320 448
416 353
385 507
412 349
389 305
292 524
308 443
416 432
399 374
332 429
407 390
413 398
385 313
314 457
401 480
430 423
342 520
413 434
433 407
378 341
399 455
399 373
394 318
318 451
398 515
337 423
406 358
398 496
334 540
375 357
427 398
400 491
430 419
411 359
395 315
373 509
358 513
297 426
318 448
380 529
337 539
399 460
405 313
405 411
367 522
412 425
345 532
337 542
324 540
416 439
326 413
357 514
316 545
353 541
288 540
395 445
345 535
384 537
399 511
395 478
289 536
352 543
382 421
381 421
377 413
291 532
404 316
392 332
386 482
377 358
444 394
309 433
413 401
293 460
367 419
409 357
302 434
429 395
433 396
427 364
345 545
449 387
432 394
379 418
359 523
416 371
430 386
290 531
306 444
378 510
404 417
340 426
385 454
308 458
428 427
360 416
390 475
293 461
417 438
404 381
410 453
349 531
411 361
408 458
326 427
287 535
284 456
403 466
394 403
322 429
326 420
384 453
400 464
382 511
429 366
395 318
401 367
419 430
374 357
383 511
423 400
401 375
400 516
392 310
313 535
394 315
389 424
316 543
391 423
406 411
337 537
441 399
314 420
426 365
432 429
431 396
289 438
407 412
431 418
413 355
371 420
322 416
372 444
415 433
402 466
379 356
316 541
288 539
288 461
404 346
389 510
399 474
396 471
309 459
294 426
331 430
392 344
385 350
321 457
345 546
430 396
398 449
302 459
321 451
373 507
376 401
444 399
360 523
408 317
401 383
382 507
322 426
341 533
352 530
291 544
325 450
435 430
378 355
315 420
394 445
405 379
399 464
369 412
367 511
432 412
381 442
437 402
390 422
396 322
357 553
378 508
367 513
400 448
313 445
303 534
288 458
405 434
373 342
393 339
411 399
376 393
341 521
431 410
338 533
300 413
400 459
392 470
338 420
371 343
405 430
412 449
380 512
434 431
379 357
297 430
394 446
304 418
300 455
404 470
420 441
321 548
432 395
400 504
342 422
398 500
367 463
339 533
314 458
408 353
354 540
370 348
410 454
307 425
388 510
380 538
392 314
325 454
427 385
397 426
395 320
401 501
294 531
409 355
302 454
366 524
389 422
340 427
302 457
352 531
395 325
430 426
403 492
348 520
414 348
287 429
427 396
399 412
417 440
288 538
377 530
396 499
287 430
429 408
294 428
306 438
432 430
404 360
398 448
306 431
366 452
400 489
395 339
294 436
289 530
396 512
415 431
292 543
401 526
414 357
411 409
376 413
301 417
407 454
450 387
412 367
373 510
293 540
292 532
401 364
305 536
403 497
380 416
368 524
437 390
385 352
396 404
404 491
447 397
339 419
414 453
385 506
373 446
412 370
403 519
403 383
389 479
374 451
389 310
373 516
352 424
376 533
370 458
402 362
399 486
301 409
402 527
430 420
407 515
300 416
307 543
354 554
308 417
409 412
390 511
419 440
409 460
294 545
334 536
412 348
365 416
400 523
402 491
401 466
404 412
312 544
289 543
389 336
339 525
398 486
306 537
322 428
437 391
290 435
294 458
374 345
366 460
410 413
342 533
406 454
379 510
403 412
404 525
377 534
415 399
331 539
405 424
393 424
413 395
327 414
410 456
289 428
320 547
316 421
392 315
434 396
405 416
377 347
325 453
297 425
337 428
434 430
425 366
430 390
377 395
307 459
395 472
293 524
412 426
395 319
392 445
397 367
427 387
325 423
426 401
334 429
409 398
414 426
380 539
340 524
406 318
403 496
393 307
399 459
400 497
305 535
315 544
410 353
432 392
429 368
318 426
395 338
339 532
400 477
364 521
383 452
314 541
318 447
424 398
380 355
427 367
381 418
352 529
373 514
407 435
406 492
420 365
426 382
406 382
327 428
395 335
377 405
368 424
419 409
407 354
298 426
369 418
405 319
404 497
286 458
413 396
393 330
412 395
371 517
284 436
420 407
404 314
409 399
387 481
444 393
292 539
409 430
396 412
295 528
354 551
366 515
328 421
363 513
408 348
381 534
341 426
401 479
378 540
398 399
316 456
360 514
430 392
375 454
414 436
407 350
404 428
412 393
387 506
385 484
412 368
430 424
291 438
352 542
346 422
367 514
329 427
396 335
371 348
309 435
373 411
372 411
372 412
371 412
372 413
315 447
393 343
372 414
393 337
317 447
390 335
372 415
376 434
372 416
369 520
283 457
372 417
372 418
373 418
372 419
415 366
379 529
290 528
414 408
349 530
338 427
302 453
412 355
410 403
370 421
404 421
287 440
381 414
290 458
446 386
404 516
417 406
298 458
324 538
377 508
299 433
428 409
301 407
393 349
380 415
414 354
399 502
344 523
407 526
372 509
380 508
378 536
293 543
401 455
313 546
440 398
345 421
403 365
367 524
295 436
401 482
409 432
292 519
320 542
318 449
317 427
409 455
380 351
317 546
309 419
416 426
400 371
337 540
392 312
353 532
444 389
394 335
361 393
376 357
293 435
396 316
396 319
311 445
368 512
360 512
371 452
319 453
338 419
330 430
407 385
311 419
416 407
406 386
401 425
337 420
325 417
297 544
303 446
364 453
292 426
316 547
404 425
302 411
327 431
402 368
437 397
355 515
389 506
397 317
323 456
312 446
307 426
416 402
411 394
430 385
329 430
388 347
435 415
375 452
404 349
376 399
410 450
375 529
318 456
377 406
306 422
358 523
352 544
402 317
410 451
425 385
325 455
341 532
359 558
375 347
312 458
405 454
387 316
432 405
399 461
322 417
364 452
411 365
379 351
404 345
411 398
407 458
381 517
307 460
323 429
295 532
398 322
415 401
324 430
364 414
328 412
319 419
391 319
416 355
417 404
394 449
370 422
371 422
369 422
372 422
368 422
398 409
289 437
368 423
400 485
367 423
374 355
367 424
367 425
290 455
366 425
310 445
366 416
363 516
391 480
337 426
408 395
429 393
379 341
402 425
316 422
402 426
390 312
392 511
368 310
398 490
415 367
363 454
321 455
293 458
394 348
296 431
287 439
391 335
387 507
293 532
363 451
396 481
386 422
332 539
404 518
344 516
429 425
314 539
429 427
366 423
428 428
305 537
302 455
292 523
430 427
304 434
298 419
298 413
365 425
364 425
364 426
364 424
363 426
364 427
362 426
364 428
361 426
365 428
360 426
366 428
359 426
360 427
360 425
367 428
366 427
358 426
360 424
368 428
357 426
411 362
358 425
369 428
357 427
357 425
369 429
356 427
370 429
355 427
371 429
354 427
371 428
353 427
354 428
354 426
372 428
371 427
352 427
354 429
373 428
372 427
352 428
352 426
374 428
351 428
351 426
375 428
374 429
350 428
351 429
351 425
376 428
375 429
375 427
292 520
351 430
351 424
377 428
376 427
375 430
351 431
351 423
377 429
375 431
352 431
350 431
350 423
377 430
375 432
353 431
352 432
350 432
350 422
376 432
374 432
353 432
392 405
350 433
349 422
377 432
374 433
353 433
350 434
348 422
349 421
377 433
373 433
374 434
349 434
347 422
360 558
349 420
377 434
372 433
374 435
349 435
398 315
349 419
377 435
373 435
348 435
374 343
349 418
377 436
372 435
373 436
372 347
370 524
377 437
373 437
356 524
354 517
377 438
373 438
353 512
354 511
378 438
373 439
371 524
370 525
374 354
379 438
378 439
355 524
353 517
380 438
378 440
352 512
355 511
372 524
380 437
379 440
370 526
355 525
353 518
381 437
380 436
380 440
355 518
354 519
351 512
352 511
380 435
380 441
373 524
381 435
380 434
380 442
369 526
354 525
382 435
379 434
380 443
413 318
352 518
383 435
382 436
382 434
379 443
380 444
352 510
373 525
384 435
383 436
382 433
381 444
373 523
368 526
384 436
382 432
381 445
369 527
353 525
384 437
382 431
382 445
381 446
356 526
351 518
384 438
382 430
383 445
381 447
352 519
373 526
352 525
385 438
383 430
381 430
384 445
383 444
382 447
381 448
353 524
357 526
356 527
351 519
352 520
384 430
385 445
383 447
380 448
372 526
352 526
352 524
356 528
385 430
384 431
385 444
379 448
350 519
372 527
352 527
385 429
386 444
385 443
378 448
379 449
351 524
355 528
414 368
350 520
387 444
378 449
378 447
379 450
371 527
372 528
353 527
351 523
388 444
377 447
379 451
355 529
356 530
389 444
376 447
377 446
380 451
378 451
379 452
349 520
373 528
390 444
391 505
375 447
377 445
381 451
380 452
377 451
379 453
354 527
353 528
350 523
391 444
374 447
378 445
382 451
380 453
376 451
377 450
378 453
379 454
351 522
391 445
391 443
374 448
374 446
378 444
382 452
381 453
380 454
375 451
379 455
354 529
372 396
371 396
370 396
371 395
369 396
371 394
368 396
372 394
370 394
371 393
368 397
372 393
369 394
368 398
372 392
369 393
368 399
372 391
368 393
369 392
368 400
371 391
372 390
367 393
368 401
367 394
367 401
366 394
366 401
365 394
365 401
366 402
364 394
365 395
365 393
366 403
364 395
364 393
365 396
365 392
365 403
363 395
364 392
366 396
365 404
363 396
364 391
365 405
363 397
364 390
366 405
364 405
365 406
363 398
365 390
363 390
367 405
363 405
363 399
365 389
362 390
368 405
362 405
362 399
366 389
361 390
362 391
362 389
362 406
362 404
361 399
362 400
366 388
360 390
361 404
361 400
361 398
366 387
360 391
360 400
360 398
365 387
359 391
360 392
360 397
358 391
357 391
358 390
358 389
358 388
357 388
358 387
357 387
356 387
355 387
355 386
355 385
356 385
354 385
356 384
353 385
357 384
352 385
353 386
351 385
353 387
351 386
351 384
351 387
351 383
350 387
351 388
350 383
351 389
349 383
350 389
349 384
349 382
350 390
348 384
348 382
349 381
350 391
349 380
349 391
350 392
349 379
348 391
349 392
351 392
350 393
349 378
348 392
348 390
352 392
349 377
347 392
352 393
348 377
349 376
346 392
353 393
352 394
347 377
350 376
349 375
346 393
346 391
351 394
352 395
351 376
348 375
349 374
345 393
346 394
351 395
353 395
352 376
351 375
348 374
344 393
354 395
353 376
352 377
347 374
343 393
355 395
354 376
352 378
346 374
347 373
342 393
343 394
356 395
355 396
355 376
352 379
345 374
346 375
347 372
341 393
342 392
343 395
355 397
356 376
355 375
352 380
344 374
348 372
347 371
340 393
356 397
355 398
357 376
356 377
355 374
352 381
344 375
347 370
339 393
357 397
355 399
357 377
357 375
354 374
355 373
351 381
352 382
344 376
348 370
346 370
347 369
339 394
358 397
357 398
358 377
357 374
355 372
353 382
343 376
349 370
345 370
338 394
339 395
357 399
358 374
357 373
342 376
343 377
344 370
345 369
337 394
358 373
343 378
344 369
345 368
358 372
342 378
359 372
358 371
341 378
359 371
357 371
340 378
360 371
359 370
357 370
339 378
357 369
338 378
339 379
339 377
357 368
337 378
338 379
338 377
339 380
339 376
358 368
357 367
338 380
339 375
359 368
356 367
337 380
338 381
340 375
338 375
339 374
355 367
356 366
337 381
337 375
356 365
336 381
337 382
336 375
356 364
335 381
336 382
337 383
336 376
336 374
356 363
335 382
336 383
338 383
335 374
357 363
334 382
336 384
339 383
335 373
358 363
336 385
340 383
334 373
359 363
358 362
336 386
340 384
333 373
359 364
358 361
336 387
341 384
332 373
360 364
359 361
358 360
337 387
335 387
332 372
358 359
338 387
337 388
334 387
335 388
331 372
359 359
357 359
337 389
333 387
335 389
330 372
357 358
336 389
337 390
332 387
333 386
334 389
329 372
356 358
333 389
334 390
328 372
329 373
329 371
355 358
332 389
327 372
354 358
355 359
290 326
327 373
327 371
354 357
327 374
327 370
353 357
354 356
327 375
327 369
352 357
353 356
355 356
354 355
328 375
326 375
328 369
327 368
351 357
352 358
352 356
354 354
328 376
325 375
326 376
329 369
326 368
351 358
355 354
329 376
328 377
326 377
329 368
326 367
351 359
356 354
355 353
326 378
325 367
326 366
350 359
351 360
357 354
356 355
355 352
326 379
324 367
325 366
349 359
350 360
352 360
356 352
355 351
327 379
325 379
324 368
324 366
325 365
348 359
349 360
349 358
352 361
356 351
355 350
328 379
324 369
323 366
325 364
348 360
348 358
349 357
353 361
354 350
329 379
322 366
323 365
326 364
324 364
348 361
347 358
349 356
353 350
329 380
329 378
321 366
327 364
326 363
348 362
347 357
349 355
352 350
320 366
327 365
326 362
349 362
347 356
349 354
320 365
328 365
327 362
326 361
350 362
346 356
348 354
349 353
328 362
327 361
326 360
345 356
347 354
349 352
328 363
327 360
325 360
344 356
347 353
350 352
349 351
327 359
324 360
343 356
346 353
351 352
349 350
324 359
343 355
352 352
348 350
323 359
324 358
343 354
352 353
325 358
324 357
344 354
342 354
324 356
342 353
323 356
324 355
342 352
322 356
324 354
341 352
321 356
322 357
322 355
325 354
324 353
320 356
321 357
325 353
323 353
319 356
320 357
326 353
323 352
319 355
320 358
327 353
323 351
318 355
319 358
328 353
327 354
322 351
318 354
319 359
328 352
327 355
321 351
317 354
318 353
318 359
319 360
329 352
328 351
327 356
319 353
318 352
317 359
318 360
320 360
330 352
328 350
328 356
327 357
317 352
318 351
320 361
330 353
329 350
327 350
328 349
328 357
326 357
316 352
317 351
329 349
328 348
329 357
315 352
330 349
329 348
328 347
315 353
315 351
331 349
328 346
314 353
314 351
327 346
313 351
326 346
325 346
326 345
325 347
325 345
326 344
324 347
324 345
323 347
324 348
323 345
324 349
323 344
322 344
321 344
321 345
321 346
322 346
320 346
319 346
318 346
319 345
319 344
319 343
318 343
318 342
317 342
318 341
316 342
319 341
318 340
315 342
316 341
320 341
317 340
318 339
314 342
321 341
319 339
313 342
314 341
321 340
319 338
322 340
319 337
323 340
322 339
319 336
320 336
318 336
319 335
321 336
319 334
322 336
319 333
323 336
319 332
324 336
323 335
319 331
325 336
319 330
325 337
325 335
318 330
326 337
325 338
326 335
317 330
318 329
326 338
327 335
317 331
318 328
326 339
327 334
316 331
318 327
326 340
327 333
315 331
317 327
318 326
326 341
326 333
315 332
315 330
318 325
327 341
325 341
314 332
315 333
317 325
324 341
313 332
316 333
316 325
317 324
324 342
312 332
316 326
316 324
311 332
315 324
316 323
310 332
311 333
311 331
314 324
316 322
311 330
314 325
317 322
311 329
313 325
314 326
317 321
311 328
312 325
414 359
318 321
310 328
311 325
319 321
310 325
311 324
320 321
319 320
309 325
310 324
311 323
321 321
320 322
319 319
308 325
310 323
311 322
321 322
320 319
308 326
308 324
321 323
320 318
308 323
322 323
320 317
307 323
322 324
321 317
306 323
307 322
323 324
322 317
321 316
305 323
306 324
307 321
324 324
323 317
321 315
305 324
308 321
324 323
323 318
323 316
321 314
304 324
305 325
309 321
324 318
323 319
323 315
322 314
320 314
321 313
303 324
304 325
305 326
325 318
323 320
324 315
319 314
320 313
321 312
302 324
303 323
305 327
325 319
325 317
322 320
323 321
318 314
322 312
321 311
302 325
303 322
304 327
326 319
326 317
317 314
323 312
320 311
321 310
301 325
302 322
303 321
304 328
327 319
326 316
316 314
319 311
300 325
301 326
301 322
302 321
304 321
303 320
304 329
327 320
327 316
318 311
319 312
300 326
301 327
301 323
301 321
304 320
303 319
303 329
328 320
327 315
317 311
300 327
300 323
300 321
304 319
303 318
302 329
329 320
328 315
299 327
300 328
299 323
300 320
302 330
329 319
329 315
300 329
298 323
299 324
299 320
300 319
302 331
330 319
329 316
299 329
298 324
298 320
299 319
300 318
303 331
331 319
298 329
297 324
298 319
299 318
300 317
304 331
332 319
331 318
297 329
296 324
297 319
300 316
304 332
333 319
331 317
296 329
297 330
295 324
296 323
301 316
300 315
333 320
333 318
331 316
296 330
302 316
300 314
334 320
334 318
331 315
295 330
300 313
335 320
294 330
301 313
300 312
336 320
293 330
294 331
299 312
336 321
336 319
292 330
293 331
294 332
337 321
291 330
292 331
294 333
338 321
290 330
294 334
339 321
338 322
290 331
290 329
294 335
339 320
338 323
289 331
290 332
289 329
290 328
340 320
337 323
290 333
288 329
290 327
341 320
336 323
337 324
291 333
289 333
291 327
342 320
335 323
289 334
292 327
291 326
343 320
289 335
291 325
344 320
343 321
343 319
288 335
292 325
290 325
344 321
343 322
343 318
288 336
400 409
345 321
344 318
342 318
343 317
394 349
345 318
344 317
343 316
281 296
346 318
343 315
258 310
346 319
343 314
279 288
275 296
347 319
343 313
270 308
280 289
348 319
347 320
342 313
260 307
265 309
348 320
348 318
341 313
271 307
280 287
349 320
348 317
341 314
341 312
278 299
269 305
350 320
347 317
348 316
340 312
341 311
278 298
282 289
350 321
350 319
348 315
342 311
341 310
260 305
265 308
259 308
351 321
351 319
350 318
347 315
342 310
340 310
258 309
351 322
351 318
343 310
342 309
339 310
340 309
279 289
343 309
342 308
339 309
340 308
280 290
343 308
278 302
343 307
270 307
344 307
277 291
345 307
344 306
265 302
279 302
345 308
345 306
273 295
345 309
404 352
280 294
278 301
346 309
404 351
405 350
265 303
268 305
258 311
346 310
404 350
257 310
280 288
281 289
346 311
297 287
270 306
296 288
299 286
279 298
302 287
297 288
299 287
277 301
278 300
301 287
298 288
298 290
270 305
297 289
300 287
298 289
282 294
300 288
289 325
288 325
299 289
288 324
287 324
277 298
300 289
265 307
286 324
300 290
304 292
287 323
286 325
286 323
301 290
304 293
301 291
304 294
286 326
286 322
302 291
303 294
297 292
285 326
285 322
285 327
302 292
302 294
298 292
302 293
266 308
298 293
409 433
301 293
264 308
299 293
300 293
285 321
299 294
300 294
300 295
285 328
285 320
287 303
298 300
300 296
286 328
286 303
298 299
300 297
284 328
286 302
298 296
298 298
284 320
299 297
285 302
283 320
298 297
285 301
267 305
260 308
284 300
297 297
285 298
283 321
285 300
296 297
285 299
282 321
291 299
296 298
287 298
281 321
287 300
286 299
280 321
292 299
295 298
279 321
279 322
287 299
293 299
294 298
279 320
279 319
259 309
288 299
293 298
279 290
278 291
289 299
293 297
278 319
279 318
277 319
289 298
292 295
280 318
279 317
292 297
261 308
290 298
260 309
268 304
291 295
277 320
277 318
291 297
278 317
277 321
290 297
291 296
279 297
276 298
277 322
255 318
290 296
276 322
277 323
256 320
255 319
289 296
275 322
274 322
256 319
288 296
257 319
266 305
265 301
274 295
288 295
258 319
262 317
273 322
274 323
272 322
264 317
288 294
258 318
273 321
281 294
279 291
263 317
264 316
274 324
272 321
274 325
287 294
288 293
259 318
272 320
275 325
273 325
263 316
264 315
271 320
261 309
288 286
272 319
271 319
287 293
273 319
272 318
274 319
260 318
279 292
274 318
274 317
275 317
263 315
288 287
287 292
273 317
275 316
275 315
263 310
260 317
268 303
279 296
276 315
276 314
277 314
259 316
261 316
276 313
276 312
276 297
265 305
282 295
263 314
252 309
276 311
277 311
278 311
279 311
278 310
279 312
287 287
288 288
266 303
275 295
262 309
279 293
279 310
278 309
287 291
260 300
260 316
279 313
278 308
280 313
278 294
264 310
279 308
262 314
253 309
287 288
277 308
279 307
276 308
275 308
286 291
261 300
260 315
262 313
275 309
266 306
269 303
280 296
275 307
256 309
254 309
286 288
286 290
275 310
275 306
274 310
261 301
262 302
260 314
261 313
275 297
265 304
257 315
255 309
254 310
286 289
261 302
281 295
275 305
273 310
274 311
260 313
257 314
255 310
285 289
260 302
276 305
272 310
271 303
263 309
263 301
260 312
257 313
255 311
282 287
284 289
276 304
271 310
277 304
271 309
279 294
260 303
259 312
257 312
282 293
264 309
264 301
266 307
256 311
281 287
283 289
278 304
277 303
271 308
279 304
278 303
260 304
259 311
257 311
345 305
346 305
345 304
344 304
343 304
342 304
343 303
342 305
342 303
343 302
342 306
341 303
343 301
341 306
341 302
344 301
345 301
345 300
345 299
346 299
344 299
347 299
346 298
343 299
344 298
347 300
342 299
343 298
348 300
347 301
342 300
342 298
349 300
341 300
342 297
350 300
340 300
351 300
350 299
339 300
351 301
351 299
338 300
351 302
351 298
338 301
352 298
351 297
337 301
353 298
336 301
354 298
336 302
355 298
335 302
336 303
355 297
334 302
336 304
355 296
334 303
336 305
355 295
337 305
355 294
337 306
356 294
354 294
337 307
357 294
337 308
358 294
336 308
359 294
358 293
360 294
361 294
361 295
361 296
362 296
360 296
363 296
360 297
364 296
363 297
359 297
364 295
363 298
358 297
365 295
364 298
363 299
366 295
365 294
365 298
367 295
366 298
368 295
367 296
367 294
368 294
367 293
368 293
369 293
370 293
371 293
370 294
370 292
372 293
373 293
372 292
374 293
372 291
374 292
372 290
375 292
373 290
372 289
376 292
374 290
371 289
377 292
376 291
374 289
370 289
378 292
377 293
370 290
370 288
378 293
378 291
377 294
370 287
379 291
378 290
376 294
369 287
370 286
379 290
375 294
376 295
369 286
370 285
379 289
375 295
376 296
371 285
370 284
380 289
374 295
371 284
374 296
372 284
371 283
374 297
372 283
371 282
374 298
370 282
371 281
373 298
374 299
369 282
372 281
372 298
375 299
369 283
369 281
373 281
371 298
375 300
368 283
368 281
374 281
371 299
376 300
368 284
368 280
375 281
374 282
370 299
371 300
368 279
375 280
371 301
369 279
368 278
376 280
371 302
370 279
369 278
367 278
377 280
376 279
371 303
369 277
366 278
377 281
370 303
371 304
369 276
365 278
377 282
369 303
368 276
364 278
365 279
378 282
377 283
369 304
368 275
363 278
369 305
368 274
362 278
363 277
370 305
368 305
368 273
362 279
363 276
370 306
367 305
368 272
362 280
366 305
367 306
367 272
368 271
362 281
366 304
367 307
366 272
366 303
367 308
365 272
366 302
366 308
367 309
364 272
365 271
367 302
366 309
363 272
364 273
365 270
368 302
365 309
366 310
364 270
365 269
365 310
366 311
364 269
366 269
364 310
366 312
364 268
367 269
366 268
365 312
366 313
363 268
366 267
364 312
367 313
366 314
363 267
367 267
366 266
363 312
368 313
366 315
368 267
365 266
362 312
368 314
367 315
369 267
368 266
365 265
361 312
369 314
368 315
369 266
365 264
361 313
370 314
368 316
370 266
369 265
365 263
371 314
369 316
371 266
369 264
365 262
371 315
370 316
369 317
371 267
370 264
364 262
365 261
372 315
369 318
372 267
371 264
373 315
368 318
372 268
372 264
371 263
373 314
368 319
373 268
373 264
373 313
367 319
374 268
373 269
374 264
373 312
366 319
367 320
375 268
374 267
373 270
375 264
374 265
374 312
373 311
365 319
366 320
367 321
376 268
375 263
375 312
373 310
365 320
365 318
366 321
367 322
377 268
407 429
375 262
375 311
372 310
364 320
364 318
366 322
368 322
367 323
374 262
372 309
363 320
364 317
365 322
368 323
371 309
363 321
363 319
368 324
370 309
369 324
369 309
369 325
369 310
370 325
413 361
414 361
414 360
264 311
