265 275
321 322
252 337
381 558
280 374
258 328
345 389
345 471
403 565
379 558
293 382
371 567
329 414
333 419
238 321
366 411
253 264
366 508
303 314
300 427
289 427
292 381
345 412
275 273
325 420
384 558
302 407
373 563
289 308
342 325
297 335
252 323
286 335
296 406
268 287
332 417
250 377
383 566
286 272
329 326
295 328
350 450
375 399
250 335
308 306
338 418
299 421
359 388
339 442
311 416
260 351
249 376
374 388
282 319
248 320
337 331
258 265
383 555
281 300
306 543
292 315
287 307
319 403
279 303
321 411
279 355
370 388
352 415
287 319
359 410
376 402
269 394
270 394
305 410
286 312
260 343
266 371
273 275
231 320
266 280
256 348
297 289
365 393
405 567
388 567
289 343
292 427
321 425
249 322
326 325
238 315
350 461
402 565
283 430
278 353
375 506
304 418
370 568
340 444
242 339
383 560
269 279
286 276
278 306
382 558
293 318
262 330
320 405
289 417
248 375
319 538
334 420
321 318
286 428
290 418
293 320
247 348
345 455
297 406
322 429
238 322
270 274
312 308
364 407
377 566
344 470
285 381
320 412
233 320
315 315
364 389
247 355
344 475
260 265
242 315
372 505
317 428
264 266
288 304
278 367
252 325
246 332
361 573
289 293
306 412
242 319
366 506
298 329
342 326
359 394
314 417
345 416
321 320
311 310
289 323
260 269
252 267
285 313
342 327
259 329
379 562
352 395
321 314
283 266
263 329
292 337
311 414
299 316
318 429
312 414
344 455
315 302
245 320
360 397
282 351
278 375
245 353
331 413
297 307
347 464
321 407
299 415
352 437
279 301
336 331
265 345
323 425
352 462
288 376
245 351
322 425
288 345
343 443
362 411
350 431
390 568
331 322
232 310
277 361
291 291
299 293
283 267
274 281
266 270
287 427
350 432
361 410
325 329
301 422
255 266
263 349
282 278
371 505
285 267
338 431
317 410
300 407
295 298
344 419
287 331
372 550
328 326
262 367
345 326
404 560
320 535
360 393
248 332
320 434
346 443
278 369
330 412
334 328
315 413
301 312
259 337
271 380
343 445
313 417
340 329
289 304
243 343
354 408
274 356
269 343
268 377
366 404
301 417
318 317
372 507
259 368
393 570
294 313
279 300
349 444
263 343
282 354
370 512
316 416
315 312
249 335
320 432
325 421
368 390
276 366
357 410
345 390
340 427
277 369
350 439
270 349
346 444
289 273
331 412
322 413
247 319
313 304
296 303
298 410
282 295
312 305
290 413
277 383
371 403
240 337
260 363
326 422
314 313
239 307
324 423
283 318
297 303
273 284
322 421
282 280
365 405
319 422
347 472
243 319
303 421
231 318
284 328
284 317
251 335
295 316
249 323
294 315
289 331
340 421
247 354
367 391
288 332
242 314
285 293
344 395
250 351
260 345
323 318
320 414
337 417
277 381
272 275
238 307
296 299
291 292
248 352
340 424
274 289
252 270
345 403
371 566
304 308
279 356
358 387
287 302
306 410
345 417
282 305
366 403
363 407
288 278
353 412
262 350
322 318
325 395
371 507
320 419
370 402
271 284
376 565
289 353
294 316
297 408
326 329
242 344
246 333
348 474
360 394
317 538
274 382
372 391
280 279
347 471
304 416
346 403
362 404
375 503
351 437
296 335
367 567
269 348
318 418
346 326
324 318
269 356
323 397
315 415
373 391
268 396
296 330
291 413
287 429
368 503
296 311
283 278
346 392
255 366
332 419
329 418
273 374
368 569
259 367
324 396
326 419
309 309
360 386
289 415
347 408
348 392
345 406
311 415
274 373
352 411
253 373
336 332
291 334
388 565
293 319
253 263
273 270
256 328
394 564
293 317
331 321
286 274
270 356
270 288
269 289
339 421
274 374
238 324
346 466
275 360
245 349
266 373
322 325
395 564
297 407
260 330
345 473
261 330
271 350
364 571
269 377
297 298
264 273
290 303
293 302
326 314
338 442
336 419
349 440
372 508
376 389
375 505
275 295
319 430
315 309
370 504
240 325
249 377
387 565
368 507
321 433
233 309
348 473
316 538
299 327
280 277
281 374
288 346
277 382
370 403
374 400
350 444
334 415
321 421
262 346
275 367
286 277
358 413
323 398
344 434
287 354
367 566
338 332
366 407
401 563
248 334
349 439
340 431
253 367
292 301
354 462
236 321
385 558
301 423
303 311
368 506
286 348
293 315
308 416
345 433
341 419
262 332
322 313
392 564
276 355
324 324
337 443
343 472
270 348
369 504
287 346
348 394
300 312
298 297
321 319
362 573
366 390
299 338
282 429
241 320
348 398
262 268
344 460
375 507
236 318
390 562
333 323
350 392
277 377
297 290
276 301
341 444
254 376
362 394
284 318
265 395
258 367
299 424
320 425
323 325
322 319
358 391
248 333
264 393
255 328
306 310
262 364
297 413
297 306
284 271
281 355
364 573
260 268
260 334
288 424
380 558
235 310
333 321
270 376
373 390
288 334
261 273
323 420
256 266
275 287
352 438
287 375
272 376
269 352
337 442
297 293
312 408
299 409
342 519
348 390
296 326
260 368
367 568
286 373
254 369
286 432
383 567
298 423
266 343
282 375
351 390
277 279
261 267
348 472
285 320
263 350
360 396
258 266
365 570
320 398
322 424
272 288
269 282
390 563
284 375
324 425
403 564
266 262
252 327
337 334
252 365
371 551
354 436
296 297
280 361
333 415
347 394
258 345
263 348
240 335
285 382
331 320
320 421
375 502
393 565
282 294
256 368
373 552
291 301
387 558
349 414
264 270
369 401
350 434
293 418
293 415
370 390
369 508
268 271
332 323
298 409
248 376
282 428
240 308
288 311
269 375
299 328
314 410
272 285
259 352
288 383
269 380
267 289
358 411
360 392
326 316
363 393
280 371
309 416
326 315
261 350
363 413
295 331
326 317
376 503
278 276
370 511
268 343
291 381
366 565
274 269
348 447
269 353
280 273
286 318
263 367
279 305
255 264
339 330
248 371
280 307
317 404
385 559
329 416
348 395
252 264
355 408
263 347
244 334
316 403
267 350
250 334
292 291
326 321
313 301
331 479
285 311
349 430
293 338
347 442
291 417
323 321
315 412
377 390
374 401
366 393
316 316
268 395
257 347
321 414
264 331
237 337
298 424
393 562
300 329
369 510
254 320
327 418
350 391
332 322
344 391
290 302
314 311
375 400
296 298
338 423
251 367
286 431
376 566
341 330
282 350
339 329
403 562
280 300
271 271
297 310
276 362
249 371
357 387
346 470
342 329
288 353
287 312
264 373
296 294
302 306
284 277
333 416
270 355
369 406
355 392
347 412
349 411
252 265
258 363
235 324
285 336
291 300
243 333
267 373
376 403
353 410
281 280
286 322
232 321
393 571
244 347
260 352
337 431
245 335
243 314
271 289
318 428
356 408
347 474
270 289
301 418
282 374
289 425
334 422
357 391
289 428
275 284
284 430
283 374
360 391
263 274
346 327
350 390
247 329
289 307
375 550
285 272
336 431
371 388
294 321
285 354
353 408
338 335
234 324
239 325
269 374
369 568
350 411
345 443
279 357
278 300
251 336
289 309
320 435
269 378
368 568
305 412
261 344
285 350
300 416
320 408
274 380
352 384
253 269
348 389
301 427
367 405
368 402
323 414
275 369
320 318
268 353
265 372
363 408
276 358
275 292
280 355
341 425
249 329
294 314
236 308
244 346
318 318
243 320
246 320
279 298
319 428
272 286
261 392
283 294
272 343
259 334
301 419
266 344
259 346
248 351
344 462
367 404
318 410
298 332
373 508
322 428
365 569
306 421
391 569
375 504
275 380
240 322
343 442
292 418
339 444
372 564
345 327
321 413
271 279
341 431
291 419
290 346
319 405
299 339
282 320
282 355
305 309
269 276
286 317
350 416
232 317
352 385
303 410
332 333
372 396
274 287
385 566
378 562
266 265
284 319
286 320
234 319
351 395
393 568
366 410
379 564
323 429
285 379
370 391
258 365
348 408
367 508
264 272
287 273
303 310
273 373
351 411
255 329
243 344
301 420
275 281
289 322
325 317
325 422
318 544
297 311
282 353
394 570
290 340
349 431
304 419
319 419
272 374
295 324
269 376
372 567
324 329
354 435
238 337
302 311
271 394
289 330
357 388
264 371
244 349
347 414
266 372
289 413
347 389
237 320
258 337
266 393
322 423
294 312
264 265
345 418
274 288
294 336
354 412
350 438
288 277
263 331
234 322
289 333
238 323
237 315
258 348
329 413
277 356
284 384
260 267
375 563
247 332
288 343
332 421
279 299
259 364
240 314
289 339
266 345
363 389
284 329
310 417
308 305
286 273
364 572
352 444
289 376
278 373
286 331
260 273
296 323
375 562
350 412
391 568
345 404
286 350
320 407
297 309
233 319
286 293
354 437
311 312
346 389
317 317
303 414
365 407
280 303
343 444
292 338
247 353
297 334
260 342
345 391
348 399
273 358
264 372
396 565
245 347
251 321
261 333
246 335
315 417
334 330
259 347
368 405
276 292
303 412
253 381
285 430
333 322
316 415
352 412
353 434
349 390
360 390
302 428
296 316
261 351
298 408
332 326
284 304
352 383
299 312
346 412
337 480
285 431
332 324
277 294
275 366
271 340
273 380
367 407
277 375
396 566
287 383
292 316
334 432
371 508
259 264
268 342
265 280
353 462
258 366
369 506
329 412
328 410
243 340
389 567
371 503
276 375
385 557
242 331
295 415
305 409
290 339
286 267
339 332
369 511
264 278
274 283
271 277
398 565
315 305
272 375
371 512
321 399
249 352
297 336
326 319
285 304
260 332
344 430
284 294
325 327
350 386
261 272
372 400
272 269
316 410
282 272
338 416
348 402
347 465
271 341
333 326
337 330
245 352
266 346
289 429
393 563
326 418
296 324
267 372
281 294
323 400
288 374
372 552
259 365
369 404
233 325
339 431
264 279
289 430
357 414
346 469
275 377
347 403
274 295
361 392
285 294
290 412
254 367
355 390
356 391
291 316
379 559
299 329
362 396
351 460
248 372
279 374
330 322
270 357
344 394
383 565
289 321
346 393
295 310
236 315
237 308
297 332
353 392
383 558
277 363
259 342
378 567
368 510
374 390
273 356
304 306
292 336
311 308
277 364
348 396
371 510
339 471
343 395
295 416
252 328
373 399
342 473
272 279
344 473
278 371
273 287
276 302
257 341
277 376
328 325
239 322
250 321
318 400
267 279
389 564
377 389
273 345
299 331
295 329
353 409
279 304
333 332
286 271
268 392
302 307
301 416
270 350
277 368
336 429
326 324
335 418
240 306
378 564
334 329
274 284
272 278
299 311
280 294
297 324
257 342
369 390
391 565
326 318
312 417
271 282
343 441
348 439
279 302
258 346
276 287
310 309
367 507
276 369
277 359
244 337
303 416
334 423
351 396
263 267
275 374
301 413
342 420
371 552
306 420
288 382
292 420
349 442
364 410
298 311
392 568
386 566
338 330
250 352
362 412
269 344
305 416
285 275
346 435
290 423
288 344
264 269
317 411
248 335
305 421
300 426
258 401
281 272
368 396
271 353
270 340
322 414
320 413
343 473
314 305
320 428
263 333
376 401
372 392
272 357
274 282
271 345
262 267
272 284
278 364
249 370
348 443
242 345
336 418
311 311
396 563
335 420
283 376
264 280
268 289
291 429
388 564
380 564
348 463
263 346
315 416
278 355
295 311
336 444
260 344
266 369
287 303
312 407
279 277
300 424
323 399
393 561
281 273
340 418
343 471
280 360
285 335
243 332
279 360
322 395
404 565
314 315
351 444
352 442
359 391
276 381
243 341
296 337
345 475
280 293
355 413
264 346
317 401
296 333
270 347
325 324
283 277
399 565
276 290
297 422
273 297
238 308
297 414
287 304
387 555
387 563
267 353
230 320
262 331
242 338
282 279
235 321
365 571
374 550
345 419
379 560
284 354
258 335
315 403
328 419
321 550
259 340
287 432
312 311
292 428
287 335
285 371
284 295
351 398
320 321
290 301
384 566
259 338
339 331
348 403
275 382
250 328
396 567
259 267
276 359
274 270
261 269
300 425
289 332
367 396
328 414
291 333
331 419
275 365
298 330
387 562
294 310
252 266
276 293
345 466
239 308
350 385
366 412
286 429
259 265
317 539
352 392
296 295
321 535
243 346
243 315
240 321
272 346
295 407
235 318
297 338
298 316
285 331
237 321
319 400
290 384
351 397
351 392
275 280
355 412
348 444
319 429
384 555
293 313
326 327
263 366
281 302
241 321
323 415
360 573
290 341
317 403
335 326
233 326
240 313
278 354
346 410
322 321
376 388
371 396
304 309
243 334
348 413
265 394
349 463
322 426
340 417
249 320
267 277
405 560
289 414
276 300
313 311
261 368
271 270
346 408
289 318
389 568
266 394
347 432
376 563
285 349
307 416
289 276
309 310
284 268
319 421
345 408
319 411
394 569
372 563
246 319
352 416
365 410
255 367
251 328
241 319
265 274
291 421
252 335
393 564
277 366
232 319
325 419
350 415
268 394
283 271
297 316
265 268
235 314
302 423
263 272
303 411
321 321
287 309
352 397
275 302
285 380
319 536
260 271
285 429
361 409
284 267
318 422
294 309
302 416
290 293
276 298
349 415
322 412
354 392
368 389
287 374
286 374
261 270
314 310
288 292
342 328
317 418
294 382
236 311
286 378
264 345
251 366
259 339
297 292
266 266
346 434
246 348
357 389
291 337
245 350
344 404
270 279
370 567
286 305
394 568
306 422
341 329
328 478
276 368
287 308
314 312
363 391
322 396
338 425
289 377
317 314
333 421
376 507
370 503
234 325
304 415
263 365
293 336
289 277
305 411
350 408
289 381
295 293
345 467
299 408
241 337
338 441
298 298
277 307
262 329
309 417
264 369
352 394
297 308
337 429
262 392
265 277
276 374
272 345
265 267
282 307
270 346
349 412
296 334
280 292
244 332
286 380
375 388
376 398
290 419
257 363
270 354
363 410
326 423
339 443
374 506
374 399
286 351
373 394
303 307
360 389
386 559
316 417
261 369
346 462
288 322
295 301
338 417
405 562
373 550
368 407
287 274
279 276
370 399
268 288
394 563
313 409
378 566
337 335
358 412
275 379
243 337
378 563
247 335
255 375
404 559
267 347
362 410
364 404
367 406
372 562
286 427
300 293
262 368
321 315
284 270
320 431
280 278
357 390
339 418
287 352
243 335
296 407
275 354
324 420
300 408
238 325
267 278
240 315
359 409
318 401
364 391
346 465
284 348
285 375
287 321
352 461
248 373
319 399
371 389
346 433
335 327
355 414
287 348
262 369
264 370
308 308
336 327
314 302
382 557
276 377
287 322
350 437
317 313
259 331
320 409
372 398
348 440
252 322
259 330
290 422
347 443
360 395
386 565
322 314
260 353
345 414
283 319
306 309
331 414
314 409
374 563
313 408
285 348
374 509
263 370
267 343
328 417
289 422
346 409
248 353
391 570
294 299
277 367
321 428
378 390
323 410
290 342
321 420
282 304
266 268
337 333
341 421
275 297
248 319
248 331
364 403
240 305
254 379
266 279
290 334
259 348
376 397
305 306
340 328
243 339
254 377
371 509
288 293
285 383
349 408
311 309
276 361
291 430
404 562
326 424
269 397
339 422
265 369
351 385
302 408
269 351
265 276
388 563
356 414
366 391
250 367
259 336
304 417
290 338
279 370
265 278
271 272
377 564
283 270
331 326
253 370
257 345
254 373
252 321
269 281
319 321
382 560
319 404
257 344
285 317
373 509
404 566
333 417
292 302
391 562
351 386
261 271
291 343
318 399
346 498
310 418
324 422
307 310
363 394
303 409
290 318
270 353
281 295
371 390
350 433
314 309
326 323
293 381
235 316
301 412
278 370
243 313
264 275
297 337
315 414
328 418
366 571
316 414
286 279
279 307
315 411
248 330
244 319
308 307
303 312
396 564
279 371
252 320
375 549
275 361
319 537
259 328
374 402
363 409
266 264
295 294
254 374
342 471
271 276
331 415
296 325
319 412
313 302
269 277
313 303
264 344
295 326
332 414
255 320
320 399
240 323
312 304
295 323
296 410
341 420
330 326
288 339
264 271
261 266
286 311
268 278
367 389
358 410
346 414
323 412
353 411
266 274
291 299
371 511
332 325
255 267
372 548
277 373
373 551
321 316
261 345
339 423
257 328
263 332
346 420
287 320
352 393
309 306
314 418
347 392
372 399
324 429
258 267
370 506
279 279
295 336
266 271
289 355
238 338
252 381
351 434
276 356
336 430
278 294
292 415
369 503
372 568
252 268
342 395
348 431
345 394
245 319
293 334
375 508
372 549
346 424
253 337
274 296
275 294
295 330
259 363
247 375
378 404
336 328
313 300
243 336
288 307
283 429
257 367
307 422
254 328
264 365
269 379
286 309
296 302
263 279
264 366
276 357
309 537
303 428
338 424
373 507
350 389
297 305
386 560
372 394
236 324
232 318
239 326
270 345
291 298
323 396
289 311
287 317
232 316
262 280
277 370
286 278
335 330
342 443
348 388
333 334
270 381
263 342
348 400
332 327
252 367
366 552
272 270
343 327
297 339
347 410
278 307
239 315
272 274
345 405
371 401
324 399
341 443
349 432
264 343
346 432
305 418
311 417
283 375
328 409
350 490
284 269
254 380
275 290
245 332
347 411
299 332
270 290
270 277
304 420
344 390
290 304
237 311
274 290
360 409
243 345
289 424
346 394
281 292
318 419
340 423
334 326
287 428
243 342
348 442
269 381
276 299
299 304
255 265
294 414
345 420
374 507
244 315
293 301
363 573
242 332
318 425
296 332
336 433
286 347
295 327
334 419
302 312
344 471
276 297
372 393
338 427
281 307
283 431
287 292
269 357
276 373
335 328
294 294
363 388
254 266
287 318
335 415
281 320
268 373
262 370
251 365
361 395
277 365
274 367
304 412
252 269
352 443
394 571
275 270
291 317
357 413
285 330
246 349
348 397
304 421
371 399
271 357
260 333
264 274
301 428
318 403
346 445
317 312
278 382
321 432
264 394
344 328
286 383
365 566
269 278
362 572
262 272
297 411
318 538
329 410
384 556
404 567
355 391
297 330
266 347
252 336
365 567
327 326
300 423
283 338
285 372
317 316
251 324
254 375
278 359
352 390
314 408
266 263
298 304
271 343
290 292
288 378
369 405
297 291
276 376
241 335
286 354
370 396
284 350
257 266
386 557
285 378
289 335
246 347
286 372
241 314
315 303
289 346
286 313
326 322
301 421
253 320
361 574
259 335
371 506
259 353
348 387
353 437
296 300
366 568
351 389
366 392
279 294
260 264
340 429
285 384
349 413
280 375
262 394
289 306
237 325
316 422
268 349
387 557
403 563
287 343
319 420
300 420
235 309
249 321
271 283
369 509
289 317
257 348
238 336
265 271
320 433
334 421
282 352
352 409
318 551
365 404
367 388
255 374
262 333
296 336
303 313
308 310
362 403
321 415
359 573
335 432
344 412
271 288
277 362
295 319
284 374
263 330
295 299
234 309
354 414
324 395
303 413
319 425
241 306
298 293
363 404
309 305
337 416
348 412
385 556
292 335
271 274
288 335
365 390
390 564
370 387
346 471
290 426
236 314
241 308
284 349
271 275
328 416
294 415
336 443
378 403
276 286
234 321
366 389
236 312
269 345
257 267
406 567
271 342
268 397
257 340
299 303
351 431
291 420
258 342
274 381
347 388
301 293
297 412
321 317
262 345
264 348
252 372
251 326
297 294
236 317
372 401
335 419
258 340
370 394
348 432
277 300
269 393
276 281
251 270
287 353
368 401
308 309
296 304
372 566
315 301
336 432
298 339
269 271
267 393
284 331
374 389
328 408
301 408
294 311
297 322
280 305
320 410
262 393
401 565
386 561
333 331
370 398
382 565
237 324
293 335
291 338
288 305
283 350
281 279
273 269
271 344
322 422
250 370
324 398
334 324
276 279
356 410
345 328
376 564
343 440
257 365
329 411
351 388
313 305
276 354
235 308
260 354
239 337
290 382
303 408
311 305
370 401
235 319
345 442
323 324
278 279
314 314
332 415
345 429
387 556
287 278
343 328
278 305
248 329
253 328
277 355
331 334
271 376
282 306
345 407
306 409
263 280
343 446
317 422
304 310
326 320
400 565
376 404
320 406
391 563
382 559
323 411
350 396
242 337
316 301
351 461
318 411
344 444
344 442
237 338
370 395
302 314
304 307
296 331
287 342
345 474
337 418
365 565
328 415
285 271
351 415
300 421
289 334
273 357
379 561
296 322
365 391
283 272
276 380
292 334
282 266
286 371
285 329
290 417
289 378
317 414
332 334
317 315
291 319
265 266
241 332
297 410
345 392
238 306
270 282
296 301
345 469
373 400
371 394
272 287
344 433
397 565
292 429
337 328
290 343
372 565
364 566
286 346
335 331
285 428
345 415
295 320
296 414
296 415
377 404
334 325
322 398
288 312
246 350
264 267
404 561
391 564
253 378
294 320
251 327
318 426
325 394
250 368
241 336
360 387
349 399
302 413
251 325
275 274
268 351
248 374
310 305
340 425
372 547
275 376
302 421
387 561
253 368
292 416
347 463
280 302
327 316
268 350
273 274
369 505
368 397
274 274
338 333
253 371
330 335
319 410
276 274
246 353
252 338
290 377
283 304
234 320
318 427
289 354
346 413
312 418
300 415
317 402
330 419
296 320
369 396
345 465
304 414
371 404
299 310
294 301
290 430
315 316
349 441
274 297
344 327
289 344
256 367
363 387
286 275
361 389
292 317
291 431
318 313
236 316
249 375
289 416
287 332
232 309
302 419
326 328
344 421
250 329
236 313
364 390
347 429
330 334
359 387
291 422
252 324
282 270
320 430
279 373
323 421
260 346
254 381
375 548
262 365
352 434
306 419
372 390
347 420
288 427
285 374
278 360
376 400
287 378
359 408
284 337
253 266
365 411
319 535
288 273
322 399
376 399
299 420
286 379
365 568
362 395
398 564
261 394
377 565
354 393
369 403
306 416
401 564
338 426
363 392
347 428
295 321
275 279
296 296
269 280
343 390
278 372
250 369
353 435
396 568
357 408
333 330
292 417
278 381
276 360
268 374
254 378
267 392
290 321
374 387
395 568
287 376
289 426
277 280
289 382
321 323
286 310
275 291
283 354
317 311
289 423
257 349
324 319
271 273
320 411
344 474
239 306
351 387
317 417
297 423
363 412
253 372
373 387
263 393
296 321
362 529
344 389
262 266
329 419
367 506
253 369
370 397
345 468
333 333
284 336
291 318
324 317
232 320
346 446
346 447
346 448
347 448
348 448
346 442
348 449
349 449
348 450
350 449
348 451
348 452
287 293
348 453
347 453
348 454
346 453
346 454
346 455
347 455
236 310
345 456
346 457
344 456
345 457
347 457
345 458
348 457
345 459
345 460
345 461
346 461
344 461
347 461
343 461
348 461
347 462
343 460
349 461
346 431
346 430
345 430
346 429
285 277
345 428
344 428
344 427
344 426
343 426
344 425
342 426
326 313
345 425
341 426
345 424
341 427
315 410
345 423
283 337
341 428
286 307
344 423
345 422
319 318
276 294
341 429
286 306
346 422
345 421
326 326
341 430
314 407
341 473
340 473
339 473
338 473
339 472
337 473
302 429
337 474
347 407
338 475
337 475
339 475
338 476
336 475
340 475
338 477
340 476
338 478
337 478
338 479
336 478
339 479
338 480
335 478
340 479
339 480
322 550
335 479
341 479
340 478
339 481
334 479
342 479
341 480
339 482
333 479
343 479
339 483
333 480
333 478
343 480
340 483
338 483
333 481
332 478
343 481
341 483
337 483
338 484
334 481
332 481
331 478
341 484
335 481
334 482
332 482
331 477
342 484
331 482
331 476
343 484
342 485
330 482
331 475
344 484
297 304
330 475
345 484
344 485
315 538
316 537
346 484
345 485
345 483
317 540
315 539
347 484
345 482
316 536
317 541
348 484
347 485
316 535
318 541
348 485
317 542
307 423
349 485
350 485
350 486
350 487
350 488
351 488
350 489
352 488
353 488
352 489
352 490
353 490
352 491
353 491
351 491
354 491
351 492
351 493
352 493
340 419
353 493
275 356
279 361
278 356
350 493
349 493
348 493
347 493
348 494
348 492
348 495
348 491
348 496
348 490
347 496
348 489
347 497
347 498
347 499
347 500
348 500
347 501
349 500
347 502
350 500
348 502
346 502
348 503
346 503
349 503
345 503
346 504
350 503
349 504
344 503
345 504
351 503
343 503
345 505
351 504
342 503
344 505
345 506
351 505
342 504
345 507
352 505
341 504
345 508
340 504
346 508
345 509
340 505
346 509
345 510
340 506
347 509
346 510
341 506
340 507
348 509
342 506
341 507
339 507
340 508
349 509
348 510
342 507
338 507
340 509
350 509
349 510
348 511
343 507
337 507
340 510
351 509
350 510
343 508
336 507
341 510
340 511
351 510
336 506
342 510
340 512
351 511
335 506
343 510
340 513
352 511
334 506
343 511
339 513
353 511
334 505
344 511
343 512
354 511
334 504
342 512
355 511
354 512
333 504
342 513
356 511
355 510
342 514
356 512
342 515
357 512
342 516
357 513
342 517
358 513
343 517
342 518
359 513
343 518
341 518
360 513
359 512
343 519
340 518
341 519
360 514
360 512
344 519
343 520
340 519
340 517
360 515
360 511
342 520
343 521
339 519
361 515
360 510
339 520
362 515
361 516
360 509
338 520
362 516
361 517
359 509
360 508
338 521
363 516
360 517
361 518
361 508
360 507
338 522
364 516
361 519
362 508
360 506
339 522
337 522
364 517
364 515
362 519
360 519
363 508
361 506
359 506
340 522
339 523
336 522
365 515
364 514
362 520
359 519
364 508
362 506
359 505
339 524
335 522
363 520
362 521
358 519
364 509
362 505
359 504
339 525
335 523
363 521
361 521
357 519
358 518
365 509
360 504
339 526
335 524
363 522
361 522
356 519
357 520
358 517
366 509
365 510
360 503
338 526
339 527
334 524
335 525
360 522
286 304
361 503
337 526
340 527
339 528
334 525
360 523
273 388
362 503
361 502
337 527
337 525
341 527
339 529
334 526
360 524
279 386
363 503
337 528
342 527
339 530
333 526
360 525
272 389
273 389
363 502
333 527
361 525
360 526
274 387
257 401
364 502
332 527
362 525
359 526
360 527
275 388
365 502
331 527
332 528
363 525
360 528
274 388
280 386
366 502
330 527
331 528
331 526
364 525
363 524
360 529
271 389
278 387
366 501
329 527
330 526
331 525
359 529
360 530
272 388
273 375
276 388
274 386
367 501
366 500
329 528
358 529
361 530
360 531
256 401
281 386
270 389
271 390
271 388
367 500
365 500
329 529
357 529
358 530
358 528
362 530
359 531
360 532
272 387
276 389
275 386
274 385
367 499
329 530
357 528
358 531
358 527
363 530
361 532
360 533
256 400
281 385
270 390
368 499
330 530
328 530
357 527
357 531
363 529
361 533
360 534
270 388
271 391
271 387
276 386
369 499
368 498
327 530
356 527
356 531
357 532
364 529
362 533
360 535
273 385
282 385
269 390
270 391
270 387
272 391
370 499
369 498
368 497
326 530
327 529
355 531
361 535
360 536
276 385
283 385
282 384
370 498
326 531
327 528
354 531
361 536
360 537
269 391
270 392
371 498
370 497
326 532
354 532
362 536
361 537
277 385
284 385
283 386
372 498
370 496
325 532
326 533
353 532
354 533
363 536
361 538
269 392
277 384
284 386
373 498
369 496
326 534
354 534
364 536
363 537
374 498
326 535
353 534
365 536
364 537
375 498
325 535
352 534
353 535
366 536
365 535
364 538
375 497
324 535
325 536
352 535
352 533
367 536
365 538
364 539
323 535
325 537
352 536
351 533
367 535
366 538
365 539
364 540
322 535
323 536
323 534
351 536
350 533
367 538
363 540
364 541
288 317
350 536
351 537
368 538
364 542
329 478
350 537
351 538
369 538
363 542
327 480
352 538
351 539
370 538
363 543
329 479
351 540
371 538
363 544
328 480
352 540
351 541
372 538
371 539
362 544
329 480
350 541
371 540
361 544
328 483
371 541
360 544
361 545
329 481
372 541
269 350
360 543
328 482
329 482
373 541
359 543
315 535
319 541
318 542
358 543
270 271
314 535
313 535
357 543
314 534
312 535
313 534
356 543
314 533
312 536
314 532
355 543
356 542
312 537
355 544
356 541
314 531
313 537
355 545
355 541
312 538
314 530
311 538
355 546
354 541
315 530
314 529
355 547
354 540
310 538
313 529
355 548
314 528
309 538
310 539
356 548
308 538
309 539
307 538
357 548
356 549
308 539
309 540
309 541
356 550
308 541
307 541
357 550
356 551
307 542
307 540
356 552
307 543
307 544
357 552
355 552
305 543
358 552
354 552
308 544
359 552
307 545
359 553
359 551
305 544
309 544
360 553
306 545
361 553
304 544
310 544
361 554
309 545
303 544
311 544
362 554
361 555
310 545
303 545
312 544
362 555
361 556
303 546
313 544
302 546
363 555
361 557
303 547
313 545
313 543
364 555
361 558
301 546
313 546
364 556
362 558
360 558
314 543
314 546
365 556
313 547
315 543
314 542
315 546
366 556
312 547
316 543
315 547
367 556
366 555
311 547
315 548
311 548
316 548
367 557
366 554
317 548
318 548
317 549
368 557
365 554
319 548
318 547
369 557
368 558
365 553
320 548
319 549
370 557
369 556
368 559
365 552
318 546
371 557
370 556
367 559
368 560
365 551
321 548
250 270
371 558
371 556
370 555
366 559
369 560
366 551
365 550
320 547
319 550
371 559
371 555
366 550
364 550
318 545
321 549
371 560
371 554
363 550
364 549
321 547
320 546
318 550
372 560
371 561
372 554
371 553
272 380
317 545
290 383
290 381
372 561
371 562
373 554
372 553
290 411
289 411
288 411
288 412
287 412
286 412
286 413
286 411
285 413
286 414
285 411
285 414
287 414
286 415
285 410
285 415
285 409
284 415
285 416
284 409
283 409
284 408
282 409
283 410
283 408
284 407
282 408
281 408
282 407
280 408
282 406
280 409
280 407
283 406
280 410
280 406
279 410
280 411
280 405
280 412
279 405
279 412
280 413
278 405
279 413
280 414
277 405
278 404
279 414
278 403
278 414
279 415
279 403
277 403
277 414
276 403
276 414
277 415
275 403
276 413
277 416
274 403
278 416
277 417
273 403
274 404
274 402
276 417
277 418
272 403
273 402
274 405
275 417
277 419
272 402
274 406
274 417
275 418
277 420
271 402
274 407
277 421
270 402
271 401
274 408
278 421
276 421
277 422
269 402
270 403
271 400
274 409
278 422
275 421
276 422
268 402
269 401
270 404
272 400
271 399
273 409
278 423
274 421
276 423
267 402
270 405
272 399
271 398
272 409
278 424
274 422
276 424
266 402
270 406
273 399
272 398
277 424
275 424
276 425
266 403
270 407
273 398
275 425
276 426
266 404
273 397
274 425
276 427
265 404
273 396
273 425
274 426
276 428
264 404
272 396
273 395
272 425
277 428
263 404
274 395
273 394
272 424
278 428
262 404
274 394
278 427
262 405
262 403
275 394
279 427
278 426
262 406
262 402
276 394
280 427
261 406
263 402
262 401
276 393
281 427
280 426
260 406
263 401
277 393
280 425
263 400
277 392
280 424
263 399
277 391
280 423
262 399
278 391
276 391
261 399
262 398
278 390
275 391
260 399
261 398
278 389
275 390
259 399
260 398
279 389
274 390
259 400
259 398
280 389
279 388
274 389
259 401
259 397
279 387
367 571
367 572
367 573
366 573
366 574
366 575
365 575
364 575
363 575
364 576
362 575
363 576
363 577
363 578
362 578
363 579
364 579
363 580
365 579
364 580
366 579
364 581
366 578
364 582
367 578
365 582
363 582
367 577
366 582
365 583
363 583
367 576
367 582
362 583
368 576
368 582
361 583
369 576
369 582
368 581
360 583
361 584
370 576
370 582
368 580
360 584
370 577
371 582
370 583
369 580
359 584
360 585
372 582
371 581
370 584
370 580
369 579
358 584
373 582
369 584
370 585
370 579
357 584
373 581
369 585
356 584
373 580
368 585
369 586
355 584
374 580
368 586
369 587
355 585
355 583
375 580
367 586
370 587
354 585
355 582
375 581
375 579
366 586
370 588
353 585
356 582
375 582
375 578
371 588
370 589
353 586
353 584
357 582
356 581
376 582
375 583
375 577
372 588
371 589
352 586
353 587
352 584
358 582
356 580
374 577
373 588
371 590
352 587
354 587
355 580
373 577
374 576
373 589
371 591
354 580
355 579
374 589
372 591
370 591
353 580
354 579
355 578
372 592
370 592
352 580
354 578
355 577
373 592
372 593
369 592
370 593
352 581
353 578
372 594
368 592
351 581
352 578
372 595
367 592
368 591
350 581
351 578
372 596
367 593
350 578
351 579
351 577
373 596
366 593
350 577
373 597
365 593
373 598
374 598
373 599
373 600
373 601
374 601
372 601
375 601
374 602
372 602
376 601
374 603
371 602
372 603
377 601
376 602
375 603
371 603
378 601
377 602
370 603
378 602
378 600
369 603
378 603
379 600
368 603
369 602
378 604
380 600
368 604
369 601
378 605
380 601
380 599
367 604
369 600
379 605
381 599
366 604
367 605
370 600
368 600
380 605
381 598
365 604
367 606
370 599
368 599
381 605
380 606
382 598
364 604
368 606
366 606
370 598
367 599
382 605
381 604
380 607
383 598
382 597
364 603
369 606
371 598
366 599
383 605
381 607
380 608
383 599
382 596
363 603
371 597
365 599
384 605
383 604
380 609
363 602
365 598
384 606
384 604
383 603
379 609
380 610
362 602
363 601
365 597
385 604
384 603
382 603
383 602
380 611
361 602
362 601
363 600
386 604
383 601
380 612
360 602
361 603
363 599
380 613
359 602
360 601
361 604
363 598
380 614
359 603
361 605
362 598
380 615
361 606
362 597
380 616
362 596
380 617
361 596
381 617
379 617
360 596
361 595
382 617
378 617
379 618
359 596
383 617
377 617
378 618
379 619
359 595
383 618
358 595
359 594
383 619
357 595
383 620
357 596
383 621
356 596
357 597
383 622
355 596
384 622
354 596
355 597
355 595
384 623
353 596
355 598
384 624
353 595
354 598
385 624
383 624
353 594
353 598
385 625
382 624
353 593
352 598
353 599
386 625
382 625
353 592
352 597
353 600
386 626
382 626
353 591
351 597
354 600
383 626
381 626
382 627
352 591
353 590
350 597
354 601
380 626
351 591
354 590
350 598
355 601
379 626
380 627
380 625
350 591
351 592
349 598
355 602
378 626
380 628
350 590
348 598
381 628
379 628
350 589
348 599
348 597
381 629
379 629
350 588
347 599
348 596
379 630
349 588
347 600
348 595
380 630
347 601
348 594
380 631
348 601
346 601
347 602
347 594
380 632
348 602
345 601
346 602
346 594
347 593
381 632
348 603
344 601
345 600
346 595
346 593
382 632
349 603
344 602
345 595
346 592
383 632
382 631
349 604
343 602
344 603
345 596
346 591
384 632
383 633
382 630
344 604
347 591
345 591
385 632
383 634
345 604
345 590
385 633
385 631
382 634
383 635
345 605
345 589
386 633
385 630
381 634
383 636
346 605
345 606
345 588
387 633
385 629
380 634
384 636
383 637
347 605
344 588
345 587
388 633
387 634
387 632
386 629
384 629
383 638
348 605
347 606
347 604
343 588
388 634
387 635
387 629
384 628
383 639
342 588
343 587
389 634
388 629
383 640
342 589
342 587
343 586
390 634
389 635
388 628
383 641
342 586
344 586
343 585
390 633
389 636
388 627
384 641
383 642
342 585
343 584
390 636
388 626
385 641
383 643
342 584
343 583
388 625
386 641
382 643
383 644
344 583
389 625
388 624
387 641
381 643
345 583
344 582
389 624
388 623
388 641
387 642
387 640
380 643
344 581
390 624
388 622
389 641
388 642
388 640
379 643
380 642
344 580
391 624
389 622
387 622
390 641
389 640
388 643
379 644
380 641
343 580
344 579
391 625
391 623
389 621
391 641
388 644
379 645
380 640
392 625
392 623
391 642
378 645
380 639
392 626
393 623
392 622
392 642
391 643
377 645
378 646
379 639
392 627
394 623
390 643
391 644
378 647
379 638
392 628
395 623
394 624
390 644
391 645
378 648
378 638
379 637
395 624
395 622
394 625
390 645
377 648
378 649
377 638
396 624
389 645
377 649
379 649
377 637
396 625
389 646
376 649
377 650
380 649
376 637
377 636
396 626
389 647
375 649
377 651
380 650
375 637
397 626
390 647
388 647
389 648
374 649
375 650
380 651
398 626
391 647
389 649
375 651
381 651
399 626
391 648
375 652
381 652
400 626
391 649
374 652
375 653
382 652
401 626
400 627
392 649
374 653
383 652
382 653
402 626
401 627
393 649
383 653
383 651
382 654
403 626
402 625
401 628
394 649
383 654
384 651
381 654
382 655
403 625
402 624
401 629
394 648
380 654
402 623
402 629
394 647
380 655
401 623
402 622
403 629
402 630
394 646
379 655
380 656
403 630
403 628
395 646
394 645
379 656
381 656
395 645
378 656
381 657
395 644
377 656
381 658
396 644
377 655
382 658
380 658
381 659
376 655
383 658
379 658
380 659
375 655
376 654
384 658
383 657
380 660
374 655
384 659
384 657
379 660
374 656
384 660
379 661
373 656
383 660
384 661
378 661
379 662
373 657
385 661
384 662
377 661
380 662
372 657
386 661
384 663
377 662
372 658
387 661
385 663
376 662
371 658
387 660
386 663
375 662
387 659
386 664
374 662
388 659
387 658
387 664
373 662
374 661
389 659
387 665
372 662
373 663
390 659
388 665
387 666
372 663
372 661
391 659
387 667
372 664
392 659
391 660
372 665
393 659
373 665
372 666
394 659
373 666
371 666
394 660
394 658
371 667
394 661
394 657
371 668
394 662
395 657
393 657
394 656
371 669
393 662
396 657
393 656
371 670
396 656
372 670
371 671
397 656
373 670
371 672
374 670
371 673
372 673
370 673
369 673
369 674
369 675
369 676
370 676
368 676
368 677
368 678
369 678
367 678
366 678
366 679
366 677
366 680
366 676
365 680
366 675
365 681
367 675
365 675
364 675
363 675
364 676
362 675
363 674
362 676
362 674
363 673
361 676
362 677
364 673
363 672
360 676
363 677
362 678
362 672
363 671
359 676
360 677
363 678
363 670
358 676
359 677
359 675
363 669
357 676
359 678
364 669
362 669
357 675
358 678
365 669
364 668
361 669
356 675
357 678
358 679
366 669
365 670
364 667
361 670
355 675
356 674
357 679
358 680
367 669
364 666
361 671
354 675
355 676
356 673
365 666
353 675
355 677
357 673
355 673
356 672
366 666
352 675
355 678
356 671
367 666
351 675
354 678
355 671
350 675
351 674
354 679
354 671
349 675
353 679
348 675
348 676
348 674
348 677
347 677
346 677
347 678
346 676
347 679
346 675
346 679
347 680
346 674
346 680
347 681
346 681
348 681
347 682
345 681
349 681
347 683
344 681
345 682
350 681
346 683
347 684
344 680
351 681
350 682
350 680
348 684
347 685
343 680
352 681
351 682
349 684
348 685
347 686
342 680
352 682
352 680
349 685
346 686
341 680
353 682
350 685
349 686
340 680
341 681
341 679
351 685
350 686
339 680
340 681
340 679
341 682
341 678
352 685
351 684
350 687
338 680
339 679
342 682
342 678
341 677
353 685
350 688
338 681
342 683
341 676
350 689
338 682
342 684
342 676
340 676
351 689
342 685
339 676
340 675
352 689
341 685
342 686
338 676
339 675
340 674
353 689
340 685
337 676
340 673
354 689
340 686
340 684
337 677
337 675
339 673
354 690
339 686
340 687
339 684
336 677
338 673
355 690
341 687
340 688
337 673
338 672
356 690
355 691
341 688
337 672
338 671
355 692
336 672
339 671
338 670
355 693
335 672
337 670
356 693
354 693
334 672
336 670
356 694
333 672
336 669
356 695
336 668
357 695
356 696
335 668
336 667
358 695
334 668
337 667
359 695
333 668
360 695
359 694
332 668
333 669
333 667
360 696
331 668
333 670
361 696
330 668
331 669
334 670
332 670
362 696
329 668
331 670
363 696
328 668
329 667
331 671
364 696
363 697
329 666
364 697
364 695
363 698
328 666
329 665
365 695
364 694
327 666
328 665
330 665
329 664
363 694
364 693
326 666
331 665
329 663
363 693
364 692
325 666
326 665
331 664
329 662
365 692
364 691
324 666
325 667
331 663
328 662
329 661
363 691
364 690
323 666
324 667
329 660
363 690
365 690
322 666
329 659
366 690
365 689
321 666
330 659
367 690
366 689
320 666
321 667
331 659
367 691
319 666
320 667
320 665
332 659
368 691
332 658
369 691
333 658
369 690
334 658
333 657
370 690
369 689
335 658
333 656
368 689
369 688
336 658
335 659
334 656
370 688
369 687
337 658
336 657
335 660
370 687
369 686
338 658
337 657
335 661
369 685
339 658
368 685
369 684
339 657
367 685
370 684
340 657
366 685
340 656
365 685
366 684
341 656
340 655
365 684
341 655
364 684
342 655
342 654
342 653
342 652
343 652
342 651
341 651
341 650
341 649
340 649
341 648
339 649
342 648
338 649
339 650
343 648
337 649
338 648
339 651
344 648
337 650
338 647
339 652
344 647
336 650
339 647
337 647
338 646
340 652
344 646
335 650
336 651
337 646
340 653
345 646
334 650
336 652
336 646
346 646
345 645
333 650
336 653
335 646
336 645
346 645
332 650
333 649
334 646
335 647
336 644
347 645
335 644
334 644
334 643
334 642
333 642
333 641
333 640
334 640
332 640
334 639
331 640
335 639
330 640
331 641
336 639
330 639
330 638
330 637
329 637
329 636
329 635
330 635
329 634
331 635
329 633
331 636
328 633
327 633
328 632
327 632
326 632
326 631
325 631
326 630
327 630
326 629
328 630
325 629
329 630
325 628
330 630
325 627
331 630
326 627
324 627
332 630
331 631
331 629
327 627
333 630
332 629
331 632
331 628
334 630
333 631
332 632
331 627
335 630
334 631
333 632
332 633
330 627
331 626
336 630
329 627
336 631
329 628
329 626
336 632
329 625
335 632
336 633
329 624
336 634
329 623
337 634
336 635
330 623
331 623
330 622
332 623
331 624
331 622
333 623
331 621
334 623
333 624
332 621
331 620
335 623
333 625
332 620
336 623
334 625
332 619
336 622
335 625
332 618
336 625
333 618
331 618
337 625
334 618
330 618
337 626
334 619
334 617
329 618
330 619
338 626
334 616
328 618
329 619
335 616
334 615
329 620
336 616
334 614
328 620
329 621
336 615
333 614
328 621
337 615
336 614
332 614
328 622
338 615
331 614
331 613
331 612
330 612
329 612
330 611
328 612
329 611
327 612
329 610
326 612
329 609
325 612
328 609
324 612
327 609
324 613
326 609
327 608
323 613
325 609
326 610
327 607
322 613
323 614
324 609
325 610
322 614
322 612
323 615
323 609
321 614
321 612
324 615
323 616
322 609
320 614
321 611
325 615
324 616
320 613
320 611
319 613
319 612
318 612
317 612
318 611
316 612
315 612
316 613
316 611
315 613
315 611
316 614
314 611
313 611
314 610
313 612
314 609
312 612
313 609
314 608
311 612
312 613
313 608
314 607
311 611
313 607
315 607
310 611
312 607
315 606
309 611
310 610
312 606
316 606
308 611
309 612
310 609
316 605
307 611
309 613
317 605
307 612
309 614
317 604
307 613
310 614
317 603
306 613
307 614
311 614
310 615
317 602
305 613
307 615
310 616
316 602
304 613
305 614
311 616
303 613
304 614
312 616
302 613
303 614
303 612
313 616
312 617
301 613
303 615
303 611
313 617
301 614
302 615
303 616
303 610
314 617
300 614
302 616
302 610
303 609
299 614
300 615
302 617
302 609
304 609
298 614
302 608
297 614
298 615
297 615
297 613
298 616
298 617
297 617
297 618
296 618
295 618
296 619
295 617
296 620
294 617
295 616
293 617
296 616
295 615
292 617
293 618
295 614
291 617
292 618
294 614
295 613
290 617
291 618
295 612
289 617
290 616
291 619
295 611
290 615
291 620
296 611
294 611
295 610
291 615
290 614
290 620
295 609
292 615
289 614
290 613
289 620
296 609
293 615
288 614
288 620
288 613
287 620
288 621
287 613
288 612
286 620
287 621
288 622
289 612
285 620
289 611
284 620
285 619
283 620
283 621
282 621
283 622
281 621
283 623
280 621
281 622
281 620
284 623
283 624
280 622
280 620
284 624
283 625
280 619
282 625
283 626
282 626
284 626
281 626
282 627
282 628
283 628
282 629
284 628
281 629
285 628
280 629
286 628
285 629
285 627
280 628
286 627
287 627
