336 240
273 331
309 224
135 172
172 177
326 221
199 142
203 144
343 218
330 256
153 158
166 164
211 155
362 267
333 205
204 160
339 260
354 227
211 152
345 240
338 231
273 334
147 164
267 340
207 133
169 178
372 235
279 312
180 168
197 132
327 210
330 242
364 208
277 266
346 257
269 343
139 171
154 158
298 239
286 244
319 238
318 217
340 260
174 173
363 279
347 232
358 279
183 168
368 226
333 245
363 267
345 263
344 263
327 250
389 260
257 263
306 254
307 252
352 267
351 269
331 235
207 145
167 174
325 218
346 230
340 263
322 238
359 272
205 135
207 132
387 259
181 167
268 260
356 224
268 335
293 230
386 259
290 229
360 224
348 261
340 217
348 251
175 176
265 253
343 248
357 274
345 261
349 239
388 260
332 244
298 236
143 167
340 228
162 173
174 170
155 166
177 169
341 233
177 168
369 206
298 230
366 226
181 174
202 142
340 256
268 331
211 148
210 160
368 206
304 246
202 162
365 212
157 165
146 166
361 227
153 159
349 228
367 264
137 172
167 169
156 165
204 140
228 214
373 233
177 173
270 325
323 301
365 279
165 174
347 265
361 221
353 288
339 261
382 263
175 177
204 163
202 131
352 224
349 230
303 234
361 267
203 147
203 135
270 321
148 163
330 244
358 266
379 265
300 250
331 249
169 177
373 226
268 343
334 249
284 312
397 262
332 232
206 135
141 167
349 269
270 265
356 280
197 130
171 169
183 167
343 254
373 228
181 171
249 233
305 258
211 158
368 212
358 272
257 260
258 264
150 166
272 314
356 288
268 323
261 259
328 206
270 320
333 204
367 265
201 144
189 128
146 149
330 199
335 245
347 266
270 317
279 324
353 228
275 331
322 303
269 328
376 222
354 223
330 245
341 224
174 166
283 313
168 170
272 335
333 248
207 148
310 242
338 256
362 230
199 155
149 163
353 224
340 258
272 337
207 146
151 166
165 170
281 310
298 238
264 340
352 273
323 238
355 271
290 231
198 129
167 165
163 178
140 167
161 170
177 174
356 269
376 226
361 230
356 287
363 277
308 233
268 317
297 248
336 246
184 170
362 275
363 213
350 227
332 199
327 209
364 264
271 343
359 275
333 215
374 226
262 261
363 225
344 252
325 250
268 256
198 145
270 327
278 332
356 282
181 169
334 246
270 324
348 248
198 133
201 133
333 199
270 335
141 171
348 236
270 256
280 313
174 178
266 335
204 134
341 257
173 166
172 166
361 220
344 262
373 227
302 246
320 240
248 233
348 237
278 324
168 177
186 169
147 154
336 241
199 145
194 130
204 135
305 251
344 260
272 261
202 143
305 234
209 160
328 210
371 236
391 260
176 174
342 233
278 330
280 326
275 264
343 252
153 163
339 255
306 258
260 263
164 175
264 330
343 253
203 131
281 309
341 255
256 265
345 226
306 246
362 277
212 153
337 239
172 176
345 270
136 170
325 302
213 160
144 171
366 260
280 312
147 149
327 222
270 334
371 231
362 224
279 330
340 259
378 261
285 258
276 332
302 248
152 161
137 170
167 177
330 249
343 257
266 332
339 230
335 252
370 229
386 263
363 226
305 256
136 172
330 211
338 253
327 251
201 131
378 262
149 155
272 316
318 240
338 236
210 146
200 133
146 153
375 262
326 214
149 161
370 235
332 224
198 143
337 254
358 219
331 230
271 265
376 221
268 336
189 166
340 261
349 237
264 262
269 337
281 311
204 162
158 165
200 144
257 258
265 333
349 260
262 260
262 255
280 310
340 226
328 254
371 259
359 221
283 310
369 265
385 259
305 246
366 266
164 179
361 281
367 208
296 232
381 263
305 253
256 264
304 249
390 260
213 161
278 321
360 276
350 230
301 236
326 243
176 171
328 250
321 238
353 282
141 166
276 266
356 285
282 307
266 330
184 167
202 132
162 170
348 256
328 252
140 168
269 335
345 265
152 166
377 265
151 154
348 241
381 253
384 261
305 257
146 154
344 264
207 147
367 267
273 338
167 164
171 178
346 231
294 255
371 260
356 281
263 248
164 173
151 158
308 234
345 267
213 143
147 163
341 223
329 247
331 247
341 234
317 240
304 253
333 207
373 232
341 238
306 252
363 281
333 203
351 227
266 343
302 233
339 226
356 279
326 244
333 209
356 277
204 138
274 338
273 262
354 222
363 214
360 267
146 150
263 263
302 245
289 260
346 266
268 341
138 168
303 253
266 252
278 267
302 235
366 212
375 225
263 255
374 260
268 265
268 309
292 231
296 234
175 169
268 308
264 251
379 220
383 263
367 226
275 333
268 324
355 288
330 224
272 338
212 148
339 229
160 171
382 253
146 152
267 323
142 172
142 168
352 230
319 212
278 268
267 329
383 255
356 286
212 149
327 221
379 261
319 241
189 165
157 166
345 266
279 325
170 169
275 332
269 344
339 254
141 169
299 237
284 313
362 276
300 248
359 270
342 221
331 229
334 242
367 212
208 145
337 253
349 252
207 162
166 170
188 129
343 219
282 312
264 252
171 166
348 255
354 226
154 164
269 264
280 308
348 231
270 323
324 303
272 312
383 260
340 262
160 166
372 265
371 258
320 242
270 322
368 209
334 247
322 242
334 236
349 265
332 235
190 129
155 164
273 261
346 237
203 146
158 166
360 279
338 240
291 231
368 228
352 266
364 282
370 209
379 263
341 254
361 226
355 282
205 146
350 251
265 252
369 211
259 263
340 227
363 216
157 172
270 266
363 282
376 223
266 333
162 179
303 231
208 163
213 162
280 324
348 266
273 336
354 282
151 167
208 160
356 271
324 301
345 227
384 263
371 264
163 164
269 262
343 232
335 198
371 209
267 256
374 261
182 169
331 212
332 234
350 228
364 266
197 131
179 172
268 337
372 266
395 260
344 219
265 338
134 172
336 207
345 232
333 211
368 208
299 233
164 166
298 232
343 235
336 198
345 269
293 231
356 283
355 274
353 272
275 263
264 336
179 169
341 239
333 239
191 127
371 229
331 213
282 310
178 168
181 175
397 261
272 318
186 170
321 239
335 244
358 222
309 242
159 166
199 143
330 229
374 266
280 314
275 334
327 246
371 208
345 255
363 215
363 224
206 162
199 133
327 220
168 169
299 238
272 317
363 280
169 169
340 234
332 240
205 131
193 126
366 207
351 226
268 330
333 246
349 263
212 144
284 311
347 231
201 128
333 238
333 200
162 174
343 221
330 243
308 258
352 269
304 255
303 247
339 262
202 126
190 166
266 329
186 171
298 235
379 260
303 233
208 148
337 252
186 164
324 302
387 261
349 262
202 155
316 238
151 159
166 174
191 128
350 250
333 236
270 260
165 176
167 171
321 303
191 129
345 260
373 259
266 253
280 328
336 236
164 177
332 230
361 282
368 207
357 273
269 310
163 166
355 224
347 254
343 220
267 331
351 268
143 171
336 245
328 245
333 253
204 158
351 225
373 230
373 234
257 261
201 129
270 319
348 244
359 225
349 256
202 157
367 215
353 266
162 168
164 176
266 331
269 312
361 268
184 171
153 154
163 179
368 227
137 169
326 213
264 250
306 256
269 329
197 129
192 126
326 225
306 251
195 129
363 220
324 239
206 147
355 263
329 246
384 257
339 231
343 234
277 267
339 256
356 275
319 240
202 156
370 226
330 210
204 139
385 258
301 231
212 157
349 231
280 323
138 167
393 260
331 211
356 284
334 235
350 265
152 163
261 260
268 310
269 263
325 241
345 268
204 131
213 164
353 229
307 251
188 165
145 167
332 253
211 157
272 336
167 178
274 262
359 267
330 255
297 232
375 224
345 219
383 254
327 247
353 280
269 341
331 254
202 154
305 255
188 130
358 225
342 240
359 273
335 235
139 167
366 261
273 337
358 221
212 155
345 262
263 330
213 163
269 257
165 173
152 160
381 220
355 287
206 132
267 343
327 244
152 159
365 264
333 243
349 232
262 248
263 340
261 256
342 239
303 232
360 266
354 274
282 313
193 129
353 269
138 173
186 166
152 164
365 267
136 171
331 246
380 263
369 226
302 236
361 279
186 165
334 213
204 144
354 225
166 171
370 205
274 265
263 336
363 219
150 163
266 254
196 133
212 161
291 230
380 253
202 127
358 274
334 199
365 227
346 244
338 239
269 330
260 258
258 261
383 261
352 265
166 168
375 264
270 258
380 219
269 260
325 240
358 223
273 339
197 145
332 241
364 219
354 271
351 230
368 214
198 141
195 130
368 265
165 166
381 252
395 259
176 177
333 241
370 264
262 256
302 251
301 230
180 171
146 151
261 255
265 335
269 324
355 264
194 128
332 233
199 141
362 219
209 132
321 223
272 340
331 223
174 171
177 175
344 234
344 250
384 255
265 334
358 226
201 132
211 145
336 237
329 255
270 318
333 214
345 258
268 339
274 304
167 167
346 265
175 174
212 152
361 280
262 263
175 173
278 323
348 252
196 130
145 166
161 166
180 169
338 234
149 156
175 175
164 174
361 224
174 177
176 170
183 171
258 263
143 172
349 261
202 158
265 256
307 258
368 261
345 230
349 264
358 220
269 317
346 249
271 261
357 224
365 280
368 210
351 251
373 236
347 249
180 174
272 315
172 178
178 169
334 208
336 208
367 225
368 205
304 248
331 228
394 260
369 209
302 234
311 242
392 260
318 238
357 272
266 256
162 171
371 205
348 257
366 214
333 202
331 225
271 318
299 236
175 167
306 253
348 267
303 246
367 216
354 288
298 231
193 182
201 158
292 229
270 337
203 157
327 242
362 221
213 150
333 201
376 264
294 231
297 234
274 317
300 236
303 248
369 261
372 229
379 222
348 254
164 180
333 244
378 222
185 167
365 207
343 255
295 232
161 173
273 260
335 243
256 262
270 257
294 258
359 279
275 262
189 129
366 259
149 148
147 155
210 145
263 334
323 303
279 268
363 212
386 261
327 245
275 265
348 262
212 154
381 219
367 214
363 217
207 163
147 165
362 228
336 197
307 233
264 254
334 248
171 177
370 230
165 164
362 229
380 223
332 211
303 250
353 281
162 166
296 235
319 239
381 221
327 248
305 248
356 274
165 168
349 268
261 261
294 256
379 221
152 165
345 237
328 227
327 252
370 265
366 206
204 142
374 259
328 222
309 241
205 145
293 258
181 172
338 230
321 240
328 253
382 260
385 264
346 229
209 148
384 260
270 262
343 240
332 250
334 214
344 238
150 154
379 219
372 264
336 239
180 167
341 235
360 277
285 260
281 308
141 168
346 269
375 222
307 259
344 226
371 226
343 233
274 339
328 251
306 235
302 230
334 198
153 155
293 256
354 265
337 240
362 223
364 227
170 177
332 246
182 171
334 241
266 336
165 179
337 230
378 266
207 160
176 172
327 249
342 222
268 311
352 268
304 250
268 261
355 266
186 167
341 217
344 255
392 259
147 156
136 168
344 237
329 229
162 169
372 237
370 206
203 148
169 176
192 129
199 144
164 164
369 214
270 326
264 249
203 162
377 262
149 154
362 218
173 178
372 231
322 241
373 229
203 158
307 238
375 223
344 257
269 342
210 155
270 261
208 132
332 254
373 266
212 160
260 259
362 227
333 242
263 251
364 280
149 166
335 208
213 158
175 172
160 170
193 130
348 238
338 238
333 251
360 273
275 317
211 160
307 250
214 143
211 156
271 312
303 230
256 263
372 209
300 233
260 261
268 340
338 237
166 169
270 259
336 252
358 224
144 167
307 234
365 228
326 252
173 169
357 266
141 170
182 168
348 242
334 207
213 159
316 223
350 269
366 267
370 237
204 136
206 131
360 227
334 210
343 249
329 248
364 220
200 158
363 227
336 233
373 231
163 167
264 329
366 264
333 230
330 228
207 149
339 253
357 278
257 262
147 153
319 242
301 232
321 242
261 263
357 223
376 262
147 150
212 145
153 156
356 276
332 252
385 257
205 147
267 252
345 231
150 148
265 336
385 265
349 270
202 136
171 175
340 225
331 199
326 224
158 171
156 166
259 258
348 268
365 213
305 250
151 163
306 234
323 239
154 163
291 229
345 236
276 265
306 257
371 237
269 265
203 155
266 255
175 168
333 208
201 127
152 162
203 130
341 216
356 266
342 253
343 251
277 332
374 262
348 265
366 216
305 247
334 252
209 163
264 248
367 266
304 254
396 260
340 238
326 242
355 280
354 272
206 160
158 172
330 253
142 171
341 232
360 275
347 248
265 330
298 233
372 234
283 258
342 217
344 239
301 248
369 260
157 173
331 248
369 259
339 238
346 245
171 176
271 322
332 236
367 263
265 257
331 227
269 256
202 144
181 168
308 260
179 173
175 166
204 137
345 259
260 255
349 248
363 221
258 258
166 177
267 335
356 272
179 171
309 256
264 337
204 141
334 243
387 260
178 173
344 266
297 235
264 253
261 257
300 232
339 234
334 211
263 262
152 154
148 148
367 206
377 222
301 251
360 230
264 333
340 229
197 133
162 172
273 317
191 126
295 257
185 171
317 238
164 178
384 256
332 213
166 165
364 213
363 222
258 262
375 259
354 224
163 165
324 304
181 173
334 200
332 237
273 335
202 133
260 257
267 254
338 233
142 167
332 251
287 261
267 322
270 328
356 278
200 155
304 234
366 263
312 242
174 169
372 236
176 169
188 166
334 253
368 211
360 221
342 218
353 227
205 130
332 223
334 212
363 223
151 148
325 251
263 261
205 144
263 254
328 255
326 241
264 338
212 150
365 226
149 162
364 207
262 257
329 245
396 262
355 270
376 227
334 209
188 128
165 167
270 312
147 148
370 236
269 311
378 265
202 135
150 153
203 145
385 260
209 145
202 134
332 247
335 214
382 264
211 147
201 155
205 160
356 264
140 171
353 273
212 151
148 156
301 249
365 214
326 250
362 231
213 144
354 266
347 237
372 226
345 257
348 239
213 145
319 211
349 251
151 160
137 173
359 271
203 142
355 275
358 278
388 259
276 263
277 263
277 264
277 262
278 262
279 262
279 263
279 261
280 261
281 261
281 262
281 260
282 262
281 259
283 262
284 262
284 261
285 262
284 260
285 263
284 259
286 263
283 259
285 259
287 263
184 169
286 259
377 263
288 263
286 260
289 263
287 260
289 264
290 263
288 260
289 265
290 264
291 263
288 259
291 264
292 263
288 258
291 265
293 263
288 257
291 266
293 262
288 256
289 257
291 267
292 266
293 261
294 262
288 255
290 257
292 267
293 266
292 261
288 254
287 255
289 255
291 257
305 261
292 260
288 253
286 255
291 258
291 256
288 252
286 256
361 275
292 256
288 251
292 255
312 227
288 250
287 251
359 268
288 249
359 269
360 265
287 249
172 169
359 265
287 248
359 264
287 247
287 246
286 247
287 245
336 234
288 246
285 247
287 244
285 246
289 246
287 243
288 244
290 246
286 243
362 280
289 244
290 247
290 244
290 248
290 243
291 244
291 248
291 243
291 249
292 248
292 243
291 250
340 257
293 243
290 250
294 243
294 244
271 335
294 245
295 244
296 243
294 246
296 244
296 242
295 246
296 241
297 242
295 247
296 240
297 241
295 248
296 239
298 241
295 249
294 248
296 238
299 241
295 250
294 249
296 249
296 237
299 242
300 242
300 243
301 242
365 281
302 242
302 241
303 241
304 241
304 242
305 241
304 243
305 242
306 241
303 243
306 240
307 241
303 244
306 239
307 240
302 244
306 238
305 239
345 234
347 257
304 239
328 212
207 180
278 322
304 238
303 239
351 229
348 228
205 162
303 238
344 240
383 262
166 163
364 212
274 331
302 238
341 222
345 229
337 237
201 130
302 237
354 264
212 158
278 331
364 225
337 233
326 209
375 265
363 278
347 243
206 161
342 254
348 253
344 265
272 313
345 256
279 328
362 217
279 329
159 171
163 173
377 264
327 208
381 218
328 207
333 237
336 235
187 170
363 218
207 144
319 243
274 334
279 327
203 160
294 257
270 343
346 268
150 167
374 265
281 312
329 211
337 246
382 254
379 266
367 259
166 167
369 262
379 223
375 226
187 165
279 326
203 156
204 159
331 244
298 248
367 261
370 260
333 206
292 262
328 211
278 328
332 231
368 264
155 165
345 228
302 250
147 166
397 260
372 259
385 263
271 323
333 240
350 232
263 338
348 243
300 249
153 157
348 240
355 265
263 339
201 156
346 243
299 248
347 250
340 224
164 163
291 259
273 340
352 227
343 250
271 338
262 330
345 233
263 335
345 252
193 128
331 224
339 224
358 267
338 232
364 267
281 307
308 240
309 240
360 278
309 239
294 259
294 232
310 239
209 144
311 239
158 164
312 239
312 238
313 238
350 229
314 238
315 238
178 167
315 237
364 268
330 254
348 258
310 258
306 261
269 340
310 257
343 260
307 261
348 259
309 257
360 272
379 262
347 251
307 260
308 257
359 263
315 236
314 236
315 235
315 234
315 233
315 232
316 232
315 231
316 231
315 230
316 230
314 230
317 230
314 229
313 229
314 228
312 229
315 228
311 229
210 148
312 228
315 227
310 229
311 228
316 227
309 229
316 226
308 229
316 225
308 228
317 225
308 227
318 225
317 224
309 227
308 226
317 223
389 266
308 225
215 143
317 222
310 226
308 224
318 222
317 221
311 226
308 223
317 220
312 226
308 222
318 220
316 220
313 226
308 221
319 220
318 219
163 168
313 225
341 256
308 220
320 220
318 218
309 220
320 221
320 219
380 252
355 269
321 221
320 222
321 219
320 218
322 221
320 223
321 218
322 222
320 224
322 218
321 217
321 224
323 218
321 216
321 225
323 219
323 217
321 215
321 226
323 216
320 215
321 214
322 226
324 216
320 214
322 214
323 226
325 216
319 214
320 213
322 213
323 227
326 216
320 212
322 212
324 227
326 217
328 208
323 212
322 211
325 227
326 218
268 338
321 211
322 210
326 227
323 210
327 227
324 210
323 209
327 226
324 211
328 226
325 211
329 226
328 225
326 211
330 226
328 224
326 212
326 210
331 226
327 224
328 223
263 247
263 246
264 246
263 245
265 246
262 245
265 247
261 245
262 244
266 247
260 245
262 243
266 248
259 245
261 243
262 242
266 249
258 245
263 242
262 241
267 249
258 246
263 241
261 241
268 249
263 240
260 241
268 248
263 239
260 242
260 240
269 248
268 247
263 238
260 239
270 248
263 237
260 238
263 236
259 238
260 237
263 235
258 238
260 236
258 239
261 236
259 236
258 240
261 235
258 236
257 240
258 235
256 240
257 241
255 240
256 241
254 240
255 241
254 241
254 239
254 242
254 238
253 238
253 237
252 237
251 237
252 236
250 237
251 238
250 236
249 236
250 235
248 236
248 235
247 235
248 234
247 234
137 168
246 234
273 315
245 234
245 235
244 235
243 235
244 236
243 236
243 234
243 233
242 233
241 233
242 232
240 233
241 234
241 232
241 235
240 235
241 236
239 235
238 235
239 236
238 236
238 237
238 238
239 238
237 238
239 239
237 239
240 239
236 239
241 239
240 240
235 239
240 241
234 239
239 241
233 239
234 238
239 242
233 240
238 242
232 240
238 243
231 240
237 243
230 240
231 239
229 240
228 240
229 239
227 240
229 238
226 240
227 241
225 240
226 241
226 239
227 242
224 240
225 239
226 238
228 242
227 243
224 241
226 243
223 241
224 242
222 241
224 243
221 241
222 242
221 240
222 243
220 240
221 243
220 239
221 244
220 238
219 238
218 238
217 238
216 238
217 239
215 238
216 239
216 237
215 237
216 240
216 236
215 240
216 241
216 235
214 240
215 241
216 242
217 235
213 240
214 241
217 234
212 240
217 233
212 241
212 239
218 233
216 233
218 232
215 233
219 232
218 231
215 234
215 232
215 231
214 231
215 230
213 231
213 230
212 230
213 229
211 230
214 229
213 228
210 230
211 229
213 227
209 230
214 227
212 227
213 226
209 231
209 229
215 227
214 226
213 225
208 231
209 228
215 228
214 225
213 224
207 231
208 228
209 227
216 228
212 224
213 223
207 232
207 230
283 312
212 223
213 222
206 232
214 222
213 221
206 233
215 222
212 221
205 233
216 222
215 221
211 221
204 233
216 221
211 222
211 220
203 233
204 232
217 221
216 220
210 222
203 234
204 231
218 221
216 219
203 231
218 220
215 219
216 218
203 230
219 220
218 219
214 219
215 218
202 230
220 220
213 219
214 220
215 217
220 221
215 216
220 222
216 216
215 215
217 216
216 215
214 215
218 216
213 215
218 215
213 214
219 215
213 213
220 215
212 213
220 216
211 213
212 212
220 217
210 213
212 211
221 217
220 218
209 213
210 214
213 211
211 211
222 217
209 214
213 210
210 211
222 216
209 215
213 209
210 210
223 216
208 215
213 208
223 215
214 208
213 207
223 214
212 207
224 214
223 213
212 206
225 214
222 213
211 206
212 205
225 213
221 213
210 206
213 205
225 212
221 212
209 206
210 205
214 205
213 204
225 211
209 207
214 206
214 204
225 210
215 204
224 210
225 209
216 204
215 203
224 209
226 209
225 208
215 202
227 209
226 208
225 207
216 202
214 202
215 201
227 210
227 208
224 207
225 206
217 202
214 201
228 210
228 208
224 206
226 206
225 205
214 200
229 210
223 206
227 206
213 200
214 199
229 211
214 198
229 212
213 198
229 213
213 197
282 258
229 214
213 196
229 215
214 196
213 195
230 215
215 196
212 195
230 216
216 196
212 194
230 217
216 195
212 193
231 217
213 193
211 193
232 217
214 193
213 192
210 193
232 216
215 193
213 191
209 193
216 193
214 191
213 190
208 193
214 190
212 190
207 193
215 190
211 190
207 194
215 189
210 190
211 191
211 189
207 195
215 188
210 189
206 195
215 187
209 189
206 196
214 187
209 188
205 196
213 187
213 186
212 186
211 186
210 186
211 187
210 185
209 185
210 184
210 183
211 183
209 183
212 183
208 183
208 182
207 182
208 181
206 182
206 183
206 181
206 184
206 180
205 184
192 177
204 184
205 185
203 184
204 185
202 184
201 184
200 184
200 183
200 182
200 181
201 181
199 181
198 181
197 181
197 182
197 180
196 182
197 183
196 180
197 179
195 182
196 179
198 179
197 178
194 182
195 183
195 179
197 177
194 183
195 184
196 177
194 184
196 184
195 185
196 176
196 185
195 186
196 175
195 187
196 174
195 188
196 173
195 173
196 172
194 173
197 172
193 173
197 171
192 173
197 170
192 174
192 172
198 170
192 175
191 172
198 169
192 176
198 168
198 167
197 167
196 167
195 167
196 168
195 166
195 165
195 164
194 164
195 163
195 162
194 162
195 161
193 162
195 160
192 162
195 159
191 162
192 163
192 161
195 158
190 162
191 163
191 161
192 164
192 160
196 158
194 158
189 162
192 165
197 158
193 158
188 162
189 163
189 161
198 158
197 157
189 164
199 158
188 164
279 269
280 269
279 270
280 270
281 270
281 271
282 271
281 272
283 271
280 272
281 273
284 271
281 274
285 271
282 274
281 275
286 271
282 275
280 275
283 275
282 276
279 275
280 276
284 275
278 275
280 277
285 275
284 274
277 275
278 274
281 277
279 277
286 275
281 278
278 277
286 276
281 279
278 278
287 276
282 279
280 279
281 280
278 279
288 276
277 279
288 277
288 275
276 279
288 278
288 274
276 280
288 279
289 274
288 273
275 280
287 279
288 280
274 280
275 281
287 280
288 281
273 280
274 279
275 282
289 281
288 282
273 281
273 279
274 282
275 283
290 281
287 282
288 283
272 281
273 278
275 284
291 281
290 280
271 281
272 282
274 284
275 285
292 281
290 279
271 282
271 280
273 284
274 285
293 281
292 282
274 286
294 281
292 283
274 287
295 281
292 284
275 287
273 287
295 280
291 284
276 287
273 288
296 280
295 279
291 285
272 288
273 289
297 280
295 278
290 285
291 286
271 288
298 280
297 279
292 286
291 287
270 288
298 281
293 286
291 288
269 288
299 281
293 287
290 288
291 289
268 288
300 281
294 287
293 288
292 289
291 290
268 289
301 281
294 288
291 291
268 290
302 281
301 282
295 288
292 291
290 291
269 290
302 280
301 283
295 289
293 291
292 292
270 290
303 280
302 283
292 293
270 291
302 284
292 294
270 292
302 285
292 295
270 293
291 295
292 296
269 293
270 294
291 296
268 293
269 294
271 294
291 297
268 292
271 295
290 297
291 298
267 292
272 295
289 297
290 298
292 298
291 299
272 296
289 298
289 296
293 298
289 299
289 295
294 298
293 299
288 299
289 300
294 299
293 300
289 301
293 301
288 301
293 302
287 301
294 302
286 301
295 302
294 303
285 301
286 300
296 302
295 303
285 302
285 300
296 301
295 304
284 302
297 301
296 300
283 302
296 299
282 302
296 298
281 302
297 298
296 297
280 302
281 303
281 301
298 298
295 297
280 301
281 304
281 300
299 298
298 299
280 300
280 304
300 298
279 304
301 298
300 299
300 297
279 305
301 299
301 297
300 300
300 296
279 306
301 300
302 297
301 296
278 306
301 301
301 295
277 306
278 307
301 302
301 294
277 307
301 303
302 294
300 294
277 308
300 303
300 293
277 309
300 304
300 292
276 309
300 305
300 291
275 309
276 310
301 305
274 309
275 310
276 311
301 306
274 310
274 308
277 311
302 306
274 311
273 308
274 307
278 311
277 312
303 306
273 311
274 306
279 311
303 307
273 312
274 305
352 288
352 289
351 289
351 290
351 291
352 291
350 291
351 292
353 291
350 292
354 291
353 292
349 292
355 291
348 292
356 291
347 292
356 292
356 290
347 293
356 293
357 290
346 293
347 294
356 294
358 290
357 289
345 293
348 294
347 295
355 294
356 295
358 289
344 293
349 294
347 296
355 295
358 288
343 293
344 294
350 294
347 297
354 295
355 296
343 294
343 292
348 297
353 295
354 296
343 295
342 292
343 291
349 297
348 298
352 295
353 296
343 296
341 292
342 291
350 297
349 296
340 292
341 291
339 292
340 291
339 291
338 291
339 290
337 291
336 291
335 291
335 290
335 289
334 289
333 289
332 289
333 290
333 291
332 291
332 292
331 292
332 293
330 292
333 293
330 291
333 294
330 290
334 294
333 295
329 290
330 289
333 296
328 290
330 288
332 296
333 297
327 290
328 291
329 288
331 296
332 297
326 290
328 292
329 287
330 296
331 295
332 298
325 290
326 289
328 293
329 286
330 297
332 299
324 290
327 293
328 294
329 297
330 298
323 290
328 295
328 297
330 299
323 291
323 289
327 295
330 300
322 291
323 292
323 288
326 295
331 300
321 291
324 292
324 288
322 288
325 295
331 301
320 291
321 292
325 292
324 287
322 287
324 295
331 302
320 290
321 287
322 286
323 295
331 303
321 286
322 295
323 296
331 304
323 297
323 298
323 299
324 299
324 300
325 300
386 265
387 265
386 266
387 266
386 267
388 266
385 267
386 268
327 254
