92 222
150 115
111 165
97 191
94 199
175 103
106 190
148 115
97 194
110 168
182 111
107 186
109 185
93 215
117 163
89 228
169 105
171 101
93 218
104 175
125 145
176 111
186 117
186 114
163 105
182 114
96 198
155 104
170 99
159 106
174 94
81 229
109 170
186 113
118 150
95 204
181 109
109 180
93 223
114 165
75 230
167 99
95 225
80 229
176 103
114 169
95 210
90 224
100 202
175 102
115 149
96 199
185 118
160 112
185 115
149 117
111 167
77 228
93 217
112 168
177 111
96 196
179 109
97 204
172 95
149 106
151 111
91 210
90 212
148 106
90 211
113 169
174 114
152 101
111 163
93 199
118 161
173 95
166 104
81 230
84 228
149 103
154 100
188 117
92 221
185 114
97 217
173 99
104 186
176 97
180 109
83 227
106 185
158 103
167 103
104 187
109 179
148 117
92 225
96 208
95 200
156 104
112 179
89 221
89 229
104 188
96 207
97 200
95 193
79 226
184 118
79 227
152 99
105 185
95 205
95 212
93 216
75 228
95 197
166 99
93 198
97 210
180 115
79 229
96 219
149 110
84 229
169 99
95 216
162 111
85 227
146 116
75 229
176 112
101 203
146 111
161 99
93 203
149 109
110 179
150 102
150 103
107 185
161 101
184 108
153 101
115 164
93 201
176 94
115 169
82 229
107 180
160 110
173 101
116 150
147 110
169 97
172 100
74 232
175 98
89 225
181 108
177 115
173 106
93 204
145 112
176 118
167 97
174 102
115 165
92 210
97 206
181 113
176 116
176 119
104 180
146 114
94 213
96 204
114 166
96 194
118 163
105 171
89 227
149 115
187 117
89 222
101 202
170 103
165 100
103 188
93 213
99 200
73 231
160 106
187 118
147 106
105 189
109 163
103 175
150 104
96 217
150 105
167 102
153 99
106 181
117 150
106 182
168 97
92 224
93 220
154 101
184 109
161 106
78 229
175 118
187 119
170 101
95 219
169 104
92 223
88 227
91 226
185 111
177 104
156 105
88 221
72 231
161 102
108 185
175 101
150 106
159 105
115 161
90 221
188 119
178 107
164 104
95 218
168 99
107 188
89 226
102 186
149 116
147 107
83 229
95 198
92 227
121 150
182 112
154 99
118 162
153 102
154 102
185 116
176 117
95 224
113 170
113 165
115 170
115 162
98 195
155 103
110 163
177 97
182 109
111 179
175 117
145 113
148 116
94 192
90 210
147 116
150 101
184 111
183 117
94 214
96 218
112 163
100 201
161 107
97 205
144 110
126 147
93 222
147 108
106 184
108 180
179 108
175 97
168 103
179 107
173 97
94 218
147 109
174 93
177 117
144 111
95 201
164 106
89 210
184 114
147 114
95 211
183 108
180 116
161 105
146 115
145 114
93 205
116 163
127 147
90 225
147 111
118 164
173 103
161 109
106 183
94 201
98 200
181 114
112 165
93 202
177 118
78 227
165 104
175 113
181 115
166 97
183 114
176 114
108 168
84 230
95 194
95 217
176 115
72 232
163 103
116 149
110 167
174 97
114 168
93 225
156 102
90 222
98 202
128 152
95 195
145 111
175 96
166 100
104 179
90 228
156 101
168 105
178 110
87 228
186 118
98 194
158 106
94 224
98 201
94 225
152 110
94 210
166 102
81 231
99 202
112 166
176 93
153 100
161 108
112 164
171 99
112 180
106 189
157 104
168 106
93 221
162 109
160 109
119 155
97 207
99 203
92 226
164 103
83 228
162 105
183 110
164 105
102 184
112 167
167 104
87 227
94 204
153 111
145 110
117 158
76 228
103 186
155 102
91 209
126 145
111 178
162 106
178 111
152 111
115 163
168 98
96 224
178 117
178 106
113 168
107 187
168 101
74 231
95 226
172 101
93 210
162 103
102 185
75 231
172 99
107 189
158 102
162 110
148 109
101 185
117 161
94 193
151 101
94 198
150 110
162 108
175 114
85 230
100 185
158 108
96 210
186 116
115 166
126 144
173 105
158 107
93 214
162 102
94 196
177 103
173 102
186 111
77 229
105 184
109 167
184 117
95 196
161 100
146 108
170 104
152 100
184 110
160 111
181 110
172 97
105 183
151 110
170 102
159 104
174 96
79 230
111 164
126 146
178 105
172 98
177 98
96 200
183 109
95 213
90 229
96 209
92 198
176 100
182 110
173 104
178 104
78 228
98 196
181 112
104 189
125 146
184 119
91 222
112 178
150 111
91 227
176 113
179 110
122 150
95 206
176 95
175 100
81 228
91 225
109 169
109 168
86 228
158 104
175 94
85 228
109 171
108 171
108 172
107 172
106 172
105 172
106 171
105 173
106 170
104 173
105 174
105 175
169 101
105 176
105 180
105 177
106 177
107 177
106 178
93 219
107 176
106 179
174 95
106 180
118 160
118 159
118 158
119 158
115 148
120 158
121 158
120 159
122 158
123 158
122 157
116 135
122 156
122 155
121 155
122 154
120 155
123 154
122 153
97 202
120 154
123 153
124 153
123 152
123 151
124 151
123 150
125 151
71 232
126 151
125 152
167 101
127 151
126 150
160 101
119 150
127 152
127 150
121 151
127 153
127 149
120 150
126 153
127 148
102 188
101 188
101 189
100 189
99 189
98 189
99 190
99 188
98 190
99 191
99 192
98 192
97 192
98 193
115 150
126 143
126 142
126 141
125 141
126 140
124 141
94 191
123 141
124 142
120 139
117 140
117 138
122 141
124 143
116 136
119 139
120 138
121 141
122 142
116 138
106 173
118 139
121 140
122 143
120 137
116 137
117 139
120 140
121 137
126 139
127 139
125 139
126 138
128 139
127 138
124 139
128 138
127 137
123 139
129 138
127 136
123 138
129 137
123 137
130 137
129 136
123 136
130 136
122 136
131 136
132 136
132 137
132 138
132 139
132 140
133 140
131 140
134 140
135 140
136 140
136 141
136 139
137 141
138 141
138 142
138 140
139 142
138 139
140 142
139 143
139 139
141 142
140 141
139 144
139 138
142 142
140 144
139 137
143 142
142 143
142 141
140 137
139 136
143 143
143 141
141 137
139 135
143 144
144 141
142 137
140 135
138 135
142 136
141 135
140 134
143 136
141 134
140 133
143 135
139 133
140 132
144 135
141 132
144 134
142 132
141 131
145 134
143 132
142 133
142 131
141 130
146 134
145 133
140 130
147 134
146 135
146 133
148 134
146 136
146 132
146 137
146 131
145 131
145 130
144 130
144 129
144 128
145 128
146 128
145 127
147 128
146 129
145 126
147 129
147 127
146 126
145 125
147 130
147 126
145 124
148 130
144 124
145 123
144 123
146 123
146 122
147 122
146 121
148 122
147 121
145 121
148 123
147 120
144 121
148 120
147 119
148 119
147 118
149 119
146 118
146 117
84 231
84 232
84 233
83 233
84 234
82 233
81 233
81 234
81 235
81 236
81 237
80 237
81 238
79 237
80 238
78 237
80 239
77 237
80 240
81 240
79 240
80 241
78 240
80 242
78 239
81 242
82 242
83 242
84 242
83 243
83 241
85 242
83 244
84 244
83 245
84 245
82 245
84 246
81 245
82 246
85 246
80 245
82 247
86 246
79 245
86 247
79 246
78 246
79 247
77 246
79 248
77 245
80 248
78 248
79 249
76 245
81 248
78 249
75 245
76 244
77 249
78 250
78 251
79 251
78 252
78 253
78 254
79 254
80 254
79 255
81 254
79 256
82 254
81 255
79 257
82 253
81 256
80 257
78 257
79 258
83 253
81 257
79 259
83 252
81 258
80 259
79 260
82 258
79 261
82 259
79 262
83 259
82 260
79 263
80 263
78 263
78 264
77 264
78 265
76 264
78 266
75 264
78 267
75 263
79 267
77 267
74 263
75 262
80 267
76 267
77 268
74 262
81 267
73 262
74 261
82 267
81 268
81 266
74 260
83 267
82 266
81 269
81 265
74 259
83 268
83 266
81 270
73 259
84 268
83 265
80 270
81 271
72 259
84 269
83 264
82 271
81 272
71 259
83 271
80 272
70 259
84 271
79 272
69 259
70 258
85 271
79 273
68 259
78 273
68 260
68 258
77 273
68 261
68 257
76 273
68 262
67 257
68 256
76 274
76 272
68 263
69 256
76 275
75 272
76 271
67 263
77 275
75 275
74 272
76 270
66 263
78 275
77 276
74 275
73 272
75 270
65 263
66 262
78 276
74 276
72 272
73 273
73 271
64 263
65 264
78 277
74 277
73 274
63 263
78 278
75 277
72 274
62 263
79 278
77 278
75 278
71 274
62 264
62 262
79 279
71 275
62 265
79 280
70 275
63 265
79 281
69 275
64 265
80 281
79 282
69 276
81 281
68 276
69 277
81 282
81 280
70 277
69 278
82 282
69 279
83 282
70 279
68 279
83 281
70 280
67 279
68 280
84 281
83 280
66 279
68 281
85 281
83 279
66 278
69 281
68 282
86 281
84 279
83 278
66 277
87 281
85 279
83 277
66 276
84 277
83 276
85 277
84 276
