265 647
266 575
268 618
261 657
271 616
266 593
268 583
268 644
267 654
272 537
256 662
269 618
249 676
268 498
267 598
266 595
261 574
269 533
267 637
264 588
268 533
265 587
265 576
268 561
270 504
260 466
268 594
271 637
270 510
261 653
269 553
264 573
270 634
268 530
257 453
267 624
274 606
270 605
270 638
258 663
267 530
271 633
259 663
271 615
275 631
269 498
270 515
269 605
270 612
259 462
258 667
255 442
268 621
248 674
270 500
262 468
269 636
268 528
275 632
270 501
266 645
271 537
273 541
268 532
259 576
270 508
244 684
271 626
271 511
267 569
271 507
272 506
261 577
250 672
246 686
269 643
264 650
261 576
248 671
274 633
270 643
264 599
261 656
269 492
269 559
272 616
268 587
269 556
261 468
245 684
256 666
273 540
248 675
264 572
257 455
250 671
265 645
270 516
267 652
270 535
264 482
275 630
266 637
272 505
270 519
270 491
271 548
272 607
265 585
257 458
267 623
268 600
260 653
269 557
267 645
259 450
260 577
265 588
264 575
272 609
252 667
273 538
268 553
268 649
270 562
270 523
273 633
255 667
263 657
267 644
270 564
260 656
269 634
265 653
266 599
268 557
269 561
249 667
269 558
255 443
266 589
270 642
250 677
271 567
270 524
267 653
270 499
255 444
269 644
268 651
268 624
265 584
249 671
272 633
269 568
273 627
270 565
269 497
256 446
251 669
270 613
271 526
270 606
271 543
270 615
273 609
261 658
253 667
263 574
270 561
260 667
268 494
245 680
246 679
268 589
248 678
268 599
272 568
257 666
272 535
270 625
265 578
246 683
268 648
268 505
276 628
267 488
265 649
268 522
261 466
269 491
269 621
265 656
264 574
267 601
268 622
269 535
258 461
267 638
269 493
273 616
265 657
269 602
271 605
273 537
270 610
274 627
267 650
254 668
256 668
270 635
265 571
274 630
260 450
249 670
275 607
272 627
267 643
270 626
250 667
265 654
265 655
270 514
266 583
249 677
270 624
269 495
258 451
265 577
275 627
245 681
258 447
271 508
269 526
266 596
260 575
271 513
270 555
270 511
256 448
266 638
256 445
256 447
268 550
271 610
271 627
257 447
271 535
274 608
269 527
258 660
275 633
276 632
246 682
262 575
266 570
258 462
266 584
270 648
262 653
270 639
263 575
261 467
266 576
266 586
267 580
257 460
273 567
257 663
271 545
269 603
270 502
267 557
269 496
272 636
268 506
269 509
270 505
271 544
260 465
270 520
267 568
265 650
273 606
266 569
255 660
269 565
270 640
265 596
270 556
271 634
255 445
257 454
273 539
260 462
270 525
267 649
270 627
266 653
261 669
259 664
266 587
259 660
259 659
272 567
270 503
272 533
260 464
269 638
269 552
248 673
266 585
259 662
267 583
267 570
267 577
262 669
270 522
249 678
252 668
257 451
269 619
266 571
269 551
266 579
260 657
263 653
269 549
266 568
257 448
267 599
272 542
256 667
245 679
268 638
270 554
266 592
257 459
270 623
270 518
259 658
266 649
262 658
269 489
249 675
269 534
266 590
268 623
268 588
269 550
259 449
268 511
271 641
269 548
270 553
271 547
273 608
271 546
261 667
270 636
246 681
268 493
265 646
247 686
249 669
265 572
269 508
261 668
272 606
270 611
262 462
265 599
270 521
245 678
249 668
270 526
270 563
272 534
261 462
269 487
260 666
257 452
268 529
255 668
267 594
268 606
251 668
270 517
275 629
266 594
263 468
245 685
271 614
272 610
260 665
246 685
270 558
270 618
269 604
268 645
258 662
269 637
269 624
269 648
247 678
270 559
264 658
269 566
248 672
274 607
261 575
270 497
260 655
266 650
264 653
272 543
265 579
271 512
270 560
246 684
271 606
271 613
259 575
268 602
258 448
265 589
269 567
247 685
274 567
259 657
249 674
258 449
264 645
269 522
262 657
267 587
272 544
271 636
264 597
267 646
265 575
258 460
257 661
267 648
270 513
260 576
260 467
269 620
267 556
273 605
267 579
267 576
257 456
257 457
256 661
271 617
259 665
268 568
268 605
269 488
251 677
267 581
258 666
270 641
270 548
270 621
267 511
262 577
256 460
269 499
269 520
249 666
275 628
265 598
270 567
272 541
269 494
268 531
268 601
269 523
267 651
250 668
263 654
256 660
253 668
266 591
271 536
258 454
257 445
258 450
265 597
258 661
258 665
267 582
269 511
268 643
265 648
261 469
268 527
270 509
270 506
270 617
261 470
262 470
263 470
263 471
263 472
263 473
260 463
247 679
271 506
269 490
269 505
264 657
263 474
264 474
263 475
263 476
263 477
264 477
265 477
264 478
265 478
266 478
265 479
266 479
266 480
266 481
266 482
266 483
267 483
266 484
266 485
265 485
266 486
264 485
267 486
264 486
264 484
267 487
264 483
268 487
255 441
255 440
255 439
254 439
254 438
254 437
255 437
253 437
254 436
256 437
252 437
254 435
256 438
251 437
250 437
251 436
250 438
251 435
250 439
251 434
249 439
250 434
250 433
250 432
250 431
251 431
250 430
252 431
252 430
253 430
254 430
253 429
255 430
254 429
253 428
255 431
255 429
254 428
256 431
256 429
254 427
254 426
254 425
255 425
255 424
255 423
256 423
255 422
257 423
255 421
254 421
255 420
254 420
256 420
255 419
256 419
255 418
257 419
255 417
255 416
254 416
253 416
254 415
254 414
254 413
254 412
253 412
252 412
253 411
252 413
253 410
253 409
254 409
254 408
254 407
254 406
254 405
253 405
254 404
252 405
254 403
255 403
256 403
256 402
256 401
255 401
255 400
255 399
254 399
254 398
254 397
255 397
254 396
255 396
253 396
252 396
253 395
253 394
254 394
252 394
255 394
255 393
255 392
254 392
255 391
254 391
254 390
253 390
254 389
252 390
255 389
254 388
253 388
253 387
253 386
252 386
251 386
251 387
251 385
251 384
250 384
250 383
250 382
249 382
250 381
249 381
251 381
249 380
248 380
248 379
248 378
249 378
248 377
250 378
249 377
249 376
250 376
251 376
250 375
250 374
250 373
250 372
251 372
251 371
251 370
251 369
251 368
251 367
251 366
252 366
251 365
252 365
251 364
250 364
250 363
250 362
251 362
249 362
251 361
252 361
251 360
251 359
252 359
252 358
253 358
252 357
251 357
250 357
251 356
250 356
249 356
250 355
250 354
251 354
250 353
249 353
248 353
249 352
247 353
248 352
247 352
248 351
247 351
246 351
246 350
245 350
246 349
245 349
246 348
245 348
245 347
244 347
243 347
242 347
241 347
240 347
241 346
239 347
240 348
241 345
241 344
240 344
241 343
241 342
240 342
239 342
240 341
238 342
240 340
237 342
240 339
237 343
240 338
240 337
239 337
239 336
238 336
238 335
237 335
236 335
237 334
236 334
235 334
236 333
234 334
235 333
236 332
235 332
236 331
234 332
235 331
237 331
233 332
234 331
238 331
233 331
238 330
233 330
238 329
239 329
237 329
238 328
236 329
237 328
238 327
237 327
239 327
237 326
240 327
239 326
237 325
241 327
240 326
238 325
237 324
242 327
241 326
237 323
242 328
241 325
237 322
243 328
237 321
238 321
237 320
239 321
236 320
239 322
239 320
239 319
240 319
238 319
241 319
241 320
242 320
243 320
244 320
245 320
245 319
245 318
245 317
245 316
245 315
246 315
247 315
246 314
247 316
247 314
246 313
247 317
247 313
246 312
248 317
246 311
249 317
245 311
246 310
249 316
244 311
246 309
243 311
247 309
243 312
243 310
247 308
242 310
242 309
242 308
243 308
242 307
244 308
241 307
242 306
244 309
240 307
242 305
239 307
242 304
239 308
242 303
242 302
243 302
242 301
244 302
242 300
244 303
243 300
244 300
243 299
245 300
244 299
246 300
245 301
244 298
245 298
244 297
246 298
245 297
245 296
246 296
245 295
247 296
244 295
245 294
245 293
246 293
247 293
246 292
246 291
247 291
246 290
248 291
245 290
246 289
249 291
248 290
244 290
250 291
248 289
243 290
250 292
250 290
248 288
251 292
250 293
250 289
249 288
247 288
252 292
250 294
247 287
253 292
246 287
247 286
254 292
253 293
247 285
254 293
253 294
248 285
247 284
254 294
252 294
246 284
255 294
254 295
246 283
256 294
254 296
246 282
256 293
254 297
246 281
256 292
255 297
247 281
245 281
246 280
257 292
255 298
244 281
246 279
258 292
256 298
255 299
243 281
247 279
245 279
257 298
254 299
255 300
247 278
244 279
257 297
248 278
247 277
257 296
249 278
247 276
250 278
249 279
249 277
248 276
248 275
249 275
249 274
250 274
251 274
250 273
252 274
250 272
253 274
252 273
250 271
253 275
253 273
249 271
253 276
253 272
248 271
252 276
254 272
253 271
248 272
252 271
247 272
252 270
252 269
253 269
252 268
254 269
251 268
255 269
254 268
256 269
255 268
257 269
255 267
