573 514
515 540
504 562
566 511
510 546
545 518
633 492
543 525
786 455
503 536
600 503
500 540
584 492
805 449
617 492
853 426
706 473
796 458
530 541
528 539
760 462
819 439
592 495
531 539
519 548
721 479
492 538
743 467
493 528
579 506
628 494
511 547
820 433
588 497
812 429
602 503
855 412
501 540
797 457
484 529
479 543
813 441
553 517
843 432
533 539
688 478
753 466
482 531
503 537
724 489
664 482
548 526
537 537
692 488
647 487
694 476
621 492
742 468
772 459
477 540
646 483
584 500
615 498
786 456
839 432
700 477
880 407
638 491
724 477
514 537
816 439
576 510
722 480
704 476
864 416
805 446
857 413
694 483
644 483
483 530
619 494
681 487
786 457
524 529
542 523
569 512
612 504
855 414
492 529
529 532
517 536
551 522
821 440
524 536
515 550
478 542
659 481
759 466
524 537
694 470
741 471
496 531
568 510
810 441
597 496
731 476
515 543
821 437
821 436
551 523
690 486
810 436
703 481
939 397
543 529
824 436
574 519
728 479
823 439
615 501
479 536
563 517
489 533
833 431
760 458
540 536
484 532
488 546
820 441
492 537
766 463
829 434
489 535
815 441
694 484
879 403
489 534
583 499
512 554
648 481
503 535
504 544
549 526
535 538
672 487
513 552
568 513
823 440
702 477
703 478
498 537
545 520
554 519
878 405
550 522
522 534
513 539
666 482
529 538
828 440
855 415
813 442
810 440
491 537
531 541
781 458
708 473
584 494
532 540
528 529
587 496
826 437
548 524
655 482
772 461
762 463
848 432
874 405
486 534
709 482
506 558
542 536
523 528
765 460
745 463
803 449
641 484
845 432
671 485
842 421
725 489
596 498
857 412
549 525
596 500
565 509
790 456
723 478
616 490
582 494
687 488
810 437
637 492
494 530
727 489
758 467
856 422
767 463
563 520
785 458
683 483
475 539
694 477
579 507
777 459
652 480
723 487
841 423
565 513
696 477
746 463
695 471
618 498
800 449
706 476
486 546
524 534
498 535
842 432
830 432
815 428
564 513
583 503
514 540
491 529
720 488
581 506
668 484
850 428
640 488
702 476
512 553
815 438
599 500
556 520
474 538
484 542
508 556
745 461
501 539
525 533
930 397
879 409
769 462
493 527
812 437
781 459
507 543
628 493
480 538
574 510
842 423
646 484
763 459
881 407
810 438
515 557
598 496
721 482
744 463
572 506
809 435
1218 268
504 561
650 485
491 525
645 483
755 463
489 531
501 536
635 492
844 423
692 481
705 476
565 510
693 484
535 540
652 484
810 443
528 540
580 505
703 475
762 464
761 461
526 536
474 534
795 454
802 449
695 477
728 477
510 547
784 458
496 529
833 432
676 486
621 493
820 436
487 529
691 478
504 548
485 534
792 455
800 451
621 497
511 550
480 537
603 503
491 535
813 430
758 460
517 549
514 551
517 552
496 534
734 472
850 432
748 466
721 484
744 464
689 478
639 491
488 530
751 466
530 534
499 536
513 559
773 460
541 521
677 486
851 431
520 548
600 502
799 449
571 514
817 430
741 469
843 421
572 511
873 412
640 491
478 540
658 481
643 483
706 485
516 544
516 554
489 547
689 486
765 463
519 545
789 456
515 556
722 484
750 463
714 486
564 511
604 502
857 414
722 477
819 433
548 525
492 534
573 505
852 425
685 488
499 533
859 415
723 485
544 523
481 536
506 544
706 483
514 559
740 470
805 447
653 480
543 518
815 430
475 538
512 560
477 539
577 505
688 488
748 463
550 521
852 428
512 559
527 532
538 518
482 532
630 494
584 502
641 486
514 550
619 492
760 466
622 494
478 534
482 542
612 503
717 484
786 453
538 537
574 521
823 438
515 549
734 475
831 430
691 486
574 504
504 542
598 503
649 488
729 476
819 434
816 428
721 480
652 482
805 445
495 534
811 429
851 428
529 535
816 440
831 432
727 476
524 535
814 439
816 431
480 542
711 485
854 421
516 552
794 454
518 536
661 483
509 543
735 472
636 492
815 432
529 533
516 550
832 436
577 508
844 432
852 429
479 538
513 537
515 545
823 437
777 460
797 454
755 464
497 534
495 535
609 502
570 513
725 477
572 509
721 477
750 462
853 427
822 440
647 490
797 450
543 535
494 527
825 439
757 470
481 533
516 547
529 537
523 529
543 519
574 514
500 534
705 484
648 482
881 408
659 482
688 476
612 502
594 499
800 450
580 506
493 529
759 469
806 447
858 415
759 460
480 532
767 462
759 456
518 545
797 455
502 535
799 451
505 544
545 532
764 466
584 501
592 497
759 458
549 523
777 462
756 464
482 534
814 442
761 464
801 449
618 492
507 544
795 459
572 505
691 483
778 458
503 546
585 495
503 548
518 552
817 429
647 489
797 459
479 540
626 492
544 533
512 550
511 555
680 486
661 482
818 436
726 476
755 466
505 554
507 555
557 520
595 497
796 451
506 561
852 423
615 503
730 476
523 535
539 519
584 503
831 436
713 486
529 541
479 542
513 538
510 555
654 484
669 485
816 432
601 503
507 556
697 477
787 456
807 442
584 499
519 551
761 465
485 543
736 471
511 553
692 480
503 547
552 525
724 490
852 424
681 486
501 535
517 547
483 531
631 494
613 502
519 546
794 456
519 550
567 511
576 514
527 528
510 544
599 501
688 477
501 533
795 456
514 549
649 484
525 529
796 452
665 482
532 539
748 464
636 491
762 458
508 546
721 476
812 439
483 532
632 492
762 461
1218 266
507 558
642 485
679 487
743 466
479 539
823 442
733 476
504 543
695 474
649 487
760 463
823 436
704 480
492 525
746 466
726 477
588 496
692 486
578 507
515 546
493 524
531 538
527 536
855 422
621 494
642 482
642 486
854 422
583 495
848 433
512 546
611 502
560 521
692 478
611 504
483 542
711 484
817 431
567 510
506 562
590 496
619 500
555 521
760 469
604 504
614 499
814 431
515 552
684 483
832 439
759 464
505 559
839 436
672 485
704 473
790 457
615 499
824 440
498 533
490 521
647 488
815 429
833 430
476 538
630 492
591 496
597 494
597 499
527 529
626 493
820 439
757 468
722 485
605 500
832 440
546 525
583 498
878 404
832 438
778 462
759 459
771 461
670 484
518 548
773 459
648 486
810 439
533 540
508 555
672 486
505 541
615 502
811 438
780 459
819 441
701 477
697 478
763 464
792 454
620 498
653 483
505 561
832 441
572 508
692 487
843 422
564 514
854 426
641 488
517 557
668 483
820 440
798 455
520 536
821 433
683 488
480 533
806 443
618 494
497 535
633 494
853 423
806 450
551 520
544 532
618 500
598 499
707 483
503 544
493 525
565 514
757 464
571 507
544 529
540 521
796 459
761 466
704 481
692 482
704 477
831 438
840 436
738 471
724 488
758 465
773 461
618 495
792 456
812 440
476 533
791 456
762 460
512 555
702 475
541 522
755 465
578 506
842 420
541 534
851 430
498 539
541 536
505 555
831 441
738 472
542 521
472 538
809 442
623 493
831 439
691 484
653 484
652 481
705 480
811 439
878 403
563 515
504 541
859 413
509 542
843 419
577 509
574 520
727 475
631 492
622 491
838 432
560 520
793 459
573 521
691 480
524 538
497 530
513 541
798 453
796 456
558 519
559 519
815 442
616 488
582 503
519 549
631 493
682 486
620 493
634 494
614 501
544 519
517 537
475 533
794 459
814 432
618 493
599 499
653 482
583 494
530 533
657 481
616 498
797 452
699 477
593 498
720 487
765 462
519 552
572 512
807 450
722 488
760 470
520 552
783 459
876 407
654 482
479 541
574 507
583 496
770 462
752 466
807 447
684 488
689 488
763 466
618 489
770 461
762 457
773 458
516 549
778 463
687 477
809 440
714 485
689 476
554 517
798 449
504 537
748 467
662 483
545 519
739 471
721 483
661 481
617 498
710 483
543 523
551 526
490 520
514 552
485 544
599 503
563 516
743 461
480 536
619 498
830 434
529 530
494 532
570 515
572 510
762 466
843 418
547 525
539 520
486 532
573 508
513 540
555 520
723 488
551 517
580 504
691 479
495 531
519 536
489 520
537 536
765 461
477 533
852 426
728 478
691 485
542 532
762 459
519 547
746 462
563 514
804 448
681 488
604 503
647 484
649 485
796 457
485 532
513 553
797 451
539 518
650 486
587 494
811 428
582 495
517 535
675 486
563 519
754 466
486 545
583 497
760 468
764 458
529 539
830 441
517 556
833 441
636 490
806 449
620 497
812 438
574 508
583 492
735 470
490 522
815 439
596 501
667 482
689 489
541 520
585 496
514 553
500 535
561 519
483 529
843 423
534 540
638 492
543 527
581 504
830 440
526 528
616 500
809 436
546 524
798 451
543 517
580 495
569 513
499 537
563 518
543 534
616 489
676 487
812 431
709 484
492 522
571 513
484 543
846 432
478 533
698 478
670 485
504 557
694 475
941 396
528 541
682 488
716 485
854 420
642 487
528 530
550 526
721 481
616 501
550 527
842 419
808 442
717 485
798 454
732 477
505 557
651 485
585 494
479 533
604 501
532 541
578 509
822 436
493 530
690 491
818 432
582 504
678 487
594 498
775 459
543 532
826 440
574 517
748 462
760 464
707 476
536 536
846 431
805 448
832 432
676 488
698 477
490 533
577 504
726 489
592 496
857 415
596 496
624 493
585 499
503 545
732 476
819 432
605 501
715 486
544 530
648 489
718 484
493 526
521 536
838 437
1218 267
827 440
576 509
562 519
814 430
542 534
679 486
793 460
641 487
783 458
648 483
600 504
499 539
806 441
726 478
593 497
538 536
712 483
823 441
775 458
665 481
757 466
858 416
826 439
707 473
778 459
614 500
517 545
508 544
674 486
515 554
637 493
648 487
839 434
621 496
717 483
555 517
497 529
787 454
642 483
509 555
516 553
617 491
707 482
516 537
540 518
829 433
717 486
853 428
812 430
552 523
507 557
499 535
899 407
537 538
573 512
512 561
492 536
690 490
647 483
513 550
508 557
671 487
543 528
641 483
703 476
523 533
500 541
829 440
683 484
489 530
486 533
655 481
693 483
572 514
720 476
690 478
554 518
786 458
505 553
530 535
475 534
777 458
550 518
682 483
492 523
750 466
740 469
511 549
701 476
493 533
617 489
759 457
831 435
623 494
515 558
586 494
520 551
587 495
482 533
527 540
831 434
930 393
494 533
577 506
839 433
779 462
852 430
610 502
512 539
525 536
477 542
776 457
855 419
761 458
692 483
690 485
571 512
743 468
478 539
495 533
668 482
546 520
850 431
517 554
554 520
730 474
528 536
492 521
639 489
505 543
492 535
693 478
825 440
884 409
525 530
527 531
523 534
692 479
793 454
489 532
708 482
693 477
539 536
765 459
691 482
574 515
517 555
832 430
743 463
880 408
581 495
549 524
795 455
787 457
704 478
673 486
639 488
521 535
768 462
505 540
506 560
543 522
817 432
796 453
883 409
550 520
509 544
515 542
513 551
589 496
821 435
820 431
682 485
570 514
504 559
642 484
831 429
730 475
487 531
723 486
740 471
758 464
747 465
546 519
690 476
713 483
538 538
484 531
735 471
479 534
749 462
543 526
552 526
662 482
878 406
530 536
545 534
877 406
747 462
840 435
875 406
826 438
515 548
791 457
617 499
838 436
629 494
502 541
479 535
805 443
706 475
503 543
689 490
686 488
831 433
711 483
611 501
625 493
573 509
600 499
511 548
573 522
708 476
515 537
734 476
709 483
515 559
541 523
511 546
499 538
634 493
550 517
821 434
544 531
668 485
848 431
634 492
719 484
530 539
514 543
503 561
486 531
663 482
484 533
859 414
575 509
743 462
535 539
507 542
818 439
795 453
574 518
689 487
813 439
487 546
489 546
572 513
545 524
567 513
806 448
578 508
855 413
501 538
706 481
747 464
513 554
683 485
648 485
719 488
574 505
509 546
886 409
621 495
542 519
639 490
810 442
528 532
1217 265
492 524
522 535
608 501
874 412
883 408
806 442
816 441
481 542
531 534
695 470
782 458
524 533
856 412
728 476
574 509
479 537
652 485
495 529
597 495
660 481
804 444
762 462
695 473
586 495
616 491
764 459
761 467
500 542
509 545
876 406
705 473
684 482
694 478
552 517
617 500
707 485
606 501
495 530
572 507
880 406
527 530
619 493
566 512
832 433
496 535
542 525
742 469
691 490
485 545
503 541
560 519
505 558
822 438
595 496
505 556
600 501
938 397
712 485
847 432
757 465
743 464
500 533
1218 265
620 495
536 538
546 521
839 435
940 396
858 422
757 467
720 484
849 432
595 498
747 466
703 482
820 432
805 444
817 439
499 540
749 466
566 513
526 529
656 481
490 529
877 404
574 516
557 519
564 510
695 472
786 454
880 409
541 518
788 456
735 473
774 459
715 485
883 407
769 461
695 475
722 487
566 510
844 418
706 480
550 519
678 486
808 440
803 448
779 459
516 556
705 478
542 535
706 482
473 538
776 458
681 485
854 419
544 534
819 436
758 469
534 538
706 474
491 522
503 560
743 465
704 479
563 510
490 535
854 423
515 544
737 471
487 530
721 488
882 407
777 461
734 474
549 522
597 498
529 536
706 484
713 485
609 501
879 406
762 467
526 530
503 559
628 495
492 533
614 502
797 456
501 541
491 534
607 501
746 461
832 437
597 500
621 491
546 522
627 493
515 541
543 524
478 536
744 468
541 519
583 493
546 523
757 469
494 531
493 521
575 514
857 422
858 417
721 478
723 477
858 418
524 539
858 419
857 419
649 483
734 473
856 419
860 415
861 415
862 415
861 414
863 415
864 415
865 415
866 415
867 415
867 414
867 413
868 413
869 413
868 412
870 413
515 547
868 411
871 413
870 414
869 411
871 414
543 520
870 411
871 411
871 410
872 410
873 410
872 409
874 410
872 408
874 411
872 407
875 411
872 406
481 531
873 406
874 406
842 431
842 430
476 539
841 430
841 429
840 429
841 428
839 429
842 428
841 427
838 429
841 426
837 429
842 426
840 426
836 429
837 430
839 426
840 425
835 429
837 431
839 427
840 424
834 429
838 431
837 432
840 423
834 430
834 428
885 409
939 396
885 408
886 408
887 408
887 409
887 407
888 409
887 410
887 406
889 409
888 410
887 411
886 406
890 409
891 409
890 410
890 408
892 409
890 407
892 410
892 408
889 407
893 410
893 408
889 406
894 410
893 407
895 410
896 410
896 411
896 409
897 411
897 409
898 411
898 410
899 410
899 409
899 408
900 408
488 535
901 408
901 407
902 407
901 406
903 407
901 405
904 407
903 408
905 407
906 407
905 408
907 407
905 409
908 407
907 408
907 406
904 409
905 410
909 407
908 408
907 409
909 406
908 409
910 406
909 405
911 406
911 405
912 405
911 404
913 405
911 403
914 405
912 403
911 402
915 405
914 404
744 469
911 401
916 405
914 403
910 401
916 406
915 403
916 403
917 403
918 403
917 404
919 403
919 404
919 402
919 401
920 401
919 400
920 400
919 399
920 399
918 399
920 398
918 398
921 398
922 398
923 398
923 399
923 397
924 399
925 399
924 400
925 398
925 397
926 397
925 396
925 395
926 395
927 395
928 395
927 394
929 395
928 394
930 395
928 393
931 395
930 396
928 392
928 391
929 391
928 390
930 391
928 389
931 391
930 392
928 388
931 392
931 390
927 388
928 387
931 393
932 390
926 388
929 387
759 455
933 390
932 389
930 387
934 390
930 386
935 390
934 391
935 391
935 389
934 392
936 391
935 388
934 393
937 391
934 388
935 393
938 391
937 392
938 390
937 393
937 394
938 394
938 395
939 395
942 396
943 396
944 396
943 397
943 395
944 395
943 394
944 394
945 394
946 394
946 393
947 393
948 393
949 393
949 392
949 391
949 390
950 390
951 390
952 390
951 389
953 390
952 391
951 388
954 390
953 389
950 388
955 390
953 388
949 388
950 387
956 390
953 387
948 388
957 390
956 391
954 387
952 387
953 386
947 388
957 391
957 389
954 386
957 392
955 386
958 392
955 385
958 393
955 384
956 384
956 383
957 383
956 382
958 383
957 382
956 381
959 383
955 381
956 380
960 383
959 384
959 382
957 380
956 379
960 382
959 385
959 381
956 378
961 382
960 385
958 385
955 378
956 377
962 382
961 381
954 378
957 377
963 382
961 380
953 378
954 379
1217 268
963 381
960 380
953 377
964 381
965 381
966 381
967 381
967 380
967 379
968 379
968 378
968 377
969 377
970 377
971 377
970 376
972 377
970 375
973 377
970 374
974 377
973 376
969 374
975 377
974 376
976 377
977 377
976 376
978 377
979 377
978 378
978 376
979 378
978 379
980 378
979 379
981 378
980 379
982 378
982 377
983 377
984 377
983 376
984 378
984 376
985 376
984 375
986 376
984 374
987 376
983 374
987 377
982 374
983 373
988 377
981 374
989 377
988 378
980 374
989 376
990 376
991 376
992 376
991 375
993 376
992 377
994 376
992 378
995 376
994 375
993 378
996 376
994 374
997 376
996 377
996 375
995 374
993 374
994 373
997 375
992 374
993 373
994 372
998 375
997 374
993 372
994 371
999 375
994 370
1000 375
999 376
995 370
993 370
1001 375
1000 374
996 370
992 370
1001 376
996 371
991 370
992 369
1001 377
996 372
1002 377
1001 378
997 372
1003 377
1004 377
1003 378
1005 377
1006 377
1007 377
1006 376
1006 375
1006 374
1006 373
1007 373
1005 373
1008 373
1004 373
1005 372
1009 373
1004 372
1009 372
1009 371
1010 371
1008 371
1009 370
1010 370
1007 371
1011 370
1006 371
1007 370
1012 370
1011 369
1007 369
1013 370
1012 371
1008 369
1014 370
1013 369
1008 368
1015 370
1013 368
1009 368
1008 367
1016 370
1015 371
1013 367
1010 368
1009 367
1007 367
1017 370
1015 372
1007 366
1018 370
1017 369
1014 372
1019 370
1018 369
1017 368
1014 373
1020 370
1019 371
1016 368
1017 367
1014 374
1021 370
1020 369
1022 370
1023 370
1023 371
1023 369
1023 372
1023 368
1022 372
1024 368
1023 367
1022 373
1023 366
1022 374
1022 366
1022 375
1022 365
1021 375
1021 365
1022 364
1020 375
1021 364
1023 364
1022 363
1022 362
1023 362
1024 362
1023 361
1025 362
1023 360
1026 362
1025 363
1023 359
1025 364
1022 359
1023 358
1025 365
1024 358
1023 357
1026 365
1027 365
1027 366
1028 366
1029 366
1030 366
1031 366
1032 366
1031 365
1032 367
1032 365
1033 367
1032 364
1033 368
1033 364
1034 364
1035 364
1035 363
1036 363
1036 362
1037 362
1038 362
1037 361
1039 362
1038 363
1038 361
1040 362
1041 362
1041 363
1042 363
1043 363
1043 362
1043 361
1044 361
1045 361
1046 361
1046 362
1047 362
1048 362
1049 362
1050 362
1051 362
1052 362
1051 363
1053 362
1051 364
1053 363
1053 361
1054 363
1054 361
1053 360
1055 363
1055 361
1054 360
1052 360
1056 363
1055 364
1055 362
1055 360
1052 359
1056 362
1055 365
1056 360
1051 359
1052 358
1056 365
1057 360
1056 359
1050 359
1052 357
1057 365
1058 360
1050 360
1051 357
1057 366
1058 359
1049 360
1050 357
1051 356
1058 366
1058 358
1049 357
1051 355
1058 357
1049 356
1052 355
1050 355
1059 357
1057 357
1048 356
1053 355
1059 356
1057 356
1054 355
1059 355
1056 356
1055 355
1054 356
1060 355
1055 356
1061 355
1060 354
1060 353
1060 352
1060 351
1060 350
1061 350
1059 350
1062 350
1058 350
1063 350
1062 351
1062 349
1058 349
1064 350
1062 348
1057 349
1063 348
1062 347
1063 347
1063 346
1064 346
1065 346
1066 346
1065 347
1066 347
1066 345
1066 348
1067 345
1066 344
1067 348
1067 344
1065 344
1066 343
1067 349
1068 344
1069 344
1070 344
1071 344
1072 344
1073 344
1072 345
1074 344
1073 343
1075 344
1074 343
1076 344
509 541
1074 342
1076 345
1075 342
1076 346
1076 342
1075 341
1077 346
1075 346
1076 347
1078 346
1076 348
1079 346
1078 347
1078 345
1076 349
1080 346
1078 344
1076 350
1081 346
1079 344
1077 350
1076 351
1082 346
1079 343
1078 350
1077 351
1075 351
1083 346
1082 347
1079 342
1079 350
1078 351
1078 349
1077 352
1075 352
1084 346
1083 345
1079 341
1080 350
1078 352
1084 345
1083 344
1078 353
1083 343
1084 343
1083 342
1085 343
1085 344
1085 342
1086 342
1087 342
1086 341
1088 342
1089 342
1088 341
1090 342
1090 341
1091 341
1092 341
1093 341
1094 341
1094 340
1094 339
1095 339
1093 339
1094 338
1093 338
1094 337
1094 336
1095 336
1096 336
1097 336
1096 337
1097 337
1097 335
1096 338
1097 338
1097 334
1098 334
1096 334
1098 333
1099 333
1100 333
1101 333
1100 334
1102 333
1101 332
1103 333
1101 331
1103 334
1103 332
1101 330
1104 334
1100 330
1101 329
1105 334
1105 333
1106 333
1107 333
1108 333
1107 332
1109 333
1108 334
1110 333
1109 332
1111 333
1111 334
1111 332
1112 334
1113 334
1114 334
1115 334
1115 335
1116 335
1117 335
1118 335
1117 334
1119 335
1118 336
1117 333
1120 335
1118 337
1121 335
1120 336
1119 337
1117 337
1122 335
1119 338
1117 338
1123 335
1120 338
1119 339
1116 338
1123 334
1115 338
1116 339
1124 334
1125 334
1126 334
1125 335
1127 334
1126 333
1125 336
1128 334
1126 332
1126 336
1125 337
1129 334
1126 331
1127 336
1124 337
1125 338
1129 335
1129 333
1124 338
1125 339
1130 335
1125 340
1131 335
1130 336
1126 340
1132 335
1130 337
1127 340
1126 341
1132 336
1132 334
1130 338
1126 342
1133 334
1131 338
1127 342
1125 342
1134 334
1132 338
1128 342
1124 342
1135 334
1133 338
1129 342
1128 341
1123 342
1124 343
1135 335
1135 333
1130 342
1129 343
1122 342
1136 335
1136 333
1129 344
1122 341
1136 336
1137 333
1130 344
1121 341
1136 337
1138 333
1120 341
1137 337
1139 333
1138 332
1119 341
1138 337
1139 332
1118 341
1139 337
1140 332
1139 331
1118 342
1140 337
1139 336
1139 330
1117 342
1139 329
1139 328
1140 328
1139 327
1141 328
1139 326
1141 329
1138 326
1142 329
1137 326
1143 329
1137 327
1143 330
1136 327
1137 328
1144 330
1144 331
1145 331
1144 332
1146 331
1143 332
1144 333
1147 331
1146 330
1147 330
1146 329
1148 330
1147 329
1146 328
1146 327
1147 327
1148 327
1149 327
1148 328
1148 326
1150 327
1148 325
1151 327
1148 324
1152 327
1151 328
1148 323
1153 327
1152 326
1149 323
1148 322
1154 327
1154 328
1154 326
1155 328
1156 328
1157 328
1156 329
1158 328
1156 330
1159 328
1158 327
1157 330
1159 329
1160 329
1161 329
1162 329
1163 329
1162 330
1163 328
1164 328
1165 328
1166 328
1167 328
1166 329
1166 327
1166 330
1167 330
1165 330
1168 330
1169 330
1169 331
1169 329
1170 331
1169 328
1171 331
1172 331
1172 332
1172 330
1172 333
1173 330
1173 333
1171 333
1174 330
1173 329
1174 333
1171 334
1175 330
1174 334
1170 334
1171 335
1176 330
1175 334
1169 334
1170 335
1171 336
1177 330
1176 334
1175 335
1168 334
1172 336
1171 337
1177 331
1176 335
1172 337
1170 337
1178 331
1177 332
1172 338
1169 337
1179 331
1173 338
1168 337
1180 331
1179 332
1167 337
1180 332
1180 330
1180 333
1180 329
1181 329
1179 329
1180 328
1182 329
1179 328
1180 327
1183 329
1180 326
1184 329
1180 325
1185 329
1184 328
1180 324
1186 329
1184 327
1181 324
1179 324
1187 329
1186 330
1185 327
1184 326
1182 324
1179 323
1187 330
1187 328
1183 324
1182 325
1182 323
1188 330
1189 330
1188 331
1190 330
1189 331
1189 329
1190 331
1189 332
1191 331
1189 333
1191 332
1192 332
1193 332
1194 332
1193 333
1195 332
1193 334
1196 332
1193 335
1197 332
1196 331
1192 335
1193 336
1198 332
1196 330
1194 336
1193 337
1199 332
1197 330
1192 337
1193 338
1199 333
1199 331
1193 339
1200 333
1199 334
1200 331
1194 339
1199 335
1201 331
1195 339
1200 335
1198 335
1199 336
1201 330
1196 339
1195 340
1195 338
1201 335
1202 330
1201 329
1195 341
1202 335
1203 330
1200 329
1201 328
1196 341
1203 331
1203 329
1199 329
1200 328
1196 342
1204 331
1203 332
1198 329
1200 327
1196 343
1205 331
1200 326
1196 344
1205 330
1201 326
1199 326
1200 325
1197 344
1195 344
1206 330
1205 329
1202 326
1198 326
1200 324
1198 344
1207 330
1205 328
1202 325
1198 325
1201 324
1200 323
1199 344
1208 330
1207 331
1206 328
1205 327
1203 325
1200 322
1207 332
1203 324
1199 322
1207 333
1204 324
1203 323
1199 321
1207 334
1205 324
1204 323
1203 322
1199 320
1207 335
1205 325
1199 319
1208 335
1206 325
1200 319
1199 318
1209 335
1207 325
1200 318
1199 317
1209 336
1209 334
1208 325
1207 324
1201 318
1199 316
1209 337
1210 334
1209 333
1209 325
1207 323
1198 316
1199 315
1209 338
1210 333
1210 325
1207 322
1197 316
1210 338
1209 339
1211 333
1211 325
1208 322
1206 322
1197 317
1210 339
1208 339
1211 332
1212 325
1208 321
1206 321
1196 317
1210 340
1208 340
1213 325
1212 326
1212 324
1209 321
1208 320
1205 321
1195 317
1207 340
1208 341
1214 325
1213 324
1212 327
1210 321
1209 320
1205 320
1195 318
1207 341
1215 325
1213 323
1211 321
1205 319
1194 318
1206 341
1214 323
1206 319
1193 318
1194 319
1205 341
1215 323
1214 322
1207 319
1194 320
1204 341
1205 340
1216 323
1207 318
1195 320
1193 320
1203 341
1217 323
1216 322
1208 318
1207 317
1196 320
1193 321
1202 341
1203 342
1218 323
1216 321
1207 316
1203 343
1218 322
1217 321
1216 320
1207 315
1204 343
1202 343
1219 322
1218 321
1216 319
1206 315
1207 314
1201 343
1220 322
1216 318
1205 315
1200 343
1201 342
1220 321
1205 314
1221 321
1220 320
835 439
1222 321
1219 320
1220 319
1222 322
1222 320
1219 319
1220 318
1223 322
1220 317
1224 322
1220 316
1224 321
1219 316
1218 316
1218 315
1217 315
1217 314
1216 314
1216 313
1215 313
1216 312
1217 312
1218 312
1217 311
1219 312
1218 313
1217 310
1220 312
1219 311
1221 312
1219 310
1222 312
1219 309
1222 313
1219 308
1223 313
1222 314
1220 308
1219 307
1224 313
1220 307
1220 306
1221 306
1222 306
1222 307
1222 305
1222 308
1223 305
1222 304
1222 309
1204 314
1221 304
836 440
1220 304
1219 304
1218 304
1219 305
1218 305
1217 305
1216 305
1216 306
1216 304
1216 307
1215 304
1214 304
1213 304
1212 304
1211 304
1210 304
1209 304
1210 303
1208 304
1209 305
1210 302
1208 303
1209 306
1211 302
1210 306
1212 302
1210 307
1212 301
1212 300
1213 300
1212 299
1214 300
1213 299
1211 299
1215 300
1213 298
1210 299
1211 298
1216 300
1214 298
1213 297
1209 299
1210 300
1217 300
1213 296
1209 298
1218 300
1217 299
1212 296
1213 295
1208 298
1219 300
1213 294
1220 300
1219 299
1213 293
1220 299
1219 298
1213 292
1219 297
1220 297
1221 297
1220 296
1222 297
1223 297
1222 298
1224 297
1224 296
1224 295
1223 295
1223 294
1223 293
1224 293
1222 293
1223 292
1222 292
1223 291
1221 292
1223 290
1222 290
1223 289
1222 289
1223 288
1224 288
1223 287
1225 288
1222 287
1225 289
1225 287
1222 286
1225 290
1225 286
1222 285
1226 290
1224 286
1225 285
1222 284
1227 290
1226 291
1225 284
1222 283
1228 290
1227 289
1226 292
1223 283
1228 289
1227 288
1227 292
1223 282
1227 293
1224 282
1223 281
1228 293
1224 281
1222 281
1229 293
1224 280
1229 292
1225 280
1224 279
1225 279
1224 278
1226 279
1223 278
1224 277
1224 276
1225 276
1224 275
1225 275
1223 275
1226 275
1223 274
1227 275
1222 274
1228 275
1227 276
1221 274
1222 273
1227 277
1221 275
1221 273
1222 272
1228 277
1220 275
1221 276
1222 271
1229 277
1221 277
1222 270
1230 277
1221 270
1222 269
1230 278
1221 269
1231 278
1230 279
1220 269
1230 280
1219 269
1220 268
1229 280
1230 281
1219 270
1220 267
1229 281
1221 267
1220 266
1228 281
1219 266
1228 282
834 441
835 441
836 441
835 440
1224 305
1224 306
