127 102
129 119
112 126
108 106
105 116
114 98
145 118
111 133
143 140
116 115
117 106
131 111
115 117
154 132
137 132
113 137
112 137
105 117
136 130
120 154
143 124
104 117
109 105
126 159
119 118
143 114
107 107
153 135
106 107
128 123
110 105
147 116
141 115
137 115
105 104
109 140
115 136
136 131
123 120
117 113
124 114
117 111
138 132
120 115
114 136
105 114
116 113
145 115
141 139
130 110
155 136
137 129
137 123
143 117
127 119
153 133
114 141
114 148
131 102
128 106
143 136
124 154
135 131
121 155
148 129
112 125
104 106
105 122
145 127
113 99
112 143
114 119
142 139
127 154
139 113
115 147
114 134
118 113
112 124
81 33
144 124
108 105
112 98
115 143
112 133
126 118
111 130
116 111
154 136
142 118
119 147
151 138
114 143
121 156
108 128
122 113
108 107
123 154
119 116
140 140
118 117
110 101
147 128
114 122
118 114
120 153
103 126
112 134
116 140
127 116
148 114
144 118
111 127
146 127
126 156
122 153
107 125
135 122
120 148
112 122
103 114
147 130
146 139
141 138
105 120
138 113
123 118
144 121
127 123
147 127
125 123
114 140
153 138
104 124
143 120
123 159
140 137
101 107
110 144
111 105
103 125
113 143
105 119
129 100
106 113
113 145
142 120
148 115
102 106
111 131
116 108
145 139
105 105
112 144
130 111
119 114
135 111
112 121
128 105
114 139
109 129
122 154
144 126
136 132
111 122
128 100
145 138
127 158
111 138
122 117
58 69
119 117
121 113
120 118
111 104
130 99
112 130
113 138
153 137
138 111
122 114
134 111
144 113
135 121
142 111
111 106
137 110
115 111
106 127
108 129
143 139
147 115
104 123
113 131
105 115
110 122
129 116
125 159
139 112
131 108
151 135
114 132
126 117
109 130
144 117
128 104
145 130
127 160
137 126
141 124
139 123
144 115
123 160
142 124
115 110
134 110
116 142
141 137
138 110
106 114
148 138
112 96
122 149
152 138
140 124
122 120
111 129
118 111
125 154
105 125
127 157
128 120
124 123
150 138
123 119
130 107
127 118
112 147
118 136
114 118
122 122
140 134
103 115
109 125
152 135
140 123
113 141
118 107
141 111
113 107
113 135
142 122
112 101
143 121
123 122
138 123
112 97
110 99
127 155
118 108
144 130
131 99
137 116
82 31
139 139
128 158
125 155
126 155
130 102
136 111
122 136
142 116
105 106
116 106
147 137
121 136
115 142
141 118
112 120
128 107
130 100
143 137
124 113
124 122
104 122
142 135
139 125
114 145
113 142
146 138
118 116
143 115
116 112
154 131
112 100
147 117
114 144
129 111
116 136
123 114
112 123
143 122
147 136
137 130
75 33
112 95
121 154
115 139
139 134
109 139
138 125
124 117
128 102
110 141
109 106
114 99
128 103
116 116
101 106
114 100
124 135
114 133
117 135
114 147
148 117
138 112
145 113
117 147
116 147
132 111
127 113
142 123
106 125
144 114
137 128
108 130
115 146
107 128
141 122
110 138
120 149
138 126
140 135
128 116
142 130
128 101
127 122
127 115
114 137
128 118
143 126
105 113
144 125
113 97
113 147
142 115
108 142
129 107
110 139
114 121
119 148
110 143
108 125
120 152
103 117
117 136
120 136
107 118
118 134
122 115
105 121
113 146
143 138
106 126
111 128
102 107
121 149
110 129
110 123
139 126
110 127
110 140
145 136
116 117
140 115
137 127
137 134
133 112
141 136
122 118
110 125
104 125
118 147
107 126
106 106
131 107
142 117
140 126
110 126
138 124
110 100
155 130
115 113
113 130
127 159
137 111
123 121
122 116
113 122
114 117
117 134
121 112
137 113
114 131
114 135
127 156
114 107
140 111
128 119
137 114
122 152
147 138
143 127
122 135
111 137
120 156
111 125
143 128
144 112
105 118
128 111
143 111
107 114
116 134
154 130
132 110
116 114
134 112
106 118
106 117
129 103
82 32
111 99
124 159
127 112
153 134
144 139
125 160
146 136
110 142
114 120
138 133
112 107
109 142
146 126
127 105
145 114
126 123
142 114
112 99
147 129
123 135
127 111
119 119
146 130
143 129
140 139
151 134
140 112
119 136
145 112
154 133
130 109
116 146
112 106
123 158
143 118
125 117
111 103
132 112
142 119
127 114
153 136
131 109
116 139
114 138
104 115
81 32
128 117
151 139
129 102
103 106
121 115
111 132
120 151
143 112
119 115
149 138
143 130
121 118
146 115
120 150
144 122
124 118
141 135
111 102
111 101
112 94
117 148
115 109
138 134
115 107
116 107
115 108
115 106
117 107
112 93
113 93
112 92
114 93
113 92
111 92
114 92
113 91
111 91
115 92
113 90
110 91
116 92
115 91
113 89
109 91
117 92
108 91
118 92
107 91
108 92
118 93
118 91
107 90
108 93
119 93
118 94
118 90
106 90
107 89
108 94
120 93
118 95
119 90
117 90
106 89
107 88
109 94
107 94
121 93
117 95
120 90
119 89
105 89
107 87
109 95
106 94
117 96
121 90
120 91
105 88
110 95
105 94
106 93
122 90
104 88
103 88
102 88
102 87
101 87
100 87
101 86
99 87
100 88
100 86
99 88
99 86
100 89
98 88
115 90
97 88
97 89
97 87
96 89
96 87
97 86
95 89
94 89
95 90
93 89
94 90
93 90
92 90
93 91
91 90
93 92
91 91
91 89
93 93
90 91
90 89
92 93
89 91
92 94
88 91
89 90
92 95
87 91
88 90
91 95
86 91
91 96
85 91
86 90
90 96
91 97
85 92
86 89
89 96
92 97
86 88
89 95
87 88
85 88
86 87
88 95
89 94
85 87
86 86
87 95
85 86
87 86
86 95
84 86
88 86
84 85
88 87
84 84
85 84
84 83
86 84
83 83
87 84
82 83
83 82
82 82
83 81
84 81
83 80
82 80
82 79
82 78
81 78
82 77
80 78
83 77
82 76
79 78
84 77
82 75
78 78
79 79
85 77
84 78
81 75
82 74
77 78
85 76
76 78
77 77
86 76
75 78
77 76
87 76
74 78
77 75
87 77
73 78
74 79
77 74
73 79
73 77
77 73
73 76
78 73
77 72
79 73
76 72
75 72
76 71
74 72
75 73
75 71
73 72
72 72
71 72
70 72
69 72
69 73
69 71
68 73
68 71
69 70
68 74
67 71
70 70
69 69
68 75
66 71
68 69
69 68
69 75
67 75
65 71
67 69
69 67
69 76
66 75
65 72
70 67
68 67
65 75
66 76
65 73
71 67
67 67
71 66
66 67
71 65
65 67
66 66
72 65
71 64
66 65
73 65
72 64
70 64
67 65
65 65
74 65
73 66
72 63
64 65
73 67
72 62
63 65
64 64
73 62
71 62
63 66
64 63
74 62
62 66
63 67
65 63
74 61
61 66
66 63
65 62
74 60
61 65
66 62
75 60
73 60
60 65
75 59
73 59
59 65
60 64
76 59
75 58
72 59
73 58
58 65
60 63
77 59
76 58
72 58
73 57
57 65
61 63
59 63
77 60
76 57
71 58
73 56
57 66
61 62
58 63
77 61
77 57
76 56
70 58
71 57
57 67
62 62
61 61
76 61
76 55
69 58
58 67
56 67
57 68
60 61
61 60
75 55
76 54
69 57
59 67
58 68
55 67
57 69
62 60
74 55
69 56
60 67
54 67
57 70
69 55
53 67
54 66
58 70
56 70
57 71
70 55
69 54
52 67
53 68
53 66
54 65
57 72
68 54
69 53
51 67
52 66
53 65
55 65
54 64
58 72
68 53
74 54
51 68
51 66
54 63
59 72
68 52
71 53
51 69
50 66
59 73
68 51
72 53
71 54
50 69
51 70
49 66
50 65
69 51
68 50
73 53
50 70
51 71
50 64
68 49
74 53
49 70
51 64
50 63
67 49
68 48
75 53
49 63
50 62
66 49
67 48
68 47
51 62
67 47
66 47
67 46
67 45
68 45
67 44
69 45
67 43
66 43
66 42
66 41
67 41
66 40
67 40
65 40
68 40
65 39
69 40
64 39
65 38
69 39
65 37
70 39
66 37
65 36
67 37
65 35
66 35
66 34
67 34
66 33
67 33
68 33
67 32
69 33
67 31
70 33
67 30
71 33
67 29
72 33
71 34
68 29
67 28
72 34
69 29
66 28
67 27
72 35
69 30
65 28
67 26
72 36
70 30
64 28
67 25
73 36
71 36
72 37
64 29
66 25
73 37
71 37
63 29
65 25
66 24
74 37
63 30
64 25
66 23
75 37
63 31
63 25
67 23
66 22
75 38
64 31
63 32
68 23
65 22
76 38
75 39
62 32
65 21
77 38
76 39
62 33
77 37
76 40
78 37
77 36
77 40
76 41
77 35
77 41
75 41
76 42
78 35
78 41
78 34
79 41
78 33
80 41
79 42
79 33
77 33
81 41
80 42
80 40
80 33
76 33
81 40
136 123
136 124
136 122
136 125
141 134
